,0,1,2,3,4,5,6,7,8,9,10,11,12,13,14,15,16,17,18,19,20,21,22,23,24,25,26,27,28,29,30,31,32,33,34,35,36,37,38,39,40,41,42,43,44,45,46,47,48,49,50,51,52,53,54,55,56,57,58,59,60,61,62,63,64,65,66,67,68,69,70,71,72,73,74,75,76,77,78,79,80,81,82,83,84,85,86,87,88,89,90,91,92,93,94,95,96,97,98,99,100,101,102,103,104,105,106,107,108,109,110,111,112,113,114,115,116,117,118,119,120,121,122,123,124,125,126,127,128,129,130,131,132,133,134,135,136,137,138,139,140,141,142,143,144,145,146,147,148,149,150,151,152,153,154,155,156,157,158,159,160,161,162,163,164,165,166,167,168,169,170,171,172,173,174,175,176,177,178,179,180,181,182,183,184,185,186,187,188,189,190,191,192,193,194,195,196,197,198,199,200,201,202,203,204,205,206,207,208,209,210,211,212,213,214,215,216,217,218,219,220,221,222,223,224,225,226,227,228,229,230,231,232,233,234,235,236,237,238,239,240,241,242,243,244,245,246,247,248,249,250,251,252,253,254,255,256,257,258,259,260,261,262,263,264,265,266,267,268,269,270,271,272,273,274,275,276,277,278,279,280,281,282,283,284,285,286,287,288,289,290,291,292,293,294,295,296,297,298,299,300,301,302,303,304,305,306,307,308,309,310,311,312,313,314,315,316,317,318,319,320,321,322,323,324,325,326,327,328,329,330,331,332,333,334,335,336,337,338,339,340,341,342,343,344,345,346,347,348,349,350,351,352,353,354,355,356,357,358,359,360,361,362,363,364,365,366,367,368,369,370,371,372,373,374,375,376,377,378,379,380,381,382,383,384,385,386,387,388,389,390,391,392,393,394,395,396,397,398,399,400,401,402,403,404,405,406,407,408,409,410,411,412,413,414,415,416,417,418,419,420,421,422,423,424,425,426,427,428,429,430,431,432,433,434,435,436,437,438,439,440,441,442,443,444,445,446,447,448,449,450,451,452,453,454,455,456,457,458,459,460,461,462,463,464,465,466,467,468,469,470,471,472,473,474,475,476,477,478,479,480,481,482,483,484,485,486,487,488,489,490,491,492,493,494,495,496,497,498,499,500,501,502,503,504,505,506,507,508,509,510,511,512,513,514,515,516,517,518,519,520,521,522,523,524,525,526,527,528,529,530,531,532,533,534,535,536,537,538,539,540,541,542,543,544,545,546,547,548,549,550,551,552,553,554,555,556,557,558,559,560,561,562,563,564,565,566,567,568,569,570,571,572,573,574,575,576,577,578,579,580,581,582,583,584,585,586,587,588,589,590,591,592,593,594,595,596,597,598,599,600,601,602,603,604,605,606,607,608,609,610,611,612,613,614,615,616,617,618,619,620,621,622,623,624,625,626,627,628,629,630,631,632,633,634,635,636,637,638,639,640,641,642,643,644,645,646,647,648,649,650,651,652,653,654,655,656,657,658,659,660,661,662,663,664,665,666,667,668,669,670,671,672,673,674,675,676,677,678,679,680,681,682,683,684,685,686,687,688,689,690,691,692,693,694,695,696,697,698,699,700,701,702,703,704,705,706,707,708,709,710,711,712,713,714,715,716,717,718,719
0,-2.0297978550345013,0.8121762331806603,-1.551409162129476,-0.6285504054886164,-1.5196562534246785,-1.6408055533370725,-3.766109377887382,-1.8972656967761616,-1.969949333010082,0.3891720785043795,0.42449768768956986,-0.9507575641987066,-0.7238517746913152,0.019502148197112934,0.5717932758588438,-0.1879552407075512,-1.888916797564731,-0.3620166427051652,-0.8995624893982087,-2.2764966620637566,-1.123118882281069,-0.8755526549857434,-0.6508560601073006,-2.0410633470646786,-1.6970156460128454,0.10082029994383501,-0.8977832032931269,-0.49690617639809465,0.18947224030369658,0.3233221587159485,-1.2497022630825834,-0.584790876669117,0.29911419542276296,-1.5218501470445842,-1.3200971519041447,-1.8713001744214774,0.24815887104211276,-0.41867614947316023,-2.3136710901499753,-2.710357951400593,-0.7159774605352113,1.1333284020756542,-2.0122819114399437,-1.5057421867796639,-1.0717138785840332,-1.9085358207516951,1.7143741581912817,-0.2816297036998101,-2.7185727585487958,-0.5711060506471165,-1.1582354098350838,-0.17858713573162666,-0.3675334722187916,-1.0982472481219443,-1.894977996895316,-2.820794272029764,-1.7380017757550827,-0.2853700977920445,-2.2345522726293465,-0.26060254262252214,-0.14972646860221683,-1.46396546497428,-1.264673676504143,-0.28711444255333374,-0.6050353931665773,-1.4951852688045923,-1.7903019460404175,-1.1632224914756986,-1.344553749267234,0.2539723785867416,-1.3860641448105637,0.486987113959906,-2.4773163307895416,-1.0806419638474691,-1.564516251302948,-1.099891584988545,-0.866537098174583,-0.8188721435533344,-1.978333791365018,-1.549082746033989,-2.490093141808749,-1.8000755871205856,-0.5315490655793538,-0.5837413111786238,-1.0947107960154943,-1.474736655200819,-1.4665397090944352,-2.056304988361381,-0.1369257574380025,-0.842750598542544,0.30569214430240943,-0.6306904956378472,-0.0800459126222367,0.9319639152915726,-2.0391812283674233,-0.6306648817633409,-1.0789947355491092,-0.6998191123832229,-0.7051003803802649,-2.2488445891247353,0.4049830803129111,-0.8083563276697203,0.9539315696378246,-0.9377713769480416,0.5517162015845773,-0.37032853990387715,-3.447530635307998,-2.301168685051141,-0.06269943756337071,-1.6653853843558588,-1.2255489335782428,-0.45736436001636394,0.07790082447101665,-1.4486121204315023,-2.089688201346183,-1.4363220541287929,0.24681198959485617,-0.15558186516255001,-1.1858991503564777,-1.3964479389978548,1.4372337871252259,0.32712633806562597,-0.9589513370951938,-0.2299157075739483,-0.4428121273999829,-0.34792955663772274,-1.274385908345376,-0.20761600533065283,-0.5997649335724502,-1.224163597662839,-0.7226926642296718,-1.6117227567890446,-0.25845682738468145,-0.9282754734407576,-0.8557760995534281,-1.4852894136388866,-1.3530829113018357,-2.074111635753681,-0.8016369377247226,-1.0831403021586532,-1.6080044156469901,-1.1564099627690738,-2.0263015610587374,-0.41861584735199286,0.2448103956704839,-0.2668448282695608,-2.618574459729592,-1.3697994246542349,-1.5329752850830065,1.1476596919318305,-2.4304286038951064,-2.2659494209416167,-0.7335200770054174,0.16202407750896453,-1.0290939245178858,-2.425622534143568,-0.16140343816195613,-1.3283184415286142,-1.635790216710939,-1.090669100236014,-0.5297006554301047,-0.026539613360793135,-0.7451330686123145,-1.1592176729520687,-1.3966194749727512,-2.058182992744041,-1.1495515690565554,-0.8489886684121293,-0.30276386746451234,0.03572838828209468,-1.7926767463060682,-1.8202912028210771,-2.13186689115577,0.8614492633641455,-0.7838044665255892,-1.6062905315223404,-1.1904043957257855,-0.740795474735505,-1.4562835537773902,-1.5940066868261518,-2.751068529050288,-1.7152100322420694,-0.15896783375112689,-0.7694444935593601,0.16345885593762066,0.5258943374843208,-1.6618271596631011,-1.987869485437186,-1.8446246203228456,-0.3565773879568165,-1.1983969088654316,-1.5148068265888286,-2.0953709952601436,-1.2008017310443433,-1.2447882634597844,-1.013478959509638,-0.5032494576952128,-0.933618742027688,-1.702998647598776,-1.3870662489066485,-1.838557766588616,-1.2742661593798656,-2.6413216619949544,-2.5943379963465816,-0.7563886658933967,-1.3574753140719338,0.20829470506778147,-0.4853640890477833,-0.5407753131252437,0.7355909782969483,-1.628374748257683,-0.9322984616049688,-2.765172790516144,-2.001680201039763,-0.8968888564497193,1.1418406063574351,-1.2614895270937039,-0.7894776171946377,-1.086320912695241,0.2889394419818314,0.6675901251837721,-0.561647670428657,-0.3842103597937673,0.1585532825286835,0.7924225903581334,-0.7700260319123439,-0.7097286340390396,-0.7622339573927744,-2.1068931340665364,-1.9158953826759673,-1.503822985895881,-1.0454026577001816,0.29225711561514833,-1.1997745744751136,-2.85895543229046,0.33111758931164137,-1.5488374671274427,0.007819096692228689,-1.5176535581803465,-0.402830286610968,-1.8878080755289863,0.6967473953583438,-0.7621914308167796,-2.1045101582416095,0.5331112765946073,-1.2751101245465253,-3.382361157105937,-0.9213819319984292,-1.5062527911160886,-0.88892390969112,-1.5450469130126288,-0.4105809776525138,-1.3566051693441301,-1.226703087322317,-1.1620094542859425,-2.4319498822107466,-0.3314494355169637,-0.09682619679868998,-0.2792712727271862,-2.019035500724537,-0.3801960981723661,-0.7859334576827148,-0.4710044739390038,1.2549079144791273,-1.6433111654907255,-2.2396829616143465,-0.7923640286713183,-1.7310877595911385,-0.5987950437724137,-1.1747971028464341,-2.6623477167203387,-2.144919730042683,-2.398857402116821,-1.8597206983706345,-2.425084917118107,-0.041726538203310626,-1.0443092534297507,-1.6307256996327704,-1.5061858712112977,0.017193634666664792,0.437955033453685,-2.0015458469928538,-1.3277984883619625,-0.956204394971284,0.7990707307292033,0.6572134166719605,-0.16938576245480663,-1.9396815241109837,-1.167601471613863,-0.31449184431578303,-1.846228253426857,-2.134237495962451,-1.0634272838475374,0.22204532127240162,-1.6962455799553937,0.1238560031260656,-0.46689348780208506,-1.8560561308278696,-2.2533051661386,-2.3224136318095425,1.2470194445971807,-2.1021983405485853,-0.5967044071108801,-0.15070175925230955,-0.48862852410134194,0.5050056650825951,-2.809879574123758,-0.09939568068404436,-2.7903432310116885,-2.2544801895512085,-2.2523505862191167,-1.9226290298607887,-1.365535937921394,-0.6118041091771634,-3.0782161748832664,-0.3785978449929449,-1.42659029972449,-1.608001138225458,0.10679479191479557,-2.2927172762857584,-0.4798086052204089,-0.04030072890768055,-1.8869836969455505,0.04485269106557799,-1.031353774691854,-1.611315783963663,-2.4295890556098545,-0.23581415833843755,-0.7295765818699831,0.39411515704774924,-0.2692366258335982,-0.893926083849373,-0.6487731440289937,-1.223420774803847,-1.070778906944782,-2.0315639112596986,-2.0325470135780055,-1.4980309397012321,0.11639050623325753,0.7845966855571564,-0.7048060215086379,-0.7325966131996816,-1.4121222480770919,-0.7335695803031037,-2.0239003115944003,-1.5012098029386731,-0.4677748982008666,-1.82838505009701,-2.4043628009233102,-0.7698122324032239,-1.5898942786991648,-1.518448166056605,0.4261315817599567,0.24790759731082868,-1.4252660610949732,-0.5040161296176165,-0.5232238035656174,-1.5680644131692087,-1.384514781184693,-1.7711979224590926,-0.9876787589039941,-1.1930528058269128,-2.5623052197756353,0.7403088072440143,-1.42885834921035,-1.0998902065797136,-1.6434065468655659,-3.0038022931396164,-2.593035871175684,-0.7542672584575223,0.7598713697730226,-0.9174791806280972,-1.4386998050974737,-0.6812492528302487,-1.7472028520591452,1.7136332259890827,-1.1428595502178107,0.4989632399098669,-1.3008866126543137,-1.5497232406397141,-2.8895413435333355,-0.5689903064454787,0.642245642277024,-0.8167151166605224,-1.3289217541250837,-2.673191302940138,-0.8578949865950039,-0.6831952690069283,-2.1169318149451195,-2.373586500400924,-0.8470905582712336,-0.30482996947488794,-3.7030298172037996,-1.7469178101496334,-1.9181881085734487,-1.615137459440851,-3.2329640330193787,-0.3116452894934362,-0.0032290822322542656,-1.6832041418099821,-0.697601206408139,0.5305154995720769,-2.253771343609266,-0.22816534761354412,0.1821254060990094,-0.641290094311818,-2.161224541555846,-0.16530014608161958,-0.5168211408455496,-2.3811966307639922,1.0682897249103438,-1.623395595136559,1.6018802485657266,-1.6177827813701804,-0.3498922686914936,6.423435645965439,1.6851073389239164,4.900702934113436,4.838833461566826,2.8685384609122497,3.39359233179111,0.6972358073735503,5.883927382942519,6.203346043365736,6.755820048694305,4.194060163633161,7.113443494615678,6.789852656458216,2.3144391781909386,6.916399575294645,3.8904413849056985,3.336175136967742,7.584391736876228,6.498252990197591,0.8109701677051016,8.561077476211516,3.9181492744355335,5.399303505092913,7.223241039735385,7.154021890426758,4.741673959965259,6.132005505549085,6.985509208372661,4.67675089341882,6.426649883679592,4.009847061802769,1.9538620339564177,7.504249417051902,6.4681691710935105,0.3985338814112884,2.971649174288383,3.070724691487172,4.4296911910425205,7.647545117866545,5.954142172932916,7.8993556159798155,4.6741515628648695,3.1985304764943843,5.61330239671581,0.46398238787222734,6.488005522561784,3.19550977447565,4.778490216595659,5.663801686205197,2.8809851278130814,3.8320141287291545,6.496029489249658,2.9070947912092846,5.928003738134598,3.4994313979248943,7.3876522316079525,2.932195477949882,4.319340998150721,4.419252802506603,4.394984766717047,5.070233735806034,8.730105066244775,6.643646453514041,1.6358427577419086,6.7211148324919465,7.10843584920071,8.05716126565995,-0.49419430880063064,5.704577086272019,6.758473430727675,2.181875270217244,4.344384651242195,4.71420928158816,3.116546458541811,5.101316785464868,2.7949358396267625,2.222631226764587,1.3244138925547855,6.0603936893853945,6.724289800760448,6.697938790996099,3.407567938136512,3.8065276305656943,6.789002920008016,5.569005637817404,3.07508692736314,6.168889759064797,7.354823557612465,4.224708469921439,4.075214920344207,3.1631163900045927,6.40662102976963,7.487960622076237,4.846780101256287,5.689053532759934,4.6752006973008715,5.990506833570689,5.335824342736515,3.689947539956102,7.8749402339979895,6.37277019072434,4.157420682212917,6.8724765419630245,2.1252562773230843,7.327903446411872,6.791057164198915,5.530786015580368,6.74684543415105,2.67326647151262,6.097476235168353,7.260243035758829,5.469517866654251,6.891892043055573,1.828631917118558,5.536598177061927,5.642534585617414,3.9341511910918996,3.2012519041378407,6.986801839851597,3.295465659874847,5.112499943929204,2.9259165967593526,7.871032349836359,2.43165398457559,1.6112912240601047,2.73758507063658,-0.06468475283327813,6.475760353846425,6.788097037976573,7.106184218231819,2.1938286045498017,6.421120714588897,6.960941801692025,6.800113178645417,6.97214373202012,6.196800091661862,7.240174710126249,5.663375561830302,5.579174616257563,7.024165714717851,4.125800146126661,4.359119016481899,4.391224863131477,6.0994506201804075,3.040469854144517,4.971583129992062,5.1644894079117,4.61286716448138,3.452135052425845,8.532869551401797,7.841976072181449,2.805151177391105,6.789897799922953,7.769793355563175,4.734578866964702,1.4044242964194389,1.6630146473893586,3.8400962163451844,4.61756990569873,1.9129555615426779,4.794720465450312,6.945121065492801,6.765117105533284,3.415270975827834,5.121253395762758,4.27443036182904,3.3106511309816433,4.19902628979802,5.9292191719909075,4.0796429935763685,8.409051093565033,4.511984949056434,5.3148819891155465,10.07829452979269,4.611760120977708,8.621474911825175,3.7458840459237273,3.179335934300683,8.590393541001491,1.041375210569607,4.5282390780683475,2.7405317660957897,6.47897651867551,4.49163491907352,7.447797529525836,5.735907569576986,0.17367004942729114,8.1870718655948,5.685545046093585,6.3615239229411475,3.7924492394050313,2.2309214280214653,3.6262351268320656,5.971667350422748,7.355881040160979,4.139387846702233,6.692936206322102,6.9258540923548715,4.80123672773269,1.3312397610728537,0.7012662710631545,4.801437335760758,4.4006775612178,5.886564274800609,4.416456267772451,3.976328636942702,6.17624298497582,2.738022978313647,5.9406210599566585,4.307881295834958,5.284748464129216,1.9270110098772726,3.625920544510126,2.097459729189252,6.357363064962175,2.919154357032781,1.2635076458742351,3.6329991218081377,4.571252149531016,6.0876979965406095,5.357654120151908,5.601765418899383,5.952714695017024,1.837584113304378,6.879456378029882,5.95465695189189,4.226829304719601,10.362863174581133,4.933198806170987,4.01672890926051,5.520202637332927,6.100700953378128,2.014263980999638,2.562803923728401,8.888565148849636,1.776418605837001,2.680638517512282,3.3814267983392936,4.525205797833722,8.22651430731236,7.140685003086059,5.979814785153938,6.72472650896419,2.138552739660947,5.639474829165066,5.287778715971649,4.077720198509463,5.734195052188985,8.178789347114888,7.137464901422671,6.7953775952484925,5.664050294847046,2.8617543875960423,4.330751747305732,10.046596058447435,3.8873038436588128,1.891018129895588,2.4629545204369307,3.7100298308599227,8.019978928810863,9.152288138236923,3.6440572061120955,5.227364961052277,5.964383571848888,6.762947123311071,7.639182930284482,6.393350012174171,7.137726689059772,1.6107777258292582,6.597752986514359,4.620065382278626,6.105264132434874,0.6334517408331166,5.1430088599674715,5.31654810480979,4.631989672718774,8.039501391358272,4.267853885757909,2.8521291761283485,4.50810056005511,6.725304273471801,4.3727074107422315,6.270231724830231,3.2421406702023177,2.848020280390717,10.62330942715164,6.564437242292454,6.926954571675259,7.144611772199244,8.886502190452529,5.30957083098539,5.6575906516375385,6.342202361426667,6.00827528750834,4.329889549571665,4.952575371888521,5.442455955191777,6.227405091974314,5.144045591690133,6.831938325229242,5.722536203569009,2.5074166129537043,4.577601180488196,6.153531879148627,8.189826679079044
1,0.6091341404128152,-2.202187205496595,-1.9191526602362603,-1.1150686537703323,0.08092304435376962,-1.0324978761963297,1.1305400312755922,-1.4385930677513539,-1.5715900523605184,-2.2998312789193527,-0.9687911710405066,0.2083937390062065,-0.9957308185649519,0.03363654199823429,-1.536031229797738,-0.4726168565057389,-0.5330065068218159,-1.822800947987365,-0.6989388741159515,-1.9538602117439634,-1.6832900029628828,0.2050374995416666,-2.664335679472578,-1.3651919493294973,-1.3869750401642056,-1.5176803793863765,-1.409752662720855,0.5656986181550672,-2.398176282825614,-2.132854736139747,-0.9172365503791085,-2.024818388373755,1.5182610335998294,-0.2768351071093025,-1.2552052406212157,-0.1748870609259665,-0.5556695286765847,0.048752284740759766,-1.1448763685371441,-0.9156223550053872,-0.6441004287358427,-0.9177496574662005,-2.228584311334725,-2.2482671554949585,-1.3356699075835634,-2.219667216213986,-0.6145003809665603,-2.908755937951465,-2.765501364256319,-1.372461249448063,-0.9388169391055122,-0.47627307256155704,-1.424253491387093,0.5547373731001677,1.135063320752808,-1.7200169425864378,-1.5532156151450685,0.548632614381666,-0.6177040860944957,-1.4714086023952369,0.11356394932839087,-0.06848524810504075,-0.3146990138104466,-1.0546318064589362,-0.4675314294863916,-0.48709027747962397,0.43815242505472574,-0.5433244670286803,-1.608357979349557,-2.309633208696889,-0.561764134396676,0.7783769735427153,-1.8972311611377584,0.642127178594015,-0.41471129720338606,0.6307465405932224,0.21531476563093688,-1.4936737612943596,-1.2967638479958636,0.2990499630706407,-1.372090529065821,-2.009273298856664,-0.5157323572118426,-0.3522942095686913,-1.4255298906993779,0.22941986904100165,-0.46738894498559524,-1.0664005728698882,-1.1142402392417863,-1.713782377410559,-0.11391190425752695,-0.5004069033966121,-2.1133420308333277,-0.8147785122299397,-0.5773452455446688,-1.0161781054452852,-1.9409009912555362,-0.7198549024741444,-1.564227987709716,0.92971930153999,-0.9556635928070063,-1.481380291222865,-1.4430096634728518,0.6664586381101694,-1.2312274251412212,-1.298875321728743,-2.38630812611566,0.07289955525434766,-0.2931761305337084,-2.4947854704734365,-1.5770859597804294,-1.6330497474299666,-1.6981503733678296,-2.3594456301311997,-0.5343089438726665,-2.4553103093501187,-2.8146090666291217,-0.8063624537329586,-2.6700686818089903,-1.289254991763357,-1.0952058544132977,0.2741358369210505,-1.388783423658129,-1.4078079749820327,-1.1487602324622985,-2.7528398002794208,-2.751823817354247,-1.3794590289257438,0.013750659388408693,0.30468807718404545,-1.6144492389748772,-0.23738432174551538,-0.9494957062650552,-1.3178349380716392,-0.17261520401591857,-1.0175205660348876,-1.1640034159831998,-2.530579652524432,-2.495497200575169,0.4444718074822569,-0.9544845476798973,-1.4145529551219211,1.095363824572142,-0.11825102338000526,-0.6338590992984465,0.8355174907886307,0.37692390856831093,-2.345959672586752,-1.1252197578313994,-1.3052591937670053,-1.5639731181889829,2.0216505024546607,-0.45765133349061315,-1.768527823855956,-1.6648384723811023,0.17357640317955414,-3.2902274775858236,-2.7038329887426826,-1.072546436501241,-0.5286764462700919,-1.2006578045090655,-0.613834417104669,-1.8893899138100863,-2.718061042488004,-1.9046796033730495,-0.7069496702215123,-0.6347923181348551,-2.742924223631274,-0.8736135926093815,-0.6768944967616037,-1.7908693695811189,-0.428951813916699,-0.21854299280539702,0.6611866878774513,-0.6650018499632816,-0.9143019042170842,-0.9198566457308397,-1.0270606345792168,-0.10673786337052682,-1.8348166014405065,-1.8106061820864965,-0.34318315720413184,-1.4437974267862854,0.23848634612264052,-0.371572865818515,-1.1690161245392028,-1.4903539942930546,-1.0944153358026973,-1.8462401992773334,-1.1873310960973211,-2.014725966420698,-1.0715271831939102,-0.7340880372347589,-1.3016245188348419,-1.8671179092966153,0.45272257344733946,-0.8499153139925079,-1.0609281085023106,-1.7170278443835314,-1.7786212546615068,-3.173953983154244,-2.194784013784143,-0.5541405287928058,-2.997583945459132,-0.5896072481484218,0.24223356387035988,-1.7825427878527398,-3.4465426195980338,-1.303008412112419,-0.5270764970044508,0.7042160489631117,-0.5350856105292798,-1.5929510094307173,-0.15690130148780468,0.4658747433379935,-1.5080742246272618,-1.0353310820051222,0.6314581363546958,-1.8108883489019356,-1.4345207814722705,-1.5040229113962895,-2.2655569589223354,-1.188814795021489,-1.1055282525605508,-0.6534556554351757,-1.738933623422036,-1.291838463857656,-0.36325380596092605,-1.890893245064797,-1.0068027738680212,-1.3172017143429586,-1.879042312665634,-0.942724980321907,-1.4843930897364834,0.3292675391054327,-1.7623696793309374,-0.38231002193594965,-1.349529939484821,-2.647677696527432,0.1793860099180331,-0.9736000785151894,0.018277276218006788,-0.032309670557642556,-0.9394285879329809,-1.0431050498963068,-0.939556249646496,-0.9153187603939925,-1.6167332145664148,-1.6132604863071798,-0.39714756336548374,0.2887702372097958,-0.3150135544656233,-2.383599729871005,-2.067665661053984,-1.9210945936276453,-2.182784798361273,-0.10456699159608807,-0.43771595742569314,-2.384726212386963,-0.5937608870867261,-0.7782426591535585,-0.39417881934771637,-2.4472841778695607,-2.508151767003439,-1.8163887413749484,0.99818314427083,-1.3030964643397167,-0.9361710419095332,-2.042090420726632,-2.6281288883565868,-0.17411239315330895,0.3680263595524724,-2.6448972784545353,0.25146940938349727,-1.3287494453523407,-1.7995823368744785,0.26370371178152174,-1.94361444527734,-1.0770386043888394,-3.246336435306479,-1.7719237194930675,-0.40431217743632286,-1.5483031788523065,-0.12258001459430456,-1.3430821607169798,-0.42473318374057223,-2.0276615021864695,0.6511151903977594,-1.4668402807214829,-1.5009607914872962,-1.109005332479088,0.507372460794747,0.040792329877128664,-3.7022267968963543,-0.7897464653402706,-2.148768498373748,-0.03137367807329006,-1.687149054956126,0.36281555988772607,0.9506737316995832,0.6875884642874135,-0.009539387388638798,-1.6094612029854356,1.5633863354233015,5.97231081008058,9.544445823079304,5.784434724993671,5.610119941186467,1.2338948555616152,6.73303996506081,4.9848707300995105,4.084122165884169,2.9408177160208386,8.505502469571638,3.40479317084249,3.860886476750264,2.4675997470772217,3.569703370442448,7.134346579986323,5.072484143968087,2.057225671695193,4.920817780424163,4.505708722783012,3.5567498474499906,2.4567043855562445,8.02228583790599,3.587509564245061,7.344607251778651,7.3522199010915035,6.492793532775822,4.597224030559696,5.020178003437026,5.97145636887047,1.5096288102635875,5.460809377348069,5.52165622598699,8.084277751184633,5.320907987969106,1.6425763822502923,8.895255057780838,2.6661567651774716,3.8314647310520655,6.296768170948625,4.563455251204416,-0.30729691591658437,6.9355260951157724,5.331729414061477,5.432317246374996,7.1257665772234695,6.872784980697771,5.9427294922506455,6.463960980643975,3.5525945236637817,6.237440731697403,4.907645605952846,6.936651692810925,9.501392267790187,2.950407102065894,5.064280979188111,6.130394177273808,4.365967058239595,7.267845498093163,4.423798996406525,9.267585228148233,4.05499670461114,6.4566106602860325,2.5356293693053744,5.528302717914999,2.1197082279380495,6.038258291552487,5.302711625243701,3.278307021223365,10.165166746585836,0.24866041960785168,5.759490443593475,5.500836428600122,6.625701376237229,6.008600164111237,2.5067207349180523,7.164021347988446,5.359789690999203,8.251357934633944,1.0199267023873388,7.231062812087631,3.5529696229434267,4.05282357411269,6.24995193341759,5.123655587655896,1.7455841211008534,4.256524949067884,5.056380339495887,8.106005842540258,1.5335144081404364,5.729457976590655,5.596430067486241,4.158014580778116,6.51720102800772,6.798831262883596,3.5438379544839904,7.888001915694457,2.581810919748654,1.0908979585357605,7.173161300614982,1.52395893688956,5.328833344298315,3.701678367035724,0.35022612161253885,5.022017572501422,6.6013985445329855,1.6703594495708272,4.142332996266665,7.983016218208231,5.426159366138795,3.316586325942574,2.6291700344270708,6.4911845846603065,2.6763946281910544,5.58774098094614,2.167465183296059,5.775819637908691,4.888031854935437,6.371318817641498,5.513150082887521,6.118946013013573,1.5208136543345718,7.6943827450470526,7.216962976710429,4.702470933076409,6.490909194036636,6.542997277656275,1.4082328117452487,5.470830341033881,7.129638711337476,2.854204910772261,3.55878393241049,8.995057539518896,6.437055964470356,6.5045184471699296,5.716095520117049,4.127015972660262,4.100734756862196,4.114661945517465,9.52438157909294,7.199691943844405,5.078095437537679,7.223710801501578,3.4519256384441297,6.129171534878308,4.948074069051609,2.8949807951699427,7.91357032605932,0.9783054197295975,4.195885532506254,3.952818621028185,5.106109031763151,1.9103892486677445,4.17564562448047,8.021407647510996,10.36798957358514,5.798708317872864,7.4290743441890115,9.323326978277887,8.362067834555573,2.393855395833464,7.909961720211847,6.048049587275904,5.365846455157474,5.301002611576978,4.239602614460512,5.451593676193973,4.35731171293542,6.127288371717284,3.9391342575166695,8.0246210433506,4.269510528598463,1.6760000771695598,6.104703091242944,6.9999067171790355,5.816957805974043,2.311637089525003,9.104879855433786,3.9412166892387424,5.462577025701491,9.959778113795377,5.703489967489101,4.067285558940335,7.521471297460442,4.439659543018785,5.647631959428715,5.05697769569376,5.39775544042932,5.392849762647476,7.430730998416662,2.0618339223494,3.811106834356085,6.766095424798201,6.650996604259479,3.342129585976121,3.9776180639053416,6.487380290024676,6.697378832526673,5.2310696659863245,4.936638767487283,3.780307371212873,6.320158698823964,3.3783103322014805,2.774450030490315,1.1772997329173207,6.920406089113127,9.148427533076106,7.788448187653491,1.180237812239516,2.997632251739622,4.0531733843645865,3.050567758766761,6.617861786025063,3.663135750917835,6.404868379286061,5.7137072269395075,7.044714807212894,8.180546039128703,4.009199272605258,4.847892410045578,2.400980058755821,2.241817355065141,6.447350261427932,4.053998255374199,6.924336814772167,6.098802516238637,6.411291844494744,4.026260313836377,7.857148863577143,6.877330168642425,7.007667212345151,6.534236080404519,3.583558422777082,4.275008870111307,4.334314897688782,6.457694171155657,3.326402159432849,5.499112685216782,4.168941602763281,6.5250699204084235,2.786988714952676,5.095582114371251,1.0663486108698006,2.874259740925501,6.197497967673688,7.394897060809882,6.052129903191469,6.159799199340226,2.626306554069874,9.510273901452987,6.895343319893692,7.628745761192946,0.9496044662148444,4.026621385056647,5.073167231397125,6.78458236388843,2.754175346792967,5.82513754109854,1.6348928702658299,4.363401329882923,4.241586019717276,2.375114373740415,8.514810539194608,7.22221769035821,2.693876146028201,1.4293694254569522,8.885243504097918,6.903187349628963,5.621819149081235,6.73357294195314,3.9238002299611825,5.443148671414137,5.667670294997935,7.650094255124056,3.5983288454642457,8.355674439072112,4.714209102766492,5.5303233079648795,3.9628176349676085,4.86734000381571,6.469251834790582,3.422644326882211,2.7989791934361277,5.35909563059032,1.5723426405575531,2.9166222814217777,4.169508777196139,3.9484447221886025,5.273450678190138,4.531424816077377,4.325597402316918,4.87137407459043,3.316145458430382,4.33508783436098,5.924383034027532,5.74233586767123,4.057386316859634,6.280848024562692,3.7761903885960546,5.8410329811496124,4.1465971582366175,3.3962634074588975,1.5022401787219049,6.444844083073831,2.7274303255225423,2.490888648809795,6.04007738233048,3.061024225097973,4.193472747361065,6.934859704618271,6.165345797294176,6.679295906137694,2.6530315227910046,3.3916623727912,8.466800984989565,7.1310020156563825,4.313741651044434,3.995616215020039,3.3717802173498344,8.191559698392634,3.62156882620079,0.9475357389606192,6.40241930871409,3.7766859652995723,3.5692380164808526,2.2428549633112027,7.036525895104518,7.544074631896557,6.134298856553295,5.76963912079277,6.677025237857088,8.751268409316559,1.8780027100329413,2.929729557797029,3.5999825885449157,7.987580717708963,4.741240071496009,8.6826364969766,7.743033954659495,4.467955148771868,5.256151911843788,3.823770381694369,3.306045013120529,4.565537073341197,6.35581129686519,4.377109218059379,3.228130562216239,8.555349173893621,2.8386357772728985,4.930786228174572,5.908631693688503,3.6151163911725774,3.4853388274747203,6.635667487129571,3.239472957394515,2.3022446011595967,1.580885057008424,5.165495595399631,5.97430281332067,6.21130980063416,5.196360921720812,3.890648473365438,4.394289908363245,1.7402061512781297,4.637828163193156,2.742951021537024,7.940695828193157,0.15730843383136506,6.072820044158959,3.910460993442135,4.940577013802564,2.3699784529210186,4.516051792554418,6.210376972474561,2.471114639581269,3.0674129153190384,5.928933150446932,5.1544593187432195,6.681470806131792,4.765929740822057,4.580652063879131,5.174103406483533,2.78985662262744,7.6202425935299924,4.4396746983888455,3.5426749752505513,5.654491059448584,5.3667231874710195,5.457371344219497,3.513048736846666,5.017050966806649,4.03585066019799,6.037678747387598,5.160900686398612,7.357976910509949,2.8507954246927305,8.327993465320834,5.729406398287185,3.361560887834252,6.485647494106637,5.681709779988467,3.2629931290859484,7.004116775803132,4.750398471389525,5.887072441579249,2.6848225841178825,3.6584106446636118,3.6444903689975403,6.763061212810806,5.604244628481171,3.3665660744905694,7.01330251015788,3.96421009476049,3.8250876153949003,8.03772807838828,7.439880987077563,2.7667567396636317
2,-0.10413172815245597,-1.537124452581518,-2.1132339723177287,-1.1502441720872651,-1.6138295468991748,-0.7503689877853962,0.528481658884375,-1.1493378890994967,-0.8637494021535119,-1.3346413349024318,-2.261952384346756,-0.8452781573255193,-1.0992519484306993,-1.1487022174516452,-0.17491574653317377,0.4612639196084516,-0.8613352794683635,-1.935544014371434,-0.3657411081045948,-1.0693603628766797,-1.9923187595582905,-1.6330394402323885,-1.6766067163026857,-0.9288554740480506,-1.5095944344573338,0.5070081979046956,-2.4088881475315302,-1.2640997097390372,-0.7738320988815092,1.0483992568224085,0.7535650297805445,-0.6111965768132726,-0.6696031093324444,-0.5745838795228441,-0.31849118433480195,-0.31750707069414896,-1.096446777614673,0.04788882244869197,-0.4528159299363308,-1.6598623276589042,-1.5609571182978552,-2.875065476820465,0.2013583731319124,-1.9205272648324576,0.8447683172107936,-1.4911348045801809,-2.7601199624083246,0.9629796046385004,0.7967485329441137,-1.6259200450603553,-1.5941955517294673,-1.1519303526856846,0.29982412944867276,-3.0054743000090607,-2.6470272112249535,0.9745060786470705,-0.8504014707495753,-0.9429567054007986,-2.043065425742626,-1.4193019189769978,1.662661777290693,-0.8463064073443752,0.8266799156655633,-0.9002957939756677,-1.1304822587691965,-1.196268188975325,0.4800911472267997,-0.8827348579954584,-1.4219706422410885,-1.6248289910484308,-1.6443888934400896,-2.2502982996368646,-0.9812404778309178,-1.078644841555358,-0.5452028620560883,-0.35986327387344175,-0.5871177431596868,-2.1424144587112774,-2.9531637880373527,-1.3514468125742911,-1.6243545712722258,-1.2267267374863482,-1.9148907103398263,-0.8735451765260862,-0.6378280812143589,-2.46498509648874,0.4344353475342253,-2.6864650532410237,0.2313137558145535,-1.306842194786708,-0.2578941094551951,0.13955807074022597,-1.8914718219906803,0.9605840415530515,-0.9819061737608729,-0.6932212158392538,-0.765431532969602,-2.6851239417870434,0.7157311838189198,-1.0335478524372907,-2.1540956515373715,-1.0500378408231532,-0.6348857807678471,-1.0189601247422435,-3.2267248192605096,-0.5809582477053863,-1.1520885588188867,-2.9407152378440724,-1.7593321500018126,-1.5680837992401586,1.2081467063872848,-0.6136909031696689,-1.7715886571193653,0.962070205260902,-0.4607336288912559,-0.8740755678243457,-2.06436937421351,-1.2409871030673545,-1.2889809092682498,-1.7193572115186981,-0.7437505714187882,-1.3848099596342325,-0.6570917475340599,-1.2708572030857275,-0.7612653883384823,-0.5541505224304791,-0.45850325854241736,-2.592198765268427,0.625737152262483,-0.7588971019106359,-0.4613824494133951,-1.2529270706189661,-1.2291907651720353,-2.3482370956723813,-1.1561369178319778,-1.4748266195112678,-0.10122812839691331,-0.5451136794846838,-0.07371726541911161,-2.1183752266634883,0.7410079514044212,-3.550043116680942,-1.3083794474080106,-0.03618946694508429,-1.0195877573961363,-2.2995744273811303,0.8275979650556653,-1.3480546518500856,0.05125910657562205,-2.31628075209282,-1.9969291736610928,-0.7287680362062496,-0.6015515281925183,-2.57588295824558,-1.6778150343615525,-0.04148883986172802,-0.9397964859880072,-1.3946140018887232,-1.6992071139954525,-1.3436423106374742,-1.2950180196779995,-0.55262343561624,-1.7664859818912917,-1.5114398826927897,1.8233220432632078,-0.10642200896083931,-1.6233112340548246,-2.4633942331857126,-0.7566172875344354,-0.3915852169728291,-1.47071826535309,-1.3175480070256174,-1.2322550315076177,-1.73367507488903,-1.2144194886672663,-1.542255326041352,-1.3661563528647864,-1.1724124447004765,-0.0721658821057114,-0.06624120461743177,-0.4918337716820018,0.08577302134767661,-0.8545534439286587,0.1951157610227492,-0.47146846698163913,-1.5082755808613775,-0.5612186727593567,-0.6044522988261394,-0.6464125626012964,-1.2166871671591222,-1.5199363618179604,-2.660983354756505,0.4285127319359967,-1.3650534190402255,-1.46122380496551,-2.721514331906959,-1.0643334449730568,-1.159323168866035,-0.7346044620459016,-1.6950287624852052,-0.9381013830793326,0.2770219471051749,-0.788714282844271,-0.6925705821547729,-0.9845840965166087,-2.5545384941244063,0.03600008754951034,-1.0953919829118206,-1.4599091132959852,0.36407104010984037,-2.1857698736543245,1.106377482048694,-2.141702509223681,-1.7941280586741595,-0.3428159902714387,-2.6018979895824472,-1.2056563190963299,0.6516358690798967,-1.200396418693381,-1.204893927762222,-1.2767875945389,1.5860737426314064,-2.298122691280466,-0.11840017228222888,-1.369612520226673,-0.7169821991107843,-0.5485797713411373,-1.904598423593063,-1.822588614834376,-1.0382343756237242,-1.4625415906639423,-0.33200284624260434,-3.8627521230261004,0.03395038198634537,-0.948191628465183,-1.211663242614324,-2.0037438657380666,-1.7133880391686398,-2.0009804697879394,-2.2537274008466324,0.9571167619001644,-1.5088738295720945,-0.043533253659503,-1.8287065412428822,0.299860314356988,-1.1522988470336961,-0.9076873586201553,-1.7499900999521332,-1.746780456543644,-1.4149318212134943,-0.19898239499124948,0.4106951518812434,0.643774992487778,-1.9069230196412854,-0.16994591756788535,0.26940828335641975,-2.052202200035162,-0.7094059653451255,-2.1336223791049838,-1.5828763294107837,-3.335115679452819,-0.6917534628379517,1.5596802414768653,-1.1050839195715765,-2.530274002725675,-0.9231556578494637,-1.663246094441695,0.039179041340747345,0.4272518845562323,-0.009428622828680622,-0.15774918384020753,-1.9301942402658878,-0.4153760313279803,0.20031971259180992,-3.750401771060911,-0.05207674023123299,0.09143041968004462,-1.1521979457961127,-1.4608950799257632,-1.5925958479069062,-2.10805159125914,-0.5502146803450425,-0.4312454758283806,-1.3164759491187434,-1.9337531255066935,7.0324176946302925,5.562996179533221,5.73509199904775,2.1802699702107406,8.502042742320562,5.725668135375436,4.696015294880082,2.113360272750506,5.858564444141848,2.9521385717071973,6.673831874990907,7.224836329499183,5.109199945863431,1.7762565402872244,1.0173187748216668,3.2446604966570747,5.239829890538565,4.315204001916698,1.6951933543509115,6.796831373280544,10.394108123831122,8.358720221003072,6.104599994135271,3.123728828736236,2.4523836404525614,7.249020069485414,3.2368418375098558,5.9509548863086295,6.196327343282742,1.2625210713159243,3.2682660920803017,5.529960020948187,2.9074926376355985,8.498746633572932,2.1709358518772515,0.29532951270519003,6.639872818482918,4.850684639493068,2.9237800832999423,5.245661242209592,7.626561687864225,4.962144433402601,3.824611998754941,7.324994423888116,6.3564227429157505,5.400846024682653,9.625190245004987,7.94730623818378,1.4314704881457776,2.4730290477807917,3.5553355192010194,4.041402531694651,4.046349822154285,7.9674698834644975,4.050497023145694,2.738905444024939,3.9640415776511357,5.588562239270456,2.4354827863047808,2.963413489950624,7.938888024981514,4.624213457863578,8.297888726673417,4.955427325542687,5.292466051856344,6.426196153961635,5.181071870258493,4.417978844046354,6.2399094930819885,7.248711235587869,3.1110897766201266,3.861897896316008,6.641495076465041,3.925729072784569,1.3148362046039215,8.148124849717354,5.573332683110459,8.382532620636923,4.301097907491533,5.819644510784251,3.3091185063848725,5.178365158966058,8.0224822722969,5.347536611000435,4.5970180395474145,6.311859709275095,7.060658698779759,7.321740824916277,6.608576737152967,4.9987318672390995,6.164941691961449,-0.4503434237766326,2.0030848718882703,3.1723853278340552,6.520358685542287,6.071523759947932,2.1312378439392563,2.419278498739457,2.9276366358372075,2.5738225565963,5.565140904298601,5.090808715934753,5.843442272821911,5.851082701334956,3.562384116339233,7.253386443354724,5.652842789348306,5.835374467898262,4.714037756768194,4.185537742994045,3.4230601678114416,5.722478755449341,6.026006353693498,4.298117029406134,5.4626569722857,7.558486105050884,6.959502526088932,5.928234874090122,5.779116489973539,1.2392092823941452,4.461498230650165,4.931696526281514,3.374599791090269,5.337379494735191,3.500769365335316,7.453681019985727,5.126367272948866,1.6414389873772581,7.476472093119478,2.7422797386518107,5.48829809915144,3.4289089816298413,3.71594795575864,8.595202107607061,9.578549414351173,6.208271135713803,4.852386155565327,6.366431845549546,6.109742212924747,5.511057807294942,2.9599720137997743,5.174694727237437,0.3418229137720852,7.711280430194968,3.563729944277675,4.709806777151411,8.33141328791238,6.767024382273157,5.606620306861833,4.976179860543292,2.7138282393536355,1.612840314877848,6.156092076076173,5.782943571721505,4.026511946786933,3.3519563986784116,8.642758578306056,3.919803936200341,0.9836302017762586,9.324035515531158,3.8993414791822287,4.9013946311358385,5.18761803791638,6.531086851801141,4.8392303507613885,2.63719422419264,4.794108993345341,4.15319429511279,5.224640045442798,2.8634135072011313,2.3217685522503455,3.7289351262535053,3.9768124830239975,1.9534582120471566,5.188053051903749,8.957312617322167,4.613162130071029,4.503975090703423,4.721505873335087,2.1263120292164115,8.761166968197262,2.028763626155447,4.101382442060572,2.4201111387202365,4.704115682027632,6.207874964085653,5.368675310064789,2.791296545357569,2.0436305205755643,6.526890300183445,5.6010743063791235,5.028472586581654,2.1524663243302617,6.355236513820213,5.6014894159158946,0.8807679996777136,8.41181816379417,2.1381761904563032,8.540234318691668,2.5979700472482223,3.857983285946481,5.128974776604327,3.3227209974669023,6.934549081425615,5.1554217453322355,2.7607800968324367,5.069426095549733,3.558345504326298,5.379413605388772,3.6340119602757763,1.7368070574319328,2.630280667725051,5.345250864011118,5.324497463134119,2.3055125878109544,3.654332409801735,0.614015310021121,5.023005132253591,6.166382646127828,7.322435186897803,6.203369583294782,4.555445362921939,6.9485285635201475,7.539352493028465,-0.4053129340979611,7.77201441470246,4.8738083445072675,5.2469251994696275,6.1235589994332535,5.530093794628319,2.4379749433492575,7.986543199542319,1.1237994800597728,6.060076501035201,5.321321997199867,5.0941739901592165,4.290324448791312,3.1672813978795684,2.3706564445805958,4.866546245076011,5.001176487253107,0.5863156735559558,2.264212767788756,3.4485579817076073,8.159328683044654,10.37059213845166,3.954873458708729,5.0252172122954075,4.706519901172897,4.683893129030027,5.874912506875288,6.2628959936902975,5.238440224337715,1.9260825539924116,5.847148082053929,2.959285008157338,5.97487134440618,5.0881420143130685,6.023484622153594,6.778796466792296,1.3799856808105253,5.5926899117795195,6.241857990600502,8.321109214898982,6.92697568319486,7.637371579377076,2.420908394899577,3.5738404423300203,5.405424708222399,4.71167621939702,2.4498253256364597,6.184272117299113,6.401768051974846,6.926144578619414,7.475653147467874,3.7816672085532987,5.093834079227129,5.221773531490053,8.134531883995798,5.323247159619272,7.1698792780604395,4.826030168936788,1.253949922284995,1.1346436426131508,4.994416362627894,2.90812540715272,4.167525344535521,4.572972858842699,6.389002141709956,5.240500848938673,4.430865179404319,7.031516418725584,4.240205514211053,4.711380684933092,4.327904100148218,4.725787581005033,1.4513704966168683,4.092031627233541,9.217934599820452,8.879700366068572,6.96117829498138,8.202950988925046,6.058909546368792,4.980647097943056,7.065694299878102,5.49320719120738,2.038777694101989,8.085973401846612,4.681517014458717,4.397420126717021,5.15142320264078,3.032741665884712,1.3603776835049302,4.642698403787591,3.339611597290574,1.6084953518924316,3.122328071787586,5.657812985466041,6.785896365797561,3.7792123073280925,6.175939665429839,5.615046220044384,4.918510422839814,4.808538691704238,2.1507654903829034,1.2613689028614044,5.01652906545592,3.5745516704708225,6.409512962547902,2.479701475141238,8.21519042249092,5.92614620890719,5.630446002505183,3.893604765847278,6.099137070774894,3.8592945273878776,5.328327123772249,3.952608181300827,2.449861186451292,6.4200962051110935,4.786350395712719,3.187103893796828,2.9342063952017656,10.418506167706319,3.5356856828534178,1.7892054067379264,5.597648998276052,8.893335555131376,3.9019858116878403,2.0647201665486223,6.397768215933991,5.445513176644464,2.3574463885013044,6.102270350768107,8.146244868300787,8.755360894444376,8.74382921249808,2.8540213010219047,4.812194300054175,2.3456013998646497,6.183833882179287,4.452134234430184,6.414531254793776,5.818083164440503,0.0521029975401035,3.3817721359155,8.096193303620451,4.238081918912813,6.843712375090972,9.556213826902756,-0.7190291757791263,4.830199855194782,3.5332062060942797,0.7482701964735039,2.0485370006854167,4.512578210430223,6.09226494139195,8.678826462622114,6.5419782059643365,6.63055304498153,5.983343836733257,3.4623286990973554,2.2487616167151447,5.100962949807867,7.149451543185089,8.45179213421924,8.076770780677549,5.03387466552039,1.1020657784900099,6.481328707918823,4.07291640149912,3.0650456141330507,6.778167613770391,6.182489726665476,8.579728493777647,4.335305041470848,1.8280278953628701,4.89690566845729,10.009753074047325,3.420659319984164,2.5476481926922983,3.3794842218684327,4.866953288590344,3.516880965740941,3.5410691482908225,7.327198572925073,3.9761639010379857,7.3461059754813345,4.584474736889146,1.4927762811990983,2.2217704390501667,6.2436978289714755,7.1813768529993505,6.963879489114575,6.359531112588722,9.799599616313136,2.3097845996762416,4.651174243838333,4.600613378876899,1.9456571858921299,5.002890586592045,7.566254429837642,6.799627209706573,6.01983068043291,5.623845401148833,5.0603127175317875,7.478494580316223,3.119772121797787,4.460497895504967,9.193661629954978,8.06615862786478,4.839801446897729,6.287951194948652,6.09944415737312,-0.819785816121172
3,-1.1078078641717748,-1.588891799473988,-0.6161681902224136,-1.0894600541149486,-1.146995167338913,-1.479854325808313,-2.325043173128332,1.790501646730653,-1.5987052459656796,0.1355761922958496,0.14684896117444834,-0.7942632302085368,-0.7787308055864977,0.1337520563734118,-1.3465402870785481,-1.0419681326852752,-1.5638293324164128,-3.101558642543228,-0.8647191599196378,-1.653243526585643,-1.2163485644177323,0.4991270441376201,-3.5895715213836237,-0.7292340912095787,1.0406754331942474,-0.4018347638111469,-1.320193450081028,0.5511643112831497,-1.1346777604845686,-0.5018741703460001,-0.8153083678462234,-2.1089856637776894,-2.7194353492910874,-2.171521060646909,-0.21565806953386968,-0.15090891031326192,-1.102558180752286,-0.3392952443845044,-1.9211226758979052,-1.6224490389310158,0.17495530158271322,-0.8758775218680914,-0.202009297638179,-2.717168823586026,-1.1704773104617767,-1.8902095084437116,0.022380940054693266,0.29907461746271236,-0.812669309360993,-0.5742903851602847,0.45654440451939493,-0.6381614326590568,-0.9270682442873703,-1.4930258926416795,-2.5853584673729513,-0.5968441086145749,-0.4187849676877827,-0.9454552371123734,0.47445640156870916,-1.5966259303777703,-0.8761290662382926,-0.7087928614049488,-0.7118891472622741,-1.3992838428749208,-1.412063257897544,0.16902732926888886,-1.8001544260838838,0.44733631810191454,-0.06291361330580725,-0.9375170609229666,-0.8764721582679702,-1.718060064220484,-0.2297822258953034,0.45997688361890354,-0.5869176905083726,-1.7570332108699875,-1.9930186933198628,-0.8228441519876173,-1.7623712132500784,-1.0351923815206074,-1.546415052315144,-1.3719225785185931,-0.23547785929280618,-0.00047293237327727944,-0.38598957201127804,-1.4543819614575888,-0.8210323213772394,0.3531427783653531,-2.4177870561687813,1.3311070331480668,-0.4615250769500727,-2.135150494138356,-1.4055862300629132,-0.3936463272549099,0.08598995620023508,-2.465139027064553,-0.9761374122481083,-1.2009299748431126,-0.04169771315543325,-0.07301690091494606,-0.4048767871799095,-0.27027042888102915,-1.024292422536143,-1.7250203288020272,-0.4652297165651911,-0.8911044480577617,-0.2659976110922947,-1.5097553415240452,-0.11507182300627716,-1.854572526958326,-0.19994725530426705,-1.2118921304192185,-2.8055304801779606,-2.1086120635324384,-1.5208718634423035,-1.555686794170048,-1.8490761574729226,-1.6861933330889118,-0.5389024940830496,-1.4271820383966978,-1.6027651269346745,0.9143561903006028,-2.322349405719801,-0.05251161936597748,-0.4654404414075912,1.1315513731528708,-0.9722495470299964,-1.8492991814781288,-0.2528508791455597,-0.30592375388554005,-1.7784395688913373,-0.6714564951864208,-2.6057162247152332,-3.184418831397054,-0.18556492301948435,-0.8262195581613301,0.30057597965007443,-1.2913256435695677,-0.7447076926903644,-1.4303075834215928,-0.2541164437527216,-2.4828516737609205,-1.4340041339894742,-1.6213460429821214,-0.48651355404262386,-1.121784586795324,-0.6602204889706391,-1.114032134522611,-2.0934295998899715,-1.5215406991548361,-1.174691037477664,-1.443197042969817,-1.829712056720119,-2.004167055296115,0.05686513706059104,-0.3476353362162794,-1.8175961429523126,-0.8256480039738618,-1.0229572782142922,-2.1028974284257043,-0.6719521500673484,-1.7334730686685016,-1.113614341110925,0.04613678860781478,-1.5497776279144992,-0.8519622371120482,0.3100404501691769,-1.3215181353482417,-0.5864776866349117,0.7129939667929621,-1.2995010979972785,-2.122189410765757,-0.6356443867620449,-1.1778662746666926,0.25678742900472695,-0.3796737724356094,-0.8701957279463884,-0.18394135165705894,-1.1783478792142026,-1.9625068910298529,-1.1387137709679362,-0.45556441620200916,-0.7524374661366647,0.18462837588225356,-1.2544352811320914,0.280196576337723,-0.9009461486833013,0.4037791004283331,-1.168663922632944,-1.4856797949185199,-1.8198403398155412,0.7069857722844353,-0.8336973722213944,-0.10730508282888529,-1.8528866609299461,-0.5360088893025567,-1.1305398959546287,0.3524548455737502,-0.8502346525791389,-1.0315887241321409,-1.718194737637202,-0.1853658058314085,-3.192189618595735,-1.3219162783350202,-2.3936995384555706,-2.306665214267548,-1.9035537501736153,-2.5614161971921225,-1.6201968408905272,-1.3767986028854833,-1.021735782293562,-2.006528311505363,-0.7650940464585263,-1.4629037925920856,0.8533830441253785,-0.03041124165381981,0.48680937556535175,-0.06572058276429349,-1.8006419383009205,-0.08794388433263545,-0.3769831118537732,-3.041397385710152,-1.269819895399442,0.3447510444344506,-0.2549293432638772,-1.4409803799410337,-1.529656282283335,-1.6049250591341921,0.1578990056043248,-0.09725214395645665,-0.6671849162487468,-0.851838551811055,-0.5658435137612025,0.9098982255844372,0.4814302758398683,-0.6948925286926831,0.15517340885041309,-0.6079756183568434,-1.026294423910249,-1.0149771826681722,0.446277810457161,-0.7984101307296126,-1.6384066316861972,-2.1806146595011873,-0.22734295403080407,-3.382761519733786,-2.290790296712205,-0.27401735876011013,-0.4996483621102087,-1.7613185020709778,0.5562354765998032,-1.256352699741038,-0.7376098836494291,-0.7661297473962421,-2.444004576898193,-0.44843147315409404,-0.09383308272836,1.5043086023400996,-1.839114603957708,-3.366744731325412,-1.928711857441213,-2.7064009389175716,-1.089414806046572,-0.9234404639795909,-1.549530035780203,-2.19540130368204,-0.25047062181406765,-1.2045708452929307,-0.41166636212693253,-1.2871859501412608,0.7705131640635425,-1.295274558595262,-0.5731294451584334,-1.7508737442298385,-2.920691921909407,0.5755741849345835,-1.1819263596103096,0.29772375551896735,-1.0496300379699561,0.8327457002248366,-2.8067641399667713,-1.5831459273107564,-1.5837750890835491,-1.2686746518552212,-1.0386416295684264,-1.5337630656812258,-0.020333049061969533,-3.7594846792879015,-0.1472341390457904,-1.2292044417147001,-2.7993121800058525,-3.4370730918863512,-0.8535768945632061,-0.8805543170780475,-0.9147308387237736,-1.348642189144954,-2.0938482351666146,-0.9144226082725158,-0.8523195501957896,-0.39479829034490865,-1.7743547062181357,-1.7442328932400564,-0.8019635071380872,-0.5415981321702168,-1.1290968282660572,-1.3711106996387328,-0.19922996945705485,-1.5977854185000906,-2.6915437096847024,-0.8253141953584384,-0.7257079661964952,-0.10895358365479546,1.5600221797954044,-1.0359501831192302,-0.7251214420330099,-2.881612431288501,-0.2128307112481298,-3.0397277047471465,-0.15142153145414572,-1.1218703634342335,-1.9739727521244528,-1.204742241152712,-0.4913485238572346,-2.199551077344347,-0.6819314495149469,0.10461550247725526,-0.34660873376380474,-0.360019968595781,-0.1164905761513152,-1.0312362038507636,-0.29021339106494803,-0.5147099999757694,-1.49464352099964,-0.9298520932820006,-2.149493378763357,-0.9811577945928286,1.9799909919059893,0.282093094629412,-1.453919031658896,-2.637927913493269,-0.5821259288765622,-2.0915952692248148,0.15877989378529156,-1.4168075218340115,-0.4655450798340288,-1.0359881793462715,0.3334770229912931,-0.09808063694892755,-1.0784797618170894,0.3661819430296478,-1.1603363298864986,-0.858221960384304,-1.295268829412809,-3.7276905479167053,-0.06439241850098176,-1.5137264645123638,-1.026112958522215,0.0032423888033363824,-0.7791435236094685,-2.3758272064862616,-3.1217077636922914,-0.788039552130589,-3.8897598264052227,-0.8565474728418628,-1.246892709806082,-1.611610384640801,-1.6885800253077319,-1.6978153377216134,-0.6781730227281794,0.7462311882985706,-1.0046525434449567,0.07567633580118116,-2.4202595193863803,-1.0722795527940607,-1.0769376749765844,-1.9839714993173656,-2.1494425327920665,-0.6093598532000616,-1.4141393857745463,-0.5286321335254522,-0.468352009494418,-0.5540175832951173,-2.096830939881226,-2.3390550454226604,-1.1574231328994407,-1.0014191410613014,-0.7828636826342074,-0.3463704312156215,0.5284838468952202,-0.5325281873954459,0.6133582701655667,-1.3500224380395358,-0.6627463848261094,-1.79572627654417,0.3920786213891161,0.042192012519521205,-1.2712105307027493,-1.9972243746906053,-1.433144564365319,-0.6866699794314719,-0.5380342140459907,-0.6132981202544077,-1.2973878034788728,-0.6884227975146526,0.27822395630318053,-0.7464812200529413,-0.9715476799870314,-0.16425406617355842,0.8774508206296328,-0.771548304999287,0.4748732961797928,-0.22652159430796392,-1.3923139117474514,-1.1817596684656417,-1.2902377971324261,-0.9501164552523228,-1.7405424162174281,-0.8849019321310178,-0.5139013855832266,-1.9321647866914673,0.5282015503613955,-0.6071130333866845,-2.4537051557068192,-2.9781426793020906,-0.8752848193821401,-0.07067016272830651,-0.24179318859994436,-1.843552989334619,0.7138078791523541,-1.430241506185332,-0.07022909153027057,0.3770575693331397,-2.407628860275688,-0.40769768639471515,-0.7268190901021421,-0.4864856179708621,-0.7290200971711329,-0.03534487263689434,-0.4057829498978308,-2.5190129278801754,-2.5988689042920115,0.015826600957018933,0.02894137139800934,-2.542975164809365,-1.6890159411215038,-3.4425597454393224,0.5844647591221823,-0.16016309791382788,-0.8901480060197403,-2.590313427502241,-1.5015045966999911,-1.31187564257351,-1.2464952931693032,-1.3803927009375387,-0.8583215724704303,-2.7716056172644548,-0.24414584212857382,-0.12907419285276078,-2.766988864922731,-0.8046313961222538,-0.32843246494140954,-0.8959849578918814,-2.2256633255100113,-1.7028994708152587,0.6309855468029675,-2.726281027769769,-1.7014386370964387,-1.5093027884162489,-0.11412562186587538,-1.5874960584829423,-1.436428460098193,-0.6266676831866791,-1.962476456425146,-1.8390457532136055,-0.06135142178706132,-1.1863033931644942,-2.792484768165541,-0.2793134705671293,-0.3877252719276325,-1.2902498025393603,-3.153209067881834,0.4111821839117291,-2.6562810515444637,-1.84105690424814,-0.9649947231451498,-0.6448878669717422,-0.8375543744106319,-1.4461435009850123,-0.8455254826404666,-1.0919338152187514,0.4085203664430068,-2.1789439698763333,-0.9006488779859203,-1.479048911173833,-1.2391913046416796,-0.19171974536150949,-3.2525983967356082,-1.722026257370179,0.3064123638615801,-0.6215014112184974,-1.9408597688009817,-0.2973825995635069,0.12592520356553627,-2.3008446264028306,-1.58954446930514,-1.40401606339838,0.11964942786100252,-0.9978877847654508,-1.5970893777585975,-1.5438413965636042,-0.8686283655859589,-1.4723556193202194,0.9669419537410595,-1.8751983207055352,-1.7107114915514203,0.05460253767931311,-1.5602164396481601,-1.1164198236021412,-2.3327046743466715,-2.4571963229897538,-2.272338609019873,-0.8459718770536411,-2.422731368149274,-1.1185715764679396,-1.2305508631627478,0.2137800793243425,-0.4358467446066042,-1.6447851311259127,-0.8883037156030856,0.0023417031545003297,-1.9306950628899378,-1.2564127799778368,-2.115882867487646,-1.7892532438488375,0.10943444247327339,1.195726948290333,-0.272331278578545,-1.668919249074269,-0.9030326846765112,4.82852355449897,4.525320274668669,9.07062580725884,0.6661289293925385,5.779249923062482,4.777601742528115,3.942778555226735,5.96953138766659,4.2326449668742105,4.397047946656485,5.173576715113828,9.004566359825098,5.350509437989396,3.430269709973836,7.469251864892882,7.09386662035632,6.186173508722075,5.966449005376819,3.938763778284555,8.51685804356474,7.381886492909258,7.381798830576912,2.1342417018546618,2.722035299271279,4.34844317622522,7.3977750951388614,2.34353356854917,4.243172804318346,5.13362106904167,4.366505421828654,5.86744047921148,5.543257256329949,3.710298175753655,1.2192733770477449,3.7874607409306233,5.1552630254724985,5.353524006583961,5.746274491138749,2.5809311701728337,5.032766150294244,5.039368901868168,5.479771362397607,4.912654122088265,5.987826783061668,5.823161002932421,4.400969765408508,2.189980641842079,6.865455551006842,6.525982354190767,6.880599420613256,3.7196631638249866,4.077180065704773,3.787014829650897,3.901724836846067,3.3101100644627532,5.25204990337585,3.3035959105503903,7.784551529841051,4.42381467166116,6.331948608053754,6.932284787426102,2.3729088614586717,3.0344808128843397,3.100938591256814,4.1803758386098915,5.28125146337597,7.010297982069387,2.496601771276649,6.041981244940489,8.14998442495797,4.419339545980602,7.846858604987929,3.7260281587258075,1.818629027587554,2.1681858721955978,4.597812527879724,4.513200250484935,6.628892560054804,3.5174507282072165,7.53304391791634,5.484532591045831,4.6359584924820405,9.554771629520626,4.866608909033435,5.047430346949179,4.410863790753071,3.7529768782649455,3.825807248601026,7.193634042887651,4.278348228013441,7.317823691696495,6.078067797931551,4.368787499473483,4.0601299134620215,5.480887384305602,6.226907956386203,6.941655434184588,5.077536838940021,2.5341684701762017,4.282726146701725,7.2377047963159455,8.711131316460417,3.2047039670146775,4.27497569287398,5.743176498294677,4.782653077720732,4.637669417816441,5.917273689354858,5.6746285143883775,6.016237411693866,5.015705906847572,6.228458076994608,3.806132782093899,5.4779714426271795,3.8526074470576517,6.402510691668581,3.4714755969720206,4.177309533204825,7.138717855758259,2.6727822717428835,5.723346103352152,3.5981544739028317,3.8899623429123973,1.8279099073610268,1.6230475583111206,2.5647007438400014,4.580537598872834,5.447089573512228,4.2818737597916945,-0.6589327732639427,6.860292751626848,3.2510184127625057,7.409316775863362,6.501102133729659,5.216120820478175,4.8267627541189935,0.7380299232376011,2.617524530189971,6.126692324409718,5.550082664860357,2.3517788900666354,5.519487145618802,6.807603617819768,1.7471789629394738,3.564114203680657,5.183974654103417,3.808966025786825,3.076370844734707,10.46588964102979,3.8501269790572534,1.0650008305944043,8.654445525633058,0.4148364967223248,2.9475288970269395,5.061023237940385,4.218012126860978,4.602817820311412,5.014161478837626,2.2351952200825074,3.9520136351095685,6.431042261708816,5.535065966318019,6.7868038270487485,7.184601307550806,3.1144369244090253,3.7222663977921453,4.260452735125337,5.252755139208279,5.738167052946844,4.034421293820103,4.480016972911255,8.558919835217324,6.4427253500900274,6.851348840300171,3.7374791265302405,1.5757985087014639,6.07051829852509,4.749428298259093,7.8209455181201655,2.879212380532679,3.603333294193834
4,-0.7592623589342454,-0.7091972672711276,-0.5550375642533101,-1.0252835637491227,-0.45121928340379114,-1.856797555402498,-0.21888160926689004,-2.8806212494501118,-3.3587549879672474,0.39767779092356714,0.15950262951481609,-1.3945748602642412,-0.6434190502111188,-1.4477740512472401,-0.7551468730494271,-0.8125253094660971,-2.5068114597563866,1.0286599241420897,-2.3279004312426923,-0.4452222975266952,0.47156585927832073,-0.7420147611676634,0.24888837645349104,-1.4572907825034251,-0.8630218497588283,-1.5195967928993603,-1.2430162488489143,-0.16241857335785903,1.6460509680140265,-0.9699076832015658,-0.905088848425591,-0.3272792785658185,-0.8818001332103641,-2.5855766138431595,-2.3581162929140946,-1.13156569491545,-1.5815721784676824,-0.1425225568102909,-1.24283785585059,-0.51927884800871,-1.0490175485258244,-0.12124721749245027,-0.9458779793396989,-2.7113070614027692,-1.8785034925238695,-3.045333796511823,-1.513911010366425,-2.6732811857103034,-1.7100884222418868,-0.4464412350338378,-1.3279324033275584,-2.2889908751255614,-1.7950151924078748,-2.264858063764181,0.14164755417696262,-1.361566650550538,-1.9455281216120435,-1.3501168491459343,-0.26846880817956953,0.03452591400178462,-0.97534781490407,0.6351145016794675,-2.209229745469437,-1.9572120192062044,-0.5097257065080152,-1.9098533522681822,-0.543555336950105,-1.879332995781737,0.8988022590062859,-1.1858861831136205,-0.10577441340247107,-0.8269797702134554,-0.12735936685346694,-0.8597408430431855,-1.7735392565716843,-0.2831784638319157,-1.3007670966164306,-3.282398505708091,-0.1342941580966751,-1.704458283999672,-1.524327586692139,-2.845930826523443,-1.1687079888676253,-1.0657866143284191,-0.9930467121925518,-1.764383077849255,-0.23500018780881893,-1.0665802688113193,-0.6630726834554237,-1.0262406781481948,-2.3837694440198733,-0.7818059955533622,-1.390879875721484,0.03789811037395174,0.0286295343499976,-0.40994066353199965,-1.6616239778307,0.7978001873806126,-0.8539440442028307,-1.152399525447675,-0.879241656855002,-1.3920133750589483,0.7164077503691375,-1.8263806948319663,-2.445174357214716,-0.23105843560811345,-2.769833009376639,-0.28422393381696187,-1.875804390294312,-1.0598448051349814,-0.8705615302959727,-1.5724598748826661,0.01751860589113985,-0.8129106601111595,-0.15828853388154396,-0.6831716560371881,-1.6668510160265224,-0.5724188217371622,-1.7039883532379663,-2.1010765187784006,-1.1336297437102665,-1.5813629256441044,-0.24029494621764136,0.42176307033792426,-1.4244440611584324,-0.22022187659160375,-1.8168912319098338,-0.8934944785503106,-1.5051603232248922,-3.7026308974820235,-1.7712726824105747,-1.452385546927233,-0.5908713547582589,-1.0769488834666154,-0.5639298979676182,-2.3349023138268854,-0.9682000696816981,-2.1045498015679867,0.1503073605850953,-1.6849639780612957,-0.7828224139120847,-1.3613525221217135,-1.8917459915196044,-2.5371290468355614,-0.7364863804517663,-0.8751103042887487,-1.1844379742900284,-1.2458625424450285,-1.5468770661048175,0.6135142379795127,-2.257355236427548,-2.869520194214079,-1.1783658777551298,-1.2562295270156814,-2.1386688471728728,0.3845634414371668,-0.8051887307997697,-0.6417285213638368,-1.2609839573555122,0.09532504036141298,-0.7828023535874925,-2.588630760317746,-0.8138688067038311,-0.09979840725617062,-1.3717462111366097,-0.3109053555559459,-0.4434103134879107,-0.3732100348793481,0.33066204091561113,-0.3571519328847983,-1.373047897118727,-0.2596476042916247,-0.8467869822613696,0.8665127625305611,-2.09228775661464,-1.524501540709811,0.30413072022340604,-0.2214766110857065,-1.0294101467188628,-0.8374527449601294,-2.6725237930474766,-1.0747151213077897,-1.6900079942631714,-1.4565555254889893,-1.862142675401111,-2.033164882265787,-1.0804651476998068,-3.5740245937396296,0.08009274820870593,-0.2629358698484512,-0.3722114943931244,-0.46478170004262687,-2.8441611976735044,-2.621709219931676,-1.339838923598125,-1.073608775804338,-1.026804755172588,-1.0878710008555168,-0.3773562679782114,-1.833767791618477,0.6695277183002473,-2.4795622986085646,-0.41887642622411125,-1.9404753105554655,-1.1299053036205942,-0.000897846960167592,-2.448330864559826,-2.3312979802803064,-0.09577173032154684,-0.03457105254344983,-2.2895491862542756,-1.6599505436448616,1.1092760328647815,-0.9108173680030881,1.278252558211023,-1.1283650599893469,1.1449788649383708,-0.41664507773716186,-0.9034786806245692,-1.3458274744606722,3.888294140535514,7.451339702037521,0.33323236721715244,3.0177927079177937,6.9071733426462805,9.967095932928096,5.443703899960442,1.3998160722824804,4.82494039675456,5.308996306933185,2.1080150348787905,7.864686986758557,4.036003798616538,2.5050722314098826,2.3957822637268826,5.200307750679897,5.416397299055021,6.252413136855863,6.715430926583866,6.783364538270045,5.754765130058107,5.260024069890732,4.140560859665059,5.607047190524505,5.699145977567576,4.259202235171852,4.845232693273606,7.28842912899594,2.8820677845321576,4.480729065034704,8.02510682713333,5.738064599184129,3.5116833592480248,3.583364591999038,5.1942723841852025,7.361454351519169,1.3993480476180338,6.498013108813676,5.287136973678979,5.461832140940547,3.00620525417077,3.5069166218256314,5.335157318670353,8.513677779192122,4.216696184734459,7.279131296233375,4.66282042687179,6.225681221346727,7.523656016159473,3.6246441159256615,2.754675023174739,4.741607811337448,6.018275513635874,4.509903545590411,6.254263347690078,6.362538074068428,6.430800172868855,5.3276239773692895,6.601319846732703,5.088688072459825,4.547186868284191,3.3419669686228852,4.714298386432808,-0.5130985452837864,7.305240691490743,6.837518484866795,6.837874789816614,2.7454710509626072,3.365565855574473,5.762873529752879,7.877065510435782,4.910098251430842,6.289594244500826,5.4560310046742435,2.784541440488096,8.60636023430109,6.0772079049454915,2.559090282611747,2.836266508805612,4.3624029695280475,4.03618852344588,1.165977566356498,5.163307008998772,4.7800885279449705,3.8911796633641833,7.686795839117861,6.624012659682613,8.769413042020995,4.992861715917147,5.25264890970825,3.9245073507445456,6.499048481570212,3.411718406431259,4.999332831908253,3.384548886850692,3.406865258533591,5.016079231342446,7.77883202661917,2.7335504252582545,8.965376072893621,6.896798270454131,4.478322291471636,6.313033111311993,2.61042325628932,6.243788291761554,7.316143987269085,6.117240825273447,6.290146845706849,5.575767391743211,8.297115023581743,8.188301045824161,6.131966175688503,5.694313422135791,2.5965646296774607,2.924291000105623,9.799294193748345,6.483323524675789,4.753808402685669,7.954059831929146,8.040749514652138,5.023263310187757,4.201138777114018,4.91721857091173,7.168417671711889,7.869701896251534,6.116570796514171,5.834199563462222,5.32307131040852,5.31976173622387,4.032091673267814,8.680095247415464,6.716849112401472,3.157349247162596,6.476401792978558,3.323941054234947,6.064704777095981,6.359847420549571,7.329608853406581,2.2894314008895003,4.364312517547177,4.664283481409211,7.576755694813241,2.506144169792313,4.37610691436,7.264784480412173,3.295685758381872,4.263584064455177,5.850645836061827,3.279869250299888,4.808457274442248,3.1261895788706626,1.729827882399352,5.095401954544436,4.228498067198705,7.017836885052102,7.221248029507191,7.429320183807359,5.715665484412083,4.301151651561345,6.588946312636108,3.753288773058352,2.2550241593826272,3.1990653343370443,1.6484160988908498,7.396700028262728,5.485890775717808,5.425762451846969,5.950189306537872,8.10141910115594,4.879276292230554,7.333059851524382,3.4349017532125856,6.341043792624094,5.522535520453645,1.9038399869735074,5.593950257568054,2.8176964154231157,5.100023695827901,2.5012319157318252,7.6532002886088035,3.286768051553767,7.563343630092829,6.054690508002722,7.853755122854962,5.14261947755049,6.062724591266933,5.497245429742575,4.788914499640224,6.866014379296621,3.704569906209573,4.986076191022287,2.4636945763351807,8.245311684685335,2.053525439898961,2.729929581583798,3.2123114214741926,6.393663580396295,4.28977273805937,5.407652597870638,7.022659594057551,5.6607791059809545,6.8239563892135395,4.098484124178821,7.914702773335023,2.682463458796306,9.89995582399139,6.408810602913979,8.358129377916224,4.524875938339225,5.692874206069391,5.237778546347267,3.9184594456462163,4.638395622686718,6.085021881734273,6.881992718360695,4.670535306528974,7.473109735919525,3.821684540301867,3.7315890547065154,4.945358101472204,7.125342406904583,3.563186259821631,2.8463684367195765,3.5798774382704943,4.854454918796656,2.3595460705574016,3.3136074227660552,4.765808052324974,2.2052407335130035,4.81206354217619,5.897544221058878,2.5377340477205648,6.436280511683737,6.141077725534921,6.672830724800563,7.75908583815622,4.439042662239188,4.2549532083709645,9.73683857245713,5.719004562864948,5.444652239772916,2.9943417560605123,1.5450274730782585,6.251353539561213,3.547962035099647,7.604097648678891,2.904437954419497,6.090345903082158,9.762708148735557,1.379215693426449,1.0996645162125036,3.23262161914312,3.347880738775644,7.079849648004682,6.102004812744946,6.548249505500327,7.647048519828338,3.6614119620943812,7.885961936484302,3.840164965664189,3.5575782986854483,5.394096006505393,3.695136439933379,3.803125651687288,7.994737274133286,5.982825836004656,4.861823338302702,4.086546397772343,3.841577351537696,5.345942798366934,4.5497089032634115,6.127369994973341,5.481903303811971,3.0009562908943055,5.3893332089741355,6.9384833696657955,8.610551211353888,2.0004397431326404,1.433894228563147,6.808684136311754,3.672192198209504,2.2561311428259567,4.379169720921939,7.343876812645746,7.619114207467251,2.818412675485087,7.278925242026423,7.133916171218802,9.510921543090163,3.588232027470258,9.321782625137827,11.688831356152182,7.378751415373784,4.904588906208739,5.465688055057327,3.8554181769979174,5.961655150934174,3.177225341552708,7.46967832379811,4.377219154682888,6.506361395907431,5.846122498594495,5.612457436855338,5.572465488477418,5.731472808197404,5.665779962740614,4.405028896217987,5.6388113659477455,2.831399359766014,2.39445939001013,3.695989512123166,4.935959786545024,3.226456689667101,3.33863659188027,-0.7910709914856726,6.625435598445298,4.796206085602642,5.566509160438558,6.984237858989367,5.336817183338515,4.154014243631368,3.4914079300126106,2.4118683990422047,3.2635767668206865,5.626446856667144,5.74634620544088,6.066935614030386,4.3845309939211194,3.4946355708069143,4.829630195259133,5.03518794800662,3.20090230576326,4.101107559412665,4.343211700082684,3.7578421172805454,3.631775541274062,3.9418237635179185,9.095819305799747,6.704155695154075,4.465900024339597,5.913190444748912,5.4379657861742565,5.885013848168868,10.804532786400067,5.521822412400761,2.3076278484162684,4.865912491747651,5.9177173607000375,6.308416597221038,6.303996323424965,2.5332846139609035,2.0735530301910923,9.28452383623419,1.8553099504837438,2.8301733992010663,2.823570622552057,3.4058941360642025,6.31034379815297,-0.3284997823956948,5.247271829467697,4.561464524637546,3.7899118119644215,4.7037797509477715,3.921861466510144,4.274141765416812,1.6156292250420758,4.272208458082832,7.578286838702916,7.396910109865312,8.143350445163438,1.5032004910249497,5.861010489138493,2.2165852050479375,3.739246364149805,6.311177068954736,4.929759518409068,9.357051162814207,2.849989015595216,6.030824970005078,3.8784753469931292,5.401113727103402,8.289521701569624,6.240074019067979,7.640670464757955,4.510464629678694,6.221642253635698,5.379715906014106,3.3921042909246344,6.2117319425681625,7.601075781628145,4.822319387880148,5.106367818741618,8.113278936240139,4.863953921739716,5.481277725525237,6.731041381925058,2.936160171403575,6.518253978543248,3.441490676056055,1.8927463276810421,2.840866794818224,8.438581348813308,3.7192942980313948,7.011857971311711,3.9798992769783,5.676218284044319,4.840676509789193,6.963864936603075,6.235060100572799,5.239552044612734,7.043665238689313,8.775573085555834,6.357171684755115,6.202004592002351,7.238674954470623,4.388102416720908,3.3046915367431247,4.192119560323204,5.783724174003519,6.1108275598984765,5.8300138781507895,4.560016565059191,4.598081126377887,9.83915571578535,6.635081709975573,4.929971955067705,6.797386494744012,4.909193528420321,6.661942335138164,2.6438629470095427,3.4815163633574873,3.734855648387791,3.0068514364270564,5.006987086543162,3.1337679941035064,1.3858004411380707,4.11339314116733,0.029022946848031417,2.7135089860452517,5.219822992704594,6.514157434769466,4.799777014387929,7.839285601851231,6.421338914493421,5.57918663047287,4.734693780272182,6.60302738206821,7.784172525586806,6.532388676795663,4.936850755158672,7.300936313685873,1.8659478782266423,4.125507229455227,6.0126522607900394,4.882447904840383,5.298565055382442,6.594387573469092,3.2809984058938264,6.865140528417509,7.45102081799862,5.618861244741545,6.421705438723129,2.491860656795356,2.824386725040046,6.686763078828816,7.391897364085965,4.799035031834507,6.248658316996704,4.089862120807931,6.475173144307225,3.5116250306895163,4.905060679354072,4.121831164618902,3.7365715842188827,6.948560862520425,0.7546718519076538,9.224985161185817,3.8189011364772214,5.96278379739857,4.514719665875872,1.8155111887623079,2.287496361640229,5.688712671588684,1.110926084025503,4.322638841369034,4.6284496149896235,9.50804192109452,6.228742939714659,4.7647548583416794,6.3951923381845575,2.293611347041726,4.839592931802971,6.025990399109592,10.334580595019453,2.6527599993198185,5.826885449342985,4.30801443690215,6.628319069779298,7.991791221790545,2.6749654553657645
5,-1.896079343567842,0.6279434069299474,0.07213785569985798,-0.14254358769838038,-2.1873829176640323,-2.0821419115697326,-2.7086839892984247,-1.0101057637985382,-1.813099633265269,-1.333938833122826,-1.1121191901302028,-2.1974791242187584,0.9054490629630803,-0.9172555661791603,-0.36767170934892635,-0.37284184945405163,-1.414597978418453,-0.5319249699884641,-2.0376042993617856,-2.7946022587139625,1.4750683608183532,-0.8208444203672535,-0.8972529620050325,0.022530419164481508,-2.2297777344794047,-1.110826846418285,-1.7435593625193568,-1.4309664210444089,-2.061280843403819,-0.6419673050606236,-2.5662966839150583,-2.4016267411584584,0.37248781841172685,-0.060659157524406204,0.012694631793905398,-0.8116726534720322,-2.314779063617176,-1.4508280004762817,-2.371363426690545,0.48024553159503225,-0.7081119567494985,-0.48383358530653,-0.9382558593347041,-0.78562763259812,-2.1801693690466672,-0.8393495627696935,-0.7707246032015163,0.14856804133054147,-0.20207944501432262,0.19228554385694974,-1.0736846899854653,-1.6599342483730208,-0.7492068796148625,0.5313679930418587,-1.0093237900226093,-0.9463176562619945,0.07468230394389797,0.5926119458387176,-1.743765856819119,-1.9462132368804916,-0.711591958149012,-1.098903041475091,0.979191732437682,-0.5944313040852918,-0.7055738001916254,0.2226554940170149,-0.5097093345842838,0.05531266540691293,-1.2270351278520302,1.0249043922530827,-0.44426905083532375,-1.4541644869023642,-1.0332054759029454,-0.9968086202176515,-0.5615741677370438,-4.507721282035874,-1.181670491109152,-0.7816144785173176,-2.2072297879695104,-0.5816782348763075,-0.40761796874568657,-2.1730095721790583,-0.6580788905318671,-1.7002689941459765,-0.029065517026732768,-1.8985278886928398,-1.37270549978449,1.1578662077595636,-1.1851712042449298,-2.0227024194542835,1.6974131104669747,-1.025696511822688,-0.9220129454272268,-2.178337038552364,-1.335200472045682,-0.8369171422836602,-0.7788830751603594,0.46895957912606967,-0.828581893976897,-1.1031437444261518,-2.101891036754337,-0.7083091567368525,-0.7437017561469943,-1.0158475498995836,-1.0747931349761493,0.4480530384962955,-1.4281401733622603,0.5992400210359474,-0.6540941121444492,-0.02972350167587723,-0.565990753640367,-0.4250333803079053,-0.4776477766614171,-1.9017197843021965,0.2193707532560778,0.05224348626269437,-0.6279133383065897,-0.13323671991903185,-1.3194140348507761,0.052238470261022796,-1.1064853258948986,-1.3583502471147981,-0.12238997730453915,0.14188154873528513,0.08684070801952593,-1.158906750633678,0.7198809147704028,-0.5639151178492848,-2.38732437744775,-0.11848307903866984,0.9205162234408422,-2.091309491643242,-0.04841542275794297,-0.239008498046836,-0.7340203027116583,-1.6182512184421811,0.44848011698657264,-0.3134635591097624,-2.115886337809953,-0.9485814156522412,-1.2478697683450672,-1.855597206144318,-1.0342560667376057,0.0665714296109794,-2.0114817709713577,-0.15043748387297018,-0.03169395824302346,-0.08961100818930379,-3.048994703117285,-1.3972731162653278,-1.0018631056774199,1.09129425483119,-1.3809388365708324,-2.253817342293699,-3.1682002425379254,-1.938631509178884,0.246564076090237,0.9873325513676308,-0.22358561751248296,-0.705200200880133,-1.4626721442507749,-1.0489516902496416,-1.8655830159119122,-0.4117690101522936,-2.173857445011636,-0.6216667448249248,-3.5657764201289353,-2.2261768661366697,-1.827589865912655,-1.7654310989403987,-0.40316441745384357,0.2696818981894311,-1.1895742020245947,-1.3352463370978354,-0.005534522169218126,-1.5749924049857222,0.5756931539401093,0.3825285614330467,-1.5855869272998482,-2.235424265868996,-0.32750151379279724,-1.0948126549906383,-1.5079977894863816,-0.8189339127064305,-0.7468177531931286,-0.46791206516618744,0.3522825321682004,-3.3633328164333003,-2.4617287743415934,-0.9867348960071723,-1.3223021167331483,-2.7179945217439627,-1.6148570999691914,-0.9232091766927033,2.3623647983723965,-1.5510940978304513,0.49295024609077154,-1.2095509039048251,0.8220255437804274,-2.3708854104927726,0.8291132178795848,-2.601680039471993,-0.7557575907493128,-0.6897090583511547,-1.872449798295212,-0.20638415556530565,-0.6772450928108493,-0.20687856309703734,-0.8364637133467747,-2.2225593088446196,0.9017542334641961,0.10607985073019122,-1.1363827378295344,-2.345078040354513,0.3461950570523715,-0.1845407600049438,-1.0554364574366084,-2.331860128626691,-2.0309800389084662,-0.17433968602347583,-1.6746370186528885,-0.9529299489232166,-1.8075905090725086,-2.0759071249268386,-1.1675300134779953,-2.730696457182968,-0.7100649702172691,-0.8571273016512899,-2.6306827981742775,-0.8399313298502115,-1.850687066798269,-1.3090885407438648,-0.458570721787276,-0.06535366503348217,-2.9495688924576706,0.17960986854571037,-0.5704453238645368,-0.5606620836373055,-2.086776444690824,-0.4691765482126038,-0.013272141910023127,-0.7183003921163338,-1.3091502111686375,-1.656865770359866,0.10797868809861932,0.28647069563270056,-0.25233582053784964,-1.5537405297820734,0.8378712985037831,-2.596486922609798,-0.8694108536327103,0.39321407265314656,-1.0488394144028776,-1.8440752847708377,-0.9191577883116304,-1.1684498602919764,-0.8195128833726449,0.42204120751796825,-0.3002411242832407,-2.0041572440921733,-1.6854357327938185,-2.2855694723840063,-0.5949504591349107,-1.1678207585918294,-0.7321646997716054,-2.069657717350253,-1.055417047310617,-0.9096365365186246,-0.03995180510002061,-0.7423222392117654,-2.5585582833721308,-0.40038122171132084,-3.8523204366460226,0.982045278970084,-0.45278644597061535,0.6962124647593779,-1.7761967550372528,-1.5196778607885268,-1.6035117549913354,0.13130191008971837,-2.314228420579351,-1.663442058844251,-1.3976364802818666,0.08779726582117031,0.0010987555452155462,-2.9116231911337294,-1.372061373578802,-0.40565575805305565,-2.4499924578823027,-1.6151462049721403,-1.0256767521521926,-1.565058786328244,-0.7869682584926714,-1.4512859464594146,-1.0613850354405878,-1.786642035482001,-1.4638668960570969,-0.573731405772442,-0.47290577225364994,-1.0485783503601598,-1.2192731572992657,-0.12359987265491279,-1.1260556399146313,-2.3189614695703265,0.4178255435956111,-0.514503629219826,-0.43979464879831465,0.20135987628576402,8.957025963089377,7.044870028300819,6.157794438818941,3.1790610285842664,5.676932161856494,1.3594078026548981,4.973386882471048,1.5596643020599834,5.867032682122042,4.570912074554882,7.880732388193129,5.50309349575034,3.5026664820485554,4.6285542521335215,4.973304705038527,6.794442824430331,5.66047729904601,6.109507432116786,4.522658954696858,2.9283959392329924,4.647974921437606,6.386264992218372,6.420488894990707,3.6431050927560564,8.013329321223795,4.392971803301186,2.320356041197751,3.7695572392439303,5.586736286296315,3.804672567919087,6.247783813542599,7.153666739487582,8.236409143455841,8.684073895143158,0.6684960948314593,4.83411227945101,6.604957050899529,3.482147243818391,5.342383949936074,5.657876868027447,2.546437414333317,8.054404127057763,1.8023365159741727,6.947088006037604,2.7323176802170317,1.991520840450295,7.545366639406989,5.135123773421856,8.828656994465355,3.7814170710929025,4.769600197650502,4.4210545226982445,4.981406931482378,4.637198011743947,5.312668382471738,3.045194263354169,6.7613174556733036,1.4779617929965867,5.867705002890666,3.52260037454797,1.7308705017231394,9.94294553263482,4.230301914087478,1.9782397627255874,5.837831825798115,9.74505696483741,5.848708699543587,3.1096002588344818,5.778963392252571,8.988280854813722,5.402861653297684,3.910314323686929,5.112959773395911,7.37052604174299,4.778243564018951,3.3383441106570593,2.384697644402291,4.165763724703362,1.0646689751642575,4.3873815045194124,7.269990686564064,6.478742704631447,2.807545835971386,7.364962945619839,4.731510623018556,5.9484632951177385,2.289524572703561,6.152274103557573,3.7655091903631464,-0.23517865665925974,5.275117055061344,4.697321980664506,1.0128807190891895,5.995623205587175,2.952523049466375,7.613160758541355,5.42251650666523,6.513727624493033,5.191525944290962,6.618575745383617,6.077847108403736,8.24600615119518,0.7303491872877759,4.012775465649272,7.419790013606922,4.122508266407629,6.399866016646298,4.371215687693158,5.3235317906856015,6.423020321179381,8.057814509133753,5.350350932039405,5.611281660084257,4.407384620100126,4.947398916123553,5.572972963144359,6.9578138061948875,2.2962324709636737,6.535980896800011,5.179263502179962,1.5003580836605428,5.082146118782938,3.9659833513534304,5.194997352633099,2.7619335436958776,3.2355093475212486,7.2849024219241105,2.826988852820298,6.917860490272254,4.2804944423932705,4.754289203723952,6.987766954828179,3.4537221280536015,4.438030148714921,4.207811958588264,7.161109391453081,4.1062764468642285,6.2322223641514825,4.445656032873233,4.106926624739264,6.685106305136023,7.2553264125627415,5.0616652324670355,6.263674143432272,1.4473573206465442,6.3043644911495,6.6754237614669245,5.278181571920115,5.252008416964577,3.701172227228196,5.020569842884499,3.1997140140261053,5.996546248453355,2.98019944551258,3.9342546526338085,3.80375461386269,2.5787176546015327,4.289528920552243,4.304743157335916,8.732219923329744,4.6080973464285275,7.796107504164649,5.3171254285224805,8.785758662229645,4.124187588308958,5.416724398985714,4.309746972002839,6.767252097552863,6.304395493152454,5.488624915577788,5.658679615009331,6.010232219623782,5.733559497624426,5.904515195248624,5.013155647830211,4.856327305077913,3.929067475496012,5.354467766176443,7.226789332126056,5.03083855183797,4.283944080735407,3.001800705687823,2.548962485526464,5.438987032032938,3.5500782593136355,4.171981464752667,6.014712800396862,1.8684099779249208,3.312557546807771,3.7152254715977167,8.016857547714684,6.5393139602281085,5.83236276099406,5.612838238644298,6.800833236427728,3.130712949500051,7.274599766469715,5.6878788308165875,5.766450556848807,5.538624083053019,5.835922311698912,-0.9271809631006747,6.76036595910911,6.460950084814117,5.305980364366509,2.581512797358759,6.753302005098491,7.620863806178193,8.00993599404801,6.833106668213093,7.044663317792315,6.367210480199118,6.903487668110712,4.164599182003545,6.210182916502102,5.789055399519389,5.993016002432972,3.3171165702993104,4.192812067196817,5.5730150170842085,4.741489921822771,2.9578248197280184,4.892946350661846,5.502441229763546,7.509101894241079,7.466941028789175,6.299119056660814,4.342460584477865,3.854569775974207,6.697247311801304,7.0916134308414325,5.103799608960998,2.965996707511185,1.5226379847931195,6.638724929904768,6.335637214703721,1.420609873287225,8.202413742058615,1.0720031574518014,7.816480876482398,4.94524269847011,5.08084230795895,-1.2630799654963756,2.7663503834007126,9.94354195463383,5.519382422669299,5.225747067032227,5.105795440604338,2.2113667699139414,3.6485406996480445,5.37623698829326,3.5343095672880986,10.307077723737148,4.367593710391754,5.424491785252324,7.437194811127574,6.58981208410352,3.932532568908666,6.40632068785459,3.2781461234559,4.313635616943475,5.225062813226236,5.358934948511066,3.449629811811881,4.356809349651681,3.214931249503251,5.522148808288224,6.512814353465116,7.098619139952957,5.555149491174026,6.114816141566923,5.64601438463286,4.12246716771264,4.673348900705678,4.452770135370325,2.0327752041670824,5.172855846419336,1.0366928162565046,4.149022957491646,3.437995252674046,5.704255592338559,5.99082898335276,9.645203134441985,4.351174242851549,3.5995374860685216,3.305287281716603,9.280505249894627,1.2613101691728166,5.465138031349099,4.476742579008187,3.5554240270774,3.8644730694452294,6.9503376648335875,1.9679894631960462,0.3210385456228524,3.4258681381404354,3.3012536239267183,5.667155438650022,5.392929687583102,5.40295956018883,4.9550540408550745,2.682433851919399,3.5513822693993533,6.134181735900654,4.16425818160483,3.2307771472875864,3.061618079751685,4.838689761421244,3.6371014286974246,3.316543522555632,6.2146116514565914,4.572593585171279,3.2743612667675173,6.388754053780973,5.586135696308944,7.12460725230383,3.143610708547966,1.7746321952202946,6.337674719853165,6.145439206674213,5.744579179649528,1.4166529688683038,5.194470276489425,5.140264274939408,5.991176776614634,4.238347118875537,6.955907269824437,5.908089878243138,5.433658878272606,8.314979112920247,8.190329263736722,7.503178768210736,9.066752653901911,5.743863095011488,2.0911703599980673,1.370542786034148,5.798614418571517,7.295395935508278,1.516710590183112,4.628277160648349,6.388757229287907,5.980221883713089,4.027967056436167,6.371026766040393,6.087417190666672,2.7314063042733756,5.220736209381616,5.373050003436577,4.301474319772924,3.3475647612751356,3.487577625892481,4.0995872835792895,8.877448014302441,5.212745897880396,9.63904083901712,6.540093998046197,4.486088253852763,4.422624916259598,3.696377289585537,4.297974066169263,6.399726268147138,6.206286812251002,6.270286435734311,8.995256763592243,6.589238458295525,5.108816262138508,5.1094362487492955,3.080038246072726,6.4255008573616585,4.071104953125483,4.743500326873416,4.730331185824232,6.447361985889445,6.34992127935851,7.755826776802943,5.422022348725801,6.766294474953651,6.632916959668435,1.1752497714652832,5.988178588358019,4.974882156142369,4.552228318484567,8.369146912615612,3.058811381271947,2.1061311810990815,3.997768874719565,6.571348532118176,5.850288532920175,6.692493766176014,5.843917789221439,8.777321195639988,7.116045642459175,10.049855524767832,7.589493020837743,4.42788725688407,4.744091910433458,3.851625754599741,10.310904395413306,5.743459917908795,3.5164504192343022,5.4583813043963465,1.8611457489296295,7.900105095999672,4.339351381593246,2.773374919341952,6.4947884707769905,4.96368172315469,2.375715938229521,2.239849953294396,3.377393912817987,4.36686169315119,4.847005448730345
6,-2.5289141705366527,-1.1524158909084727,0.5718228810225203,-0.48614610401218594,-0.5714336915890383,-1.369328605434797,-0.5339260131978263,-1.4907862880313596,-1.8919898768710546,-1.956620201459407,-0.8536842999143004,-0.5402355828209316,0.15638173850169146,-0.45696992915402745,-1.083119472299023,-0.8871774916888954,-1.592156559293329,-0.02857666316295615,0.311918975581962,-2.048459046121918,-1.1723155148858053,1.0168683141305626,-1.8210271159174596,-3.7272810285314266,0.6315023136745341,0.1077457248957574,-1.6806890571305746,-0.6470242248056557,-1.2491577570464636,0.5485174251373559,-3.033191591699668,-1.5483992794774668,0.6968229086107709,-0.4398554003494618,-1.1917090456254076,-1.1530327134411058,-1.606910850499577,-1.3576939144528264,-2.167281006135237,-0.21448593634006352,-1.8773907217899932,-0.407146685712501,-0.9000406789269874,0.4729195418223766,-1.2894993794787144,-1.57420868592241,1.0472825489988433,0.6347646814600754,0.3913003946365412,-1.7693118169467628,1.0445145270511773,-0.2990085347202083,0.43617136151831093,-1.4552846063259166,-1.0993138679430212,-2.0790093494721704,-1.650801130343332,-0.0976203925491056,-2.0333944664203614,-0.4059649377379628,0.5682854119909728,-0.06304949164865814,-1.7727718811896978,-1.0212827247029879,-2.420454734852936,-0.5327006858964941,-1.112980804747513,0.7418200155608095,-1.2344931617924388,-0.024011318086009314,0.9068508934253829,-0.35801433986685116,0.023982374141673812,-1.9403973441153022,-0.5181044700472446,0.9502806089696079,-0.20014379188181786,-1.2904450653837944,-0.037851289939597854,-0.15326116073509222,-1.2516665062866843,-1.1487699334584682,-1.6219088226934186,-1.9212633512793516,-0.6085570018197264,0.1045726433194143,0.7094781853893535,-2.3843921074116965,-3.8169327209513644,1.1144789744934953,-1.3853365901471109,-1.8490052227280143,-1.0374740926942676,-2.4220472239796145,-1.7372977272507937,-0.5377427645364201,-1.086151704845025,-1.4098424774062805,-1.618092067685362,0.09536256693932277,0.4764132952646023,-1.522595538408003,-1.6220372286487905,-1.1203765188945591,0.5218710747016719,-1.6968349456856626,0.40026844570893516,1.9612978078810102,-0.2380832949864503,-0.5376394348755991,-0.5775596372062253,-1.7603529754155054,-0.45728735747801663,-0.1452201503671281,-2.737601079394058,-0.3153588979013663,0.06838284202050571,-1.53842732097116,-1.8982275808275837,-1.0939870559407476,-1.4561926737203048,0.026171011885521844,-1.5864988120381835,-0.6549450272745081,-1.0085031993336737,0.38108291647401615,-2.662314506813779,-1.0477963845585938,-0.7764600350351271,-1.2000507131251816,-1.642880421943096,-1.2937620335134872,-1.2291497486737601,0.8457792323241495,-1.2257721739897351,-0.9277429345703027,-0.22073102159305769,-3.9701300490122096,-2.663351075854302,-0.8032619184324277,0.005519626520081644,-0.9448318723096025,-1.4718135212638195,-0.05814619668093979,0.19466054911891462,-1.9935942722100002,0.5764123247030548,-0.5380059677904876,-0.9682692281711122,0.015670503690089266,-1.8966667368990233,-1.9160234995419674,-0.09462154093121089,-2.2669123564700016,-2.793139271261208,-0.39935337115915936,-2.289728921851637,-0.9896084636501794,-0.28694543050825405,-2.1604226554409083,-1.1469604003285676,-3.1107192642039507,-0.2990832434537567,-1.5943387374244185,-2.604465838338901,-1.7588748834072692,0.7119670102766396,-0.9668864897122357,-1.9138174111415422,-0.4535173067191125,0.1150558396628838,1.3150727530746837,-2.4086427237172257,-2.791061295657841,-1.6456961241609878,-1.8316766504175415,1.1329514281349646,-1.6414001560395108,-0.3702874404445857,-0.7491085980870067,0.3404007387486776,0.3988546441672094,-1.3124464526249446,-1.25095528170812,-0.4274694371020583,-0.19897597328952,-0.5012158110591087,-1.7036829833848885,-1.1286486968488452,-0.14828246155649238,0.47903746616130904,-1.5459157530373608,-1.7512444404761287,-0.6038650112477966,-1.5229330538688985,-0.21321305187613515,-1.6198291008335854,-0.6909640144637856,0.8115149913700237,1.903726281013101,-1.250892707756517,-2.026922857462025,-1.260634684827295,-0.4865303837249698,-2.4131552335277933,-0.07884094607245229,-1.4517480421298108,-0.12650442846341947,-4.689850222488986,0.523089401091682,-0.8114255601270941,0.7128349481105629,-0.23176074599029506,-1.0699157353695397,-0.3734776876739172,-1.8028856358484182,-1.7293348174293879,-1.147680369021611,-0.36589265187352693,-0.8119326037655572,-0.8089569960745845,-1.5312450695410553,-0.3075085717014894,-3.3185779877818145,-2.1739582600688507,-1.1657826731396397,-0.5341654675689713,0.35186812591241834,-0.9975386687292422,-0.4041015691852463,-0.3087790160194933,-1.595598278228345,1.0108379764075832,-2.6066084587965745,-0.9751693811556251,-1.0757652184161854,-0.8884746106141138,-0.1572611332215047,0.42637684965222045,0.3787724483805597,-0.19425828718341165,0.09090383533876278,-1.0541326565025935,-0.272684132231941,-1.879484724424572,-1.2361152822544526,-2.1854105176315857,-1.3039556354910526,-1.320886339692592,-0.2611226436961641,1.2943945815281293,-0.8290578617439559,-1.385444891977388,0.37856996137834664,0.5590055615327374,-0.023658533964533768,-2.113090175554608,0.44854062859993427,-1.4468751812407605,-0.40155427925990983,-2.189856822401116,-0.676131264969924,-1.8183682095121259,-2.497053259051488,-1.1608021487055922,-0.6866217137491651,-1.9793857653199005,0.21643964879016875,-0.7823334378633313,-0.7887209815805457,-1.9035136323205462,-1.7570324829694532,-0.5668320177659218,-1.3217834555316348,0.2554731781361006,-2.0579308145671993,-2.27115650541913,-2.1525664379453096,0.4682830229400834,-2.7489008859099595,-1.9349016861812707,-1.7267721573445882,-0.6554467615755892,-0.8468109080593755,-2.6079145520557447,-0.5008051773278384,-1.8094608181554743,-3.5980172676037028,-0.7448280636133783,0.2501309815683066,-1.2223544930738228,0.5274836265639289,-2.2282211865170147,-0.7689049014845137,-1.6789790652007333,-0.7459543202610841,-0.6977204419041481,-0.701368951769886,-1.8851880512986865,-1.0593616926360228,-1.8087749744466453,-0.012129928960183944,1.0870045955480396,-0.17420102526224368,-1.87971426020132,-3.6766219205590787,-0.6298979682989141,-0.6810548608499876,-2.311847563951231,-1.626847155743242,5.795404263259023,4.301071284116954,2.1455025153352234,5.0743905554175965,4.7853915030365375,5.591046589893319,5.571185581526663,5.871197573458603,3.831779025170455,3.5446942000904387,4.017900465012808,6.641095228153387,2.8663812455807265,6.590307210205328,5.631415054972319,7.447568118969958,4.141643736459922,2.2360752891913696,2.2966121650641766,6.553675716054835,5.776558763012578,7.653264411385173,7.642669231592819,4.105077443214814,6.202762254883882,5.971169726377347,2.520801614124721,3.5871524325423096,6.99499701982135,2.6388096395162806,6.210415523971363,8.343148932791234,4.1236667192275585,5.280356361799658,2.546620392377302,8.175581553486381,5.70363781429641,4.843109590375737,4.7679621405838635,7.570529508911765,5.750150426369675,9.136593472587192,7.133535863309396,4.813364388311419,4.353873531001585,3.6057268191070992,5.73334376951515,0.9359745641376946,7.078042685728305,2.594141570854397,9.215994525314068,4.722554426206439,5.137739085373105,4.228150873896746,7.045785594210217,1.7279153964008174,5.802853444554467,6.345581647561707,7.824655899798577,4.400303099555934,3.777608319654711,5.229864787676984,5.72341192437469,4.131956256992434,6.3330977513267115,2.9004206680760176,4.54991109756221,6.920630448864948,4.79951868140693,3.816617380729331,9.317090170658888,5.697138389112758,7.851375913508542,5.560931866641834,5.144337978737527,2.777787683898441,5.536941715447107,3.9207041480975016,4.669346841902577,5.059952794146613,5.720228935824296,-0.28887310152412216,4.028830720799212,6.595148600848124,8.800844339642671,10.36049940963884,5.2019280082888395,6.877339809425314,5.758555558730546,4.733086190938661,6.95185840507575,5.964917121281292,6.360998253566731,5.25709976182027,3.473817536005242,1.2821367799914416,3.3982521281258338,5.5333228217252755,6.961197003676135,5.569328962833464,3.9232177078219985,6.335206001424515,5.819558537063411,5.299432986832878,5.971550543841868,7.878081613495354,5.581862079154205,5.765984466272842,4.738049360610544,3.7477392738154913,2.389983853663451,6.3384800673040225,6.044514279247613,5.591439886945947,4.890305939995449,5.58673194434891,5.4631638098128805,5.254980064019022,6.756258213569861,4.973736601999104,3.446897116041808,6.477763978878152,3.8766710305370973,1.8775906873217267,5.717594156893674,6.891974249735092,7.754682768254668,0.35171178482422505,8.699976264452712,7.60194760171264,6.169646197241475,3.138769611202604,4.903372176664172,9.04702295879338,1.3360747644686324,4.216222868499992,5.9216685430792975,7.576529865192624,2.4392417332815612,6.08643060335738,6.633365718170292,4.082738440436183,2.382685384603826,5.022490504380146,7.682592009745996,6.385816522374906,3.8458857574500964,6.407996613706199,2.032488847057678,6.0458511125379495,11.512751671601983,5.608385372141296,4.021744958384277,6.616356712579478,5.2271704012763385,6.316972997345666,5.655660317349409,5.208744235562199,4.805126100491545,2.8345045571201877,6.9771698634994666,3.8876740445773588,6.503748723195768,8.08029488137418,5.1528740083923195,5.159323964947813,5.98552839988438,7.07365661209205,4.125772770906877,7.000782632377748,5.532254935184823,2.876452335227767,7.783914713276674,7.493276187483151,5.172632507256246,8.807187021485143,5.490811444079517,6.082116927917164,8.704829546266504,6.244126167719811,9.650595738146244,4.82245850246828,5.005075641363413,7.587620708609364,4.262115816942161,2.5119497700081674,6.861988924634304,7.431163294646994,4.2037030260043515,4.488721712504753,3.2549073664930996,5.003784534384301,4.285291136469337,6.061450463022634,4.128881458350706,7.2508110693932855,5.931649039525967,7.633861055632314,6.198819586790159,4.400157300488717,6.310387598668257,6.475615013948939,8.302892364472932,5.602621693938566,6.320896557573535,1.3403969892576217,4.436508829715917,6.878169845655841,4.152461920028864,6.140941136859842,6.29868930018278,3.2744746285164528,7.062247365273895,4.839933180695175,8.676040172651172,3.90792281803392,5.297018419493818,5.651096430244974,2.2679748678073923,7.315988111329163,4.936723835670341,3.5856298640946314,5.560381259598542,3.5695274476083876,7.7201460575857235,5.81960597878347,6.450887456348939,2.933427852566064,5.251118067633063,5.330983739354307,3.6833423438914794,5.153069134695456,4.007485757320406,5.163605815284263,5.412419691190465,5.782960142706727,6.96421643054566,4.99664443532727,9.266298940848843,6.278818809522088,7.968221574695082,7.589249363170438,7.282161904941816,5.576212762355254,3.0047802292643575,6.026784498911579,4.421359502641333,3.9424613693864217,6.278581392557139,0.5272256869601373,1.2608940652189617,4.351335087386653,6.832678427619215,5.724590377809599,3.9529328414780345,6.755486956215521,8.75663142709013,5.347797057429456,5.310513333029729,3.6556199009318324,5.605712138490141,7.210851587333847,3.2771647013941028,5.516132275551341,8.111648611485316,4.8465224621769085,4.110226491063825,0.5597571658265243,3.562313046428276,6.095043140254406,3.086077371930726,8.29139802041082,5.369465272178688,6.04500574310497,6.253181259325483,4.613254375329237,7.045494050878762,3.519434542076076,1.691223502164199,6.870023318706902,5.8964754922544325,7.823587017296462,1.7891440838399966,6.539826731289333,6.364626062441493,4.806589562691374,4.1835971647180195,9.026134094561634,4.037359108850357,8.240973339648823,4.255177839363405,7.90109783761101,7.127776572996271,3.7694507045959993,8.036758486704677,6.304050447156014,2.872600912073569,6.245928288936894,3.058546950777793,6.426920542630332,5.273580496126829,5.7511704865524065,7.783134724823443,6.193129753617051,2.3327697628235415,4.938681496783434,7.442283222757934,4.330688844392283,5.495588883216472,3.309286217678033,7.539569566711302,3.425831979653411,4.724319308718614,5.306899187402777,4.848499635928636,6.568882218322813,7.811441299510264,9.402842148102037,5.5388222193235075,3.676989824005717,7.766055403213174,6.161232614115632,5.920516129937083,3.109212989447588,4.121353061035997,6.443462974548631,6.837769190570657,3.692790173850655,7.280476931334466,4.160195269896895,5.117670892480226,7.218889832082931,0.34892264602437617,1.9741419111082656,1.0231714418443851,4.128953297834084,5.43539195478807,6.210149549967465,1.9094135981384852,6.033223157629182,6.579851157556849,5.941670381223348,4.4896705737961815,4.335892018570615,6.049223905996029,3.5236149752280825,5.9013146361670765,3.0199858130944754,9.59448510807995,7.15850248828804,6.67842010195636,9.038995759403557,7.376200365487669,6.543129206441377,5.604076437492227,2.9139353926585634,8.95183062644116,8.266476391703923,2.3820565947585925,2.000356430165643,5.968067071477919,5.516660661242623,6.946532388187543,-0.572530682851867,5.384822951605677,8.102273386849522,0.8420931213837024,5.174766514488793,2.920474798633806,3.370077147781453,3.8755237107994867,4.089312404300194,6.745379340966776,0.9099095088351161,3.301489161373765,7.654651101655299,5.0005419704013985,2.63108137282622,4.550686147282251,3.7330826079285764,9.90587555915717,6.785987170405176,6.666328342206565,7.187331905170877,5.983244409466411,8.711820474541124,5.7783213883638895,2.984861744816669,3.823889517759799,4.465533015322325,6.664458145541438,4.590162955209182,5.608671353291074,6.407769493116801,7.605106594087587,3.2566733388877176,2.407283877444608,4.766659494952366,6.386124632340476,5.949920502619853,5.287236205320242,6.717528361824445,3.302069024940357,6.763531087294725,1.915920790770226,4.9755389356818585,2.65464813096121,5.887238898285332,8.249501123417833,4.541746955836498
7,-0.8848428676296547,-2.219011699201674,-1.095967706767953,-1.8735245880061968,-1.4750125507056746,-1.237337022116988,-1.9006273607191093,-2.985505380996237,-2.4303005405698004,0.26387736580670196,-1.0743834939163326,0.17451252307033638,-2.0678658688286724,0.0956233338343282,-1.5636262531970933,-1.4299866666724719,-2.6407284938916233,-0.7308643819474507,-1.5768908232155705,-1.2747149111500613,-1.6741193632561893,-1.4052777470439948,-0.7270670031154811,-0.2858955204210133,1.444593884165625,-1.2443632581606447,-1.533187625136585,-1.2167753363394702,-0.9207567363036684,-0.5896038106301899,-1.7663636578623516,-0.7218814656400068,1.1209111329444532,-0.9035407678576639,-1.8266040303171014,-2.7986419248364633,-1.1037720740094163,-2.424825475244085,-3.0882778454320388,-0.534534699991891,0.32329018923613395,-1.748806126671385,0.6894333127284484,-1.1718258811850817,0.24094643605655408,-0.5065421665175799,-1.4116002169886437,-0.8113504601450723,-0.8800905003850119,0.8073915389740789,0.5010078157757225,-0.5000753931810624,-0.636502720962495,1.7316110958220055,-1.2752405406405543,-0.8767558910841333,-1.4131760986238162,-1.142379663691497,-0.1771220640840382,-1.8777974064284018,-1.3115970903704115,-1.0086131242744936,-0.5132727950443751,-2.433959245074175,0.3557955807546769,-0.10288621646126983,-2.1882571723910624,0.8766339601579425,0.6313333966827925,-1.7536116048745858,-0.19857824468526553,-0.9132010533921002,-0.6148383867904865,-0.6498944964069107,-2.432818386614448,-1.1655720353927892,0.0127657296103032,-1.385867972354258,0.1431718682551033,-0.4786959406805563,-2.313910194819188,-1.7221504341413072,0.47104406552937506,-0.8360797315016868,-1.8988050666273297,-0.6200714964259417,0.0650038774072832,-0.08166962010999645,0.18558319225931763,-1.1396620211491857,-3.0610446343291575,-0.6118558807004795,-1.765766643336207,-0.32367255248774807,0.30245963284750355,1.3233458036447745,-1.3569466542483561,-1.57013249826873,-0.8819938054617221,-0.9248495214068233,1.7398698504877683,0.8990499490618509,-2.7366940972814753,-2.1378961105030134,-0.03416644202147934,0.9297442221232035,0.5596480820007013,-2.2122780108764943,-0.7880363069112688,-0.7485715081389801,0.6575865225265771,-0.7542837798553708,-1.9804039954974497,-0.8101478908552185,1.3303992304899541,-1.4163467150058584,-0.695705788753907,-1.415472825983053,-0.037963473987863594,0.7000672437575308,-0.9775584387650148,-0.21626538873637813,-1.2908281559746402,-1.8597785338494275,-1.828253053187486,-0.11129408899595039,-0.5875947001335191,0.867915646672746,-0.7264793323083665,-1.221378130449797,-1.7252357980172581,-2.07356540144946,0.3688982894230963,-1.3709298042929636,-0.07393205328400565,-0.9031962164975609,-2.9673905880547053,-0.7772778657419592,-1.0730632540929288,-1.158763635745572,-1.825314886445403,-2.4335035615667207,0.00749716168083725,-0.5161831581019332,-0.6560415339545684,-0.7772117376362278,-0.38880222399074926,-2.5770438063682386,0.24158944333032784,-0.9288699716659338,0.8533254013142368,-2.233183609063879,-1.5962090991975968,-0.8408880061980681,-1.5646562527321293,-1.6104897623859857,-2.60988483733164,-1.0635873344651257,-1.83167779668686,-0.05883264637021679,-0.017950355926883432,-1.5741122589214807,-1.8747817955239787,-0.45070468482838677,-1.5391539240865015,4.035620569075247,0.6625264484826943,5.115252805879943,10.217524272849435,1.1762197089208786,5.4610058013359986,6.0325059416519835,4.2764126946100625,1.2378641538102388,7.427367308731279,7.011816626063698,4.638812536093364,2.617420933853754,6.303714288869969,2.0637551306284605,4.2297961313478565,6.5973683622218635,9.14614023796885,6.104578048043937,6.50048862904425,1.5079399769875703,0.5788680009425091,1.7189627536101972,2.29885539473583,1.2978205601506785,6.90205014674248,8.082836997376184,6.9894376233425355,2.8264079962289825,3.3929449936463536,3.4792352754822913,7.036087219596661,2.597177400981577,5.028543947233574,5.7312697093580525,3.88344300104732,3.072148719078699,4.345825729730107,8.815900414200483,2.7231217263268515,6.828708796129624,2.6868782456606186,3.6423918963947526,6.117297599040695,4.602120490526413,6.585097132191235,5.058620913017476,2.8098342102443197,8.153090574883496,4.33686765967743,10.090950378647147,5.895678920480609,8.066126635698135,3.8004581237066986,7.272426321480957,8.32645637561944,7.10368435319918,5.375671997261438,3.9108164890764803,5.961968129535901,2.907215654210219,6.375672305416259,5.901180860013669,5.562540538489124,6.695560784870627,6.158222008990625,2.7779933813502335,2.871772004169819,6.256009597691033,6.807593546429841,4.053316359760319,6.428636618332711,3.538807091541683,7.511622442591027,5.661377964954277,5.867151155319071,1.121781965152306,4.563693929775729,6.151222467303138,4.419720090681696,3.1146045788313215,5.550186142745397,5.9174906155884655,3.7822660195894153,7.3086506019230875,5.49032500229939,2.700152039193111,8.638592326302636,2.0252965837355323,7.362949531952784,6.731385582541755,0.7576987257233876,3.1396944499458854,3.853953358632621,7.208784520372401,4.225637575307485,0.8408551185864326,8.775949713317303,1.9901206620160052,5.1061823982205485,5.155450877054481,7.808691422939702,4.658334023004736,3.76496170229619,4.21200017862146,8.499315801781176,7.647090869680163,6.643081355852155,4.280330512626913,1.1018848860014048,6.611023323185874,3.3054286003940696,7.2612091402492,3.6467597366271702,5.485822829784064,6.098696755120509,4.694833174937437,4.930872830033713,3.472575489766978,2.730484554512494,4.816342938629827,5.533780032403419,4.773559806929997,3.861216993546,3.6088311685614087,3.3295710349038403,9.066759181982512,4.803701568519523,5.570181244763399,4.589495960527115,3.004318399651297,6.9748798259713345,2.2357443181372716,4.065304790178265,2.8557420990709566,4.919315973469267,5.759913103669736,7.809075076729933,5.381632297729149,1.615109938283807,-0.23211048966266112,6.874427968952079,6.994114479842121,3.5249792763990815,2.698025989371176,7.259625389212235,3.9270783929847974,4.676805795244237,3.596293747684029,6.740341203409312,4.220356128332672,5.475332344707232,1.8490208009263336,2.9857783043677197,4.187927099042611,8.193857471931105,4.4484817507621885,7.918379629669433,3.65295513520567,4.873554974811243,7.434872168429516,2.8590280500149223,1.7850123104192295,2.9139733308176465,2.2247840043851745,6.8027677956002535,1.4437478197260067,6.572470180297473,5.40998517597169,5.8046487232434565,7.20044090076934,4.294775361791865,5.276275447925471,4.336943571855855,2.590491270256148,2.4943251762743115,5.782624740893862,6.3677981318318935,5.38485957969443,2.576474298783021,0.3778091093134597,7.502048049937085,5.321933010308427,4.420755615516093,2.2483121262841474,4.625917828538679,5.065934819762411,0.42769166804418646,4.177772941390355,6.607098418725499,4.918072900760383,7.0985337618186986,3.617834346047529,4.851348243472914,5.224489652349397,8.981638061233951,1.124374773611796,7.787481468495185,4.076672901942925,7.187958911031677,1.8799782897850692,6.083532319729792,7.0685222436432,3.6748531152372097,2.5458598049311916,5.674501142240638,4.576396959014434,4.207028808092503,9.2037851211901,1.7917262353331318,3.1003257450431,5.279150265659857,1.509371003796994,4.1742316497317775,7.849673875378736,4.73621252511255,4.343936473341949,4.501097899286805,4.242223980242037,7.35007873399176,4.506954870720862,0.7088510572732467,3.9571560648488826,5.396480747026864,4.168225519681414,4.608178323064554,6.10109855794311,4.562878785897897,7.194168489988728,2.9476569598012707,1.871034127582596,5.876888719287167,6.622916307896492,9.197820554709407,3.585876059612251,5.3462148825642295,7.677215074814992,9.408227636612992,6.324937711274154,7.409782366819816,6.301258205500058,7.977005808302514,3.4240941257612736,3.016127244605877,1.6192092263158218,6.915493543310242,4.203844443443845,8.509500910789402,6.449681137072185,7.288986616436258,4.70273981746539,4.311211756892837,2.502228329494735,5.410599244545984,7.651047886629147,5.899536135284365,4.703731795781391,4.03201796399868,6.77801458867566,4.552604760676837,4.495642118179772,2.5805472516873835,2.1863173533823907,5.515572417353251,7.078577747912275,5.445409147144414,6.963022033004652,2.9569994177477095,4.240575141924107,7.026069072027145,4.637136045062454,5.636296294262223,7.133601637582405,4.381856711220897,3.1489671148267244,3.4557349011962177,2.9238670556783624,3.406462901975921,1.662450120132951,5.0536037189651335,7.37854213483639,0.91603189741988,3.9902465346535534,8.61793051353329,4.065382251510502,4.610871986778386,2.888383118530936,6.633559074080815,3.6804689404441904,5.596174042444187,2.6194462041850475,6.157954759922596,7.122966957064306,6.190857667108876,5.996649328765047,4.426421601914144,4.970475551976109,7.225314301145939,1.6113700470441916,6.075051709372557,5.161099745090791,4.547824468742821,4.835126807697104,4.961482100428165,5.359879032153474,8.142591615163004,6.649519401183026,6.9269949947166705,4.21249812366446,1.6292989445519108,6.967421921748298,7.499681555350893,7.034689673340422,4.636576708959968,8.526533380373511,5.128146817118782,2.0557836372553835,5.715752287577482,6.01592446753989,7.930231452893578,4.974353436961009,7.260100367510416,3.1225379654518055,2.3582478574798027,5.308531560862536,4.763038683423844,6.55917747308462,6.027185625894332,5.97158005501698,1.1265653871848733,5.8754999006998485,4.9155819932380656,5.225933320854232,5.438632621741297,5.418191821321203,5.068777297647189,3.829240002650774,6.446498895011546,5.2777403232786035,5.237299221624096,4.601578953316193,7.8211103299370315,5.994180215067039,5.021062182645761,3.510379062885798,5.140896643828875,4.664288642817408,5.115197178410596,5.904456972112467,0.8631658943663787,8.43116925545662,4.181728178336019,6.534665442858646,8.48108532859077,4.960227194463305,4.949561460753488,4.932989977661618,6.696642270320908,7.2787362174160535,9.467995125088626,2.708363094208245,3.999723651809801,3.463890715474406,5.302739393477806,2.929095203272707,7.2508343600488105,2.232239102839108,6.058139623408595,7.463151291185213,3.857982727137389,0.5262873680642972,4.59860174817219,4.751259816037544,4.593226557198627,2.086057802015766,0.7901576728735806,4.95052442152725,4.0414624017784995,4.390641799179622,1.7059456216227553,5.936734770329751,4.537096775391604,6.970913051997325,8.621046384266979,5.9131352185727195,4.501781957716019,2.7307941772655875,4.842248800801377,2.878036006974399,7.845866825337465,3.97559521788018,8.660863523851933,-0.21717250012603895,5.64829241291777,5.329672540665026,7.3414407810762174,7.127197667873634,5.840789219138014,4.3830357908206095,5.241683075356793,2.2422814267525717,5.911700315707615,4.763754701648276,7.100760479403352,5.8331052004984105,6.273082046160469,5.877973320026466,8.244103118561117,8.119347523062187,8.688868090612878,3.6949807986455387,5.575859992802034,6.495622057755654,6.252397363561199,4.465684475976827,7.039092129076499,5.755458780198611,7.614611716672343,4.466067035992769,5.763604557043451,3.0051504317909092,4.563904467844136,5.084236767143018,5.589336186803727,0.3560749016279976,3.267950026919988,4.390713685086094,6.70776766284105,6.5132542716377895,5.318692067878316,9.39667940255047,4.253907056297368,5.020471895801878,11.407012562705471,6.073324983155733,7.379096894098556,6.0408560066982995,4.121113552886017,2.9883881193190986,7.197041788589321,5.933259461508348,8.82785989099626,7.296791851575312,3.0577604417747937,4.939066355823638,3.171594616378079,4.892860588203141,3.5810854210561622,5.357299441590752,5.56656524357822,4.41728222026427,5.896059552727907,7.673618967748334,5.628756474814514,7.265978654085826,2.6926528618809122,4.427859332628794,4.10920528668246,4.063446072965252,5.04996753654807,2.378383943909683,5.228959279447322,1.9823424738506952,3.3599921492094165,2.9573546195071447,6.7413733561209215,3.6779874117519364,4.406557449176837,6.641921239611859,4.592744485067751,5.862242789434443,3.626011745819068,8.631821963772193,8.154994766080055,6.21833833958426,6.378297204882464,7.07152321205975,2.7169208405266674,5.2532315301839905,5.086675384899111,2.027363122328831,3.8170923846906817,5.762468987628802,3.303395846566292,7.294384342781912,7.422747330238728,5.2886321057135826,7.05199302963698,3.967486540577693,3.757038775409832,4.378666994586961,6.929907818337677,7.838887590480627,2.983061030598796,4.451070839060491,7.784463034857339,5.442890215310158,3.1697607295483294,8.003428637907106,4.96821191789048,5.440913531238279,3.8700267554155263,6.591142216368575,7.597217275145082,3.0648518349700677,7.570769398913323,4.0217637071158485,4.802426778225,5.685853760328527,5.716250461904349,1.6632123666714635,5.1670623174792585,3.36548440995469,5.00427090852575,5.65381388966755,3.5131240880264967,4.253811217408132,5.445138955182612,5.228548797613477,4.987588723820285,7.552136510960024,3.8725597654262676,2.5926270493041392,2.345648577503568,6.58480492833931,4.925137931288374,4.80494572297128,5.977280281228515,2.120713444151283,8.459322144306771,4.245824949242037,7.63219579132538,5.854945963117197,5.941308750029171,4.359976595040379,3.8883015381176054,2.9768582597221616,5.716607894922148,2.5472989508460744,2.0328909084960336,5.9704207765139286,4.70005923906622,6.922542714994515,6.01324294350073,3.17033140052142,4.627781488622446,3.99184970190015,2.9006054906660235,5.977268163707031,8.143673527920278,4.701274350916664,3.380820811069442,5.702945671922414,8.489393755913067,7.136093535751012
8,-0.6730067412893297,-1.8321532040846296,-1.286988305648107,-1.2445114292058868,-0.7112021745570326,-2.287066667163092,-2.2691823575820385,-0.9371239971036005,-0.9109818645268134,-1.9744524709638067,-0.7602714041210513,-1.1008423921611015,-0.9295396259322476,-1.0772606144967023,-1.4565614099690138,-0.8220527702890157,1.0207397033409684,-1.3565093208413206,-0.2696083082846251,-1.6646230397059263,-0.9995316085749085,-1.8994303596225326,-1.34919904237903,0.1754345210249435,-2.652254884178598,-0.6941344791195223,-0.6297181076905227,-0.058595759906633016,1.2740460484388163,-2.906061428530399,-2.5598377990845274,-0.031596029670526105,-0.6639477591733796,-1.8531934954081986,-1.1502317830419921,-1.452347680245619,-0.6567049727253471,-0.7326106862484442,-2.535210982006956,-1.0576017511817006,-1.0552417311241664,-1.0199322723929503,-0.20721752716936093,-1.2277793249130904,-1.2848504189671095,-1.7407956045170894,-2.2305212316617204,0.09089567273640631,0.09533123933246257,-1.6948849506488706,-1.1597047267578768,-3.3956977045837355,-1.0276869765327739,-1.5718227887710627,-0.3105904390742694,0.1526007744930744,-0.2657373893931688,-1.1620549631678874,-1.2492994120313459,-0.545966194287519,-0.3493024029711198,-0.1289038215991294,0.11479457966351303,-0.2588230121008991,-0.6447533084175933,-1.5899889273950907,-2.819002000775785,-1.1363950633626363,-0.37165376757331336,-2.1096134223448137,-1.3861428702408722,-0.5418382998120083,-2.1472985213715416,-1.2306731499724093,-0.4425195068555744,-1.5315655612923387,-2.120016737629899,0.6863808203293655,-1.0228876297767464,-0.059837288209516504,0.5633098882479823,-1.6437819009502217,-2.556895730696731,-0.34050599285981076,-3.1251647020990405,-2.7654313935341195,-2.192494763952323,-1.085490264480545,0.2283546309992801,-0.8420378336856649,-0.15475210364906677,-1.1569902210684369,-1.0432757571119418,-1.9499210299965266,-1.88842747412837,-1.9674969486387133,0.4514261501853074,-0.4942252535718965,-1.548595501491552,-0.7941775950702159,-1.016214369174689,1.1593667426806786,-1.4566633487752263,-0.3390472713645879,-0.6098613070028363,-0.2881033690894289,-0.5514442895850713,-1.3558140156481282,-0.42804508700898636,-1.45650081450994,-1.8481006426624953,-1.5148504182675726,3.1714118255641974,6.654790273928475,6.414010420585585,4.087050497390187,2.5643853784975885,2.038802877245544,4.323534737314343,5.983136536922603,5.264279284907791,4.91711941644241,8.183008585362,7.250020577577413,1.8868015359788899,4.505825323154835,4.98200890381355,5.588709245146769,6.839098776155746,1.5366016680449412,5.300094917360339,4.292351344294043,1.7488976151398958,6.527773888354078,5.54726592645965,8.705621264356875,2.2308789488820424,7.711195762338239,7.98000161200339,7.402805682451184,2.1388879965462673,6.3942050877262755,3.919113637823002,5.781934776055206,6.235415126898877,2.5264761180985054,7.641218983667951,4.278667938907098,4.624681662785772,4.77042102066731,7.0186932284025705,1.7758724596311941,4.193699034473658,7.457723155242607,5.497860071581123,6.354618606293482,6.619514859715867,3.354084727888451,3.5436247189242867,5.576591459159252,6.888586420927363,1.008632718378332,6.156068939840454,3.713405382581933,7.733013788943489,7.248647906921725,4.925172018836351,5.699495245298065,2.3370154264556917,7.139360376841248,5.0031522151914745,3.3531308271926665,5.1176730164155435,5.591782286031783,6.136430154448774,5.111451160284397,7.400775579545357,3.332972307295403,3.4513457939830894,3.4837169134554378,2.8391436926383835,7.735017623115159,4.1532418716822415,3.3570712183207236,6.655993745344063,4.34151012395669,8.290743303662245,4.023307629346924,0.4347401349304816,5.5928293421165804,5.073032379533457,1.55240113905497,2.964044379890886,3.366276295358153,5.084014326942052,5.7629585761139825,7.33782368537475,4.309102603915555,3.2033972808314255,7.017081711664977,8.166412023110105,6.766059557172685,4.3679527748152145,4.316547926469329,8.910228783960047,4.454350745974368,8.716327802218283,4.312923420331649,2.6638224225359135,4.166976332021342,6.553701188186705,11.362610706183249,4.780184475349917,4.658821079879727,4.970573806938837,5.502396196204729,5.313969392684044,3.379196923726655,5.78868441748689,5.195846090544184,5.956231738256461,2.3172303356553683,4.8774522977905,5.971995613504904,5.275673408055866,3.5235346448749585,5.815456719213404,3.857193958400158,8.756849369510098,9.086370346350582,7.676009281609638,6.288323309398992,3.0384260147030906,3.5048418662911764,3.915074354879736,4.850664402483165,2.005548119586288,5.659262886034091,3.885420135452918,7.1567970228613795,1.9265503526822658,8.492830601328935,7.176740231261549,2.5076790598452443,4.913074510053995,6.286281922293927,6.824618841362238,3.512684605214531,7.948148693149081,3.5994592372951963,2.58782726001665,5.113897724219413,3.07104113876445,6.175957403279222,4.026217042432074,7.968041928182442,4.58411826071305,9.291900948467601,4.470800005777252,-0.06747126211004151,5.588467918325114,2.208910029545202,8.244204644521082,5.031621907184169,4.940528186029729,4.142286344596956,5.949213241909517,6.51578006854786,4.818396287470886,8.186406029776771,5.45716681029279,4.139001509955234,6.084375304330782,0.01589000112450467,5.931543173054123,2.7899059283059,1.8663656636169081,3.970178873830437,9.546739365472291,9.524203455635178,7.2900100790913385,2.7193877931225736,8.891105570140926,4.196755464987777,8.801153788465411,3.3938507521225216,4.023245046149166,3.051494123852053,5.242702842228701,4.854560267737361,2.8313056181580363,7.175316759924231,4.244196584549276,2.3413365662940335,6.8457291177749315,6.895135825104955,3.6383771404499496,5.412473884158935,1.3384460041445427,4.251510266470684,6.661661640101199,6.234904396333637,4.7264736717949045,6.766054618706142,3.262386259850309,6.254124584028046,6.732069110751633,5.5764952388864195,1.6929242510680909,4.568936923851449,11.397279743815064,1.4390627448917144,3.2301675568902035,2.6365452049984035,4.242124195608626,5.666572859921494,5.465440873412672,2.1254755943046506,1.3435379523836795,6.157137669528574,6.83669548133861,1.4303760714316751,3.5408727027559648,5.550562395025962,3.7810996467949947,3.3137542533648903,3.5958504035936265,0.3107983641095897,3.5728143886501655,5.815501302652028,5.157962914203467,4.157375924447881,4.035646387243831,2.692198096870417,7.856500446045391,4.097267217015277,4.9152980557576615,4.853833347844898,4.2681635868182015,5.7536214753904815,5.387971667926575,3.938046051614945,4.739576044807481,4.081700073117884,6.854375828752572,4.673944969035026,2.67659848600685,5.560334299564187,2.5093130703468582,4.181146050981958,1.1385424471193768,8.912533601509729,6.704930472601659,4.96284178338362,1.6492695928908159,4.235411128079525,7.3669764649335026,3.0924891303585493,4.648665176045344,5.648082272005248,4.208835897018267,2.6398586569886233,7.872458174220443,6.983355938180513,6.123029468578041,3.4812841269752726,3.8443051703538136,8.234570681280665,4.656679109943051,5.581806425300316,3.799552376632768,2.0221204079681323,4.342554891193866,3.425326121200608,1.9358727030723095,4.796494228824885,7.157230563770879,6.013823637932346,3.2502616165942406,4.060603376743603,7.240282643499416,6.408706492266944,6.4382585808059165,6.8102992973364405,6.397436830906361,4.662016840131702,6.687747652120942,6.853133507711003,5.36613232472335,8.138471158793376,6.298383753018164,2.7895607535870295,2.703275952944907,4.23230870321397,5.540699584435885,7.819095438853884,0.6825585560887877,4.730307668561916,4.451982579282205,6.6594154094705775,2.886342999230696,6.053566499427303,5.948250552532284,6.330915746572204,4.949044269592923,5.3858013551114325,4.882149741871378,10.654653852678337,5.230002479372991,5.5997320718274075,4.8317019289441925,0.9547602452765442,4.9129648751297985,7.970733615858495,3.1842003238483674,5.1283156471056355,5.082660439217856,4.050813995918861,5.990801028542577,3.8965978993994423,4.172698255656539,7.8365250854627355,4.803811050332395,3.0093723913003667,4.20283451778861,2.9795043527298932,6.073583108623048,6.735696218095489,5.057114103197922,2.8413187806472386,3.866781372594927,7.578071782821141,7.065516226392372,5.025945370809119,3.2189092485227495,4.232982788833946,6.935945345815417,4.735671358235286,4.0090956605480965,3.670455759841017,6.180129676602788,5.699667723056425,5.73957010610266,0.5778542458456579,3.7797016898750124,5.450747277491064,3.617803598202605,7.167234598536232,2.857096762602351,4.430419779372075,7.009187649249799,3.094950468641531,4.677841066720841,3.5778443179405013,6.660873937147451,6.305637021212215,4.080745858733036,5.068595876641888,6.420684154716646,3.4404036387775365,3.0671070810874435,6.163999262952554,3.1871783680028773,7.428494670728125,2.881693884634225,5.083511741624956,2.1613820205243615,6.934910137960699,3.4979434435912604,5.615290837333089,6.806721345294334,4.588939952652098,7.069376024705804,5.13686733933669,2.518590639628485,5.341782411336769,5.066144341807916,4.364116889108783,2.920526740643157,4.877514771719365,3.25376040185022,3.477053058511096,4.152970146937908,1.6295401781490488,6.349229269537985,5.835952874605289,5.2226349999695545,4.976897531838845,4.802638467646352,6.8187037973172835,4.962607446716914,7.540222577715902,6.541160229661142,4.1876424360938636,4.8155816407119705,4.552753719366764,5.768636016877077,0.8745563858741621,1.9691503242187016,3.037828483894586,4.86348850224182,1.2719825375236247,4.4415922079532395,6.464988616407099,7.644216511794575,2.670176488995389,3.599494417626644,5.972947352383599,3.7534722703709353,4.0645840799346376,3.264350703008361,6.58852595861485,4.117825707440014,3.944824529699504,6.2107121458728205,6.270527189272432,1.3102773213275558,4.848861043031738,5.739477008613108,2.0513539041111764,5.580887223446047,2.590713861021871,4.492350496458212,7.451503676420042,5.524672220778003,2.7383222390051025,7.182081708200712,4.230906155870208,7.087151609255864,6.124900669235168,9.324686573411183,4.0305450515969525,6.237193801485963,8.033152241265679,6.071761534228008,-0.5467790896483127,4.222852411100038,1.8836681077448723,9.021524348764457,6.144672383646613,3.203038488456398,5.254654282239851,8.006457019175116,2.8345197137894207,6.098020677113949,-0.41465421894221954,1.8767340448665646,6.425461168231578,3.786712588332096,4.5950186421060755,5.106791625215137,6.063557374960225,4.257132259239283,2.678846357674279,0.3933844469450998,1.6095274724275934,1.781660408475946,6.108112524690269,7.210642992969323,7.469357616170152,8.438027618656871,5.877003736304975,5.792481778601248,4.729352849139285,7.369990141981172,2.3968639938942102,3.988740959301815,1.7837913651567505,6.601786279879863,4.4138714165033885,6.479094343217423,3.6280742091993416,3.525215554416325,2.8123064372884334,6.84952280472663,4.021111341278165,5.584014848935899,5.572321332214789,6.61896005428477,5.197743544104395,5.294141304525024,6.636529739600669,6.617739706171891,6.9821648188250105,7.031009525628457,3.588978591596453,6.005769027631583,3.094133164552315,2.581146443351004,4.554789254669012,3.0198933389607765,4.5915350917560245,5.931284900100576,6.68013215752785,1.771014177439123,3.5440919750332536,3.559665423407748,6.5697724742613595,7.279142174005866,5.081337145392919,4.287389840658052,6.164669653464662,4.85110497805766,4.220541323120643,6.764025931621674,6.002993935689053,5.566679819747904,5.437459387652932,2.40151282042464,0.6451418809753466,8.089744971634456,1.7000240880243918,5.514671328676419,5.038079768450096,3.8649849264879403,5.694821906505551,1.0531376644152082,5.408273124983406,5.295972750222291,4.3272783876910275,3.627276064428104,3.8303157156067105,4.747843420186426,5.790635939677581,6.23367883689974,4.276918541037766,2.92150384180407,4.883694207677092,6.346024950712401,7.618073199653507,5.680677418207681,4.748418536733175,4.084620913780421,6.719433763680515,5.977451940193934,4.245705544251269,3.4775525389721182,3.6376186494263294,7.0821774905748835,5.056284917924457,6.180249505493561,7.190678923887636,7.654477447312949,6.877193491983527,5.0582641833105155,3.4602639104386017,3.906445044807115,8.364862435740902,1.4032264394424998,5.106720040567692,5.005932627518494,8.357893429378057,3.380620780988078,4.419895527881028,8.223553258471464,3.4715495980234916,5.839839713796528,8.66986833780146,2.456857124959402,2.920075276190481,1.1976215761150373,3.9276712097681488,3.9491362608818044,0.7835170843456725,8.499196567859226,2.084717068781563,5.941561755990195,5.9651123706213305,4.553938947219273,1.5284001975079953,5.336205484221168,5.011809009040619,5.6049664013216685,3.4724179724849025,3.4727548423495023,7.344771222324104,4.927567619759111,3.277863961403005,4.1637368711919756,4.343376257127278,2.4929559703498487,2.9877685739571214,9.136287446467323,6.6547985161863314,3.039394194401102,5.374723230043276,4.128012631860009,7.200692174932362,0.4954390633249135,3.252117183508812,8.454091021483334,4.913018654196603,8.049648159227859,5.861534004062231,5.787553815907305,2.9181257287531035,8.184476915775384,4.161732417468057,3.681544203371301,4.7156344492931925,4.351347720165754,8.134861007547585,6.573061937761491,6.909251928257018,3.1573832828034716,5.595878021172899,6.065854986119021,3.8173966889356095,2.9614536440138903,7.606137237509635,10.584013467752726,3.649389256926453,1.8409393565283065,4.378273419270427,2.8278191086838462,8.297182884954033,3.411701797431327,6.386468800859699,4.204551400237577,2.366013465560612
9,-0.41654597263260773,0.7354407343771721,0.5596395017451887,-0.12560646521609353,-1.3476369699483375,-1.5832624455306823,-1.7556894791262998,-0.8587468637270544,0.2308145278870597,-1.1487164607936302,-1.3979897671645105,-0.23296735903072607,-0.7538925117629419,-0.4914873416902559,-0.44984719778673554,-1.2218600102164687,1.2916704255271596,-0.29390402685370165,-1.2500825088162906,-0.47047490021270677,-2.0172468455024957,-1.8842263245059154,-1.0826351187522143,-0.7690679392238097,0.05306768274169449,-1.4564987368111857,-1.0136345515866494,-2.0367455904173344,-1.4763394493356488,-0.7835753891716719,-0.304432712710062,-0.24923584893744832,1.1241341106206022,-1.9456904073213686,-0.9484770359269271,0.4719307376559243,-1.5900036768409342,-1.1372754491785892,-2.2271827051373614,-0.22724618228319082,0.18511853332202066,-1.1849044454857325,-1.4795893114567753,-0.38916504148031994,-0.6578941654616696,-2.530386730670773,-0.5201672286576671,-1.1158795600378746,-0.08848344286618037,-0.4889960318366937,-0.5427709267655331,0.9274394314375309,-2.309367287245565,-0.027639659294013463,-1.6368812373038193,-1.9392647867566981,0.06502542730576666,-1.7534547720059352,-0.1605636582140011,0.7338777997117774,-1.3122365139823287,-2.1266917512262777,-0.7944893443192855,-1.094539541172993,0.07368550818470299,-0.7317230279834224,-2.837104490110584,-1.2186708680603842,-0.859581263591765,-0.6285052254494932,-2.7687867978289646,-0.6941953559857592,-2.2441011423963824,0.19256473785972794,-0.9291483933338349,-0.6769241064296969,-2.125292632265531,-1.1439015632084546,0.5793287841789874,-1.2110344355363616,-1.4588129679757225,-1.2410860868978848,-0.3769041572149677,-3.291189774545149,-0.24816206543222974,-1.0361369469551287,-1.5350130911494535,-1.481668307612792,-1.7350744990131597,-1.1383138439094702,-0.7027935423701578,-1.8593325149537812,-0.5410287183512739,-1.7339398597123743,-0.583453344361008,-1.2756115099366367,-2.5606988492845844,-1.2986040230403062,-1.285762317588066,0.07988883638223543,0.23588003205526764,-1.8126666499217061,-0.9979298354047812,-0.3471911084939052,-2.529646585071842,-1.8853149920521828,-2.0222521796951813,-0.07446166497862017,-0.9810965109996753,-1.6567440705147078,-0.7253282326878563,-1.9331256649847317,-1.7896781921828866,0.007501999088466382,-0.9800541141808556,0.334853979687014,-1.1240119899190146,-2.0949236891007397,-2.171421547180268,0.16331286359140784,-1.5378374573288847,0.36726261583605213,-1.4906563171154577,-0.8583447023981613,-0.4428252500129589,2.8379600385770694,2.6444887395650407,6.02782737500578,6.949882525600855,7.154876742143021,5.996083639940575,4.097096931892948,7.5914965592487125,5.581147887831641,4.291634741704285,3.856148587249316,6.038601553546154,6.406452480066481,6.212177422886744,4.138009190098341,2.5314086175107384,6.753725446698721,0.12395168021005176,5.7036289021865425,6.308909659333962,7.4307816191838745,4.176350563217488,3.691848635755955,4.7388273638330265,7.024809996900785,3.462268068770142,5.2864699301116325,3.1968718202408084,5.003749168913794,7.572128786768222,2.237100274367704,0.5274796848468437,1.6224668467335333,7.199398055108576,4.571182537622547,4.550774011996594,4.136729596206698,6.488531360713751,3.944003134345457,3.3213434949144647,5.700911640663338,4.803091061473726,3.82311170947297,4.88588497076232,8.113267797493183,8.430364037412106,3.8997718945532145,6.073624542443644,5.100290984202027,4.950012496363669,2.203966100117159,6.371011546152921,6.655336135444792,1.8622668040637458,5.445424325448211,6.255653406763945,4.0123833672595,9.267846424608814,2.326067828182541,8.045612674318512,4.735506910431301,7.025187465361693,5.814452288887549,1.889032235508962,8.294072893812316,4.128475540856201,5.041948867089113,2.255012116893829,4.160413288845793,3.984715689950314,4.105253005559707,5.966245411750447,4.984497291046894,4.243113913463249,7.662829485519486,4.780560459469815,4.018273734513515,10.747803305223808,6.226785206749407,5.572696732233311,5.4193947629122095,4.182706947897311,6.528300655000786,8.279777847794808,4.675923951591344,4.390176097577552,3.8496769356724925,8.301921667948926,5.666645583215194,2.6818370560243343,4.460021982784045,4.011824020141851,1.326235182642045,3.5550849665288577,0.019895993140478296,5.387068509325157,0.4117698202714415,7.977271158366134,7.650947313020998,4.421407484411912,7.141525323527713,4.5095762801410695,7.31092737938604,1.50893672063413,8.090738020249006,8.612620954338247,2.8668441878299853,0.4577179084622429,7.448238398690997,6.251187941654803,5.657016878311243,3.9925005028858056,5.557449121284679,7.316670309333778,5.859752209517158,2.9982236354490834,6.110524955370472,5.218025450585742,0.608481715377037,8.626803088840937,3.8622861255579646,7.408302712376101,3.528623985994261,5.65098275578598,7.165810353033574,5.995076238687696,2.841240791615493,8.492323649501754,2.9004549295522635,4.2729206342120465,4.102689368684667,4.271548919500186,3.705985803461088,1.8732617052892446,5.129289759155662,4.556326884412645,4.300304309465979,6.568835649902411,4.657790679114115,3.781671726829262,4.096077365906833,5.265042721639343,3.0006131795588145,5.472981815231845,5.468243480836105,6.77833418231805,7.784016875852658,2.2266426742171164,2.561523583979391,2.1842286736154217,5.819803273946143,4.597625508367608,5.6197526026146365,6.02456945873947,2.7852232368296024,5.450825362209494,4.611867843632716,2.2167947361755873,4.315292392648498,2.72810094693497,2.883743715288997,6.441188058574987,3.7602033670082546,4.046986292873717,2.8152765246455003,5.324736439536617,6.989209936207983,5.353071959305756,2.6986330108189502,9.12411739685551,5.059076007602004,3.4049059849502203,3.273438241019253,4.137702901218433,2.8233928553368517,8.281924725497033,4.995646877735455,2.432665429442433,5.619824533707532,1.7128850813360068,3.5147835931342826,4.314592095869089,5.05958782678664,1.1305285231438753,2.2679112955968375,3.927749853581643,3.9056516727606483,2.8046849649576577,8.570093334485463,6.580156709830645,7.838472439628282,3.7479200639163697,5.98880497429355,4.8620191475541965,2.565702864817419,3.2421938156952397,4.973421880352335,8.447219108216398,3.2159860257736423,2.456450240282705,3.090224042166115,7.8070578652072005,3.417856398739427,6.862582835744058,6.785234230710822,1.5963019176837165,4.50246887832928,8.550413568327233,5.437936227380755,6.002177973179449,6.172489689883702,3.4343856573561813,2.604489362633553,5.24411974989048,2.25450168804591,5.810553569735885,8.858014153506415,5.568861220299224,2.5367700084234457,1.4902159890219742,4.540598669546267,7.250747002036258,5.879531157991523,5.346705165637009,3.9728814758734177,4.714111259091038,0.1471360185640309,1.2205407816132365,7.724720597002452,5.400123729854979,9.201585179345663,7.631947038017801,2.8803181515217,3.699874103051954,4.030487065414526,5.644823035874718,2.854766606190872,9.757476186387803,6.127932442019836,6.925949747825412,6.097922642503198,4.784888220292363,5.151498088979804,5.6389981894712955,5.620938680421013,5.315827156095745,3.6397220981586735,5.222655726633995,6.486136474962219,2.373058111912524,7.53829857334429,3.3236379885310656,3.3588816352371875,5.548133040999888,5.127136441918139,6.182463307234343,3.823100476246715,3.8762731739279994,5.17691663175164,5.599644632007682,6.8920335606505345,2.984431292874096,2.5527823057900076,3.885519603376599,1.3077159000423073,3.0920218253925507,2.5438611839043825,1.7959246061693155,4.552649743489707,6.053819103023461,3.453342891624694,4.705394015557168,7.388509500038685,5.531499756035311,8.469534892317618,5.561419755932938,1.8140344905688668,4.3692192215903365,8.626322973984731,4.530594624789164,6.2481825970148375,5.535084506833433,5.338882563198222,4.289910083959881,3.1523696983399248,5.6656485905555325,4.6410830776647405,5.279464691405867,5.580484436393005,5.427244671066781,3.923676144475341,0.6412870203906449,11.376494664950883,5.367406978863437,8.679710986770093,2.7956383428320226,4.860684716957243,4.987539670401093,7.622744427205193,1.074438835502824,4.351055804568182,5.026076298979971,4.022939005328075,5.1323738381915565,6.19056598570093,6.684692701084069,4.381171785693774,5.438610260362202,5.761452654162197,4.713847095742026,3.7970293905911614,5.257131314042321,7.612272066895212,6.258411006886236,0.32423446959655333,3.421965112946115,4.234078446756068,0.8350442028571239,3.0658663300619784,3.05926414527649,5.5069412983003225,5.558771172949767,5.520730181641558,4.392659506104597,4.541569200919248,5.24361638877615,4.422505866018322,8.973719091650597,4.153063560889394,2.7765461571456056,5.0012683069177655,5.26662191378093,4.319707150717828,3.162603601301339,7.468657199218956,8.820366891977297,5.144530395753479,3.2865912072809373,8.516945679670894,4.099814075941366,3.680733733338269,2.7238934832810973,2.301580087128819,3.2173183155552127,4.339004796508702,0.6431958071487873,5.569877881180678,4.338181749576869,5.726764615126405,8.056981529090082,8.766222101571936,4.20405862339711,5.246059252694498,5.790192391124172,4.175743725632322,3.2288170136244205,6.560934730301164,4.316236757574438,1.0443532077577933,6.264110901350795,2.972835711819135,4.42335437818404,5.419168993409682,5.131982838918884,5.938718058671769,2.9822554027851242,7.411264324862383,6.894860190360452,4.606200292367919,4.101321838827553,3.9837082028976365,5.5979792441000376,4.873992731328519,4.715812695190329,9.088918176621203,1.9129192405807682,6.542726419360691,4.808400295412535,4.729897602904181,3.891556145076436,4.8447252086510435,3.8975472607384107,7.106140209413665,8.85810879829354,1.8416119733458198,7.177748052476639,2.505869075874377,4.9617965643219435,3.387332699923105,3.2811453926154233,6.225466590596793,7.590805982155007,7.3581736686542545,8.899449126734934,1.2043317369681716,3.6497187358694516,6.503249231787764,9.192305778618543,5.567206861967939,6.238806487365399,3.9091860223826482,5.647688578576418,3.7767568667167835,4.949426388545069,6.894766963042085,3.3015298188330995,8.184507433595034,3.1786468732075552,3.2968934499822486,3.2968059481167,6.3854176462085075,1.8442728748854966,1.764562593390706,4.243214579222636,3.0222919782644397,4.7834045388371305,5.2112305002121815,3.5541374960590675,7.07306495847169,5.882902336492265,4.702169428607663,1.9267675578037164,1.5724939975782655,7.1805763599567545,9.948367879980559,6.411715958074483,7.734688205122493,3.8488050602929036,6.2681115576412045,4.380546851729751,5.086994992530691,3.612862940446632,2.9317273825702075,1.8480637403517859,3.403590256017268,6.141408514860064,3.9072126654106576,1.7566915952404818,4.542381406406013,6.751836263807738,5.924062371006703,5.822575014513956,5.93020872853186,9.943113024676993,8.581050032907093,8.576668397739597,2.303417061670383,5.090342449945484,5.349900629619362,5.404683176274392,4.674203664687889,5.216075397663257,6.24155626094748,5.328761309031935,2.9167814428384378,8.279315231511497,1.3667651623726158,2.869423285003915,5.321984582845134,5.652112661040149,7.725417725939108,4.116088894148439,4.7027960817697085,6.260140950610017,4.413349631895475,6.636837896784407,6.203888783324915,6.143756580882738,9.40878523285645,5.1286094723862155,3.6880002460758985,6.689163618442747,6.494729171033567,6.821289435453997,5.3301125320984015,4.570267693823646,2.887337479954359,4.266115949221303,5.102264814635778,6.64748571034841,4.9045930469967365,3.062356171099972,7.983681864181949,4.026807579926553,6.955842501706068,5.2831938351339165,6.244284316262509,7.165016512119364,3.0124988444006098,1.5424733091550924,5.961790601650594,4.436316388797291,4.901552922497203,4.330165281377409,7.556309303694318,2.5037548539179193,6.218253400796874,4.127385749306877,3.2921700303027737,7.509987971446442,5.054765380856665,7.596244636495792,6.567900387979499,4.514281132122173,6.52132932317783,2.75907524523072,4.349159654885439,3.7422238679612834,5.317929727927601,6.177979841049312,5.400720223793515,6.897064549990029,6.585688053699962,5.888611633040566,2.8822059718239896,6.526909536697861,2.69528603015043,4.42478247809458,6.098128722671232,6.095049723301808,5.128287338451422,6.953571452562057,3.3398300633692344,3.5424333067797376,5.442800005453168,1.689843688153045,4.076054372671617,2.0240707035163905,0.4620879331520502,3.694848512243299,3.0762088929499387,5.376328659818897,3.1580015551309515,7.646717920570854,7.546845924784888,5.391281292482481,6.321051925796144,4.395770234702967,9.701748514532516,2.6786730067366227,4.755817395680459,6.511393986535068,4.643559647850189,4.260891679588018,5.464403995826413,7.3229088924483,1.8741435745321104,9.277673097498155,3.606315825062252,6.157521645140191,7.472758215976455,9.14312278127252,7.383084014315703,3.8050361166335174,6.877764787669726,5.680202069661397,9.726917500786353,8.455498891290834,8.637305016680521,5.890449632964651,7.796622004740675,5.534161910612949,3.702162793780915,3.5353175420995298,5.106998116962843,6.194310331192899,8.205788518460505,7.851952251054559,7.576879060826852,2.4891697845256524,7.855072466977932,4.637226347531607,7.202281862302074,5.262002850488342,5.8086317621713,2.9642462082797287,7.915461581253581,3.252629652623516,6.299514740454031,5.035529129383566,4.015505536208642,6.661133291958487,2.48810476332638,6.591687931359978,7.025354695311766,2.855536853203764,9.683713295327468,4.418598986208547,3.9755818458731964,3.155882629970087,0.9132763035928475,7.824317442406862,4.439652658635758,4.828608238728066,6.641461095921375
10,-1.8025461014028312,-1.1628812303416693,0.06227826810105119,-0.9840316501428823,-2.236500513763689,-0.9497055362572493,-2.1966127035464167,-0.9069822533220305,0.11566395082031278,-0.9505387600696625,-1.758042432506985,-3.1556313868900903,-0.8057384680811756,-2.419320082466305,-0.8130462039652859,-1.0265309450227744,-1.7912417664473161,-0.15473474098288276,-1.0255675522742558,0.17617899179562757,-0.40071249589884494,-1.1766823872352086,-0.9584402673934439,2.274109255066873,-1.1014633074486606,-0.9517708326441097,-2.1655252770552007,-0.7950988854548449,-0.26383678358675033,-1.3215724221680532,-2.6903781604320995,-2.453949315648665,-1.1477555526430012,0.6677140785857645,-2.895038146110937,-2.1274317701278456,-0.8834643811397725,1.317085766288038,0.4937589528247597,-0.8250311196335173,-1.3571486543294822,-0.7437081687095265,-1.1635448723545263,-0.31959457778763856,-1.3764631886745884,-0.5700868303718531,1.403118715183688,-2.589774695109454,-0.5269127841519833,-2.648406104130507,-2.489855479262144,-1.3372558222373643,-1.7846745895186173,-0.48518968535078444,-1.7319470544833653,-0.5152952213224856,-1.3635580028375618,1.1792285094307813,-1.2580753850482016,0.581107675050115,-0.2628803310280373,-2.6130556248933896,-0.04048263778071881,-1.272153075882393,-1.5376513205857778,-0.6804934579028252,-2.133455556530901,-1.435312037851539,-3.7534916307467974,-2.0617024692462076,-2.0807921099208997,-1.9965190817724463,-0.5105951438345517,-1.4004679789976766,-1.0875368775280092,1.2647584006210009,0.5560448355424512,-1.1145039324327346,0.4993128450782738,-0.04120898510071036,-2.724694712947623,-1.4810634864386956,-2.5644417350562976,-1.3810327204359345,-0.5167467178746823,-2.202042129885636,-1.4149467189880611,-1.0385795765253578,-0.9726439022134878,-1.9222042960526373,-1.1528676464244079,-3.1112508300285513,-0.3571812688107444,-0.29645744977340416,-0.6151329995250492,-0.01588134014958409,-2.365597187920686,-1.5269088256261445,-0.3870805652170851,-0.3357714653389847,-3.557991090433056,-1.959163216788982,-1.4490230112616684,-0.9349006223798795,-2.270424427039261,-1.958682821464985,-1.6712592293313167,-0.6933224172512955,-1.1420006175917023,-0.08781287933524506,-1.1644083096522413,-3.1628377273835317,-0.2045870061247207,-1.963124175171576,-0.6138309167979119,-1.408428608133844,-1.8044769502594562,-3.037210129989741,-1.7150441867275004,-0.6569240765961031,0.30311177536467504,-2.1552092440803663,-0.8887414515053155,-1.0743063284543664,-1.8186195290165075,-0.5942176387152088,-2.471072900210889,-0.4396418438311924,-0.36766586517313127,-1.340144125688461,0.10477618186630533,-0.12839247643936524,-1.811037158638046,-1.7053068261442164,-1.2186725419314697,-1.4036188586728566,-1.0873756001704775,-2.338599084088534,-0.8044862576871901,-0.34429497356591954,-0.8574390498260925,-1.554865706583003,-2.131534537987588,-1.9161430864741065,-0.1316728444944596,-2.343698181337477,-0.9665399055656465,-2.208844538395284,-1.584547077860302,-1.4198203986739535,-1.1495783451638608,-0.29985974125283754,-1.0232770025207776,-1.4144301522826508,-2.2845780265588247,0.5905253065027563,-2.0050287919071708,-0.04488385103599912,-1.144509533807433,-0.7693086101316235,-1.250402133741416,-0.9756310664344451,-1.3220947843920974,-1.9688800461673566,-1.1512324980887223,-1.5045853816847496,-1.3349538215644496,0.06255364118045592,-0.8310658860622449,0.10635461269038005,0.2973360312826463,-0.0182442281341495,-1.1204103030066614,-0.9985052223866467,-0.3575409110959985,-0.34908681427800947,-1.4554233279838735,-1.9167231702885938,-3.3464327832356306,0.22453565400780895,-2.834911559287989,-1.5635676942378334,-0.8251665558220389,-1.438388404734031,-1.4010582001056686,-2.05639547743169,-0.4636970155007396,0.5820037938666065,-1.03420659762318,-0.16864306271368446,0.7696120570054976,-0.21978608224951302,-2.022173262578413,-1.8788134738664837,-1.893434059608818,0.12545152327215914,-0.16102559003035943,-1.7950437132257349,-1.2884154830219452,-1.9277342802952298,-2.482394533605353,-1.343530962407076,0.24239991346607592,-1.1126990214011103,-0.46234509458719986,-1.198174594320383,-0.645359627297698,-0.6703599991267059,0.6154371492672905,-0.8442513063440201,-1.0261069886000735,-0.7572147031594956,-0.684319224321812,0.8624628403827976,-2.343946700567796,-1.7651282128644916,-2.472700661454158,-3.06157914673869,-0.19503658370274923,1.945773553994694,5.232008305606043,1.4829255392952243,6.117183804292319,7.75890202501353,6.09339927831916,8.941135450159448,1.268931337830813,1.1457055669958747,6.625349749985644,2.788793930397217,2.825649355754576,5.137542622746188,5.70775911991849,6.359912959555762,-0.010905180948937776,5.509394068990621,7.001205380994068,4.632812108417054,2.468277906759689,3.4882788007321617,4.333325468753939,5.475524519665277,5.154938758597627,3.6960190028286712,3.437749161466244,4.121655067827252,3.087344101549078,5.459134939202597,5.88483180795917,5.529072223499643,4.275911840654049,3.5664350295359464,6.671983612147834,4.780641624447703,8.171793141650006,5.8833882751861015,0.4158492984951794,3.5889964267910566,7.300267771402002,1.8660770123325694,2.881448941037962,4.26021208026614,6.043826273545674,6.613101646416487,4.633419954217065,6.985838464884991,3.181173301584187,4.615031790748829,6.473541638636278,5.155021799475445,7.9578809283919245,3.4175933545714794,4.954749158751291,4.5992865536060625,4.420258709093674,6.175731514971828,3.4745276173873645,3.894987787883741,2.4911001926681786,7.446096744414849,3.8647511841361197,4.757992887001618,2.427803122909205,7.069833011368359,5.613069503779566,5.21040630656578,5.7144135417341975,5.032817150428248,6.685450188351913,4.799263015967263,4.222595769583487,4.507941956395901,5.15926278600057,4.872781015473337,3.7388898351215665,9.151487867050626,0.13069394667165923,5.358476058549365,7.375950242551207,2.784940408194698,5.012366902907255,5.297951518236479,1.210136937633603,5.883452986644118,5.079487117198448,4.00893112516606,3.815326945124405,6.233695717276305,-0.16195338915428437,7.118215333315979,6.0376050959660725,3.7930635894402878,1.6423940653194804,5.381612903109291,4.683458276914564,6.679939228889116,6.1074568877315105,9.261130249220827,1.869480056656653,5.5090936522049025,8.301027395602844,4.126086259257237,8.15551626515868,8.083873697510988,4.195989818068868,4.156776678656918,6.693946116445538,6.49993262972558,6.423095248233162,3.7827799902092845,4.595966370143213,3.1359020853155917,7.5912024568802465,2.710274626937153,6.373702989827504,6.052493368761024,8.350903270950019,1.70297995534066,5.723524359981017,2.489359896064825,6.095374788320542,9.392498528352663,5.192479912788746,6.1978737505071395,10.026158648411679,5.353221421406156,0.08015801135638334,2.950436416633422,2.772185382527885,8.442926377812977,5.7778974549649185,3.5764873406387876,9.351808196019626,4.531447500272602,4.415880491834314,3.801882032314311,3.6833988872157617,5.9356424636944505,2.1871588110894864,2.3998154526421365,10.055439719188678,1.7862006579761296,4.607779659231556,4.932592982209913,3.8508948142165664,6.999065951195817,5.925436288201639,1.8185363365844749,6.218193767123767,3.7937617504404173,8.20826906291827,6.538895024069484,5.320800115051173,5.688388544994057,5.163423936864968,5.1272946734391525,3.941661354913033,4.019505270579273,6.481319337200709,4.336049763920087,5.122801544154551,5.4499118357931255,8.167487820456385,2.6990114758693946,2.3024260202848983,7.670582051022713,3.2191987273003235,2.4883676141317137,7.109580513574226,4.39604873592401,4.487058561939686,5.799054375909408,4.877191092096215,8.025837876000283,7.303688678709433,3.7644799417582155,2.773355619244395,8.411581451417955,3.397203498456393,3.513505471165982,4.87082108925489,7.111802971180889,4.0874216304466255,8.721282628153041,4.116073877371365,4.79338931192353,5.887327878368833,2.783669615977827,6.5682197863066625,3.2006556899409735,7.643698687342305,4.878237401853402,2.886062167431108,6.804944024890882,6.475514148329685,6.307510169420287,4.398033405340124,7.543383794531755,3.7827405682218593,3.9104000578116054,5.841898724634815,3.01462013281345,8.046710345553457,3.390959191082156,4.474765100478507,3.9866466740087008,4.748721731694827,3.5787259571667516,8.440043689630128,6.714639328582614,7.023159123151094,2.25253150043919,9.658879909902364,6.264599877786056,6.829774325093251,7.69857764378942,2.8513716780875673,3.4093019095228136,4.239164760346543,4.031493321491115,3.6078101513400873,5.3076422871067415,5.72124569718325,4.943097725979124,6.85295981361334,8.796017855456384,1.751596824826573,3.4367404160303163,5.001027424090648,1.3643963340589198,2.9087504923252907,8.038049546608942,6.23073410712846,5.201043199064344,2.489714626172197,4.667815669669618,6.201238529518436,5.087273783299833,7.6055981085069515,6.70074779452336,2.0480034976904773,8.415666423638507,5.170358611624798,4.42935226423543,6.667515867712432,3.385535928556891,5.106887937789262,-0.4171972614873516,5.523858803198706,1.8074691348922984,6.369504000084669,6.890216879172204,1.0027396595814984,4.129932832388245,2.622694094178534,3.5528671222779726,4.422509541296779,5.003924068307741,2.8338090739810453,0.8779328470257637,2.744131052562384,3.111352473855653,5.270282925358201,1.5313198171723483,0.4985645284838638,1.4040648188460216,4.514337963314134,4.926948232948334,5.043578664933777,5.552520262232926,4.884235766746892,3.98730902228602,4.37843809054167,2.754768044048381,2.1981786529516496,6.197533219873554,6.197289937439825,3.888907199680295,2.0602771967454467,9.985771324165592,2.3363365949788597,5.357461648031536,3.6584380020426917,1.6118706312294844,5.697564570501695,4.822746282503707,6.0063379774835814,3.5152388686806475,7.225063361192483,2.736735840569193,3.348367272566987,4.663109129206722,5.676596548414266,3.850572871269021,5.512124285272825,5.824372498476736,5.223827509607277,6.773032971520337,3.9598499480130878,7.478108062355466,5.659761189097182,7.680184254630502,9.146764147795391,4.554273133661862,4.815125526470231,8.420355075683089,5.846265886156347,8.087621646685507,6.601448124983902,8.397538830763798,5.915043920279295,2.5895465938537154,7.071020161488336,8.179659861770599,9.800732335332548,5.885874910536459,7.7984014644894195,7.9139092737555305,10.632729723043497,2.455581709182153,5.555237177346809,3.8440683388086057,5.02390425551886,3.7817237114406703,6.65991005549049,2.5915893548913904,4.122255916813112,2.1615003176896015,3.5009826674619555,3.14843644414169,5.65000200435183,2.216203958661834,6.630611898869284,3.0239030056484744,2.7583415135727463,6.017169986597861,6.570592125028934,4.685020359101408,6.077679004619193,3.1489583759786037,5.219157475628929,5.599187008493472,4.5808282524265955,3.4113026665638753,3.7898779446248083,5.491036244673893,3.2463892131167746,1.7497016458685124,6.378986969678837,4.26440880965161,6.8719057093789715,7.670716373176502,2.4829603044059043,0.32874481847571246,3.9034600092633145,5.541405151216303,6.296418705399052,0.6802184031037593,4.214301720470958,7.503793390903857,4.807313680299591,5.4870725399183895,8.603538505531176,4.24644450305512,6.211943379984985,1.2857790304386087,6.095270258337241,7.243827546995863,5.692679988050201,4.95424551475423,6.120475567161152,7.6982737777404235,6.981036661458525,0.8191195334635619,9.99343560436185,9.542358274499502,1.765793276260582,6.825147059274156,1.6842338527057366,5.816826324510764,5.872690234341262,5.707490007811829,4.217195217835838,4.842327755470257,4.807309068698681,6.90130996505418,3.1336158700638403,4.249506862451496,7.10104666411085,-0.33976756641773154,3.967813438557809,2.884734903440607,6.2259122892771295,5.002769918935913,5.534882755911935,4.669344922443021,1.6256619131576882,5.925576163312174,2.312308758511244,5.048003784990764,5.928379165056535,4.8838074882180305,5.193181806671397,4.399053003187389,2.1830938255725734,4.283110022132627,2.4407278486349755,2.254132237559691,4.627896197958137,7.529288093759753,2.2224506536532274,6.335833534913993,8.552769080356374,5.094751085749776,6.320166420159641,4.492492742986681,3.779922178902992,4.4051317757131105,1.6587543236717344,2.6820963571395686,1.9778229847468602,4.960119188430619,5.848003335489252,4.713556791923017,9.690296089170978,2.5474796417081578,6.919650542743333,5.136934126609401,6.983915704921389,-0.050701500958691526,3.7415547320611937,5.736854157243036,5.662542708662727,7.085044018388235,2.108181662001199,6.562527787527884,4.81501198169163,4.828852429432846,4.769438711138546,6.525362642011338,4.487582506395743,7.990081254805273,4.711016934498516,6.5098189783484415,7.977520703702767,2.670180598262673,2.5772716127585062,2.184014372039245,7.5939269894051735,7.00939276812445,3.492706070382403,5.689171492765588,6.459614240614051,5.834194668545309,3.1070246622557915,7.6763222681428145,5.693580810805244,3.139165659099053,2.9963779543286706,2.5549260275763443,4.903649850855237,8.505535717193919,6.278725557006968,3.4243552523931053,5.382713061005279,7.197486113642659,8.746057529761565,3.9183623633413944,3.453550603608159,3.9375893441507905,5.299205125966354,5.182386362558862,3.1830014706711687,5.487979954486827,3.0682604793257893,3.0388988436861473,2.3731247787329552,7.21068037044662,3.613462852576347,6.47288121908158,7.670218923056728,5.87957898497945,3.214693810841389,6.095157401399536,1.4453631013821102,7.287092188163168,5.270891558264445,4.24186102077131,6.388137620255678,6.934791937389546,10.490999193408747,7.3716966149315875,4.53073325702072,2.9147246106755027,4.075256323419771,3.7468844777890538,5.679012928487422,6.7989888020088625,5.962014377271031,5.017474637615009
11,-2.786635859977398,-2.005385278885535,-1.5937230987446869,-1.7719019131368778,-0.5029215409614507,-1.1454405785176456,-1.2845075361897522,-1.6885879125993255,0.4208254763781629,-1.47698105088272,-1.4368694105244528,-0.40264920398477233,-0.29946642249444344,-2.444335323512041,-2.75812204201851,-2.3902490795745783,-2.052348672801558,-1.1831229924107365,-1.4915495822994056,-0.11390820938907464,-0.25066131710258666,-0.818329430974573,-1.471001295593441,-0.5530204928460768,-0.40050699510168997,-0.735189157355481,0.45617041252436574,-1.2793034289353553,-0.7707824194631726,-3.1803316019118477,-1.7971895214193156,-2.4335552913257072,-1.3358255962094292,-1.5462536283105779,-1.4495124806114636,-2.8500557404911713,-0.5946573051836296,-0.5040923689433909,-1.8195006640669367,-3.016540892591095,-0.6126475752019267,-2.072977151890106,-2.378808550190314,-1.6063939570612846,0.10075087953487483,-2.753833300768463,-1.018766538942078,-0.7161772481383538,-1.9850130056883812,-2.6827631179718647,-1.3283827443559202,-1.1438308425299923,-2.414055099559085,0.5104958597635698,-3.5469438795411756,-1.1659348601104276,1.3330802367935042,-0.29869668497715074,0.030882934593485123,-3.0031102331106356,-2.053042129443392,-0.187081932959411,-1.8481764792897495,-1.4624326450158196,-1.6138498825751362,-1.2387987860468155,-1.5409400152056594,-0.7003523943933043,-0.246122396964917,-1.0709658835753149,1.4054134346046863,-0.7511131449621908,-1.8757013734975754,0.12565908869782305,0.24059332677497824,-1.5685692202928272,-2.649220656460085,0.7267530941636811,-2.037596119536598,-2.39647643779388,-2.398264007955711,-1.032596774685982,-1.7353810089746964,-1.6077238519187713,2.327265617361076,-0.5664672868228939,-0.32181356875346045,-2.29939114976008,-1.3606117675544485,-1.3716789291836933,-1.1362797979589625,-1.6833939512691798,-1.412021712929704,0.45583529521807553,-1.208467717844197,-2.9841997291136524,-1.6508234447312509,-0.3711839685069609,0.26277551290556733,-0.7826485464025335,-0.9649960575542385,-2.1547240373794567,-1.2103375230035511,-1.6683493669362668,-2.2590300658963907,-0.21916031618587173,-2.412245408641083,-2.326216614849493,-0.7002140421403051,0.5509203836775576,0.7917039828181611,-1.0594371412642631,-0.16259211764382764,-1.0521161360055917,-1.4689135066394192,-0.8695104170786022,-1.3959025844999464,-0.5374839669069404,0.8076540548855555,-0.26052740112230255,-0.848672688042613,-0.4114863344893611,-2.0962614998664932,-0.39390674271519555,-1.5325214028778025,-0.013702541705938986,-1.695478314733698,-1.7301500346199052,-1.9414543455518634,-1.588046093938711,-2.315936903333614,-1.0338467813882235,-1.0963543578852697,-1.3028062034646433,-0.20934015760312286,-1.1780262633678937,0.029766458981429045,-2.578567399496901,0.10347171117963305,-1.2656983713711754,-1.1569683929261627,-1.7955820030584797,-0.02876205610557303,-1.7803946798538262,-2.3620054312161667,-0.7215208970107514,-2.04894258338689,-1.3995211004916004,-0.5234157602844216,-0.5058152193764873,1.181289809373037,-0.08767868744436125,-0.26645401210478303,-2.379227417912527,-2.0740474902541917,-2.1546433522034265,-0.6335272359716846,-1.0871085038414872,-2.4773404401278967,-1.3524957525209156,-0.4969795384416754,-2.794564861404805,-1.528141209475336,-0.24913844439809008,-2.4780070777901457,-0.8665615997959261,-0.9386479478557292,-1.8035663628133016,0.393406448160621,-1.4749643046624266,-2.7850950377397172,-0.0641067745650099,-1.858964527930476,-2.098441673418413,-1.0852837192745173,0.12129765370843315,-1.7356037666800714,-1.2326433130665224,-1.3813454308171282,-1.0229304454826973,-1.3712513164843814,-2.3673071451271888,-2.384518355858399,-1.1702350343856067,-2.074929883435386,-1.985006960857853,-2.8218184424020363,0.413926249131783,-0.22304551602148293,-2.5319414919864345,-2.2685924285067536,0.11001904421881248,-0.9466480631166526,-3.4416923212578943,-2.5345953712411555,-0.3853383711333318,-0.8467536871350023,-1.9004683211106135,-1.583246974904273,0.2906338233448882,0.35392686165089615,-0.726877283881151,-0.8009285459720558,-0.710758737434974,-0.01699823352465324,-1.5298324714115372,-0.9101733434064777,0.07800045653195409,-0.5750552687833068,-0.7981018795166364,-0.22426238693387124,-0.02587630453978884,-1.7211385200535105,-2.1355727661291692,0.20065102263282242,-1.5935009099210276,-1.6547257765889891,-1.8575706641930299,-1.9522482224861646,-2.375963568939971,-0.31394732845161766,-0.7725443401421148,-1.4550727482131927,-1.5134077731832294,-1.6734414783519265,-0.3962086222762877,0.46564732948182597,-1.8469612642868918,-1.6680013011972168,-2.5465353329374523,0.5199489404031026,0.4385702193079133,-2.643304653339804,-0.9989649227438785,-1.7327690452447357,-2.333836623063201,-0.024623411068695478,-0.8138581826486794,-2.346705640038979,0.5849109030970769,-1.4944583637815891,1.4123933043002879,0.16274063130907845,-0.11808778684960519,-1.2989709227747304,-1.5573741643048191,-0.7700031076109639,-1.689210296999705,-3.4571372343561113,-2.227674487610238,-1.1935054881597904,-2.089671807839072,-0.6606425184284509,-0.8552043646287271,-1.2555408162091153,0.24265655637725914,-1.0027839397015268,-2.8926261218250806,-2.4668719456296286,-0.688695469643932,-0.9024146581531028,-1.3039550533603959,0.06768325551954901,-1.7177679824153216,-0.8675045586126582,0.18013427731372378,-1.7789657561980907,1.0014995003561422,-0.13321326742612194,-1.965450921297939,-2.1602482358276536,-1.6086084321717904,-2.5176058846115987,-0.24436283196108854,0.2571840347703953,-1.770544105677557,-1.534067660484887,0.3664081169844535,0.8506592041262522,-1.441027332849402,-1.433602591942472,4.459068290494588,4.91725319017606,8.544049609699396,5.420764057510732,7.086943761915814,6.327511662639301,4.740374330579647,3.6382039464526015,5.502633510121092,0.7224951743817503,3.1273022166120334,7.638477700340476,10.328899122707183,4.93174141557875,2.9875793399623918,6.634619653163035,6.739937137676746,3.826872563368712,5.275185320546294,8.46310452752908,5.281926816757752,5.701119965024301,4.268558642895607,8.264517585090303,1.3594679420938243,8.907865192710778,5.980134197640584,5.2813049679499064,6.3309814951878005,5.825109403965383,4.242520627128929,6.700237809646423,3.760614195754877,5.265338471112861,9.727441092407918,3.491796051802785,2.388150021179258,4.2084476144225595,2.5159765893057786,4.911684261559146,3.2660419179949254,8.630241799246509,3.2758249047363615,4.5553447451028,6.634293534929897,4.14142255185455,2.501142239540188,3.4869379739758486,6.33063177015983,1.6786781555315198,7.0957559091921105,4.680077654131075,4.333807190795108,6.442537502696468,4.9401352062094235,2.651375405503869,7.230719376040683,4.074901828995246,5.28014313699409,5.433984856444653,1.4689482350954393,4.427695592556756,5.675360045198325,8.283074699859288,6.35907775212995,2.789562174251303,3.845194922695482,2.756149943890596,4.9129412278700055,3.9945963391944046,4.018371174206826,4.065554031781778,4.409891028645195,2.1509171518433954,4.235023420784402,8.280478739610563,2.743866566687901,5.188285000706395,5.52752055455962,0.7430220673897558,5.269293866716916,7.567413944310779,6.488206156051448,5.474097128602885,6.540132465480518,4.6448739207766385,2.1934964024040955,3.6784818567309507,4.464120199670239,4.968468965145719,5.383032180322167,6.341167160225487,4.720684591397001,5.925668654053609,6.298283474359315,6.6501358753151525,3.9079019147579546,8.904033389252795,1.9436901077083673,6.5533307803094365,7.212679044917913,6.05524871776788,8.595849103537255,5.567624599812059,3.588909397629246,3.594110275551018,4.547872202055769,7.053929317400921,3.9485937446720945,3.8197410459498187,2.3060104894152307,6.467309652067825,5.865917276107971,5.501964491551348,5.21531384034798,3.517186043093769,5.521417392477558,3.703796512402363,6.664086077092787,3.191180529495879,8.57448961984161,6.901606219998826,5.559641028701003,4.094976574533843,6.86450392266452,7.4677712615901015,1.73008321973896,6.998468493161168,6.572549191504565,4.375765285058096,5.702830246573837,2.5377611414688905,1.3705508194219864,3.6314713083772387,8.246552376790445,0.9779063292987722,5.976897045786887,3.7265162548288577,6.860951230856076,3.0721478018912345,2.9097783159971264,1.5005788288328241,5.194196823862559,0.9780952781476122,2.8852143896549656,4.783570867645855,5.732024446533843,5.3278154848278945,4.225873302724715,6.120402955828746,-0.5109362009572731,4.103906965585027,6.523804232134622,5.377372183959874,7.080105983728829,5.46050346005012,5.775501742227816,5.886662976503837,3.5502886824392617,7.418451686821774,5.371448724462658,5.79076573618354,7.3464208239750866,3.3701271455905344,5.525367149957001,5.141461734631766,3.6491498122559847,5.032813246436252,3.2331462774641535,4.279916229313956,5.64374851799282,6.466647537650192,1.718274446005827,6.169517666477043,5.195541530530177,3.8204249079553962,5.14269489761631,5.81651676171273,4.746156703095073,4.27898389640662,4.525966473931397,6.149931961525803,3.1941473393273543,6.131644233925941,2.8724626138082847,9.427445910400897,6.805449360937286,0.8651687357786546,6.176993585253539,6.416776774889337,6.81221474096806,9.02214477264196,7.440124179710741,5.9309602294499335,5.4040338685544045,4.608077572516704,6.064424744246653,3.604621949809127,10.102130389013148,5.089285815594741,4.569248925491605,3.997910591073384,5.234103453664393,4.723028324995696,3.256459871107689,3.926090851227461,2.674302918738331,3.2980217087985064,3.9925735331511714,5.234560644738226,2.589198460457576,6.571819850582657,6.667690572691605,2.9344270511848776,3.883237425469148,-0.7745451796391984,9.383841505795619,3.5194852191044257,6.2464579423147235,6.1586389882252295,8.391221212941831,3.983985288440595,8.848978669577916,4.333037184277538,8.087824947542202,5.0494824086825485,3.630222910784802,3.368760295286288,2.4143497738096826,7.663658649658295,4.262645084398761,7.624033636087448,4.538643946114026,3.9240958646476427,4.377145283010275,7.053637130434808,3.8484842026895207,4.41959275165291,4.973691621494512,3.4372288972268645,2.687333966064932,5.515355275944154,4.756975961637265,7.406214515323963,5.647498143461153,7.048158521363815,3.881355584504857,6.361223405880257,6.45293010927593,7.868040447484754,4.3509663347385175,4.17054059436766,4.422899850046065,7.5739441496916315,4.965950495096948,2.2439105219997977,6.0193922558831,5.133829864050797,4.7802621509077445,5.584006016379076,5.844934633503754,3.1255588281361875,2.7028348488714298,0.44800701331403214,8.183774971591795,4.335995290007579,4.1644298949615495,5.824938286170583,8.02546082596903,4.191900561784801,4.55666390774399,4.202271980712843,6.435033976571561,3.9105211863586704,5.770617155689189,5.731401586524919,5.435850872396145,2.082119513910573,3.1451629759995767,1.8081297561368004,4.327157244071134,5.577556879979321,6.368069477251357,5.670346562849662,7.983360966841817,3.9971006278898864,6.090183056616997,5.179202103807675,6.766491138699495,5.719272720226957,6.864234543963007,5.014902377003397,3.904883437689037,5.381162867722923,9.551126673146046,3.6664911663067823,4.89895659880692,7.724009578330237,3.34703815876708,2.5507574243111546,2.8749934031684448,3.4401471687105434,1.7464415108797122,4.066232175934655,7.162056763677789,7.182069004347575,5.968952446896471,2.519857345079054,3.437805990688106,10.582708896572532,1.9373581482911288,2.3363435534168704,1.1064060715522128,3.920673882773592,1.221904767403816,1.7389713422835875,4.234819688178891,1.6459269992024144,5.973732689106706,3.942058493028223,2.653346181243909,6.759722524417096,6.717236007193995,4.115039876695841,6.9927022349578705,4.588700354078442,2.2527424838329106,6.858795889617674,5.959037748675032,4.649157037077632,2.6726539367431217,7.032777593465655,5.444016725551078,6.442809207423355,5.924262685835801,2.541262850473387,5.297045388756734,3.731341136172412,4.7758952872971205,5.336088730024587,7.3622604937287885,4.6588825086209305,5.1297033763167335,5.063498493704141,4.0103188365725355,9.355769093989053,5.345980852595557,8.062791776103529,4.393891967825911,4.815914338955646,2.989859889662767,6.889130714377675,4.8964940713279645,5.756961335054641,0.944572146184341,8.421537118937371,3.041782182964949,6.952458134650013,2.971610902163664,4.738834884684462,4.946945322820502,5.358279038493684,8.364767353280762,1.850303946155483,6.76987968282514,5.571536914596102,7.0203766600848905,3.3009292190185446,5.236752355048065,7.346383814899315,3.5922396430248833,3.0955458048860125,5.1486760211537925,3.292389557245742,6.894682552474798,6.412560749736686,0.9857743222176607,6.360744567241257,5.475723042901131,5.4092512630165945,3.9953175108414407,7.152982066371074,4.41168950885632,4.267692621113085,3.2905224650637286,4.9880459719441035,5.152600755151515,5.902234068764771,8.277827149186976,7.617825684077022,4.017067788008054,6.820314914304994,6.186767336137126,8.10488923604312,4.8426611626321145,5.910083807827355,8.189689071385283,7.7154450246867246,6.287386857271241,6.896825230947323,4.843402070189779,7.511588099102767,8.3654226188987,5.221530635762774,6.996570982971204,6.854385059858062,3.5317947328689523,4.0018292093218415,6.039263519680517,6.966608735457785,4.968704549863692,2.5367450486200007,6.594984397207688,3.906805733143064,4.0019403170395185,6.61084814729154,3.212042231245211,6.293522208447627,4.614983515334623,2.95198913894146,6.183407219998678,7.309841468006795,4.39089540652086,7.703022156710997,5.686284082275192,3.677943292051723,2.1316644822789725,6.053928332588756,8.987605990055613,2.256838443078908,2.8733462326383936,1.878120257177207,5.867702183549065,7.842345711128077,5.488538845745654,8.311034010124615,5.767474407692504,4.278076678157298,2.4210672989849176
12,-1.1579789583037836,-1.8684821642192802,-1.5798047090317038,0.4176187805653486,-1.123258071936021,-0.7433942685260386,-0.9179894286711899,0.7638015890522583,0.17553855310572453,-0.6332032237434104,-0.28093347556027903,-0.9764869427950111,-1.7827295964046477,-1.6794943640565343,-0.1303468672163114,-1.375605786348325,1.0587113347735428,-1.342378341307597,0.7119254371814057,0.03945808912520965,-0.6891396042979725,-0.5802234735300816,-0.38766871093039235,0.7310657102002163,-1.6668115464743947,0.14709260360566567,-3.371699210438413,0.3060108735364091,0.31287960183923036,0.07489769186903628,-2.036671260381326,-0.6563106022770485,-1.796794009689539,-0.1343961139928882,-0.22764657225143448,-0.5369283975010792,-3.2610320904078622,-0.5800633926940273,-1.9531020369492584,-0.4593278232427912,-0.9227297899834711,-2.0389768486774478,0.8457042589606043,-0.7360107271448502,0.4971979420992254,-1.6217052655344257,-0.6779943609455855,-0.9250215184098083,-1.6247878196433683,-0.9548730354754577,-1.3909470891604516,-1.839570925530653,-1.8493203797295226,0.1753316368697646,-1.8013467440223305,-0.8067378686994495,-1.6807395516559775,1.6805450733717033,0.22603820053504897,-0.6524933342004069,-2.2180481172743245,-0.5254820871828789,-2.6494401026654115,-1.521825518195603,0.3454747426492568,0.5496566281214461,-0.9977491493913195,0.15833369895829685,-1.2054442929246045,0.4901562773533856,-2.6773658818249535,-1.2070212221634153,0.5154178605563726,-0.9947574364961578,-1.734253443263043,-0.6451947151887538,0.6422832608846716,-1.613415031005248,-0.7518699280794631,0.16974010020474828,-0.1186642709568988,-1.3173098095487927,-3.4251541838324178,-0.6618260763058248,0.7329767769269826,-1.4350519036543323,-0.40601834173439666,0.44082038012903624,0.33084237239244674,-0.9445105157340792,-1.7667579364703996,-1.603592266154377,-1.3320739628486895,1.421687993840695,-1.1973526381099848,-1.7427269352694055,-2.6035214812675966,-0.5723619999431735,-1.3691563059929126,-0.5927477958496147,-0.3844627432741802,-2.5208732350719796,0.18751325050794443,1.105179320698928,-0.3967066354795298,-0.913030021324223,-0.9258252133711442,-1.1184472238164662,-2.8456763643403007,0.6562067680040979,-1.0110558492784867,-2.3633252282137214,-0.5272628230569556,1.0144615419193288,-1.2934167040764413,-0.7851697427180532,-1.4065175601932434,-0.6322796870893316,0.3282247568419048,-0.29660929745565956,-2.037726983669984,0.3657517222935869,-1.381230930901208,0.34151181400981745,-0.803796603047493,0.7626010354000579,0.2818171897765376,-0.37044088705769274,0.11334550852879888,0.11855485099848506,-0.262887947731848,-1.2677368259485962,-0.4512183521560381,-1.222252200472864,-0.8021634832718201,-1.2840754093085458,-0.8769722231417817,-1.0352167003415098,-0.520219702988356,-1.4901558458940434,-1.6654610861043144,-1.8456785838095344,-1.9603139701788144,-0.14748816052886493,-2.2484601966571534,-1.1746201564084424,-0.8540723035013974,-1.468324739334216,-0.22024599640821585,-1.0488454778552454,-1.628780674131398,-2.435873720775323,-0.0823171542722334,-1.8317144126304528,-0.5713003416069404,-1.287413658484457,-1.6857559703471157,-0.1634671674503242,-2.8688888851390653,-3.407260603083312,0.03632724749875549,-0.09112250324241034,0.09625946259746088,-2.630515426885334,-0.5196627679770746,-1.179451141187373,-1.6082188732623908,-0.7634682271381413,-1.582534279085765,-1.2854712273097018,-0.03502397422362191,-0.34203528462145905,-1.8350937713584883,-1.025735260795275,-0.633105674722112,-1.878218645664914,-0.4016492248630432,-1.5073504622682008,-1.2831622845589612,-2.242315483416591,-0.7895171763204116,-0.6612758524220435,-0.19793272549603136,0.6524011518247339,-0.8378780912433469,-1.70297988402,-0.9298696657723465,-0.057552503318931914,-1.9564660073783235,-0.06770133641395149,-0.705768371755387,-1.6535149444619819,-1.27369129202324,-2.766733080418688,-2.404430511577795,-2.772242850941544,-0.2434371089832461,-1.539925789135828,-0.8340808252805262,0.9188359635676326,-0.4831840151919138,-1.2110920278732782,-2.0093576895705634,0.0949013781454826,-1.904805202445523,-2.0867879871090516,-0.3260507656604368,-2.5338777787072995,-1.0787468580332262,-1.277375422314296,6.966804402264454,5.3074801272133305,6.730967975453355,5.3500860963305685,4.198864711527188,7.354941832829091,3.941791777575899,3.5636706751031593,3.5669201105997925,3.8267535044722596,3.699214259551644,5.035559027384317,5.838311319515234,5.722976212547166,1.3624788526679774,4.995845940553359,1.6344649032445324,1.8178387844773494,4.592697337075614,5.493779890572373,5.609280889936173,9.39239639770123,3.116902902397613,4.507219877658119,2.634432691383917,6.32771975121039,4.779489332537592,9.911710477653777,2.5117167046313216,5.889189607960534,5.2940700532988885,2.2063189811166137,2.703057011422753,4.713818798554707,8.48037708982369,3.598729502251093,6.704762541663414,6.407756722831942,1.0442421547016778,5.412571264566761,3.657284799783078,5.7317834182711636,7.861044601508744,7.021584506460553,6.853989456916356,3.179129554861587,4.005336937175357,4.219884896668851,4.852484736624186,1.8327669303425518,2.8944600086435877,1.1572208753560345,3.487956643106135,7.49813801543951,2.2619550312084633,5.8343588290834445,2.9885944747883886,5.216126048946548,5.172409509024497,4.8602342643346175,7.4200492820498525,2.4553989436732233,5.38232302371559,4.9514445629170325,5.174314724151652,1.5054045252678856,3.9399699772872623,6.663759318327241,3.7192043986248544,4.3009449828877315,7.620332128089411,2.9246433189075125,7.678348088665681,5.598953959312949,3.7303801475497966,8.395965306489607,4.852135978549892,4.977414208498279,4.340762890795165,4.647061556364041,7.410318188938122,5.1935456364377925,3.8899420332803283,7.9931624705650535,7.60791188762145,1.7678200763470926,4.692467622596466,1.5809407799258306,3.859595578154691,4.029446766399641,3.3591149055007437,4.033765755902889,2.9040007957223057,7.692636292009107,4.647425947202503,5.087286865806311,5.402680594745102,2.2240576496347724,2.7977366685739504,1.0180148551273782,2.081972111273184,2.34262071869317,4.086039114320754,5.465815786804977,3.721813505338199,5.379312171113318,3.88781628083719,4.041168683568074,8.383548503086018,7.8572648639767095,8.202839995919945,4.3525368729193925,5.941756385223188,5.445484532234383,-1.0244678204802007,7.639248907815155,6.515300929464191,7.293086114480678,5.159745055848014,0.8154808939034384,3.8792712910811886,6.578252820776463,7.683907716569568,5.764338260171427,3.9747622995696026,0.6988901406013035,2.915092253893323,4.293455953336436,0.5911506127575921,2.42991972680281,8.8602486932616,4.6572895050926055,4.428885639664462,7.0305883831204685,4.250477025333882,3.751694661897992,2.58582570436879,7.543222215673689,4.998888341258749,3.61654451775521,6.320169682427234,7.077510135336101,6.399811358755299,3.603043951288503,5.942739716413678,7.307061700881031,6.723754054666188,6.619334492074787,4.511234374297848,5.587678827005433,5.608328608726023,5.763068760368261,3.964486025881853,6.142692551733472,6.5813211070258015,6.076224455239375,6.40684403900841,6.636222351553059,5.781000812166803,7.0796377669391095,3.362100158028076,5.606250761054999,5.559809433032939,5.648478825115535,9.923011592775335,0.16024295377987485,6.986539897571882,3.2554805144049674,3.4669034143571507,7.60894704484764,4.371667748982461,6.082144474845713,2.5574891903086128,7.742382210500731,1.9617031635610096,4.7394890012588755,7.0499520478159825,7.945839492928444,7.806331412290602,5.6707006230487025,4.834934117627536,7.85939886540824,5.225867770067181,2.1894054151768625,6.032755947290159,6.454390651543271,6.002223085647509,5.236545209530525,5.689912934481972,4.537992660906141,0.24408581569827437,4.22804030044181,2.9466835084251226,6.406031210247642,4.690246116625388,4.244739326496355,6.369675006089242,9.948502906073045,5.610365291680213,1.610994626753981,5.212914402245207,8.115160697714645,3.5670038404393365,4.363602269891372,5.25240600895023,2.6231777288628426,4.4907184163372795,8.06844274079483,2.7929295800260086,8.73406106925296,3.0484877060979185,5.096735318835285,5.86881841452562,4.446844738385487,7.218359984760125,2.4811661951991755,6.280949745294754,7.501255182434615,5.444592536899861,7.484836995372245,8.132039992528785,3.973939251147425,5.066239235773853,3.1037429894134725,4.318076254896625,3.055924322328651,6.804112013267287,2.72869941702395,6.1837513362583,4.89453094165935,5.001679229998421,5.360485421049274,4.061657908304708,9.380681572349607,1.4750791479596401,5.2955729325265954,8.034902362361429,5.2725421334125695,4.388082523126261,6.533007154810559,4.316163647000587,7.4901276032823745,5.742141930248076,4.458144459932916,2.4998909493361863,2.622584938262379,2.6738904903236995,0.6883577530293792,6.2287862882605,5.842566132730501,4.856574350604928,5.01970998999537,6.895485220668243,5.575586076425834,5.17508641534253,3.744403660113733,6.00628468062215,4.446157611333227,4.730846995452309,6.254441445285302,4.375729490651878,3.4911020155100374,5.062778191589624,4.256283992599669,6.555604768874062,3.646727062651078,8.210879732586656,4.625523249476605,5.709992269626369,1.779559850384011,6.738794691736679,4.384583948904664,3.537069945634764,4.611681984706393,9.600822985453206,5.333735095340484,6.823213685308506,3.602145336786763,3.0739317534114172,6.132926973248287,1.925932967504591,7.106984670607701,7.76573166100817,5.6693385786112325,3.811387789486014,1.4094672238659145,4.374523115233638,5.559726655151502,6.0110278035018405,4.328436176784647,5.82445663248927,2.664644030414186,4.420132023913457,2.188241172541491,4.65107384031395,2.253206025540195,5.649836109145688,4.472682188758165,6.24531662246414,4.844920559408407,1.6948958213845464,9.283939248304199,4.0902758894196225,6.016577865422551,-0.16274353695897847,5.9500356637555685,9.023427975297388,4.9234549339535265,5.437256069740464,3.936620102773113,6.884803531868517,4.794406379635506,2.1071544350897486,2.8657833822096017,7.038750505292902,5.088082081263517,1.9133033896874219,8.38933091539876,5.175875754937472,6.565685173701572,7.043018782868028,4.421474087030239,10.255616779151584,3.884278951456473,5.558828372338303,5.545457800063508,4.33944845854145,5.154168757249783,3.269667658341686,1.6022189836530178,5.065990430648011,2.4265430220497737,6.890079864845195,4.448896225326762,6.130344231769892,7.189692371712562,4.578722773588792,5.332817494847744,7.309942934937423,2.8279973513254544,9.146640904954094,5.143394739154907,6.20614350187694,1.8160157423348324,2.700982629280785,6.991077945913833,4.083382792350935,4.6521379071386795,3.4044523201895567,7.447783773043859,5.752872852544044,5.047509820612503,3.3266317414152073,3.5887775000066426,0.8692056222431015,8.020506008301334,6.53570130417686,4.442241335396668,5.7081207772352505,4.004940452084841,8.863288088797354,1.8455164804922264,4.299957428307139,6.702268572972183,8.635104010758651,2.9832075472929245,-0.49278573912805435,7.317627769298532,7.585540748614168,3.0386231819371963,7.162636821245254,4.794634994800738,6.501273937439851,4.987540585525356,1.3104256776134182,6.19145201538998,3.2022104007998813,5.403857846990749,5.633556031024055,4.929537014131121,8.132115573708575,3.4944347719266178,6.793771889521409,2.326833037724251,8.073545750762655,3.6529068207735933,5.7389844977361095,6.892728330917815,4.217619133304411,3.686936716183991,4.587212072069443,4.898526932395412,6.306704752166847,1.2682541970510277,3.030964655142447,8.208331873191966,8.425710360982647,2.5313336592529945,7.965122666478628,2.5570125501597256,5.330249343631296,4.1844378046818225,5.61857501560017,4.803186537069482,3.3422465293804593,5.465917550405079,8.00993597125075,3.6543060849104845,4.800978396236673,3.1137233873331382,3.3127400382642396,4.958848230659353,6.016681116812188,4.043868588714174,8.97267547007689,4.855257985213905,5.108597564563465,5.930548574841992,3.8082868388815054,3.6249720744958536,3.228210854742228,3.368935670219268,6.173861260320665,6.250171928790204,4.899540559223849,2.5547790425879637,2.889101762766147,5.38211821971004,7.359532957186815,3.634458677717021,5.2881712043591165,6.793940265697668,4.160093368272385,8.591888669152235,-0.8060126397570873,-1.4432223847130166,3.6514444226786846,5.442135508569175,3.1263798510744323,1.0319000181150164,4.028714140269223,6.889566960305647,8.833972054534,4.741682836222255,6.285398266667215,8.462527448230775,4.105296970713616,5.342700564111367,6.730225145514593,7.097117745944803,3.3836980510058536,7.484681469248348,5.5757284065232335,4.512321224842145,3.7450819762581418,8.204540674185564,-0.15378825188901946,3.803700270093451,1.0819347323736768,3.489819433754649,7.260165447045831,5.262648928490482,3.172139409735272,3.934546289733066,5.390633875019571,4.502234172113967,2.473376189356406,4.2981661580550545,4.332754271893787,7.681370383023275,3.573587475598922,6.366105875743189,4.551857928626045,8.421277961014077,5.558990757239068,5.642582783171834,1.8046449728522131,10.510267382688415,3.8815171010307834,4.245911124494618,1.6413009341482705,6.742174392205166,6.9730145445752605,6.033331761731626,6.186729692489788,5.820236063896325,1.804364213001227,6.632416422740782,5.019648587263595,8.260992704787487,4.6161039386680605,3.120295771596905,2.598012376107953,5.6231964153088585,8.715259144694162,1.428606747571871,4.979313946647751,5.0844337268866395,10.844488639698783,6.3887387236029305,8.70570176848292,3.749303522399629,7.223142129732808,6.5013065918331225,1.6519835215335408,2.463546429829153,4.0273110162093415,8.187243177249254,3.06953456296184,6.600836800364752
13,-0.07407568590245595,-1.032328545986679,0.5049227531671083,-1.1310623282182302,-1.3219124261616173,-0.42274281406209224,0.5769763938089276,-1.9186273126372015,-0.41416396583539816,0.7745397056617409,-2.290249992830159,-0.6024021277094329,-0.39451728528247787,-0.9982223207113863,0.0799937694250239,0.06682872922303895,-3.750908245622066,-0.06735438859819265,-3.592482497356954,-0.5132724200623076,-0.5454601120236577,-1.1946203865003149,-1.9901263962698763,0.739646789347753,-1.6841264403743852,-0.4325165835511384,-0.4709893349480887,-0.23144255906636557,-0.4947352993671327,-0.2130177314439493,-0.5926364685792209,-2.9883489771311273,-0.39710166449222395,-0.49689081396095114,-1.4797705581904639,-2.2655745647055396,-0.4926588467711398,-1.8601388875069818,-0.5531667332827872,-0.7495165926704507,0.3001128000673907,-0.36174690626233297,-1.6867168181664303,-0.3620355153525965,-0.8303169371926699,-1.6344161836958193,-3.227095204841631,-2.1814407703051866,-1.1433171503623318,-3.8674195153045305,-0.2934069449675074,-0.4169014335187011,-2.3206396978376103,-1.3834882439811824,-0.8321978030210183,-1.4403079280249638,-1.3521065345460692,-1.461768477666919,-0.634812801664181,-3.347307560875605,-0.38447019405983796,-0.84558234797883,-1.7395288896653414,-0.42878176368352516,-0.34824294128720634,-1.2548705210447013,-0.29631798747892146,-0.14378878904810677,-2.34367719528698,-1.5173599260032802,-1.319876566732935,-2.214334961603069,-0.597715740507045,0.8210810494396219,-2.0728264272135313,-1.3275427196024034,-1.1985169721909945,-0.5088319835027413,-0.295126709802502,-1.5766163460218299,1.1734275161867926,0.4423357640852321,-1.2063284616066148,-2.27116498904209,-1.9533385430229213,0.21813197000893947,-0.6684265437637539,-0.9812819423218305,1.528332632723492,-2.904455061769487,-1.9279060143324767,-1.365567423020484,0.3039159980249504,-0.4924310632979333,-1.1695971008727437,-0.3687912873794168,-1.7203530940647571,-0.5922957957169539,-0.390504283260224,-0.6698934255176094,-0.2641398572768663,0.9780762662874369,-0.08278919070937518,-1.2621514947954802,0.20768449394187316,-1.1787953534746896,-2.72144064231151,0.5452237605313643,0.7975554955677124,-0.6505315030370278,-0.2996153850894593,-1.1433335474305175,-0.6155667574514947,-0.8552308931402317,-1.7191103527078297,-0.9397448000862246,-0.31212149194840644,-2.1030293578602373,-1.0745643283734525,-1.3815437185846613,-1.6993717236482864,-0.2926873054672282,-2.1021376266108893,-2.213790879901243,-0.7537246212490233,-0.4665604784254562,0.5737968017998616,-2.0082820393338707,0.004196850823929621,-1.189009286077227,-1.8407901641363398,-0.8264781751549495,-1.1194659504884352,-0.9277301394266821,-2.9394333698689312,-1.7636308259957199,-2.0340713129742363,-0.2813565969326467,-2.1556139082124752,-1.039412243414958,-1.2807184450853044,0.7654633171067371,-2.1849233215514006,-1.1285103280001654,-0.6627746769332205,-0.8917975330053317,-0.5442923834365838,-0.7246954621891357,-0.4222961378203296,-2.317999688495525,-0.843684516837873,0.14906938959200544,-1.452617288187621,-1.9465096780074491,-1.0043737605974832,0.7478581829578512,-1.0520930395067534,-3.1456297036379928,-1.4663978743173574,-2.602060525000272,-1.1281404585436587,-0.837080376602141,1.2489237273526355,-1.5041906938303249,-2.7640060300903055,-0.7313255800146764,-0.24403696760780313,-0.6870560366390215,0.5229565954495312,-0.8639946473288316,-1.4158818843557603,-0.3707007145049893,-2.791644346820039,-2.7153613470462163,-1.1791392894786745,-1.7393019993771706,-1.7951526686417212,-2.193167247105523,-2.596721639624455,0.39412774722335975,-1.0670818608051424,-0.6039753897389327,1.2969252969097242,0.8122856901813089,-1.087522858534405,0.4057029498586122,-0.4141896540722162,-1.8180094020778652,-1.2329672213357834,-0.933997002423389,-2.1930847639326663,-1.2036641835445014,-1.0424105005291096,-1.4996316303513129,0.4436176208933007,-2.2253611748154127,-3.2531225393318275,-0.6679820920052834,-1.077783821876575,-0.26559241514410914,-1.8009452153096386,-0.15480860106949512,-0.9586818444892822,-0.7746355700643346,0.30386299119678095,-0.4145717324258651,-0.11063704018102438,-1.310937852632959,-1.6687620882407648,-2.8305186569561145,0.2843717090644715,-1.1831454775480479,-0.8893622833522565,0.9997749814341119,0.09813164751229042,-2.6352829131169235,-2.503392237462106,1.0942824873118777,-1.5260425079890105,-0.8910810805010375,-1.8819037113084107,-1.5068461242866675,-0.6993041401060042,-0.5453144125475387,-0.4083342350688256,-1.89205996096879,0.25761872704907907,-0.37092192652950806,-1.5103012116344567,-1.633634840572435,-1.3139650900412756,-0.44140584487330603,1.8136455538712273,-2.7128800971508777,-2.1354306636298954,-1.6371113248086184,-0.4254566421892564,-1.179559141332037,-1.1105554379384284,-0.18746495663164886,-2.7624890470195265,-1.4315160040190138,-0.8394004280760572,-1.7622682355217814,0.7646862510028889,-0.2095045307061859,-1.4680384530944057,-0.4972762796862098,-0.852451105157473,-0.6660783306033019,-0.912720997883373,0.34838688344593516,0.06460241165039382,-1.4567346544405333,-0.4742415058071068,-0.08384590415337567,-1.6785037765126467,0.1566666512259438,-2.1036685922580634,-0.5297369594091819,-1.0576780030154287,-0.634416847458636,-1.2945282087121859,-1.4129030503808622,-1.2559422024849596,-2.082072094622005,-1.6756304407280547,-2.183745627560948,-1.7087827919088154,-4.021871166428543,-2.5535122725514867,0.18377312998166184,0.1530119443058977,-1.0971496138763912,-3.189315274126242,-1.7353188615991972,-1.1984971166480944,-1.1163312873022033,-1.410066131747066,-2.49457364583588,-0.15738356859727276,-1.539411891502675,-1.1238281819478408,-1.5846544057137018,-1.0027813944638084,-3.685754461991233,-0.9713245474867652,-0.31769668497537773,-0.28738087480873,0.1659876100286206,-1.8769580116311406,-0.4398109818717263,0.3417679012407291,0.6169980146453766,0.4867009961995943,-1.4901278826615392,-0.7998127612726769,-1.0721150950307794,0.4605850521307042,0.35358774880880706,-0.7720166095780544,-0.777123087238264,-1.9122488489583789,-1.1230439111723132,-1.1835544137681762,-2.166314663975908,-1.3951336184835952,-0.36709077002100476,-0.039973416040928966,-0.547717410165282,-0.7300425327593529,-1.7370502072768794,1.1228540943046181,-1.654960151052013,-1.6792794576254715,-0.8160743204917575,-2.698743207456831,-1.723725609223486,-0.4231280263759952,-2.0644715940090457,-2.663802233954829,0.10156750848823592,-0.9619684815830601,-2.390262090542378,-1.0976741705293422,-2.432884822378235,-0.09405240968007211,-1.0394052058208534,-0.6299092355637359,-1.1715492229063034,-3.3411236867271032,-1.1337696255400496,0.6824579842404503,-1.5422105784581297,-1.085668293721175,-0.2881408262188466,-1.0740296569572545,-1.5910105279152102,-1.9286279269321125,-0.6317231306480006,1.1112383663640313,-3.942115359905118,0.2054912987374362,-1.4851084943788386,-3.322297115535479,-0.9213612426032204,1.5517185412349108,-1.5533934416210644,-2.188718818142243,-1.32269253394617,-2.768517753780066,-2.2647108350692884,0.1789854655428773,0.10447377522648993,-0.29943605273679985,-1.5639091521607504,-0.5800408449792844,-1.0708424596460269,-2.0180852545985055,-0.9012781241550228,-0.02117558185452284,-1.0787434395554614,-0.6217636336283412,1.0527947048055997,-1.4896999534449558,-0.09179315365514662,-0.9456619286242463,-0.6024715844736086,-1.2186134625168648,-0.3114059440404039,-0.2773862743447332,-1.2784309527920823,0.25027622180715925,-2.2091503035945346,-0.18958353254365756,-1.4465320117811604,-1.5446046494165007,-1.3535043606812167,1.4528092952235716,-1.7185713098824578,-0.3909580451633652,-1.762322643373277,-1.1785180963949928,-1.0954671385821368,-3.018018482273171,-0.8448791421271811,0.12404190900220269,-0.4608107147540631,-0.1410511258754974,0.3424559198858508,-0.7160336995579571,0.23395400456314874,-1.2886806845575505,-0.19252046928870414,-1.6825364454126968,-0.6363757906483953,-1.3367561480591013,-0.797502656784294,-1.8870531694473303,-1.479888486687194,-1.433126359031981,-2.3319165246936016,-1.0717350954139453,-0.9317714342266665,-0.6245416517604647,-1.3486606106830827,-1.0825810224292103,-1.2388934574288495,-2.9404847215966248,-2.15794975320437,-0.4498529625768586,-0.7715264151628397,2.828375998372632,-0.5245948903169253,-0.7751674236483941,-1.5049148330825504,-1.7029820907650781,-2.0499065062921966,-1.4666806766589109,-0.573893651904089,-2.141083509577451,-0.617005797920078,-1.422101886412482,-0.25152843076583176,-1.0726182241661464,0.22517510201711177,0.19978961106681115,-1.2951394339836177,0.6614254940014159,-1.6412499923055126,0.7866329417477718,-1.4805322498954432,-0.7884204605522229,-0.9449043865644562,-1.3906069680034057,-0.6998453812771084,-1.5811271470400179,-1.5929859068893295,0.21327230321800017,-3.2526192491482098,-0.9126564326228843,0.168556068881754,-1.0810988954167267,-1.0526031506996374,-1.2283221449189357,0.24034906022125457,-1.5239994934109466,-1.9673126958558087,-2.6609573894563083,-2.0758996307733506,-1.474647677680854,-1.0074130959123342,-1.4159763643701606,-0.7022398785194446,-0.8621937943989999,0.17419110163990914,-1.7436395122498642,-0.9902423076436697,-0.23836029715979268,-1.098256384958621,-1.3167680185063406,-1.3896656478399272,0.7831388302054749,-2.0500203967269597,0.3157429246745955,-2.911886249809278,-0.5749741342133716,-1.5539291031046734,-1.5860006792230268,-0.8129321399741827,-0.6378102561404424,-0.27808859295156374,-1.642171574116467,1.036710827749916,-1.209531636241231,-1.5143128723180443,-2.734657979196511,-0.6380790434744652,-0.5912275059406403,-2.328368768174859,-2.619517941541359,-1.0913015859332313,-1.1217795756436906,-2.767411816920597,0.18838611547499462,0.34980001797925575,-0.6406762507545514,-0.6850581011565331,-1.5375452923350394,-0.910509951466197,0.16155471303455693,-0.8284943578016472,0.5548526810563823,-3.2056304631226706,-2.190095967819439,-1.1099506610427727,-0.9580531782063906,-0.9572180536440816,-1.070444743597115,-1.7348153923141676,-1.4481435587866598,-0.20318318462978702,0.34175593136052496,-1.1310840339141643,-0.1604311933865843,0.6996152003822647,-0.8297427757452134,-1.0186402614253258,-1.383903928995401,-0.08413360165110784,-0.7257382719329921,-0.7353233094216982,-0.6535457107287452,-1.1567939179372588,-3.0373584853055857,-1.4128085084294582,0.8694559436795624,-1.4012522829299743,-0.27783204332699274,-0.3306673624269103,-0.7151601753283168,0.810825074228432,-1.8215803841561637,-0.4484163959953985,-0.4882638392941677,-1.2370974232530525,-2.958979503054247,-0.42303158788157924,-2.7531125407517516,0.3296170455022074,-0.9376410543011876,-0.21445772529822216,-1.3508094551532235,-0.6299893854959943,-0.7978226750609422,-0.11495843313198095,-1.0532842483057652,3.483995408579653,6.532945703371853,8.012835220948391,6.663337930681919,5.336636272272579,10.047499028079494,6.695123879230453,2.53594676736756,3.5513189342762677,3.564223193409309,4.720219544404921,4.419892185952715,3.719686142577766,3.7895589787227957,3.468965211964588,5.550414624518633,8.13393879513626,4.690345810672979,5.729437993568918,1.317935124027076,6.37164755356826,5.879826487260133,6.229920560752614,4.78858293446189,7.6784808587440825,5.184678926275647,0.7978131467137262,3.8461958953578144,11.256511762821628,2.5897225777339,1.9345357826855842,6.426133851983913,2.971929867956698,5.380610971958596,3.7971557731205245,1.5363356394823748,0.5548682374308536,3.279177802870911,6.737973795045974,5.6454208705246405,2.12068590059325,8.25858944138363,7.009597064252196,-0.4831061827813672,7.555757842993179,9.058393592604348,-0.21218026623682906,10.535355505636762,6.094177413745457,7.4713501991005336,4.188331759250812,4.002657193694514,6.850775416383874,4.6273583714789,6.41327174941741,5.437909003536342,3.9957698922925697,3.985253501874235,5.165955729783601,4.633315714117286,7.783875591767244,5.556851995612541,5.062514295315677,4.0056070509557,5.26180480924559,2.7538628827930776,6.2522618347786265,6.037379995394739,6.449194945731945,7.766205597892833,5.317981507723772,7.287775112288398,2.9238516182508327,5.058505884017126,1.8831025623835314,6.854918779520635,7.146051061388789,1.7682362828237896,8.348464382310066,5.320367648590402,3.4599623454626816,5.19145187365186,4.185884341442081,4.262356428102917,8.510103803000966,2.7036551783369114,5.10929826021282,6.4694005315208285,5.088960104040057,3.1904275176458086,6.849945371155818,4.9898075201243275,5.628433534200864,5.259013729055057,3.9128949945149656,6.934892420288654,2.462087540464539,8.46351165384387,7.1635163447005175,1.8229667934738,4.717848067651953,8.72909366497722,7.266289477503985,7.244658406927032,5.209031109808916,3.692771489723186,6.335410551227914,7.188421909978992,3.4015092377755627,4.891954414107936,5.629215461599516,5.637037228328044,6.02379349050111,8.201605872281489,7.772848426487675,1.1450304645470193,6.561698150228249,4.9918160528590025,7.810162002816357,5.794136118598131,3.999234270257567,9.964011895582773,-0.03127947767728845,6.456084082297133,5.931698804896817,4.403211613466365,5.003109534743224,4.528363538940652,6.17524679804429,2.2517652804507953,7.0019384163560074,2.665886104054533,3.101607084620108,6.340960589734394,9.001745064432063,2.3963265657172,2.379365276444009,5.544228727953238,5.44878919973268,1.098238289572231,3.782179393717499,2.4233269863720754,4.9241719699261175,7.194156999701847,5.070850723876418,3.6726369270065584,5.350556113580868,4.5945229185045315,4.374653074059368,4.326423399624838,4.103023066813296,4.433471252493346,2.7767075947266617,7.747435975096079,5.197595613600907,4.521672188000506,0.8084113946162406,0.5688868813736354,7.399950175851544,6.263461228789301,4.696753512033702,3.7276515482844808,8.396154207643606,1.9995725551783843,2.1679845897897594,5.082499037503061,8.615773377593916,6.289042929701333,7.123386293946686,8.080697730545808,4.419252402647482,4.051223631934613,4.129851869648185,4.0303555367950405,4.21438272518784,4.165682598693145,1.346238441864669,7.767236518342099,1.6656186648954572,4.772889580373573,3.7801175303963497,5.065927157982992,6.853680725795861
14,-1.9987919589753487,-1.284851721087305,-0.6006639152143862,-1.6542140699349157,-0.2161937434261838,-0.8829691215459802,-0.5406485847877538,-2.0831062570932195,-0.26682237186508606,-0.9369418885520453,-0.07822755177150331,-1.823426038515049,-0.02923889386396561,-2.849183256188774,-0.49295372605026944,-1.3026993974789849,-0.46441657796724445,-0.03011737752507615,-1.7793558521387776,-0.9084857624851141,-2.8384611040276333,-1.7965673946120297,-1.6398921834097697,0.1155240101362709,-0.6340009671672769,-1.6832406143400458,-1.5350124690344606,-0.9840353715510247,-4.290879238697301,-1.4414451910056159,-0.1379427239188774,-1.0495549853419093,-2.0975129760625206,0.07992550432127832,-1.332853249663396,-1.9675787779388516,-0.8468786221565082,-0.29387517627237625,-1.480714157650556,-2.479392229747349,-0.6565228216356702,-1.2048578602058369,-0.1889592827862423,-2.0438815873503975,-3.5754080417369267,-1.8589980556822763,0.2939138907133829,-0.6669855538176159,-0.41865941706893994,-1.9985974594370821,-2.0169651563083315,0.15275321926767527,-1.7830860154278703,0.711785004374448,0.6285224810574768,0.5085572708832848,-0.23389837317080764,-0.9998194165109949,-0.792977851276012,-1.2033785599047753,-2.0272841911123614,-0.7876429672624474,1.3488803421903226,-1.4059458031826,0.11524011744534546,-0.5619555166684831,0.8256548351783966,-0.21919929442282104,-1.5686045213455562,0.4558367351691386,-0.37542703928883625,-1.6320568289693869,-1.0006288586869867,-2.421899721719317,-0.3910464299529043,0.9409828638609947,-0.30203123049799663,-0.9208244335030674,-3.067281581580886,-0.6193603526694371,-1.9822701116482353,2.249718570442291,-0.02356149478294678,-1.8984396542422897,-0.9863662622718095,-1.5056041227007477,-0.9433138643528917,-0.9826523663341523,-3.0166523977070328,-2.3147441429572773,-1.2798941491943927,-1.097089964713063,-2.0119037080911752,-1.200681641234212,-0.1260694802773512,0.05186984892517543,-0.13813987736940292,-0.4159903431876165,-0.037599504161733965,0.491186602210113,-1.452513237045049,-0.43274069887151645,-1.405106069161754,-0.2780645818696904,-1.1194057602976426,0.41009484895211346,-2.462045087343176,-1.5699983420643828,-2.1090942513683157,-1.5141823541573705,-1.045407535902176,-0.9534044649288418,-0.6578329067335239,-0.9605933360826224,0.2875739428719346,-0.4279975218357167,-0.9573443358692926,-2.5658632396803234,-1.0042346886950553,-1.3548808524824305,0.010510605282845642,-2.5728440605524305,-2.717292319754546,0.20235716325033315,-1.9036699890458162,-0.4403172497904072,-0.2726489344835581,-0.47377691565777147,-1.9445210421771215,-0.38948089375590833,-1.2767542831279877,-2.7961261989376447,-1.2365082840083828,0.5558758742138374,0.8204907771422885,-1.1528371563871356,0.45987761000005545,-1.3696961974245314,-2.1590959631249715,-1.8558921834885358,-1.0507996781589528,-0.04303615679007389,-1.0665627166955156,-0.7106112142449181,-0.6135917293718811,-1.6756326668763661,0.30306594185301994,-1.0729888246429309,-1.5077109681807945,-1.2570061493673583,-0.9743262686373074,-1.7136725366418868,-0.68730669898351,-0.2637260307757575,0.0776834690157624,-2.3472959434784197,-4.144127353034122,-0.82413298531826,-1.1416115607190849,-1.5708238215546053,0.6040588048208035,-0.3372843391675152,-1.9012388673409468,-1.3356610722427633,-1.1253227333768159,-1.5247918452264977,-2.0792646246483537,-0.17117025214892723,-0.402088866619266,-2.146022490146909,-3.2270567041104985,-0.77117707879765,-0.6069905240143707,-1.196982136748786,-1.06800917287001,-0.22633601177390128,-0.11970075599984287,-0.10367194451608308,-1.007907842169351,-1.0684236149813287,-1.9120160888564524,-0.7432148525767355,-1.8928561603478657,0.027859695148477304,-0.8897144975663278,-1.1365348826303436,-0.33805412518585354,0.08997589278737461,-1.5847595466334194,-0.7936443405047492,-0.4308674273097909,-2.2230636087850932,-1.2585113250751938,-1.4689100383677691,-0.7686112198194307,-1.1401235594063455,-1.1020488258380048,0.18185165384224367,-2.0952426637117902,-1.822256563819142,-0.09187072755473258,0.538968987604175,-2.8926437902179014,-0.40998833269914237,-1.650976735013717,-1.7311004152844711,-2.4111354515305194,-1.611158392736526,0.4031322333242886,-1.484011356485799,-2.1489316043825135,-1.9038535617885155,-0.5419910976627544,-0.9487297024723447,0.7488910391750652,-0.7066271572654352,-2.538961412415051,-1.0050057302481645,-2.379517353341764,-3.0601367571245643,-2.3305333466062246,-1.4547484530336494,-0.5020796956298006,-1.0702694941916722,0.615710231623148,-1.624197199718766,-1.5556955248734385,0.22334233586592545,-1.8603420148109349,-2.1669657833089224,-1.428367571301857,-2.3016086244338934,-0.13548092841706438,-0.9417248982705583,-1.132874865648355,-1.1954607122004268,-0.6634877367917786,-1.5175531159106481,-0.9160133100530833,-0.3948499363080685,-1.1052377167051732,-0.4452159628572445,-1.581315132550837,-1.0878660801569306,-0.6723156658098617,-1.4254928095864015,-0.9893525283177819,-0.548706845403256,-2.241454719128005,-0.19383526187150446,-0.06731476216794152,-1.7379491417197284,-1.9025472849623366,0.2904086804161037,-0.7857303102188716,-0.6343162230604403,0.6348558079603683,1.6462235896305972,-1.7041205622985294,0.49890355937728503,-1.0751254833005015,-0.8823346542898676,0.7663366281535513,0.6173308347702415,-1.094701689192677,0.24051267136171672,-0.614352401104816,-2.2044652038142036,-2.8101364911512614,-0.48467605441729245,-2.3721817589746967,-0.21213657409511888,-2.1482814909796866,-0.09718666099157047,-0.8003654127895694,-0.7142219827288108,0.5602746883776251,-2.355457106940138,-1.5825979791245484,-1.4902770530721006,-2.885297197782094,0.1395672624382589,-1.3355384948711833,-1.258898443407343,0.12286942056867356,0.9916197261727324,-1.720165419437405,-1.7499706237154622,-1.20431209054914,-1.8747720052209385,-0.6314373004684425,0.2815222921200813,-0.9677225639417244,-1.1650593381960093,-1.5523585689818686,-0.15980362706358986,-0.5551588501243305,-0.999900339401683,0.7016246451715211,-2.4321825736771183,-1.2609775637595229,-0.792643296088133,2.293255216349183,4.475965638947282,1.20630554125359,8.529718864981046,6.44443130551926,7.103803630978129,4.665768232979766,6.752399410939881,5.667010145887794,3.909065945741216,3.7526012746484114,5.24675959905056,6.145946003612195,4.212268320402702,4.896478743541402,3.6393227838968505,3.0444952952320667,4.093350488817353,3.551927215781444,4.500946754648865,3.2522387727627415,4.717700044467058,5.627493922895562,6.066285922183941,1.8677972550394708,4.602549244457932,2.9671385103979766,5.772707672219462,6.718144454147994,8.355253706449208,4.576193560711012,3.0205103663167447,6.3218518557777,7.177987837404331,4.981234651482422,2.8326994130540806,4.712479136226214,3.9917936669394316,5.169648807002334,6.834644189081474,8.680722927938513,8.495128105284447,3.7719116011402845,6.586627287814757,6.876299042549853,7.291343105099143,4.127057128901097,6.917175218616281,3.7190241802539514,1.4570214241736945,7.48096123606432,3.29966762196681,5.4059873171731825,4.650142367481493,1.127217470180062,5.1161971426862545,5.655737804394375,4.763200719850441,4.225621377609522,4.057644915915011,3.2821592135673328,3.9576690803721686,5.722366926201997,4.626007831000849,4.687371413707555,6.467256757530564,4.555584062430375,7.9745108111122835,7.025956919735072,1.1623667626705587,2.7501222736711357,4.250262235354501,7.621325154857523,5.498386306199747,3.1708150435496663,7.132969551714888,6.977629789009221,3.7251999101296533,7.240552391957408,4.021891212391364,3.6168714204854124,3.9089670934857663,-2.8951567682696515,1.6592154529548688,4.031211958127564,7.967746418266429,5.151962908430526,7.7665690909794565,4.247515796627049,3.353214578635363,6.976154579635697,7.955429443501437,5.071282316559632,3.3267981936369573,2.16423200531288,8.379805197406911,6.975295054479565,6.378112783823649,1.3420636526958507,2.468496664090201,8.788269949978824,4.89289930774897,7.5801294515243125,3.8318338657187296,7.4134078054383306,4.208072261260787,8.961797845811422,6.689137726022613,0.7921421081713493,4.329684961526233,5.004758057772409,4.8290412451954365,5.053681379263887,8.416747839674029,5.9744397765667205,5.284827506968496,1.6103766372954023,6.536534510752421,6.702566374424075,2.6850224507594063,7.309214661282841,4.759321819540059,6.551053680287406,1.9860790034360583,7.0686152132172575,3.9571197394892215,2.4524921607438044,3.4977333452034416,4.271670117934737,1.7980943010459396,9.476554000243326,4.7146885906995,5.4349062638999515,7.383733824895534,4.328094116749698,6.201284543100883,7.829296218367122,4.6841160301677895,6.4715472418548385,5.11715464368825,3.6508887450884084,2.4485437860050845,3.858333681035816,5.667087292169687,3.8867933760176063,3.7008836993868677,3.238980648024467,3.8219232941787142,3.7870872282000105,1.4222259223719358,4.425028992023504,5.343836370854492,6.190036790681672,5.963110804830021,7.534988660680842,6.440294300724558,5.721202337628059,-0.5951593968048439,6.7491177161210825,2.9052789992739987,4.831989277513939,7.378307374326507,2.861005263812108,0.06007593743229389,5.2257641913381905,9.075022592370152,6.991738132566967,-0.18417982110969078,6.035739932078011,2.1332870090216556,7.7067896206808415,10.323360805703553,0.04836993271021761,3.0957080128480183,0.9206034414756266,4.47263202311386,4.099245825084855,7.680975415848707,3.066138955668835,2.1577749576630323,3.5734552158422246,7.452473455878759,4.966890546622499,1.1120628009486357,5.524252430577448,5.442791715818583,7.525275559335046,6.88336778720846,3.493087257643232,7.627137972675934,5.1941664899012165,7.854940738351141,3.744003913194666,6.799650240244549,6.0174052998385505,5.248096156691574,5.464666263623396,2.8268259422723836,3.0553640936771034,1.8603634074025965,-0.19488053121587967,8.93328247754928,2.4480869727458963,4.063091050272634,7.6530298988124414,5.357659795640441,3.8994494756645874,6.686803707194953,3.676385933030694,3.6978668688568406,6.22616242525406,6.438523316779673,3.2572681034950977,8.263603030822306,7.754164870134311,6.800393424050334,6.197892144812389,5.679297906078926,4.683676919664247,5.517985636680331,4.363162343075981,2.3028326870725504,8.446171802424615,6.53420407059751,2.9758489928058944,6.836322193967868,3.9303430977736635,3.215028435211196,2.218577029068464,5.904402123786321,2.0194151722612754,6.701938600730444,6.368873130397493,5.421860553911007,3.1502474583375086,2.8183301082762786,2.936469413998994,2.5221865342880676,4.466238637015015,6.38109996988009,8.79552102498312,4.818507072252971,4.460927996585602,3.5039248712670603,2.3481538763030008,3.699926518669413,4.128163015282571,5.115986644167784,6.553927948811989,5.4277433008066875,9.335745518660715,5.468990137002541,6.632376272687439,4.327792775380309,4.382729592317908,4.547348612269513,8.559320881027665,3.541098613835585,6.299949762727788,3.2366274208751866,3.615660777661917,4.154185598079633,-0.34172946338227117,3.992293332823558,3.9578102260038914,2.8481186809826466,8.46670554895885,2.218663645767284,2.1940927986398107,2.2726384214411275,8.838107819569583,3.127567644571398,4.523909541534011,4.3222348686251735,5.229867872636301,4.732937556852507,5.980813332141579,4.065822592970289,-1.5584228765137453,4.1618409415567665,6.4438586276998215,8.523492328721751,7.062215114390982,9.606421696576563,4.552542621133802,3.6993981021913314,1.2751931204830087,2.704119704997082,5.616050988076927,3.8652783249064564,7.908494536752523,1.0496764524449143,4.198675732471007,3.492298855328643,3.82458358410425,5.064118305689474,2.6200789067360635,-1.4122271982503678,3.249840494863873,4.982613645077318,4.869257941423601,4.971167268103641,6.318691077568841,4.290283815797048,1.0321714929352086,6.662666368179151,2.8940016826905763,6.199769924549313,3.125597759444195,7.524579390427169,2.191192798066935,5.023787312549528,0.30281452730631564,4.382261819991443,6.687375967855669,7.7486393904582895,4.991028238762453,5.992775371182283,3.2953059855170963,4.642081640709334,7.158745157749081,7.593715809768785,7.411432768270914,5.8230021838065715,7.968167366139258,5.702753079102754,7.5450954476615895,5.927199206368274,1.6809829297579726,3.262665570381793,2.546168663040494,2.611727568463541,2.645852268490946,2.642652937718232,4.637180267964537,0.265645376051852,5.594427310021806,4.292227585988156,4.723570340967861,2.2171957294041835,1.9013812448775584,3.237142945985104,3.0104249128756737,0.1990552725607957,4.595517506172553,4.888234541617859,5.431799495355058,8.05408164939522,5.336670383407113,6.113708339668322,5.403639121902601,4.426651268956961,4.9709865355939185,5.167917134874935,9.314588749180015,4.018333864369955,1.3972342580533366,2.279413455640337,5.480684597511611,5.518852626649531,5.04189740406488,3.735549592199437,2.716108524591757,3.6256980001876813,4.991045343755902,6.531754904664804,6.028384314684301,6.25980629897214,3.8924891335705714,3.1321902297440367,5.439396291130683,4.485485504785556,6.8723447776349085,7.890961240383499,6.458307994454519,1.0641475242216019,5.155758139778125,2.1419530561942426,8.90849223782105,7.792846132955093,1.8368284082434827,5.417728428841505,2.0988926605421945,3.3066469149667226,2.034574634079575,6.245296841563576,1.890438174076893,5.434788135900301,1.4453191318062992,7.616048803178989,6.7456061287847575,2.9710354286119873,4.908750921629677,4.9401933186621285,7.695220786097962,3.11747455910064,2.530305331394,6.2905725172667335,7.2900178585148145,3.549354887474455,6.791011259659696,6.326298097913137,4.761765917467115,4.911123483936888,3.6386646990186513,4.628919418567573,6.897107876084087,4.241195270898528,5.321857393124881,5.2252538290498345,2.5667504159599615,3.8769552737805713,4.7982783132139435,1.5648689990678601,5.78808204653113,5.172843613674843,4.278190864014401,6.793334750332503
15,-1.0622028837202713,-0.705693003767579,-0.9615697698021917,-0.9658131327504437,-0.8304098430974665,-1.020533996342933,-1.960887993085011,-0.5325286163106919,0.6436402840154487,-3.196643968149383,-0.7776832290927671,-1.020191504009976,-0.69410626143672,-2.2292661063821377,-0.4884007378517815,-0.825256213809374,-0.5145685776506369,-1.4433547327730871,0.056932922958244925,-0.8459189361080812,-1.170313296100168,-1.3416519332112828,-0.8080449992173646,-1.2841326847928294,1.0058244756276227,-1.8995772197532537,0.2976471376108625,0.4511597426623559,0.44841944804693834,-1.8677666887316764,-2.3727770133720636,0.4638810585595481,-1.4656093339166176,-2.133753845525713,-1.4540729398732366,-1.531540258180871,-1.3638637733256382,-0.46155553528429627,-1.6457844406628253,-1.1592780421571767,-1.6340754857438977,-0.8154092963266815,-0.714460856979563,-1.0969409696682644,-3.137927327652924,-1.6832118763408794,-1.1405818839390474,-1.5735653325098806,0.6496256825769071,-0.15808276523586484,-2.155815010630277,1.5441379717040107,-0.08628998451094216,0.9862627639192756,-1.1409265387902718,-1.6075070554103212,0.7024818692724433,-1.297439927479609,-3.38489900713599,-2.6521693302000813,0.7404124145886177,-1.0955075248981727,0.12079904488393489,-2.001845330601883,-2.5846561112469804,-1.6923256700301677,-1.1396145165577432,0.16381553245413571,-1.8483104956163317,0.39435778116814113,-0.49345751132169424,-1.6626008744898448,-1.06741873932624,-1.2955518553651957,-1.081331988132645,-1.052584266078002,-2.375346774151697,-1.669288009377906,-1.0871882316520045,-2.8894004878299375,0.5644439273382946,-1.1702438139513862,-1.566753768602343,-0.9092810965614766,-1.1004034499257354,-0.3005147783163181,-2.0068354765240177,-2.1263523087909832,-3.2013965461514786,-1.445296203264363,-1.5143926960605023,-0.23148152984663484,-0.5079607201328298,-2.093849023511853,-1.1767895621134616,0.605063862838481,-0.09433788619976202,-0.7620334296392048,-1.1620502932989314,-2.4897169203563156,-1.3060390089878828,-0.5095226575857601,1.0394894691142742,-1.6244200393433526,-2.2315065771350824,-0.08891858730912561,-2.207765580166405,-1.2726440753548869,-1.2682562061888438,-2.2026524345129617,0.11274291626226218,-0.9122710739959757,-0.6439016429480464,-0.13261451779692668,-1.7584735097785784,-1.7769373798962693,-0.02754617475624621,-1.4331263936082166,-1.0020575193271901,-2.2083339344992448,0.3039043879823864,-1.0343248012405197,-1.164416728602443,-0.029039140473738456,-1.0536011204870877,1.2073763705735523,-2.0518767276738084,-2.37368090350164,-1.9813334434053544,-2.5704929646184134,-1.1756945334282887,-0.5836657263424816,-0.503074497559196,-2.772958321585912,-3.033927364086457,-1.811685044240519,-0.5093038849730243,-0.9000854469704456,0.1325774552602519,-1.5971913275671537,-1.010707160158968,-1.2711037258135922,-1.3675272596519004,-1.2419801209306218,-0.17923560560379004,-2.061318035629573,-1.9605943951288187,-2.3121089573277835,-2.491071656579966,-2.57148748727644,-0.907306778084007,-4.1224544221336235,-1.923914257618557,-2.3223519504150882,-1.156751714255679,-1.1560150840547514,-1.4714600021071704,-1.5995693712595256,-0.8529438731526091,-1.36621065444881,-0.32594915382719225,-0.3233455340894429,-1.0700311442456367,-0.3163921506211096,-1.1625267195699394,0.5072759322118594,0.04002947595256989,-2.22059031256783,-1.3508160562397722,-0.2534342654222458,-0.9109212302698416,-2.0622914893812867,-0.6527561684713625,-0.6587167310792765,-0.47208625736445275,0.27282228684213883,-0.6463637385234742,-1.439784218012726,-1.182992648053961,-1.9451276844829204,-1.2222189813062594,-0.14113490321002953,-1.9847316811445523,-1.3185190043416772,-0.4761018314521651,-1.21413099315025,-1.5218336905225507,-0.5423860519360517,-2.876275739850085,-0.7657762325192647,-3.5235229123637475,-2.1507169299118276,-1.0021767535451163,-0.34681299108799557,-0.5506420040650644,-2.507303095301279,-2.267914654871694,-1.17890832634864,-0.20304815536429965,-0.734220220004415,-0.25518613223939846,-2.4579498104815434,-1.599633720197182,-1.4720000242336821,-0.5594727656912489,1.0435446869874263,-1.8888359101457817,-1.098598095189922,-1.8077961935969622,-2.073675904872319,-0.8670587011836763,-0.015474686085975575,0.1203124081850615,-0.4194237314423608,-1.6860891676729106,0.4256716900380413,0.29999075484216453,-1.185618051005468,-1.5365087771350172,-1.2181263022999405,-0.6225010183833771,0.011643712318107013,-1.3709013549275921,-0.2564375127601368,-3.479188237832374,6.580235329512298,5.1466592067175245,5.233305601496876,2.868182846017633,4.749776526755299,7.677924941286005,4.607639084032,8.327646372199215,5.521767574583143,7.360691355057556,1.3731102637173493,5.151402333731107,6.658027134529986,6.865099742818522,7.022873669011977,9.122418043004025,1.2691168357302987,4.517153551715503,2.6551232234892126,3.4134539254794896,4.759889250240611,4.445386843331296,3.368743268481281,6.97597081664708,8.32287224253243,6.174772502419852,3.731202687663016,3.7720190890857452,5.540492450891739,3.9857425731436695,5.372187320559746,6.197086848142034,5.1587748057867975,5.660291675005913,4.073109223839063,3.0306898636628716,2.682270643186674,5.8830903165947035,7.523229285404737,4.937081620567848,6.479283316827194,7.175836623355998,4.592773812698935,5.346236616646625,3.8733715706501783,5.320204366668513,6.691104675240997,4.193335310378718,4.111367691748558,9.19002788359668,6.568637545864152,4.956151423834461,4.900351361226367,6.772463783705236,5.348818620449554,8.390490842421881,1.960364156203069,4.455309647937357,6.690385780296164,5.839419444876265,2.498447783634925,6.057179936170182,4.180060811804152,5.950040842207935,5.741369160432616,6.776100878786062,6.9810436714586865,2.957293439349896,7.528495098596013,1.6502418874088938,7.991287734206639,8.018863780636845,6.740695417454939,4.8605661091177454,2.4721809280550984,3.674792364234035,7.5320354909019125,5.0156317099984244,7.040437665172168,3.5591870600483584,6.130197379012422,4.222112602701153,5.005417834655891,8.870740722893826,2.4464349125456724,5.766642862169251,3.8993362837112255,3.861934871998665,2.656524638602696,4.742244964479704,5.26580247471563,7.448043576765935,4.140373092216862,4.659121894726048,5.007254588587861,4.508158280301211,6.084307974912943,5.451538025536075,1.4083594509526298,5.632202055139851,8.531583976476448,4.7600033036259175,4.880737234595564,1.2174088905652463,4.788304683273433,2.0285872334076265,7.664674572561134,3.6981352679794406,4.039681789972565,4.249177257830059,4.4520216811612086,5.198693662141571,6.246136348401031,6.006567040864784,2.2200843432401487,6.67705140034814,5.129676338664411,5.580944854535391,4.637501829112829,3.2867849675371543,7.156918849083256,-0.11593196590361288,3.454479878124565,-0.027075069221424997,6.987852412124275,8.420939831532866,8.22500333109708,5.177133506247174,4.296732425003833,6.594774555607847,3.7611501507763405,5.210636061774925,8.456420292782934,3.9735070807312267,2.446028854912851,3.0079243985557467,5.995400642384174,5.204206768658537,5.882352641997418,3.3830847698200746,7.582965273581021,6.367003955289781,3.4240509978433966,2.857366910471944,4.699119090460375,3.953576652424485,5.594817188589937,8.534847255290641,3.8493318812255786,7.143227769257827,3.6233651328129204,5.591992746587825,3.7817722890222685,2.2576427064871685,4.45120075307501,1.9176413198345554,7.052538453462104,3.290302078305102,4.471198893118653,5.504549237494098,2.956254196320617,5.454505824531269,3.6354207931277465,5.748494294214325,5.616410683503875,6.043509232219007,7.062012428585131,4.13310241112842,7.689510122659118,6.989767149760499,7.80841101437818,2.0795510726152027,3.525760252304397,1.485657906658708,5.639039692698605,6.691456175670823,4.213290195122454,2.7624244456269644,5.292810204984001,4.709671857279491,6.671170509611962,5.459121940153303,6.4988911588495135,5.161447994227289,7.315138952816669,2.46279421615835,8.327882882694455,4.1267675637287855,4.91771247893659,6.198491947372796,3.7140948727101657,5.497627068226178,5.053373340356493,7.0875707647081105,10.555455824420367,4.847966315080236,5.108923824900297,3.6225526396498298,5.041469117697556,7.217840693115736,3.3071006662034224,2.3783448882876175,5.8369571828172155,1.6473590839620855,6.693648480242997,5.0858251133248595,2.252044315121276,5.3970608594320435,4.984331412785956,1.8052763789250315,6.46563304090182,7.402580083441559,3.4597208722162978,3.1892628787459705,4.201806754935467,5.979828270811936,4.445051878407648,6.744697460916514,4.738681282303618,7.142760924179856,1.791009772875281,0.5577646380170957,9.197156675297038,1.817476656607659,4.6941597465009055,3.9073163892861906,5.4067291871017,2.1804071087825605,5.092425421703201,5.679190098226986,5.558125231216651,4.465793709568731,4.269669397352711,2.7087547347778504,7.127033951405403,4.530681125992382,4.795719271063254,4.6210860524735615,3.2937229078671297,3.072478082304736,3.6081441141599964,2.6348399510086042,6.487068196003484,2.7562279403694645,8.992823956237608,8.4402056909527,4.231697772758956,6.548436177020133,3.650107636359245,1.4684298564599065,1.707957737447117,6.267663625205026,4.606219955862753,5.430115283648827,2.8225429581037775,6.678522438035307,1.8480928881201248,1.141652725317711,4.001816589567958,4.15230130440529,4.630938501567864,2.7284620853210133,7.45602157331551,3.170573076796368,0.33961169158663385,5.542441178264335,6.556071136271056,0.32287257273122716,5.785762551887812,4.93947933439631,7.001686875525573,6.320665702705942,5.621508040508658,3.3630345308180774,6.282283408988869,4.5508880169335475,6.58976200369241,7.934390648152521,8.09216713243758,6.666772152493519,3.9827013370656292,3.497060322684163,6.0757984137003955,4.431304846292846,7.02798945618707,3.1141949994303575,5.827183567156405,6.040622941661806,2.8044414556604087,8.420089280008575,2.288749156671331,5.024653233817115,2.6041017307214944,2.814272285575002,6.251072341661849,2.9481065558766164,6.7632739193577605,5.2378161847878495,6.868038241784933,5.311199595425054,6.119143001498513,3.7419133749840636,3.4287990037756906,2.8315395441434443,4.3085603615581745,5.681448807913892,1.3314089127216016,5.508671507503137,4.3895459048273855,6.013221875753661,7.539125747655689,5.641175900381898,3.069213205545103,3.3202392000145062,5.886611795418363,3.203277127375599,8.136814254519196,4.806458494492004,6.294289216452335,2.445001064316984,4.824086413461913,8.330713572964271,7.700689030981732,2.9058001319017963,6.047527533550724,3.020838531171983,8.641313864847419,2.1051075707886784,4.765436605350362,3.999418028682501,0.14919457331953723,4.141193203058998,5.918801265873506,4.3615806120910605,3.9328599816472103,7.801064433673183,1.958184608986595,5.357041778878174,5.76518576272789,5.5677155411943176,4.9316249342391805,5.358471879449302,6.1134296389199605,1.9114596744010055,4.9986284046497556,4.917847203820919,3.673250757155473,7.8725234822250325,7.712645361252324,6.482367406713363,3.988069369869327,2.8939859435391573,1.9011121158354687,7.747297133411337,7.150441854612704,5.990548321030324,7.335154388709518,4.698157383087928,4.523649969296549,1.8531428490150978,2.7347488721239723,2.903687580374099,5.01667471496817,7.595105167215305,3.552852933467798,5.2855215654370395,7.773533351168787,4.9923084292238675,4.931498425319785,5.126841176123611,6.678221768331905,4.675744765846069,6.346918767884173,3.3268387923534957,6.51399304134413,0.8962507007295306,3.777946001400931,4.859928297622432,5.164674770553817,2.1361313095311125,7.1400671936290525,2.0751983526262814,7.675807415183977,6.672367764274705,4.111807335198767,7.137294056718849,5.237606852136614,7.368114746237494,2.511938884883619,4.417082724302325,5.898248654063465,3.9094109951928875,3.5193333802210236,3.825915475718279,5.86223543087537,6.683681958862851,0.8531840804151418,5.445772195986753,2.914667221460134,5.831080018902121,1.665416317864393,7.533221963737526,2.926473575238766,7.9437890482020235,8.11950426997892,3.479039005968824,3.49071311834381,3.5919832272156498,6.686804290106012,3.0554841915812303,6.203955283224219,2.554262849193482,1.7170992708038062,4.410414505472246,4.412813362303829,5.711345637992631,3.1604807111326263,3.0906826492848203,6.141061195405194,2.47830769832909,6.3809645342911185,-0.9757350600386996,4.293377243056025,4.554873437664688,5.3184687791061895,1.9323598313819272,6.883410859490338,2.534968022891632,8.516210242449041,4.269886572369055,6.539040281073238,6.375129085807222,8.778487753838332,4.5127100211171305,6.744565710150395,4.886794944240097,2.8613827321642953,6.353589166871297,5.741292221296735,5.715253762578622,1.6386798983680224,3.9098754816361634,5.112639134871048,6.388985742427661,5.168501204809517,6.934525676484322,0.876202947683197,6.027021058599847,5.729522219795541,6.187168955847515,10.261550728236587,4.879153887498395,5.354089245796536,3.805584233093687,5.599608138150436,3.8829954822638406,0.9381481003657495,6.854212799598469,7.5233710027296326,7.57730540828794,5.8996499307442125,5.76202443341666,1.5686475581207926,4.709449232238565,8.841876690927101,9.034359436527065,7.039949501372489,4.951023163637175,5.476481297576464,4.526844610155859,7.712581101793562,10.28814895351508,4.669047905814317,3.0622366416512765,4.5811291111238805,4.988243041263985,3.9091104539086503,4.624626448762193,1.456807405908509,5.066065881746841,4.381902335873092,3.2786335430939357,6.935731854418151,4.724869181418702,4.9887637682990205,3.93701297893225,4.511004713661717,5.916517429417183,2.062357545502066,3.6270242105393704,3.09906019371111,7.250479254671046,-0.2987136984179557,1.4838948521435817,7.095982577189466
16,-0.7426819044543632,-0.7899776281921236,-2.0020029979592175,0.5275132210530673,0.4915773283166407,-1.304549685438719,-2.6325090888871285,-0.5720901811411699,-0.5987397051591927,-0.9881033456565126,-2.1510641768743444,-1.355831695444552,-3.65347500257266,-2.9694990203220852,0.0637622705668146,-0.6235532070081888,-0.6495259021742604,-0.6646454206597721,-3.196663322723262,0.06597361396137513,0.04567895279122869,-1.0845074079847101,-0.6226472139250832,-2.494472744248287,-1.0124951163311924,-0.7409038316128305,-0.15707099186429496,-2.198706015766102,-1.4732997066569185,-0.9523036924336834,-0.6520723091597438,-1.9015904231639822,-0.9118494395257479,-0.28829321963352184,1.5405224021940822,-1.6102540683174924,-0.3146719578574789,-1.6504129634012874,-0.6208387510573627,-0.1282422199798121,-2.1068641855864807,-1.7961813972612974,-1.9384448744483262,-1.0790462643676484,-1.5078152245522674,-1.0371216252630273,-2.124100188841333,-2.206773239275482,-1.9066089066933536,-1.2421583723802418,-1.7488992676458412,-1.3549607889891861,-0.6053079133387499,-2.421788333314743,-1.3407542129774095,-0.3817600133402004,0.6096700144278513,-2.4519977824136063,-2.4455104809901047,-1.1260787006759283,-0.47135687247451485,-4.8146727131956055,1.1378350503364727,-0.8924669062610422,-0.9953354434663315,-3.2501895393523514,-0.45515889358270034,-1.0750004243090199,-1.5195814033581512,-1.2440039747982472,-0.14207287148918446,-3.2403519383078563,-2.358392195736541,-1.513587746952222,0.04837276114311351,0.17947232951287218,-1.4614441186001514,-1.041156119932665,-1.4486616988754604,-2.7053685855750595,-1.3841485796688477,-1.8270727010111187,-2.6662194528799468,-1.318357278685259,0.5382442384755388,-0.31936852592084575,-0.6608984838500824,0.24090857373591978,-0.6678940010530812,-0.6953364417161124,-0.3569837540501972,-2.0843013439014655,-0.5330184490063168,-0.34683643322381363,-1.9792723617816674,-2.555496219757961,-0.012502487641324778,-1.1597243480966117,-0.567159511207695,-2.0729737117544618,-2.2966205423672985,-1.5334089463529819,1.0465273419647247,-0.8007317420980482,-0.9390465299841757,1.6010736844986155,-1.7091690182238009,-1.1873545612760399,-1.1941981983493375,-0.2959732153033726,-2.723636442789511,-1.156783625402971,-0.9764460497628012,-1.2334962385839947,-1.8752954477610206,-1.902435733990824,-0.5924101963881114,-0.4896215962316408,-0.49394896960634715,-1.1499425824183642,-0.8694766186494975,-1.2933347110268618,-1.7245704525427379,-0.6774643737499115,-0.41537965034685065,-0.8028953830982994,-1.864773126953508,-2.357412206185694,-1.1575579232256064,0.6008264524254459,-0.1411019658279642,-2.037080651871814,-2.113453054994275,-1.5318587171093827,-1.4781156398105217,-1.1829515944246027,-1.3896927527378637,-2.2654463645502783,-0.8515300219687574,0.00145157072077029,-1.8031980116911477,-1.1041367796848334,-0.4626458347240856,-0.10896771503608749,-0.09284256745834074,-2.6611610621096924,-0.14504161068582222,0.7454422518728285,0.3505209833389238,-0.8775814749043243,-2.203662463960352,-0.8576352948769851,-0.987601920048403,-2.3895080823079757,-0.4719310793905197,-2.477217761030907,-0.5278922569680042,0.19518576993690218,-0.37992354437766374,-0.8090393091696355,-1.1613801326314688,-3.287138955106886,-0.10907884125118517,0.02654255302826436,-1.1162613508866883,-1.5608071391766276,-1.1449129118983696,-2.236377721685299,-1.6259665647646688,-1.7179000861366838,-0.1575035433207148,-1.9342356937107006,-2.3101375349849533,0.5611005988928455,-0.05517686582804171,-0.3442602657586783,-1.6526305864455144,-0.41487903772286927,-1.0031074506527566,-1.6170742853363311,-2.010571407345021,0.3026022727588047,-0.3359485563892769,-2.5095389307878153,-0.7457311322860903,-0.019163065193187112,-2.018945888404105,-0.6232797094918068,-0.9231453203113693,0.23887556232770635,-2.1124687930452053,-0.9239451681462548,-2.7815083657132753,-2.1439560604010026,-2.8355866251028843,0.6219649579270745,-1.4888967884115205,-2.6175171794201253,-0.5713930354434965,-1.41876528174523,-1.9757278270320655,-1.3662336629818819,-2.1179584907803903,-0.21594402037435734,-1.1218633244084417,-1.8370639279283494,-0.8073803391958542,-1.5782437280517643,-2.8075300664168754,-0.4299878953875501,-1.3894472018206079,-0.9368019301336211,0.06429753390271897,-1.3180554055044709,-2.108457081591208,-0.3527849839998656,-0.7603741689915947,-0.36298929449729744,-0.5516669809765495,-2.5163427838236663,-0.33361315509074263,1.0900255983637828,-0.22479955679892838,-0.7861672814141951,-0.4410701634361601,-0.03205770741508951,-1.4682057623839109,-1.8842185720731095,-3.084128760099839,0.11450280634986876,1.2735015145868012,-2.3874654945308404,-0.7555126167161571,-0.9466656522742459,-0.36726510009836866,-0.8548128797055025,-0.15381791739468031,-1.9022993393048457,-2.4506965129994294,-1.8773411540546723,-1.291913758344676,-1.6910080521655437,0.1285987263223871,-1.116738137796676,0.19215596951173852,-1.7443917229342722,-0.22130014121810704,-0.3924274666312313,-1.8430022555305938,-1.224529997065102,-1.6428138529215248,-0.3832274291820048,-0.9083143310718331,-1.8057821303464494,-1.4598650420113652,0.44008268626700175,-2.5491081348919575,-2.0681090438441614,-0.3730938787154452,-1.5103840470131817,-1.527942498625769,-1.4956575407553578,-1.2390741503734288,-1.275412339457836,-2.460002127341975,1.9844701378226652,-1.5662436785690057,-0.702276748937416,-2.3179014703642897,-1.5320946842360785,-1.1746900737456483,-0.8952809220486326,-1.3124591333198161,-1.0665974820801,-1.8809663788023705,-0.8354306150449963,-1.4662640336596744,-0.9057362739913054,-0.5396508839272989,-0.33036200822195383,-0.8302277515411085,-1.2043559971025377,1.7729681944080893,0.32047844296876415,-0.691665321129049,-2.7725248281107806,-1.5197927108079137,0.38265709524587566,-1.2789602603780594,0.7543713278440922,0.10217956342888068,-1.1083328523469875,-1.2270127323161595,-1.0102886033342893,0.6553677125785875,-0.8013647748266848,-0.9837904228702627,-2.109076893696993,0.3947133508136207,-2.386384967328244,-1.0332307783227186,-1.6485366778560366,-2.0898954848642113,-1.9944927122480167,0.10085705602629336,3.9499970770423243,4.484129836255787,4.618194975509178,6.1054960648697225,2.0596981366696894,7.275022015756624,8.01638821096544,5.119384471463333,7.123186630509253,6.273329274424759,2.0341053435104635,3.111669880444247,6.369534926488088,5.149485698679967,5.3329162488513715,7.823961618937638,6.04352008386755,7.575011201568798,6.799058490597867,6.698793830356715,3.924470247265268,2.380138731445143,2.8205829110517073,2.4363658620732713,5.3955045794888665,3.5911371212251,2.909819797590096,4.1458535277140784,7.086885048332316,5.260685991372992,5.806987969149367,1.8780371996931415,3.6602209627747815,4.407771683780258,3.8091822937127713,6.816694615097644,4.74634762710804,6.136867258525416,2.1875047240019345,3.0909311648257085,6.7903656469763165,4.180823263380501,5.658051264621427,1.4024724049985968,5.054069551706839,1.7633951974099404,2.547751689590656,4.809778836671193,2.1890158569555966,5.262079497298904,2.4410825479822473,4.950090769302894,7.239089856034617,6.53519667849476,3.747665712551964,2.9927544378409907,2.2381880227468516,6.897498667560412,2.547349891098317,10.550850728578922,3.80348781480734,7.0062358579681,6.462948789699765,3.666433683703702,5.276066305660561,6.990961900250522,6.469175545762037,6.414220241866607,3.7690771243507797,5.943989463330815,5.431567098749103,3.748368521428675,5.099896892596038,2.9494174229554426,8.111069376661407,5.831244419256132,8.375145715939762,5.647608795238621,2.441977751414562,2.226601631174671,7.069617982259582,4.520551870199726,4.8934590274201595,3.7159499304692964,7.942224693594561,6.157454767955423,5.64162980158738,7.6942207576775274,5.2053173965296695,4.74628846157292,8.951671614363248,5.47930035768471,5.371436550694517,2.5414511036168266,8.6490486710219,6.1611675169295115,4.6309125740544275,2.229120901763279,3.637550100877778,7.038385558228288,7.149984373290216,2.382802168798245,7.7052789989927515,5.537564970207213,5.667800569582839,4.5874659896445475,6.357008515810371,7.085320148156037,7.229804522398776,3.513615835864872,0.7894780520836573,3.03637259267492,3.3709731565780507,5.152586136578822,6.36479036274123,8.496148015721134,4.888467455973001,5.595652308177306,4.03605603770553,6.057894736019128,1.8603229557361542,9.38842126006891,5.2084774944350185,6.070628504393747,1.2347064059799435,5.531774143719894,5.808883642097158,5.269335008555733,4.103396919405595,4.731006802373121,8.78308944542873,3.7363157226039756,4.927810441261916,5.889787064929119,1.7644889013026126,6.654984733602279,3.998261032702696,3.727820579315023,5.235795346401494,5.5264335712338015,1.766040284949972,3.6145154970771296,3.268046854505724,5.38738148937948,3.5362938715381853,6.510187151468376,7.5817523787434125,4.566373805256637,3.1671794182945843,0.9099081570346961,6.261193300889806,5.19747990986578,4.808339790412068,6.364308489865641,4.82510244341843,1.1414038978069878,4.484690425645897,9.723841482938411,4.16841400276351,8.08824866205272,6.097740916333135,4.410254115314357,2.897281884992612,4.924659588371614,5.672412834108011,5.463333096664237,3.7142661554176573,4.629765595926893,6.99701434537714,6.081753551268443,5.9591590153942,4.538956365428398,4.08506103255577,1.1802178900517255,5.272778783615483,5.059120370727869,6.613075434815108,6.732671620451026,5.940124818906322,7.637811999730337,8.296197947295937,5.881520123593022,4.905442117975678,1.3425832657004118,4.322709532533525,2.969604905932453,5.191094164885105,2.202184772105098,4.864979731326251,2.363777629778209,7.578919315043523,2.806552494376727,7.803910938425004,7.226973930394181,4.825369881469819,2.7397816411008784,6.928433347283981,4.987428749341578,3.7125230043737294,3.1291564095499824,3.9697431798699623,4.838654693839414,4.849136067216267,5.764659245961869,9.830981424346284,4.078734317121761,5.466849594324852,4.871898441695482,2.7907219037315305,0.67716760105208,1.191805475978295,4.684173001191731,6.113663062776184,4.301546596932083,3.5878561389551575,0.7357125968433431,3.391839341798828,5.715317968014537,0.5422778904500216,5.023132024482668,3.0304001446706534,5.066802076201317,2.670064906566563,3.7441024522009907,4.257902472622707,5.969778190793296,4.04850818940309,4.380106077786114,-0.5440329319122084,7.735861438000599,7.4345085022182165,7.082136862684684,6.252269306438192,4.895034779465934,7.683416680487325,4.792733657406087,4.068941838993203,6.375558039449508,4.709014514769485,6.991511877198527,2.199059138688869,5.783435255650921,3.460021680713234,6.483861309173614,4.7592034929695926,4.704056666414807,4.650604025206567,6.33727531417984,3.375909648776706,4.400552549517331,0.8362933179582646,5.793227200929299,5.321460578522465,7.339257805833345,1.1513190451281035,2.4604627314334877,6.601941904382852,4.074659445030676,4.23761031178694,5.41733581475888,4.045824096243364,7.65209325781831,5.4681016659419,3.499224013452647,4.9810306691186685,5.387478330089573,4.916176457023414,2.7685963168704157,3.0096509336333925,5.566774133673692,6.775903773938095,8.061214032034329,3.7325072434869186,4.177304723846485,5.104346982798414,3.6730352749774964,7.450126741206679,2.2714622414887593,6.208046483798245,3.768632450639613,4.13338892744106,3.878791155387831,6.20204886916087,5.9962233945220245,6.930059549642241,4.736288901139421,1.0359159085601282,5.356084064334478,6.8327986903136,4.122935020860043,2.9187092870513878,7.910332253319222,5.884571451887458,4.113800541603195,5.499948237169773,5.500443036989769,1.8025689851041489,7.020087284431481,2.870950565837408,4.454199987272234,3.884694386054286,5.747386827189973,6.171023298639566,6.796477047412176,7.135764234435358,5.127089726267733,5.8186634634706085,8.148792217297645,4.2046209022212,3.582956035806321,7.7510583624965115,7.302770824656111,8.818723640846173,4.466529074013847,2.7376492445970366,3.27765089518533,7.854545257565467,7.196816187037623,4.597700165476244,5.404089949712221,8.27821183316773,5.164389593353569,4.882328245332765,2.5421190718734206,1.803776903245872,6.00453046419718,3.1146455612425896,1.9959404048612783,9.132240862655332,8.444286418887234,5.446646867127356,3.4218857150820847,5.513913249997149,1.7998179970553054,5.41377768898774,0.683927609887724,9.780699011562767,3.518413460696155,6.126503499106828,4.424743553982577,3.0496493742414374,1.2403106308796428,6.9611638639346864,4.326605415791091,4.589299032036296,7.989811537825903,4.53480255551395,1.2757410162747829,7.558682939277254,6.982323355774613,7.7555944201498495,6.361924682140504,5.209040138451451,4.336098176550672,2.8228434600113066,4.849485745132879,4.980853352398832,7.802927190277256,7.8266582863036405,5.000631160369294,6.527850783261872,6.7162065259604,4.000697115711552,6.758556945876217,5.96483593888791,7.583473353235197,3.9674686115367312,7.157293431006713,7.329580050792202,6.521706451544576,4.359155423229678,5.332718090016439,7.385982551193566,4.856234076393899,7.526369229045795,6.213249917898008,2.6342375889215077,5.003759808466149,2.635073017682421,4.666619553991998,5.471812728503001,4.522682357247713,3.398891862351997,4.002516394943847,3.376111573329017,4.03693201673535,4.802540093456041,7.188834373328276,4.77580779949204,7.22474002453613,5.051307032147049,5.191065316629105,6.551929348003851,6.947947920527609,3.702627703238549,4.964573197253198,5.86324663072383,7.138472233751825,7.940455476040846,7.902857319475938,4.616483068070854,2.379259957882464,1.8729462748472359,4.448164547476683,1.9070255096396802,4.617407122284094,4.159830273685275,4.429678526726804,3.193874363536221,6.704906232373346,5.621046158211699,2.702293151221752,7.19032121780975,6.906095073094211,7.266480195444696
17,-1.609158184772174,-0.7238720908083219,-0.9861160786988346,-2.2606898954363013,-0.8950529363730253,-0.36079642977081017,-1.8703258675438,-1.5023523239466514,-1.9613214168141215,-1.1017723503598817,-0.6358582993668686,-1.659164478833787,-0.7611401042188652,-0.5407476252239607,-1.0973247853829715,-2.015044050418802,0.4539203465852497,-0.8813188198421241,-0.8296052107497482,-1.6536016548589654,-1.107982140436022,-0.45448181291923784,0.12862876431046333,-0.8649264329677475,-2.3678118074425694,0.4301132917772572,-2.8891028805852734,-0.3268157662040462,-1.2520822464919816,-1.238912997619412,-0.9050790403282966,0.6574212137305622,-1.0454344227347294,-1.680645390593308,-2.6396312749892843,-0.3948947747693534,-1.7594230044228576,0.9924327561143851,1.8388600622841045,-0.4822670746370775,-0.3537949894180844,-2.5946272860530093,-3.159626008163078,-1.2196893032676084,-2.2432438654071527,-1.150214118167811,-0.18419284888489984,-1.7798649005567324,2.1908010002803953,-0.5715508432329944,-0.0855825805466427,-0.7026892125404121,-1.8334620995051554,-1.7614144677290864,-2.608562394055733,-2.1822145047847723,-1.5087861943680259,-1.2662613672060092,-2.6502228466827775,-1.834760954712721,-0.9570864989322355,-1.1051540356392466,-1.3161122631335118,-1.1907636079821105,-2.0949580940075005,-1.478609252564638,-1.6953326995594264,-1.23240447550209,-1.5769645551182265,-1.086369429556693,-0.5626419612438711,-1.1505473855466137,-0.1392396658881372,-1.444044668573992,-1.058229932965209,-1.7966801767193692,-0.988489292674466,-0.8298827069680543,-2.8144739499014273,-0.7325815210839067,1.2616317808684867,0.1254540323979081,-0.5671010856397356,-1.1364215653137044,-0.5554314331345774,-1.2768996725688844,0.28378878230971916,-1.5081651345354046,-1.8232434876690153,-1.4556639068771982,-1.9018683263680243,-1.23486952384722,-2.998725625717957,-0.7840460760193653,-0.12552341550702384,-0.5074683104263114,-0.011369204142484102,-1.7551064807841055,0.3134450419588346,0.08395421910875345,0.0645799060438601,-1.1194750069989208,-0.7247016179725092,-0.658780127263441,-4.001305607232563,-3.6051115135019978,-0.4755753541355442,-0.9899955713473043,0.14929740896470078,-1.9390689717877634,0.3402265020672286,-1.9200258698642534,-1.922522183654571,0.6028059584665955,-0.3978976440909314,0.9923241373737983,-3.6367563407764374,-1.7979603761393257,-3.6220206302493865,-1.3843664802328215,-0.08023110303897552,-2.006762414578999,-0.31197982293230087,-1.7511433759360502,-2.984332925758257,0.7020928649148668,-0.7117622282820395,-1.6818423116213816,-0.5051349445135845,-0.810900429445138,-0.7648447804550436,-0.7641586741448724,-0.3158412735807927,-0.66719869888413,-3.944929518335523,-2.2991584332282966,-1.7337894935587006,-0.9072050847171447,-2.313914352258383,-1.77721934689633,0.6218638897167525,4.9624884473505615,5.134345105156888,4.016603677567227,4.0074299855909565,3.5797950426099963,5.968686220201947,6.186250868313957,3.694534819773101,5.369038435003178,7.0570777797775435,8.240772800632959,8.221582803421025,6.652690249451846,6.908745004961706,7.025128322571517,7.663996883436692,7.6595567995882,3.9548630932166167,3.7606374754655314,3.4349966044415896,3.038689697207626,4.1866717119769925,6.651950363649487,1.321125313392241,6.040341595033194,6.636843275702053,0.11318854656191846,6.214477765378272,4.044467411004603,-0.278732254936668,6.768490023600755,4.68818044928796,5.2408422292360015,3.8279882020695544,3.241197880490077,4.520143723335443,4.762853566717182,7.891951896159451,2.496101072443367,7.9564308271688535,5.067882110060395,2.816721189373451,4.746926192065191,6.316031229673779,3.527898167275759,4.364113001371475,4.335775950321237,0.8858447453013909,4.21377949901355,5.467840837168505,3.9943237045301196,5.103544353303023,3.7846505366459606,8.293778603519291,2.923109680788257,3.559731283119323,4.961605013288066,8.193948400749054,7.068634593344498,7.7106319632396545,3.735381147488375,2.1215395871446234,6.465386325271906,7.4721565661504625,2.364141968244616,6.768162554638968,3.752785724938771,5.108483685166722,4.909649565620875,3.361247948235944,5.087020510198093,5.122733663215029,6.9610418292937775,4.765293238745449,7.478981677241961,5.663939815565428,6.508719011633741,5.003678673149528,4.699798940532974,4.42035527712089,0.5088474593681678,4.794675611652972,5.031907931730989,3.512999568786708,5.334617072785863,6.595596544851745,4.084281848362019,5.559764767879494,5.204814568124218,2.946616955916124,-0.4284084104224979,3.4584684381474826,3.996475539175194,4.315011702722145,6.483583490366667,4.959988883431482,4.735266572244227,5.718960220576954,2.9350610847269487,2.930640697319644,2.5677342984561853,5.704634271902854,3.3660812832869405,6.77775679172212,3.3615819739039168,5.10237008350078,8.382829819610063,6.482681470078419,8.027620123332193,4.542711907042103,3.6790765112817954,5.241390225619338,1.4491741443934063,5.660656077765196,3.6811873390027277,7.47398319242871,6.594229970671319,2.5699894656202598,10.863795049867171,7.848756826871691,0.8183763212644068,5.954119964235521,9.118008448878832,5.198742978078527,4.108778408554841,5.016256653733294,6.948590062614803,6.653399983497594,2.951572149542322,2.8152022831211694,-0.08985198790441551,9.564614495399251,4.920806156221602,6.026904017905641,7.29544343618822,3.9017038548828804,3.4431085747241443,2.5468951867025207,4.68816755630546,6.555141751927294,1.2386529216823572,5.408339620051632,5.185580972353736,7.540725238004965,4.620497313610917,4.861467832655342,6.0522060774136515,6.578052512716017,5.9850327548391276,6.826599630939075,7.560905032922037,5.60518721585324,2.7960527366361148,5.687518366770036,5.964215722110166,3.6649714834001843,5.199341842778685,1.1110578486134743,2.8967282364891003,5.117491425913889,3.8930952624224155,3.785935557612239,5.791243219659963,2.294103886303752,5.710850343937456,4.982598214500605,7.024380361292432,5.799408235631941,3.4009943382584487,2.0639381228673424,7.902265692986095,4.941121708709253,3.356244900905808,8.597701592815882,4.168183040311256,9.717776199335324,4.301930392752153,6.586531455636797,4.8534133962183565,1.244221032631069,4.769068045622954,4.7804487090569285,5.763690598576874,3.4672358990774894,2.4838799303588353,7.358532926466765,3.077972677237974,2.069097154592972,4.50172743036236,9.016054957723114,4.789454743080629,3.9086245993396878,2.6215846760670263,4.200695142033192,5.68213054243301,5.260575126648815,5.389518221852733,3.9161504942968417,3.359049129279838,1.3836299912488381,6.9074148627769745,7.485664896484128,3.164717796197653,4.009765354063477,1.982799382043921,5.114254149769091,3.5739792369190053,3.2586788606617074,7.753532444567352,4.021517102387134,6.369130297380432,4.369565354997241,3.4063420718213013,5.69496734490144,4.676468902434634,5.703778336762071,7.292638419076505,6.754449695923084,5.930351485646108,4.492643196869878,9.573481637662502,6.138486647412682,4.334855604556468,6.142250847494424,7.993721862036754,4.125030336971205,2.0837564574181413,6.197526510906023,5.043726446369667,6.893382474920022,3.23561997965351,5.710928775135327,6.1541154120748915,2.2608903523447106,7.619440458741634,7.180353068813977,4.901905200367798,3.9473960909961168,6.121492061702767,6.87073929807967,2.5093525800499124,2.4702910088489407,6.386458461152503,2.8196447755484537,4.1511337136126665,3.4080014621436354,2.674438673158103,2.6411460822028117,6.091058238356943,5.510629540681664,7.679326440789084,4.994925133888247,7.668998464021378,4.611489466463609,2.232525047203662,4.539111479555488,7.807405904775733,5.1215738315325705,6.11255270943205,3.814618125060277,4.2625720247121075,5.804481839471412,5.007050293546141,4.736035952601021,-1.959582971456575,3.0431059524831587,4.227480163624819,6.647818178779157,8.967651245591998,3.8783128356131376,7.397865773060666,2.7575177282035774,8.126535755128833,5.1815929251494675,4.323806480435235,5.993923395584003,5.056830884257249,8.100941960822967,6.08064670342588,2.2587792222132568,2.057994473933967,4.747246447946189,0.7790249831412561,4.658635755013175,5.584297229860625,3.1322585367280142,6.20988219307779,7.443458593338335,6.565698195150613,8.61979131030776,5.93979173563675,1.2629200983038875,3.6130805317589125,4.463577949201625,5.7525156419282855,6.6263996442664785,6.201218060244097,8.899740121606104,5.692896302524111,3.4973054209386323,4.300793188417281,3.373633996582458,7.125405782980124,7.213375489302081,4.221698733879499,6.686015516171726,5.755521540565886,6.361605938377194,7.582265438407087,6.3116821140024495,6.865295659570988,4.90031181331601,2.900979325793911,7.318373250243557,4.2328714905232125,0.7058815557459122,1.9758869874000942,7.248718526482563,4.875541278337734,6.876286597400315,2.8021519263412107,4.454846111428598,6.1307363252497815,5.518551459032987,6.80851271621983,5.7363961301764625,9.473269367374936,4.679186755773474,9.742066165436501,2.024921292899755,8.83000563495965,4.8562227538240785,6.967810986466162,5.399005244101016,3.3407266681626098,4.377846289366046,1.3371300165415971,8.499486929939419,4.7062859506552766,8.117764614109191,5.929583977979482,5.4687078091430354,5.1195354181827355,4.32637196342032,0.9758183529869466,4.7847393415047526,7.882576276582609,4.580649206049531,7.198092344304509,5.423413053256243,6.99249397783528,5.522263030882745,6.013665074128401,3.1208216021270383,5.791790274536753,7.9095259692962685,5.586926069954114,6.480595697463864,6.5831450329602825,5.034359554722575,8.395519068505886,2.686613261375403,6.49342225646076,6.636889050614686,5.006771683632559,1.1433590895228285,4.396164966750474,7.349080792553414,5.944331710375771,7.781449207386862,4.736218910927821,4.501892012160812,7.041353668830216,4.979114587598844,4.6477272045740285,5.178539120921,4.537017768722579,6.602839237207943,5.616432113569795,6.976879122136938,3.9803431518655072,5.2574865933646,5.7224554741135085,4.598047985472885,6.815545549547677,4.313015477990368,3.3584909501166775,7.483600628972778,4.620061861030721,3.812445662030812,5.400199225494333,6.211584505388389,3.554800400875912,3.6196623510987074,4.595222911326937,5.394458871049091,5.43489653899544,3.3386775181907318,6.137433705186267,3.5471096251863665,5.5945039259962375,3.12576048183493,6.581668438528531,9.239113029639402,5.817482042464828,2.189443826315896,6.270197241185392,5.987746884729724,3.1741214472990062,4.393128960348985,7.421071434560181,5.259384117358106,5.569986755292254,3.57602372804239,8.047770725052283,4.349533045441454,7.372971678743763,3.7254631508981717,3.577031589357646,6.683870395598124,5.004293060193555,2.8603845747769423,5.858106219490018,3.0777123669066926,5.626660373288208,6.170684567717737,5.104086386784647,6.033548448296907,3.365635069734899,5.612854698348463,6.808314436743168,4.091382664004376,5.613434988974065,2.4464192690413658,3.8958381467492984,6.904595915270072,6.874355937785714,4.302378333538261,5.075431142247578,4.729698222329288,5.857220394146804,5.466593852807819,6.6965876320571205,2.9363809821997284,6.463325336206276,5.307476976975092,1.2495499400363999,5.56246328453701,4.920107026447657,4.837288699893137,3.487426408360782,4.914721913443566,4.2222693990954765,7.44607949061149,5.492403183661772,6.9441404590660865,4.979522552276937,5.731512562067755,3.3928270526719007,2.9006231015086184,7.242491391376347,2.696512713350263,6.228361549448335,6.283978059464061,3.2107349952793482,2.362402844097206,6.280752465664143,6.5513458025462565,4.967361145941744,2.930631421021829,4.201799716445061,7.677694181403794,1.111429886301702,6.792527019089819,6.27257233622367,8.56315578423738,5.135737659031955,7.171235232070392,5.785708357312148,4.784341950122761,3.4130053072233375,1.210079493068624,7.768999860719145,4.210437005838121,4.823266691833058,4.090831914267388,3.1723619411743904,3.65621714135306,1.3205552600145762,5.195150269768989,4.4789176444180105,2.5169302961470477,4.804519598082306,6.163215808097103,4.66306459899337,2.5262410593126683,6.988854630664513,6.205358201555484,5.821856180697466,6.216600164754878,5.582716866864417,1.5310588330375583,4.444968743056936,9.385594594920203,8.002625971534354,7.069175552034617,2.453536608053064,8.344776022328702,4.9609629129182755,7.503841766721005,2.971153674696986,5.254358843409906,7.9372482225912755,7.404949244467456,2.826432349293264,1.3543998440252567,6.532998931697175,2.294365436835797,2.185666551982016,3.0329882594869915,4.995393746856474,8.898003410793805,4.21748858297603,7.389092731678057,5.931795413426843,4.711997594522092,4.311380877837629,3.1713808585963292,4.581670012591256,4.110032578233193,4.215275818778659,4.716426952987073,5.768598283734665,4.95834681561461,0.8154348952062227,3.7853606250717977,3.6144668311692136,5.624070740372017,4.567208653720512,0.7433438916746642,3.8933288159728416,2.915493787266127,3.816675413595804,7.468467108109834,4.451927306426921,4.782707073343284,4.985438661846511,7.634023767027752,5.476287463894565,5.8729532811573915,7.248969444450493,7.549001469728398,2.1755376677430585,5.670737516275355,4.3986107260905,6.186168365380765,8.393591693820317,3.767575872774926,6.5192511516466265,4.857409050502448,6.7585789650314,4.436291838736411,4.412693334298666,3.8799143052170653,3.975288412534745,3.832477238004249,4.807112071531326,3.638005051113159,4.678160210749873,7.2636130106992045,6.582574517810241,5.129528365416417,6.800905997195115,6.6852964709115215,4.306553040403,8.754071995435224,4.639692731891922,3.571003705860956,4.739386509263204
18,-0.4709276265503687,-1.1681991002758467,-1.0064265173772813,-0.49432622296087114,-0.7932702191815543,-0.4132286600050924,0.018029275006927525,-2.9137265531732854,-2.009397026740773,-0.5772898989140776,-0.5531692081940267,-1.6172190788331022,-0.1972804403848093,0.685728123603706,-2.45703338797438,0.6234812817461521,-0.8365344635952041,-0.1358311206740357,-3.8861104835243494,-0.16763807917786178,-1.1809353970998138,-0.3374765643995137,-0.536133771652149,0.13113588497539563,-0.819459633791972,0.3606884927096503,-1.0175284583320634,-1.7207458833722065,-0.5377563047141525,-0.46777212959502257,0.1369415199521753,-2.5891590041077084,-2.065880651501738,-0.8626417329063812,-0.01659842692037483,-2.813904588273297,-0.695399670280435,1.3145545624063204,-1.921216300924718,-0.18891437844504289,-1.5375731165910531,0.2790038448252301,-1.3118143533451094,-1.8251963130626996,-1.4310751107903332,-0.9487134185576442,-1.308673825056319,-2.374459971983735,0.6251015734643282,-2.065311225152668,-1.8818497609505114,-0.9260639599777947,-1.8952603844236442,-1.621855451770971,-0.2223666161820136,1.3404067814235856,-0.5320766173032165,-0.5840991624073235,-1.382762605163215,-1.175032004647647,-1.630677927578843,-0.96365127550382,-0.21648840668072655,-1.2450354791157334,-0.03423559108868268,-1.3800084992432706,-1.4402500078248468,-1.33414641026503,-1.344650763533602,-1.149007835258331,-2.557782918367347,-1.174034115664807,-0.7146696480963153,0.3441019304147164,-2.692301114260583,-0.10121286664373697,-2.808328763542459,-1.898535177244246,0.9731823987484134,-1.2248819377748772,-0.8516493178239339,-1.8439686008182647,-1.2259238355025948,-0.6677969588896673,0.21232566687382026,-1.6058559626304616,-1.4750754036842277,0.04571721108281457,-0.09342376324943469,-0.7868827952794091,-0.30789787588838635,-1.4656667441811884,-0.05293936395168808,-1.5820496141686726,-2.7593926603838623,-1.2574514919665727,-1.2420759311680614,-1.354020420696069,-2.0124078551772433,-1.8588294673473968,-3.150148500119302,-0.679928829559212,-1.3023274168588757,-2.054249814303394,-0.8179805871867566,0.7345301980978776,-0.8208219172565816,-0.5319909829630955,-0.5111185995100711,0.09867591306442192,0.5774340006295786,1.4240366791764134,-0.5808843885532593,-1.0871684986019479,-1.3594753275352371,-2.16279347314103,-2.3361126668149756,-1.0483684019960597,-1.0907688194762886,-1.4212259592928038,-1.523067651271544,-1.2124054814764698,0.4475965628477676,-2.191824925405531,-1.3236997084025717,-1.8755224999339832,-0.10172441058177983,-1.9922483080907751,1.0221796296712613,0.6980924906358961,-1.0752184992023255,-1.0904816109779498,-2.165782298484791,-1.4335068841599028,-0.9080693226678127,-2.0904003015781205,0.07425672974266706,-1.2127053568972994,-1.160153692428763,-1.5558690083982416,-1.1303679025951237,-0.33117321858301496,-1.6080586088110786,-3.0977037881756555,-2.145769717234506,-2.3131193632872287,0.5164564060591759,-3.0416157768830163,-0.03523793576165535,-0.591176655149312,-1.4308602227548202,-0.8712248761221355,-1.3637231371855827,0.5578993947209125,-1.607789375737918,-0.5474667078927533,-0.5546686815610538,0.10014624069429723,-2.655207207246171,0.19648138583425423,-0.6665677913017491,-2.7604871318894126,-0.7801512338241433,-2.0185651347907845,-0.34275744494252813,0.49922008844902055,-0.6706412433042948,-1.940813093006804,-2.1928109348398386,4.7396114982527475,5.768283093404948,2.6958477211242147,5.522228507991905,-1.0108732221828358,3.256742657033314,4.377591856865301,7.128321782286708,3.103347720332816,3.9777750853769795,5.196295214114814,1.9947052362324866,7.893369133699112,5.122227125620469,5.857937013550841,3.7369642826569454,3.157510043648477,4.686919837508955,3.097983503495662,8.422857100478685,5.5803007568951415,2.1369498019367685,6.5919492304121095,5.178094122202613,4.406333621059822,11.080525368010612,6.07559380791826,2.6482147048685065,6.4707681898741995,6.218042732287962,7.204052032273449,7.6524283514102445,2.4613225206920877,2.6158754848328796,-1.2009091209853908,2.797385387905141,2.7818022476790936,4.774684050260899,6.01856345974537,5.749054692367706,5.79583423084423,6.084622829488178,3.5543337680954465,5.0993357556925165,5.757786572189776,2.6856270200766224,4.384482148662407,2.104178746483646,4.987586856851967,5.124883182604443,6.170121232707952,8.171820050949822,3.190220278996345,6.962811742928319,3.9578385515732224,7.091034389346872,1.0069515626801406,4.293670203838297,2.5645082619731983,3.6967074913831777,3.4862014959056653,4.797736614364029,2.509392464167952,5.103038779883165,8.35002920079981,5.827068899589635,8.155137021701716,6.926508639149908,7.239877171150516,5.2517617605768985,0.14357142348671648,4.780171164729606,1.5495903563626978,3.5012094451178064,2.8379074760759013,5.04974739515194,2.6272981861304525,6.94174371790259,4.073763608405437,5.747558219175884,6.062599225368222,5.258545648022881,6.043863301639846,3.6667581200387294,3.988052292766597,6.453761971609761,3.2204143478981004,6.099471629004581,6.457437737519642,5.288903274454729,5.821517077594484,4.637670717646741,6.548104535776669,7.385625498323127,4.484920779192132,4.702861666911517,5.967914209940786,6.512591323125819,6.36279793354616,8.484163415421435,2.532328883983058,6.482585405536924,3.7676258307879085,7.750800164224166,5.352059439827207,6.08866787479143,5.751283333687652,4.590607633023864,5.064534728281572,3.4895784100314664,7.064166071136503,8.038325386072518,5.049118847426704,4.86018829129084,8.82756758724258,5.922670563741396,4.68030967557211,2.9358484597629375,1.970867382069787,3.804858848137098,4.314880403332446,6.820412770128019,3.010885714071847,3.8239166054021467,4.449979420813677,3.6065534936621395,2.9956870016135086,1.1042299946787661,7.077424780719408,2.8253839125491513,3.601652649907959,2.9970588796968247,3.692249138209784,7.254133230190908,1.2730231866892603,3.3766080630212754,5.396793859552286,3.369013813792942,7.204104570152937,10.628969415001912,3.537838630624739,6.76151609509631,10.298648019149415,3.6968067835530647,3.897775733513301,4.167385510220487,3.253822632179748,5.398407635013106,1.265404947532967,3.714232722064032,5.365268088964113,5.433257555891168,6.330204594334039,6.680557098076916,4.296245384464974,7.85999030647519,6.078189169014058,4.662252899603212,6.9346756662388485,3.7842525703566414,11.234024594892722,3.9944199071743607,6.921028875172338,6.112142334161233,3.9475741399658784,6.5524928775807245,4.843776705220875,3.978960713058112,5.81225114445777,4.066207098685077,3.585851300261606,4.898805870098713,4.791145135800339,6.563749216207885,7.1038292639870235,7.5015365629956134,4.168498423506434,1.818441882481466,2.6952608992785563,2.1334012539285494,3.792616012355152,7.18066455871624,2.505087707474244,3.6588300640345635,7.417727013738132,7.895891737559869,5.065864855686452,4.373209550167024,3.4556504317011534,7.070819032054031,2.0290237132018842,3.687948191868351,6.874529615793751,4.237370909145869,4.911892462816527,5.041133345254713,4.079220156903363,3.385372272245432,3.0609766294067065,5.798970633033209,4.859337060385058,3.211366896110265,3.9522976032298507,4.275984707826768,3.443246327891968,2.611488229619713,5.618489588940754,5.833964221730715,3.9130301611930136,4.42363409062544,3.2899603930469716,2.583294607773271,4.735634683636087,1.0680059593490197,7.075074109326611,4.39951976540064,3.611626812494471,4.746479786030032,-0.0017754668176070965,1.4829091080534118,4.729489924965677,5.520716460161001,5.648897299909298,6.5162993541182335,4.627209029091677,2.6227442460426147,5.219493988293856,7.594177143128711,5.305751518772356,6.596398341006933,4.435707600524128,6.692758787235985,2.4303160643334327,7.78994452243061,6.370942424707425,6.001443119506311,4.334478975616161,2.759162834686965,4.780870927603805,4.108992277408264,4.5048083594074635,5.162128206876724,9.25791499296404,5.504394268462856,2.88211134964325,7.038022156893523,4.318083845511165,4.2480759003131725,2.3861923293821676,4.29184551958538,1.997708246207757,9.993654097974112,4.294512030178373,6.585659846555782,3.0407213280663496,4.866911036683318,5.001779775664382,9.375210088334825,6.65912643141549,3.63296291519642,2.9419365991425432,5.598394227339943,6.0088376050448264,6.449463091465993,1.7550511864214409,6.2041588828082395,5.639732338340822,5.365948704503769,6.456505378541614,5.193354988616557,0.5658269513408145,4.32015549716913,8.168014297035379,5.7287552722708295,0.9391440235973239,1.9810163121780344,5.4491261221879,6.4293226402162045,5.302598515452684,4.676814154565804,3.6585506162903734,4.702094695834277,6.670763242480671,1.4769412614548032,3.7653322855994773,3.488684167392869,4.78552560889541,9.413316544722326,4.033168063669552,4.976673335052201,3.051963338534838,8.205239948395871,9.011680562208664,5.966146237985113,4.901615634869159,4.800415171765942,7.295012179940872,5.658241231792529,3.3843384767774927,6.913728081686706,5.059427715653834,2.8997220098743686,3.6011375331276922,4.255168733411281,4.788621480129035,5.101573323486071,2.6327953811966633,5.203030474361273,7.500212447438264,5.035590453242033,3.5957704871668117,2.5354260437735268,6.848547869406002,5.161956664894746,3.142785632342749,4.6797131592449475,4.8791478233833345,4.052182948289246,7.2348183838146,3.7929535323231107,6.442003941150179,5.81240670595473,1.8639994033448954,2.794885461070813,4.605964006303779,5.461764334004606,4.620486359364491,7.588019235563203,7.7442746069344714,5.596554788193101,0.5803582588568714,5.2766799559287145,6.147419599408579,4.930910415037434,7.576732062424962,0.9919975483820007,2.2363634654419506,3.880140999410032,5.098398941326109,-0.002724416401429508,5.962362919370945,6.413898952611934,4.8531034747653665,6.609705623639466,6.0471276358442045,3.8843094285693818,8.022758996767147,6.482546540399876,3.670768403113027,2.8949933740819485,3.15670885012218,5.86606733281608,1.8104367580362726,5.093366821136128,3.588536667539347,2.3683944358540314,4.715995163466069,2.3095626436860464,4.437505307992559,0.9348405550509531,1.1796079261748762,5.479438500619966,6.292108966563898,5.295405480054475,5.024840731733093,6.782000606322013,3.999053699415695,7.767508378927911,6.061775702697279,4.954778482484065,7.164985648164473,5.5257104723459065,4.2373594953411615,8.623518942299919,1.6565185662348507,6.667651228653715,8.576227012570092,2.324164467052729,4.602750153539545,7.687795872242285,5.302282236854502,4.683693456936202,6.411696519447433,3.4116382880558698,2.1149393477210827,1.7871552141594038,1.6373835491794066,4.68667886240071,4.362735197351574,4.382384664211155,5.621053698901574,6.732898431567232,4.830697540213808,3.4121829090500664,3.067096144087201,5.688753118023613,2.808447791950741,5.457459291979799,7.326683022790375,6.1277027970329545,3.0506574752795994,1.558910475762846,3.459738677912812,4.18479650208075,2.8856177186725676,4.926764299853913,0.9796304439227761,3.620957638320332,4.238639437490152,2.10567084801506,6.990511494459681,4.887834311355171,4.932131197205977,7.830699665404175,7.266118926555102,4.818045017106323,6.2616045921956704,4.315863215740478,4.950523960475866,6.488063939948865,4.084673165450504,5.056609824497235,1.3632858876712635,4.775903786138069,9.188514287203208,4.934811301226047,4.420861606849789,5.602879228236823,8.615223390006943,4.404991605429128,4.386879814528423,3.750857851691605,3.7322108840604287,5.540869598437071,6.030484926472682,3.4516623637994774,6.3894176436802645,6.405404805591612,3.7010731829301555,2.7347286126077095,4.112399437415951,5.242609030802495,5.4729896705594125,3.2047089165448472,4.5653323730329145,5.08144474742441,2.8719564147824537,5.465558400307084,2.7084822957588734,4.506134593478062,5.42905395996142,8.768602881257413,2.540851550913626,6.49848764199602,7.296176921516778,0.7862671395391923,3.6059271884009174,6.365038904569983,3.3787957667451805,4.557132798450529,6.031123355701222,2.487298546445635,5.595163874756053,3.641710506539769,6.753069865351898,2.804757817525314,3.5507292478080013,5.6381950522753,0.09154409504849781,2.152495980635263,6.157920482789753,5.87339926793543,7.531581167439726,6.658010355946818,3.2747158857844996,3.230174404395381,5.711622013040605,3.672101380542576,4.999680879267871,0.9181198390560743,4.578634877240114,4.762234118004626,5.263062221364436,3.598704176152597,1.3891890744658162,0.407187762546231,4.909057874313468,7.047047271062039,3.187854626768157,4.7606305163032445,4.756029821254181,3.379158492848612,5.389515219974428,3.474000297226975,2.2430739502229238,2.6203207670531112,5.6089603913951995,1.810388688567759,4.808347980595937,6.758100476010924,2.501021380401193,3.825241205062298,8.621229533277644,6.321454254664236,6.572369659015883,3.006014156139246,7.873952001364563,2.608641118287398,5.775911965246786,4.98923555864674,5.92075198762555,4.233611250544402,1.7232323841278476,0.21660333129691534,3.714695722106221,2.3038375609572035,7.874638805086394,6.211264682641078,0.8684767221111507,8.17316387420328,7.416357512799717,4.211529775530634,8.082686460101332,5.519591117771046,-0.605075445750793,3.7821515527283562,4.6042121286707545,6.828294147887896,3.8940209928111065,4.441434240348831,3.1697028632302713,7.203963567680205,4.598276998645126,6.859648159740362,6.334215619718763,4.683287077969628,6.40047558542465,5.124021628170158,7.144411847518641,6.069392475078178,2.1975235843591316,5.759411694486317,4.457580756367759,6.251686576248022,5.696853722240375,4.545311807840259,6.856936617513679,4.250079993010724,4.752152693433009,7.602800177801745,7.161717849951553
19,-1.845009034594255,-2.0822089920925517,-0.07931757476984025,-0.07344476514613352,-0.7707202946548604,-2.041743481142338,-1.7852461976265195,-1.1167761906325822,-0.17431530478645751,-0.014606724066911325,-0.7422795129708787,-2.6345662815885644,-1.0581477213721655,-0.777709369623989,-1.2802477962832413,-1.8852384870349137,-1.459049821234601,-0.3191240811833572,0.4155159527064405,1.3981192645520508,-3.8481137563435532,0.4828761741504619,-0.42403000369299093,-1.2585042426443642,-0.7829468549671941,-1.5716508416717547,1.4085237636101064,-1.1812375858212258,-1.5044372609922494,0.48828915644330095,-0.9169981442550378,2.128584516549881,-0.9867871773336191,-0.8857913580987645,-2.912818690589761,-1.4553663812823303,-1.5566207679044095,-1.9126276417224877,-0.8752206645236356,-2.4064665724912757,-2.66697869158918,-0.9088838749839944,-0.6058169817651505,-0.5820241335192315,-1.9374452938760305,-0.5609098252646694,0.5854344912385832,-0.946478028075569,-1.2422855813831277,-0.9145075363179344,-1.9945338077543262,-1.5023361616052902,-2.2388176335828973,-1.3294737482932248,-2.6130155131653217,-0.8901361378470216,0.2643299762575133,-1.4607171260061722,-0.630635303426585,-0.9684142927174603,-0.048987778288003936,0.5555342954074078,-1.6360683892456764,-2.973222022623696,-0.00048417612215689854,-0.15533886864798419,-3.3111475430884822,-2.197459563022277,-3.69551032754153,-2.935864454052822,-0.34116269621887074,-0.3105572500071454,-1.6732714102923245,0.13773720248156374,-1.8972755474452643,-2.386631351503521,-1.2310283845782168,-3.1989059286765507,-1.020019669238816,-1.424586322893656,-1.3803916100834197,0.26663809654092896,-0.14299845057390448,-1.7300990599951318,1.298975350563743,-1.2216806868966172,-1.5503297165894816,-1.6714702875885257,-2.5712637887263883,0.05902983647172033,1.2310391012900719,0.24718632662091666,-1.5662621509694539,-0.18405301267201002,1.3008340688002282,0.06877491973487682,-0.8720189913315,-1.524799599014768,-0.338479854442297,-1.5899955036166693,-1.686274597298199,0.47360353803810185,-1.405036849307562,-0.9760594439591291,-0.14129284548745435,-1.0490857082295653,-1.9408561625947802,-2.188487524566993,-1.306594944200125,1.1106539329512337,0.17089947625333868,-2.2017462111647825,-0.04097653964198278,-1.815453779148267,-0.6517451931745859,-1.7460566934201516,-0.973625926559868,-2.3598464427578,-1.283596422160174,-1.3493569777700263,-1.0884763540609406,-0.6015799158406762,-0.8534530987715867,-1.422872330566065,0.7532500739959682,-0.6192834321573644,-1.6197127115982535,0.4200476900724113,-1.4419371271656294,0.13622909614383127,-1.4445688684784919,-1.8791344744360008,0.4631002636003281,-1.0633419377039213,-1.6691219762935776,-0.4170403329226655,-0.6335209872380683,-0.7107224877933116,-1.1627433205834912,-1.5250734145219922,-0.24336454053784806,-1.8590628387517056,-0.4008890785529359,-0.943943918654792,-1.7475068119679218,-0.4615771641349925,-0.4954744313503281,-1.719167220364656,-0.6765768546979485,-0.03425643383969301,-0.6983003667858332,-1.6901623423360574,-0.5527733623126889,-1.2508721532679932,0.6019246212904963,-0.412057851302986,-0.365590805155356,-1.3145661604694356,-3.4571271320559025,0.07022074664133937,-0.136516452408873,-0.8320539995947076,-1.3870846383303543,-0.7408329636705782,-0.9900054550471457,-1.7336818791840818,-0.10414280880984983,-0.06951210967612709,-3.1407981335780915,-1.4133538481036096,-1.1070057859956959,0.4791086700385436,-3.1086834780385018,-0.4854086533129095,-0.8224918994257608,-0.1600176938332286,0.01955735856016383,0.28885771357020085,1.8005767057192323,-2.316707036430067,-0.3290815329670529,-0.7677548368359969,0.39878915107158863,-2.0985445434272085,-0.4904702797923777,-0.8412128693357053,-0.9934074968865395,-0.9268624563765107,-0.9838390301537187,-1.0274846896908185,-0.2946187199228987,-0.6180019197304243,-3.571498871168089,-1.145373026356681,-0.32461813641882964,-2.7605245018294085,-0.7168739454465951,-1.0937779213095704,-1.9547376370362777,-0.4677283645114104,-0.11532018008195144,-1.5781155515350465,0.5322113948844942,-1.0389737880285825,-1.9111667740661764,-1.8373456290665815,1.1913315464501926,0.037337188224409346,-0.9131617660938356,-0.664402497214194,-0.5511881826098975,-1.858143357626133,0.06882307938720067,0.2793159302690593,0.39558105626080886,-0.534333432646051,-1.053708240591167,-1.5867903868835005,-0.4126167366558404,-0.6644429273180072,-2.1639072619869397,-1.2034367665836962,-0.2050963946562484,-1.012515906527056,0.0064144775084187255,-0.6400559140495012,0.2979838408142721,-1.1975101932973458,-1.9874086615194155,-0.4667229899127011,-0.7571331179332954,-1.118014627828946,0.8458738820846561,-0.28909250903329675,-0.4448349775432878,-0.988253808197106,-1.0350343122093244,-1.654800184793513,-2.5507957375655685,-1.9283748407425056,-2.489859766368932,-0.9837003062138978,-1.5613715955199423,-1.7887963218239693,-1.562973208233944,-0.9593103604331262,-1.7985208518973241,-0.8190848566470947,0.15622726552687016,0.4688204974382306,-1.269155680118982,-1.5906402267891298,-1.8149708214856373,-1.8452540508092419,-1.3177991169160854,-2.3159746978995424,-0.9820533410798893,-0.17201753865445146,-1.048944582084493,-0.19618584380120352,0.10717354868075635,-0.8153134980711679,-0.9460555438446703,-0.7346322107727508,0.9414734143064867,-1.1283163682792028,-1.9277899734585715,-1.7762734494508785,-0.7300019751904783,-2.0119894162818532,-1.0444058399448928,-2.269695177279784,-1.441853303555932,-1.2080253550997226,-1.504531560857814,-1.638478265899506,-0.5113434843588296,-0.18836305471179793,-1.2587698276990271,-0.9690398967367315,-0.32342040271469885,-1.402214216549294,-0.3123345045355771,-1.664734790788459,-1.8265029914945305,0.09743273877420378,1.347246271630608,-1.3380032943466231,0.11460357865384152,-0.5200363452939644,-1.3328246962616326,-0.33202351225446625,-3.031337512542638,-0.4561749716300134,0.18937055303264372,0.41124600626554364,0.2669749752462671,-1.625423318516728,-1.8441426736900397,-1.62260665399555,-0.9156497603900584,-0.4664417280177595,-2.2915431353047477,-1.6732861677093729,-0.6655696643334552,-0.5092876432294928,-1.5651827060511387,-2.0850446477689735,-0.5904828691393966,-1.4540126197857897,-0.6831282419289038,-0.3143217396642163,-1.8436872368879405,-1.1194026344283379,1.105690356789577,-1.735006091805623,-0.6070744023089387,-1.2345369166556923,-0.4674817478746015,-1.0124687160249985,-1.215183322645402,-1.2486917276948102,-0.09796042595341381,0.8208197740127638,-0.9083270438725877,-0.34037095999741585,-1.1221583580142052,-1.9403382142246164,0.5535729000176963,5.6006989278217265,6.234497053348949,6.124053557157444,5.167352989136744,6.126198923268724,5.949719186976898,5.67664447914573,5.071929769024836,8.295195492761556,3.0509758161734504,10.900338973986617,6.249526892803855,6.865737266531343,4.2220949970424915,2.043909099364999,4.057828976769863,4.628768829377955,2.9381464078570647,9.130146782741216,3.7792184710821513,5.098597838583326,3.8379855561783933,1.8508930420486407,2.980642533729431,7.564823228203764,5.581762462407931,1.4835564304210873,6.0552767048235605,5.933010571017534,8.296013244942595,1.4907989138612896,7.812573680280437,5.17356413036339,6.9852962864374035,5.810120516691405,6.1726399232732465,7.0735818750741934,4.578057179626865,2.3041832064226395,6.485606118811058,3.3844082313696724,5.0385160121392865,1.3379585019059985,3.4675706951679004,5.505040876412602,4.817164429318689,4.016637062019808,2.5108763680610333,4.280979180751422,5.3314728635783215,5.12672322612232,5.329808230285878,6.107320337084852,7.398081120437232,4.447128975185819,7.559611833250861,6.995203847249176,3.1340965000229843,8.21495546535639,9.224392751041051,1.629863671374221,8.459885283677448,7.327471942231117,6.065771321018706,5.648057116614014,6.951140657866247,4.722963716722481,3.099808396672193,5.17259724529128,3.0909004327811616,5.204657156991712,2.882963121188111,4.0423840630475665,5.430661485565762,6.919042520276419,7.783864638655055,6.50117010683236,5.71393116540446,5.0123286441086385,5.626113049563076,7.327434715043754,5.200382474197194,4.018687089430946,2.8688926313818506,2.0783731004623323,2.9211453968166508,4.779134493505288,5.2426405365706845,4.396643238788276,7.70808843890375,3.9219780348805457,5.402924509304021,3.942832669251768,6.2395016365183995,4.925856770087876,6.570070965700324,5.928287470001868,3.545221332880723,7.752732264354098,7.083883818487104,5.042679075978386,2.5890347480721747,3.892221874962946,5.167497997705243,5.782774847670277,4.565959804676647,3.801578558102809,9.055044770506253,4.527498536369508,7.4914100247353375,4.107612299044184,7.630668565979893,5.267389356423204,6.7703062748323095,3.090775266142275,4.590826270401331,7.584647233107967,5.47940447349398,2.2093227627474366,4.570038875455343,4.862700373054833,7.295470843054386,5.989476955526335,5.363445453454529,6.181952067445079,5.345731835627493,5.76192125627311,4.188265080805351,4.308945578124584,4.184920354724985,3.142499977361482,6.124444896381452,4.522816868619112,6.829131082764314,7.134432607307643,2.24156214334885,9.794528338804902,5.323096041638956,5.270175265891998,5.117877822596365,6.381936261232027,6.359252021056246,7.197523074389656,5.387477428734129,6.9298265361719,4.9937975099925955,8.15183969442855,2.610290694677949,2.8664943581886684,6.804386998046694,4.052388768582055,9.818364994152752,5.143197643264351,5.649107163028215,5.059133715485455,8.463446280381314,7.4869266068668265,8.243768091658925,6.595004024346976,6.085222042922817,3.44364474082401,5.8861471638420015,7.673717669019776,4.6030967634867155,3.821826756848287,5.01047872315702,4.102623156415737,5.626303020552035,2.512228730660907,1.7050223976185674,5.078166978085455,2.819227147378681,5.9366230865856,4.408508159254998,5.000352027935906,4.40669490012321,6.65048728147247,3.620611967585083,3.112474745639998,1.738689432478337,8.286018247056315,8.203844761520688,5.081223196466223,6.941648714753261,2.7869141869479166,4.67678766494657,2.5150633185112508,7.865153809685708,9.837050587291753,5.082333331293346,6.362794457236475,4.0806988509647795,4.2396426125122755,4.22985714678518,10.870685739188705,7.888168638154484,7.403594827996317,7.122114513183353,4.96710815374974,3.383751009346983,6.723570723109458,3.2633343029471824,6.023431413325121,3.289917371129432,5.943198800358883,5.932466494034779,2.757602631601385,4.824778051691814,6.4980161116338255,3.3071852920644846,6.734250733797502,0.4917349778808582,4.9134430123920625,4.8199522702583115,1.3193285756561464,3.8133700201682412,7.013706588462783,8.03753267696982,5.434609785997289,5.949203278541355,4.513970827440776,4.117258315504813,3.6262298190998714,2.043562809643321,8.38422076313873,2.291462302410931,3.313652682190404,5.729071323860803,2.9099518405757823,4.47823659472563,6.699610039925727,7.506867977377596,1.5183649308431924,3.8409404831749985,5.622114709538162,5.4581819208128115,6.214735690667452,7.215770082229875,7.579911308417607,7.027920350180757,4.174955272176567,2.0271057374456993,6.359366529621606,6.76813878484244,6.927516303214363,4.263486640593042,4.353209561558192,6.95120712642717,6.149109706457128,7.236919878360693,4.5749457116384935,5.2068200424561875,5.896223829185108,5.041978418430421,1.9726498570982387,5.036345603302027,3.3607308993668337,7.137464426107395,5.631334409583604,5.0447540066753715,4.257171415257961,3.669575351674238,6.032512020863264,4.749137584667994,7.192595379039396,5.433069126757523,2.967350101532791,3.6140349282013142,7.133283669517131,2.4028290855169736,7.012160368335799,3.1509147415974303,5.207383018809346,4.29567001305241,5.881227372502498,6.523261319031943,8.703471624196387,2.116862830976448,7.375520437483949,6.543732645817853,6.283109320863284,0.9205644206760306,3.865446539919022,7.083646153400487,2.4472631637170186,7.257641696129994,3.4609155732545025,2.4650905244901002,5.771207305661541,2.7692130452169597,2.351876341091557,6.010104444174674,4.83484357656321,2.9540178158065813,4.4455413452199455,7.002456395756065,4.710686048928616,4.899339472576209,2.281069918566011,3.0389543127501506,3.5345589309943413,4.1729861261743295,5.335035890667179,7.844916596858839,8.162379404523138,5.4547169305786145,5.413239408508285,6.517538181817928,7.432657281499621,4.860109160267813,2.8611582948468435,4.1633103082082865,5.006618906366516,4.743764183785384,3.904709810231456,4.321344314694525,8.63620939704783,4.586933173407964,6.0399759049907304,2.6019473287630803,6.835058802870566,4.466063972228206,7.205174840432501,4.150705459632107,3.915199345687611,2.559804469870017,3.124167650447451,4.2091698273830485,4.619571593072992,6.574578171866904,5.870445565426607,3.2304730147540557,8.631803154689875,6.871845242790987,3.3467087505783257,7.3037291774973925,5.017427580007436,4.2082541988712,4.327502335149931,3.3191180204737165,8.872373882377508,6.177913410609632,0.9641663345336093,6.123737119647054,5.78060868694076,4.275072169318381,8.315693696097256,4.024922095879935,5.263769100282321,5.421395037177492,5.008295983623351,1.0991018123705119,4.319207465549584,3.317812638984827,3.8772060997880446,7.103082442833209,4.079366143701703,6.117640952829376,5.614367519138771,3.9972047703101006,0.9421827833113747,2.07326641609466,3.9273972243328257,5.2211626055572795,2.8580147781173935,6.52528017368442,10.306438079860985,3.1450757840766315,6.680671304000034,2.686253955601378,2.505123318638609,4.445476996579353,4.6607621875555045,3.7473473220655866,5.411153632515193,3.413824085522608,5.857123215521815,5.389079152688382,4.9790114437572965,8.550368219324646,3.646833687448284,2.4107711635865834,1.6131381728132155,6.265065220819543,6.101444494919157,5.098079901057276,4.482045467697026,3.486691026727855,2.605089075556248,5.930634150368062,4.748558909067738
20,1.5493354914893378,-1.5945002521622422,-0.06949511829331911,-3.0685696876160553,-0.7983580410979926,-0.7990862499941802,0.022737020326408564,-1.1231284020308845,-0.6091817168758935,-2.090031642634128,-3.493880380475221,-0.9639055117176842,-3.09541429293896,-0.03296523300137699,0.5135217737673525,-2.2917171531492544,-0.5706601631689981,-0.15099740988414256,1.4102987886642246,-0.27203598783513416,0.9520565066809745,-1.830560130084035,0.06184518016833063,-0.97001325186507,-1.1777760636441665,-1.0520451629253185,-1.4003004053659585,-2.024693204235361,-0.24857761046392635,-0.3575436235173781,-2.3660360348690745,-0.08842021321847848,-1.3094720905032664,-1.9181856406048665,-1.2140902009709276,0.6460421862273307,-0.5646028792210558,0.2183351642902609,-1.013323227024697,-1.8426475619800735,-0.9897529832702348,-0.2194156155298721,-0.4771876334110974,-1.531561034185481,-2.6675243431452245,-1.8928610036135574,-1.402076480599075,0.5061966800635553,-2.1390024352661,-0.716049687570279,-1.6295139040492443,-0.8569221097414543,0.8837720890825094,-1.529597371935905,-0.40953752126603615,-1.6295626321100367,-2.1783278029386146,-0.5461933825505623,-0.2736768854172805,-0.9273707700192706,0.5965829750116631,0.06477251561568909,-1.1012510773388964,-0.9300252844638969,0.6694646704774858,-0.005193552078745722,-0.6661706602994841,-2.368149868107145,-0.010041979078281638,-0.810194238200086,-0.13963480269797268,-0.6580094631705253,-2.0139398459228404,-1.795384242531672,-1.406402158312987,-1.4058628785132945,-1.7593483195298532,0.8586661147308143,-0.9276659482730684,-1.063211996388843,-0.872356377532191,-0.9555018521900261,-0.45450372754423285,-1.805517699877254,-0.0003558105553127522,-2.0615902519938505,-2.465085189019474,-1.7654156092646116,-0.21797401293731633,-0.8222974819659847,1.0036389770673497,0.07117850067955755,1.132237273686933,-0.9812255271148871,0.20418877005762082,-0.9860960816932852,-0.7269221639924377,-1.920778675119652,-1.4133142253596793,0.0853211671099694,-1.9676438578488793,-0.4142963008304984,-0.3820302231983539,-1.6002184428617885,-1.7587108678134042,0.3192802218206525,-0.3781373103820411,-1.1058062690608177,-0.3320788658256275,-0.5702993586374533,-1.3800398600025385,-0.17035057003030252,-2.7841317158740164,-1.3778048234777283,-0.2954445563704118,-0.8628210382383917,0.21428652619317146,-1.488319932038923,-1.5355929690052954,0.38120236274921915,-0.47796573310547585,-1.4508096624861893,0.6691236292175446,-0.4454491639031729,-1.3152918017978614,-2.4943597653203042,-0.21905130833899478,0.5272783354398218,-0.48384403910129414,-3.505263532511282,-2.411403074276379,0.2761588831998656,-0.3992969121810589,-0.4062603951861943,-1.4499389531392055,-1.0124459899978293,-0.858150798956124,-0.7988193786440951,-2.7019138646796375,-1.3395056300396826,0.16751530223762834,-1.1491021623017343,0.5050128412281685,-0.7976688732618317,-1.3450381404679068,-0.8939910901629632,-0.4866427296167072,-0.2882894231465739,-1.458730327385135,-2.1393248137417924,0.26171193981923224,-0.8151141348094028,-0.8113044520526814,-0.6141519864572965,-1.968968370219565,-1.6145442122834512,-2.2347606269073435,-1.3228975282682935,-0.5511479081199184,-2.4054415502219344,-1.3956832339014063,-0.4407641119364577,0.5505842082409991,-2.144771988882528,-0.36843150077351405,-0.6074492591156349,-0.8671471297290042,-0.8682335868291917,-1.0285633458394512,-0.41918698678142685,-1.352899243151063,-0.8916727820156224,-2.1547637905299273,-1.6512684746320945,-1.538874909079294,-0.7585049805696708,-0.9877108512877607,1.1997977572174912,-1.5126265847362093,-1.5632196515076557,-0.47890029238787435,-1.125908730867285,-2.4300350056863396,-1.808879407904173,-1.4090765943201462,0.11981729200061153,-1.588695303703343,-1.4612721141755447,-0.3451619340131381,-1.8985985463232042,0.6433065244336318,1.387764652562725,-0.4946297172280154,-0.3157885731551152,-0.9928152392834102,-1.2627875326263684,-0.30539441221986985,-2.506509072564147,-2.0334511989025623,-0.8508708445017584,-1.5265133092197543,-1.3245991803761403,0.26743808755612597,-1.2544411066752743,-2.342765491911842,0.23132066085156255,-1.7617403279512658,-1.3502603201142231,-0.7846258221845942,-0.8096649447101999,0.6408899559242347,-1.7526262091375582,1.6760305372331685,-0.8443990425084816,-1.1137827304342602,0.575522036003473,-0.6595069225644277,-1.1813940091625206,-2.029415733289972,-0.6716302476224507,-0.9250215705984881,0.9152545490194488,-0.9766651574965264,-0.5896237863057063,-3.7902505638429687,-2.079375555770434,-0.9151258607079109,0.5730156996302065,0.5317231682388108,-1.0907431150860323,0.24909000453410557,-0.44280162594611483,-2.1579544854561385,-1.6385637075191528,-2.231693054233654,-1.8917163487426434,1.0488281089539715,-0.7068130731134793,-1.3561861122989214,-2.2151608062743593,0.2354052178980921,-1.2638807904673022,-0.9646695735386707,-0.5298004761165211,-0.7006937064043779,0.623959208414588,-0.32023892613412397,-1.123200172430146,-0.24794239039247257,-0.7314702494587435,-1.6132667812002555,-2.363326425815398,-1.6891453032501713,-1.1219393263679984,-0.9831780104558034,-1.2233594469947833,-1.632816378567991,0.17263149347962314,0.9113476191488876,0.06992877081794191,-2.176938020131148,-1.153034464396051,-0.04417669527327195,0.21709239047065831,-1.1080061258934137,-0.8323335966444856,1.6069839159109236,-1.0599823144840546,-0.6403062417874004,-2.3214357525501477,-1.925607441124563,0.6737381249399934,0.3778208500317153,-1.0830822752629665,0.13682695571615766,0.1082725658635082,-0.4904020961545854,-0.8819705198841428,-1.2139346470825545,-1.7090617391956238,-0.9796272914408417,-1.3974924390500256,-0.24696614699653052,-1.4294641820713312,-2.360133033272338,0.05748941147136333,-1.8267674760701516,0.43990060559035227,-2.7307336930506203,-2.7109544491727924,-2.5598905704098383,-1.6088305350655268,-1.9335127377027994,-1.743563175114732,2.300638251700937,-1.7695789233713495,-1.1298321976196493,-1.4054242437754798,-1.3802750682676095,-0.8286169626540272,0.864735498865356,-0.9723920566515506,-0.4458561730531344,-1.5717700728979267,-0.41172587310612907,-2.3366147576382477,-2.38810261457447,-1.3641338910505747,-0.37382958555099866,-0.7869969615710736,-1.5083529485676763,-2.0035978555488834,-0.3275812888701599,-2.371185167930996,-2.1914482653073324,-0.9106192806633594,-1.2857302606373158,-1.723048665657839,-3.140375772994679,-1.0716235468040531,-0.9842733633736418,-1.6461348450943287,-1.235668043007195,-2.7147486881199163,-1.6798839588683139,0.31934059209955135,-0.8524924091155297,-1.3670307386573812,-1.5531469943153908,-1.1814247683487071,-0.479728128767533,-0.420871409773674,-1.462373231550496,0.10013231031225334,-2.2046790901540794,-0.9520640713250716,-0.8217092609712588,-0.7541798940759787,-2.9651139640253437,-2.0595505316486316,-0.9026922339639865,-0.5865116905932756,-1.7675116769882382,-0.8854126591354116,0.3169828546740323,-0.7502347156678757,-2.6314690209209557,-0.917968555570891,-0.2988916773857968,-1.4717448159758693,-0.1971760631590822,-1.2592327780896608,-0.5692299438691717,-1.5176515223736047,-1.6879971432117034,-0.08990333574341314,-0.4421749460632787,-0.29460867234887345,-1.5445542350185635,-0.13074537545304465,-1.2319834367947065,-2.3207660739193408,-1.0780136920157373,-1.582008901219759,-0.030097404294399,-0.06567568283176484,-1.7395605421442344,-1.156497890112471,-2.0130160207638434,-2.783564079860856,-2.3574946155606944,0.1285289672169012,-0.8291923794728916,-1.4505219652098738,-1.1741194994318251,-1.6398868205493666,-0.8344781759788824,-3.569903057187616,-1.8305114219220129,-2.413145593657762,-2.013384734446763,-0.03166647600624661,-1.1999396265656044,-0.4626670599421433,3.282903819178331,6.623625749631811,4.415271776024664,7.777585928876125,1.36007742431064,5.090651906363193,7.067883224893626,5.301116524148982,6.0391306207365325,6.543989947305016,5.310503822718098,5.177750638707365,5.3357714856658465,7.376804726739421,5.421812118779693,6.187804073417441,7.36374923367939,5.99572893672388,5.622863248182863,5.431200639129897,1.0646065753208265,5.385076639729836,5.568889819582415,4.715270761335765,5.224084435162162,4.864312105331515,3.4086528518609187,7.203024220286908,6.056771235727214,5.076231955780106,6.509616498985302,0.9900771166087745,5.071209239909383,6.236616642155038,2.1885696895539293,8.660168659241588,8.343557995756296,7.510566346987213,5.859718720895796,5.698625148952689,6.91736029998328,3.991485728878275,4.478618297942408,5.51187750037886,5.589501278667283,5.970100352955856,5.213842548708715,4.430265439247998,2.926330830501242,5.7995513276709785,4.612145673551376,6.342358124317494,6.423630179729658,4.033054435684491,5.169884954160035,6.253441109898976,6.971982103899586,1.8264997737438757,4.324696785727378,3.593647767544172,7.5902021440831415,1.8965089782973457,3.9135227347292103,7.091102342584162,8.646674575666282,5.031773821490694,5.841456325604443,3.1755451945506064,5.206428254872737,3.674697620004009,3.2991264216980998,3.4272390134540136,4.963628057870783,2.3886830497864198,2.2322964760045734,1.8700687433995693,3.4688840650520927,5.8323778543281035,5.592321520657383,7.013501254304274,9.646177762996677,2.8272805790407407,6.389260602643859,6.485631275675737,7.036387879592368,5.086327003989165,5.4287063510845375,3.1320905039426963,5.931211666565916,3.98763217366759,1.450848323493397,1.7487775059965465,5.501067422886965,2.053827193184478,4.190291254209253,2.568673725961178,8.769907036031444,6.409339846038568,7.24049538165459,7.837505976157386,2.3619891095341274,4.807602831816426,5.561158430947928,4.36966034413091,4.388982306636355,8.796426233235957,7.873230035671941,3.743762976307206,6.223803937782844,5.768141563030225,3.8763445549903643,8.079668046358044,4.58157040736628,2.429151761612101,5.199436789872265,3.1237207816641455,5.064314850044313,3.9642996934681154,3.9230541562214505,2.075451293265942,5.825180353364009,6.241658552849705,3.7012165859153594,0.6778378803415439,6.04001109761241,4.722177340452056,7.3391807107877405,4.70805181241342,5.614463042647328,5.191015860224748,7.5298763539892075,5.592088483465416,4.514959902023208,3.769382269299702,7.317621975601668,2.6080899041416514,5.196313188957191,4.760405312876319,8.845478403411478,3.107394167861396,5.399301672128103,6.549946697373192,2.889822364479591,3.594786578395469,7.922662547156701,4.097260158631636,4.784305137832248,4.851644792071703,4.472627654788062,6.871273919776078,6.765850932059795,3.419562036576739,3.7387418737632947,8.304667963448557,6.346620571551094,4.389528127523186,6.771472762636252,7.559151287730057,4.100848532834532,6.8800893782139,2.9888924150515552,9.597140857691407,6.046555235060418,6.1636407373388575,0.6324812547269323,3.9281237402015643,3.6338846347619795,5.956664060751933,7.8441880924144005,4.86558915207714,1.7565682135121632,4.302673498087044,7.92894370898056,6.218059311097188,5.087657881056897,4.873889233299985,5.049579028432857,5.949107243302782,5.599633994010998,3.5463341590514745,2.5635579154489365,4.104134888857943,4.353988115147895,5.589680276568668,7.566696297529381,3.558912117853395,6.967234515367413,3.9235282582705833,2.819380000547323,3.663099216712191,5.339556653926153,3.803625564882063,4.435905081541856,2.829178657494745,6.69634843637782,6.46274017648695,1.4834597827303484,6.964270610422734,6.429618005536096,5.56098133125642,5.688403259170813,5.723035056857841,2.9360492062969463,5.182668382724602,5.060187686384485,6.627949201516822,5.833579406159859,7.165027578532284,5.310213943273712,6.60893395633002,1.2059916212656474,1.4207475353971062,2.1035396805875473,8.707036691893464,5.485733828687703,2.871510326131762,7.723905804872616,3.283989598656487,3.3810965898438687,4.87544103777002,4.854658563049074,2.541635294779466,7.815510893801834,2.950567685851762,5.1463836857286465,6.171433016569955,6.404057986091431,4.426234683370469,6.208847939508543,2.962696189281378,5.926711530526775,6.677828269566111,3.7821769729005847,3.801491744428521,5.611240046369234,3.4034022055799515,5.089263761140252,4.632817503836469,3.323017508883906,2.7878500888969615,4.519977284664384,7.633350666628118,2.551524297843179,5.929122172781107,5.389210642895161,5.4423360834119645,3.7086841303179163,5.206516349647149,3.2352216058888144,2.9290452684481436,2.945943062299986,3.2846502941614375,4.374898106732882,7.042582828603309,3.218234213853486,8.090527602885842,3.555719285517867,0.21630263877403433,7.280530316640703,6.0160538400041546,5.885884334270487,4.964957335213691,3.2889788214161246,6.550053054613349,7.6191232571259615,3.9377866146619662,6.285345444613657,7.09642113228786,3.305097304363949,6.74966166797716,3.6067095061740284,3.7559995370555477,5.472776474104097,7.350319977033708,10.527926893882722,7.862982420702828,4.071479883064442,3.938494913541477,7.724502328345714,5.736350611353765,6.371703124798002,6.415419772113344,5.091350891816517,3.2536069748028194,4.4758503514583365,5.431898646135658,6.163705621507356,4.162507228448275,5.278734846557515,5.092401269934552,7.530473668563575,2.671667863744082,2.7990550135501073,3.620474631985682,3.063677150689698,6.693955850710363,5.448037848416613,6.925686707345768,5.766573487849797,5.311055455358924,5.796934332051114,7.919745355621544,7.579703443772761,3.0471055289834847,9.117978373420765,3.7310473320524933,4.477217423523678,5.430300252494785,4.264274752121575,4.153029657613283,3.6674525767491475,6.543131177156441,0.58511803017816,6.247128776237848,6.379731925048677,6.158387033732089,3.398791379233545,6.4198506500070165,6.646501650935309,4.856727128315232,6.826790276704684,5.787981960575075,4.293082952900132,5.3123121913640166,7.338321628087745,0.8410604310748084,3.831737556088204,6.979373099201073,5.335863317996758,3.1131917455729923,6.409157027680926,1.8343956752803998,4.284715148802158,6.109177007524586,2.712503380478321,5.439581423576254
21,-2.6365718529740554,1.0398224623595809,-1.6470492987336127,-0.646459966069006,-1.5873219780354706,-2.6299559588280075,-1.0973028183558855,-2.105085853815722,-1.117909414385062,-1.1956550654864835,-0.38877491479087156,-1.3098625844573069,-0.17277556709988473,-0.8022295367231114,-1.9285850793615058,-0.13985125913963414,-0.16209807368528506,-2.6259001315344213,-1.5656416488389677,-0.5598841280313104,0.5687738035968457,-1.1953228040464667,-0.6824610500771136,-2.2167544310094707,-1.9450375213524138,-1.010308872878508,-1.2160440489545619,-0.3746918325044637,-1.0575525293336645,-1.8804043645978927,-2.4436600818249143,-2.6586282459058834,-2.1557681622742626,-0.7541041636298922,-0.6200412433081064,-2.1886894337149547,-1.4227252197108902,-0.9984074159008417,-1.7478542128639551,-1.5170869342018651,-1.0325061533748183,-1.2661289213885318,0.3547436893171223,-0.8047319808202316,-0.9325894999423525,-1.308204823040927,0.8636355709490209,0.6063445810915267,-0.24985999786122104,-1.470024129002518,-1.8759845935783546,-1.2528052507294074,-0.16515263524006363,-1.768104922165659,-0.5717052393142894,-1.7869124525970908,-2.635954281840865,-0.8381275222351611,-0.5713704300674374,-3.1903523205366935,-1.0229325118610497,-1.880925403868135,0.15024077805213842,0.10595096968964435,-0.2106387343613746,-0.04762747757772423,-3.449349736926691,-0.7959618129515942,-1.2670483897466032,-2.0918409000170968,-0.6568496284178738,-3.2256667228906584,-0.15277383678899759,0.3837470704226027,-2.1967501859534115,-2.307287230120176,-2.8208530995243724,-0.8276676237970231,-1.722353257521883,-1.6829726528086526,-1.078677619206208,-0.49281274374353445,-2.0176663381868183,-3.0172932309087255,-2.407366333216434,-1.9064264626574572,0.9608703533849716,-1.4116604331979474,-0.12718864833174048,-2.025893652739587,0.4086722590851737,-1.979028506979233,-1.016489225854629,-0.7238519620805368,-1.2755700947638433,-1.404210508474446,-1.1481309736041445,-1.4464847096147542,-0.18875131880806695,-1.234703119995456,-0.8213908197947508,-3.490932927057071,-3.3856988984376493,-1.9789614946623342,-1.9116548428581628,-0.006723344001114295,-1.4838326998382536,-0.6090406236904855,-1.6706942755645673,-1.1041688273574637,-0.8683477809449587,-2.343209779408029,-1.6431871294709792,-2.4944312771897423,-2.154798135954209,-0.10981568112198514,-0.35275843482475233,-1.6388556288087313,0.06088063440410929,-0.9772496964884975,-1.0219173984451815,-1.4195560158082832,-1.125365021102994,-1.42245057156581,0.26168353273127076,-2.0658562494803423,-1.711252586726354,-0.2632237880046423,-2.833317542004255,-2.438042009897989,-0.13447810113693615,-0.5625518365235784,-1.1310477196523916,-1.157675184624245,-1.1958678234019202,-0.8234575826813607,-0.7993983792499766,-1.4901960107793712,-1.469030436577036,-2.8155405524491606,1.4042728430299323,-0.9231992752503002,-0.8764037640668302,-0.38854028212334446,0.6272509407596565,0.2945586577153909,-2.0192880595550995,-1.7902736704616373,-2.141863107033141,-1.60989286319611,-0.710321584643983,0.010798317456865103,-1.4416858871427398,-2.0002947529424615,0.057056762144565454,-1.5256565556799035,-2.1305700521551456,-2.169621221728819,0.45822444351793723,0.800655498135642,-2.41296921156645,-0.31901452198867253,-1.2637991316812318,1.0566956694229623,-1.9311337917456224,-0.048094705203155175,-1.147341712719573,-1.0196606354333428,-0.09992785217854672,0.03700424431028204,-0.6970958372567968,-0.6291052110203632,-0.7069628410080095,-2.8676660700526826,-1.559650724892019,0.7257877400038402,-1.330577647164097,-2.240012349046986,-0.8979916331985841,0.42388556082201045,-2.000627565184086,-3.4102273900165625,-1.4303738903301235,0.06554388673765743,-0.7891356603419434,-1.229214994857841,-1.7650953843012913,-1.8741529285374159,1.7586675923231616,-0.1744089757472731,-0.44933834598905076,-1.9293875817956807,-0.30051319211765426,-1.0174953113171483,-1.4992955763848714,-0.9298389861924043,-1.2143912089242213,-0.06721130218883509,-1.273931261904219,0.7837284200741645,-1.6632663964790018,0.4295233002692873,-2.233254894754431,-2.133255266706758,-0.1686386332913068,-1.1203589042370052,-1.4591663930598924,-0.06007121538208848,-1.2018693762913288,-1.829141984489799,-1.5858543901398632,-1.7166272112602838,0.7914795154807992,-0.6306777588341147,-1.505114991411085,3.894184828995625,4.196413569180494,3.606092454608202,3.640167550946566,4.639617058962022,4.6803823932899915,3.5467866000419668,5.9103973078316185,7.953833730288881,5.016839293294657,2.562393386437053,6.388463331156347,3.5028275406879406,6.137430870400402,3.702090586417234,4.7086202783547595,4.5153690659691135,6.729608880578434,4.4063847918028785,5.7928845865136385,6.144006578741512,5.136742788554446,5.5263540096238986,5.695596029125485,3.2786401590824137,2.3407662682077306,1.3943209485637,5.568319301678715,6.07775409310912,3.7737957473081947,4.655355114129918,9.153338140670993,1.5106492904490678,0.27920383954607164,5.637876739466732,4.632612739190955,5.618034173872058,5.111063198467357,5.798032520216426,2.8443466560203876,5.532312311162058,3.2301858543214914,7.42355272427514,2.924004237595222,2.280222202234411,3.554561354066629,4.1416115910569165,5.781891532348967,2.3447428721643164,8.299854961430405,4.351362359920361,1.7428699791001123,7.230267307345807,3.2276722515907847,4.009259537615678,6.98333357298103,6.701303975914441,6.120027429763273,4.884675968877574,8.10569141901485,2.2269420992975584,3.4825285896150096,3.608463890250243,5.8253156782811875,5.895735503860826,9.357671622874118,3.054351894180363,7.27722646372742,2.4230643482066916,6.851082472891336,3.907294077895803,5.736818400752326,4.912163356782263,4.1882197966961545,9.105226307721956,3.731849958825136,3.8310455985039997,6.934822122477511,4.58472297515443,6.791480181491531,6.020677647956802,2.035629736804276,8.783686994467116,1.0836019506005505,1.340826341085457,6.08621744362649,5.866373724470407,3.9305543459903833,4.933867901885654,5.262386983194271,7.189572999653095,6.007427246603282,2.382660966303194,4.6009861147851066,5.9668834733460265,6.631060390805082,3.4793063775769646,8.537307090258334,5.648535491876469,5.764694428458524,2.1695600273340565,3.9617097386764106,2.230411897259735,5.052896234389787,4.7934879815987905,5.514565802495901,5.670606874451538,6.341299448957343,10.010483019339945,4.455855953881709,2.537516941365896,1.2743418559442925,8.51181442994488,2.8096592805881913,1.979511171902367,6.973505849318118,8.29963188383176,3.835372673283613,5.852537538750859,2.5869961564043886,5.492370815449063,5.2545712293316935,4.484457394519547,4.026537803036497,3.174211692055776,9.922980279438274,9.056976089271068,9.418698947202643,6.435419381588466,8.328069567204281,4.835772321806904,5.510989371871309,0.9311453488450292,8.64104958891356,5.448815321218525,2.681994886824534,3.2063674497766215,8.382714025251444,4.311730207183821,6.380890325970554,4.9136558247919355,5.503824051999221,4.46952283893474,5.752671626638126,3.0518406264251405,5.5007690785619925,3.6983948933199913,5.982154181985801,7.6976783897695,6.1419237703137535,1.4172448865957206,2.7287954277167117,6.31515476542394,6.660666389395978,3.3008310291240486,3.0258301832419314,4.466066232784975,7.490188063371701,5.993980287951909,9.738046685157329,2.3772180296806917,6.232296094651515,3.258142373089483,5.531619603524328,6.112878916001283,5.512334193360561,4.5908663020079885,3.839815216197696,7.0281661675778295,3.7037698094715488,8.082496032487043,3.983027892682215,7.957599153833604,3.651886159678595,6.646700373785418,7.0126929133948614,5.5409075581852925,6.124770003693865,3.50661878213988,4.892008161704204,3.3795413943347494,5.656761320017747,5.845651415504194,3.4461167306085048,9.198491814346164,3.62586669549367,9.132489972023421,4.950747005754675,2.40834050333368,3.395079440098796,4.541757122867233,8.034346047194111,3.308564005171445,3.47484926951992,0.9428932226245239,4.246124751481512,5.921343502536559,4.65475901032067,5.54338014790216,3.4706625861211213,5.663805348133771,4.870292027084193,8.642576216865015,6.562524123398591,3.1466637922436953,6.642277947787812,5.3612572202244415,6.03671854486943,5.4785171555145995,1.667492513411494,5.833491172830214,3.9973602549803484,3.076284172939175,3.0722501933466786,-0.029811100306885052,4.497437034626202,3.235524323308402,2.117298737824286,7.125911746242714,4.610086343519084,3.816815298971517,5.678578252062309,8.365700531365157,2.724837937271613,5.792309689667719,7.834065193258963,3.8641028387641194,9.529542516105593,3.602279953961202,4.905459922477515,4.807676540222785,7.062217634377254,6.051040280595125,6.769529179340788,3.978530186494462,4.825877623943912,5.08592949531048,4.691630308688104,5.183596341303334,5.184725986697334,5.9708670593015585,2.9000523030196996,3.911864881776417,9.968632536055996,3.2188534963236464,2.660635242855945,8.013926360090386,6.35868378754783,3.63605159743567,3.9450804138404285,6.063596343058688,1.139633489481814,6.5939742622585324,5.853490775980002,5.782839430273699,3.039104985754131,4.774690978012531,5.715624277953994,5.884948912166197,2.0532885885392465,4.041524283785312,2.9819673460672003,5.258955510674576,7.253341515926634,1.9512815360359603,2.018322520797475,5.289379064771272,0.9534901180481823,3.722563754210684,3.1559974353813995,5.074160190802793,2.4388204238883135,6.1985774016664115,2.5165386948623025,8.336285569705584,8.16521282822656,7.534972950651996,5.966380970154159,1.773854654713105,4.938411349966776,4.343625233685019,5.538530338559894,3.536501830092341,2.4565003990266208,3.5851669210105186,2.0537440317568505,4.97477526382924,5.238907088415357,4.705847683676575,5.028569677502276,5.426334862053559,3.2789430707103664,3.1310340228091005,2.7264709006445766,2.3345015233885875,4.035809715905175,4.769782464309712,7.658977848093443,4.271732570669408,4.907924807432761,7.389470529589475,6.513281690775878,7.443993035799998,5.669768692129416,4.663640960525222,2.6839427559123994,7.47904046546256,11.199592766254405,0.9577747590990047,7.129256518805755,4.810220792099244,4.067740141522373,6.624024352043884,3.2952686459523655,7.289606316526993,5.915528141269729,3.19472627732827,7.68739862388634,1.844013428718223,6.226169509663661,3.694026079692769,5.106685978148086,4.822922868026592,4.90991893478404,7.172393260746025,7.241292997541379,1.5610684137870234,4.761152850375483,6.989102084409065,5.450158835523815,5.830695362888698,4.99875299970522,5.233528053962423,2.5979579347589143,4.6740225334489764,7.836056335260221,3.0454703052985757,5.720299568658354,3.5788685626503147,5.203768729702115,6.800323750767494,4.975540068870736,3.021847818715757,7.639910994378701,1.7831511528045425,4.096076787387748,3.8071689370471167,6.877280858450753,7.657402962899198,8.041269453534719,5.414573440601243,5.1475290274597665,5.1378385936679605,10.116406647933294,5.72772798392083,5.899419604960694,2.16557771819866,5.039817379745544,6.858180652220565,1.5854030981562421,-0.041215638043481384,4.333609373418502,6.169974338399167,3.702890126664624,6.841916947214434,4.7658248152461375,4.597994146081022,6.264740468393697,2.1823251434147335,3.836137453190029,5.15142413013118,5.822255190647344,4.115677076798768,2.552807834419697,4.969223855382681,5.899451222051769,7.740685208671027,3.407805954468028,7.395655995728108,4.648067532704817,6.044745861150617,2.44831928378508,7.613008951893153,3.7240288333545015,6.562554555618516,6.644142267106868,9.509440832278882,7.0302689029981416,5.39202506048675,4.642578454202101,2.0575919811055665,2.0603711792282966,5.020328060797481,4.9832213081564145,0.7064151656596502,5.439760939424663,2.207432866660294,2.6445960453972814,2.931323144998823,2.819852525616909,3.976195360128531,5.758187214409828,7.1718489579923785,4.5174237368855925,5.955189107669386,5.551719211395165,4.708282553441239,4.314054692824832,5.40727984036966,8.567878704333157,6.031570746915913,1.6640811478872135,2.9389059988703132,5.726985762227291,4.051736559001683,5.495827941421183,5.517060837721569,4.391544373657686,4.36592702703821,3.254917884696657,4.948832532772435,4.030644143053441,4.556342636759846,3.469764565074616,3.4466497369922173,9.455686666476756,2.7534201943371874,6.492806590265335,5.500621094956896,1.2081807621110938,6.904101301649513,6.90635504136196,2.891495118108658,10.341098150695421,5.374793142625536,4.791966911907433,2.4035927120075433,4.14787126005179,6.59557240789075,7.026074325175838,2.5247270577759156,3.646319528246313,5.762669568957463,7.898725097690139,6.080542620733747,5.163904358339736,2.830943603608629,2.992759203000496,4.959809209891999,7.470198498649162,2.643465716425579,7.3737206357718055,4.795065404116482,3.3015331067232476,4.486110691436606,4.424633907111105,7.8726537376421915,2.759346570474673,7.801560417693156,7.487441078061881,3.588831025020261,7.544857514984247,5.38091766930116,3.5647950527739187,5.212771231109956,0.6476478416878457,3.468284305177038,6.622486218896634,5.588053162808101,7.112632592808453,4.21158399459879,2.687658435189444,3.871320908867176,6.138522849817182,2.1228347694777367,4.642647325920736,6.465035729935896,3.584553411791982,6.92726794379197,6.1538698517023125,6.7073779316156905,7.031914036328279,5.460134521301377,5.431358517699294,3.524740813975988,5.994496535722641,6.22799346463927,4.856191005602968,2.171682852587147,3.6033800520936494,6.7810884600853685,6.404996699166743,4.291868180108491,2.326544358955725,5.590044523823466,9.266623687787089,2.545412253745334,3.7375284008889627,2.553442267655326,4.2826016351811464,8.266909801388564,6.223742377193884,9.108944973179256,4.524743853198451,6.300158587571304
22,-0.8026599645991161,0.6266544888341894,0.5660307289014799,-1.270725913798276,-0.23570313226780903,-1.8299417620803846,-0.9137840487246947,-2.2102916852981576,-1.7372836214068186,-0.9373930832232794,-1.1802133060081357,-0.21972516792218633,-1.03933101240694,-0.9917371455629548,-2.3773594405162095,-1.6656589772012018,-0.05210759297475254,-0.36355413778712453,-2.391808603539358,-0.9026100667323969,0.028713969215618418,-2.0707328038743995,-0.20474262349729833,-1.6514965357344056,-0.172223331642695,-0.5786638553547054,0.8020790230299624,0.7663136675744593,0.14817317071744585,-1.8080338739542656,0.9227732681364924,0.4461991988794143,-0.5753782008505248,-0.06119758104059292,-0.024997807507691205,-0.10731189625041737,-1.5140813680520582,0.23753036177421438,-0.012301632355881553,-0.20922763421501778,-2.0071144370205145,-0.04530366724789081,-1.6007311347392337,-2.248422503712164,-1.4120695233454446,-1.2576591925328533,-0.5031856054747859,-0.21804651241659245,-1.6290080053706437,-2.0712785236565137,-2.725991300797441,-2.2327507846166985,-0.5506538859478547,-0.6169188124532172,-1.0746638713971033,-1.6804279684518288,-0.9646064608002265,-0.33332562289815615,-0.4494887181875077,0.4873158856616715,1.1848310272725242,-2.323841415878756,-2.207552931814799,-1.1477117655082048,-2.492755813700112,-1.285815712908443,-1.3979873577335171,-1.0947789020222194,-0.8649820246815167,0.00010841218221568916,-2.0196954879491886,0.044001234849421644,-1.1471272810792488,-1.8422425291934088,-2.3773210869187746,-2.047996744080412,-1.8907762257323006,-0.2720964275052985,-0.29956142796286356,-0.6092030718927218,-2.3981124929833735,-2.3412698704620976,0.10504746962415856,1.4225047248352132,0.12780872216728478,-0.0729900062032578,-0.07870855590328285,-1.3180860214189098,-0.7706628462359278,0.3002023811108685,-0.6682204918357235,-1.8657762408326457,-0.612702428238541,-1.9973080197312991,-0.7526035568260638,-2.994311898437013,-1.5947306524581788,-1.054477737196391,0.7858714888247909,-0.19581684839011737,-0.2167408879419771,-0.9459522926006306,0.34068659650491817,-1.0182266844114687,-1.1479334279870144,-1.7384632949698386,-0.8390109889351682,-1.5371657101870075,-1.126244884647127,-2.203178122486505,-0.6474447862080428,-2.3517850691605258,-2.2149760282218036,-1.7986257931729606,-0.010346168749923779,-1.985441390970502,-0.8806202446198991,-2.7224587775505142,-2.470866018099538,-2.455721228642173,-2.083424258816473,-2.1533017314566916,0.1111843867165565,0.7365518282139569,-1.9934178270492346,-0.9295238480809638,-2.0661258211196127,-1.8127442457536709,0.38027261578221383,-0.7740713849930627,-0.2855431343896777,-0.4124947773186999,-0.9041119860059752,-1.6196323166811162,-3.0498748822975723,-2.0756465084871207,-0.7836667268767735,-2.2389082499387283,0.29249247365710174,-1.0443649264671262,-0.05464382987106198,-0.15979843562174212,-0.7982018813315047,-0.689426384439602,0.253363992844891,-0.1451224848547955,-1.680879832696251,-0.4532259540714709,-1.338576857857501,-3.5698345359332184,0.30220754499448166,-1.2753645700987786,-1.8160827644480522,-0.3672012777859469,-1.5859908644970622,0.360350204047275,1.2388341273678192,-1.0930509831796344,-0.9896378943965948,-1.6598149412585386,-0.2956075339377485,-2.086358836509638,0.2869055869817869,-0.7338010190926619,-0.5599842029689864,-0.37519271289768086,-1.859819780242114,0.22994552488733833,0.5712475830517973,-1.02743682585255,-0.5806853782268789,-0.3232968673624972,-1.3895273013192648,-0.9803548747064519,-1.2295526908594452,-3.4861578192175475,-1.2182667309802813,0.8516154861701011,-0.908227449930973,0.07930274525615899,0.7614175400584042,-1.9325530739245387,-1.638892415134439,-0.5590816624031651,-2.0989307429388804,-0.16353577866861235,-2.332064290097403,-1.5271787402032766,-0.7720275362353421,-1.0487839090836932,-0.721605812078357,-0.4240753359093452,-1.2089947880263363,-1.8236085972665725,0.45778770982021055,-0.8474334007352486,0.313875918868735,-0.32246586564827784,-0.8124250550084205,-2.1059491455962838,-0.9888072151332015,-1.487847514182647,-1.0874930325977377,-0.8780171688566597,-0.46908212491040435,-1.2137882473976085,0.10566855734795233,-0.8818191271404346,-1.433351546353097,-0.9568735496316302,-2.619419402276985,-1.4966766327445822,-1.5279457840799435,-1.2997117521984207,-0.6996394926073707,-0.25832616884836346,-0.8228207073547426,-1.8308375781811863,-2.31717442841968,-3.207011642362279,-0.833133742136703,-0.1584192012364204,-2.6457103357915077,0.4997179338110682,-0.6949534666639656,-0.055439524289879194,-0.7016620872835302,-0.4974085999628064,-1.6377864777405646,0.026371870800009356,-2.990671017736533,-1.9545037024113219,-1.0004000435407658,4.49766583275044,2.1448696104399465,6.911391348035984,6.111069906886593,4.634433364547111,9.247325030172444,5.9562955959104995,6.152774193799626,2.41288763503186,6.96524800798175,6.336568672292507,6.246954993621927,3.714740336732729,10.724931242210253,4.246321028855989,5.625709271355467,8.73956816071248,6.920557280580799,3.9960669326029423,2.6021039611463195,4.3609809061108304,5.521028373080236,4.032523080320787,6.439504061057041,3.8741996047903733,1.4432240843304105,3.142773594380242,6.8519544808794866,7.838833332375465,6.291656170733891,3.9094814315342834,6.9413291476918015,5.3258446360657645,3.737280552012743,4.081568643884241,7.279505800500797,6.7552132376322405,8.353010594443617,11.092955022310967,4.263495606455063,4.103217615593394,4.516225042256433,4.257158919507045,4.404623263684107,5.110398349244006,4.1337190996734385,2.270763392550552,4.1417811381689456,8.677790655034837,2.010865804577506,5.156089423106728,7.620598851046321,4.610142934341847,2.7977263098190126,7.281677020204825,5.160404831064859,6.974753828637714,6.154769719556848,2.5111594629317433,3.768306160392523,6.1344805672263805,3.2461792646888314,3.317970864962847,3.648454546696075,7.282530846048056,4.317481810067076,6.003981580447701,3.4817692382788,3.817711232593763,7.201881056596564,2.970434593722165,5.264246330940579,5.248367549197375,1.9979539104399526,2.409068571987893,3.828107160290455,8.072754924297545,2.0374915410376526,6.548329383638257,5.535833810676771,6.906766117283016,4.5838700432054145,5.476487485677886,4.6358392166988684,2.9298555766455903,4.393483661426737,6.225841335878227,5.2217471860197096,4.86405614736186,4.339481431852083,3.7437177274351137,5.189834770988344,4.784062937146125,8.622279568362227,6.564068511738451,9.354165120219495,3.169112527740099,7.133275120751854,4.583402374597231,1.9544909901889875,6.061041364122733,5.7076626729265385,5.729950981176616,6.893588495255397,5.39957888871201,4.19912814435959,6.504391628419078,2.6400222150851294,8.360507536799272,7.010136701739576,7.486940516686651,3.573349446375009,6.6499576260692805,2.91182167607862,4.6886668746668025,7.845493788124216,6.335317998072361,6.664590231697127,7.875671935860112,4.829898054914389,6.187374839536137,5.652370019560252,6.611326574216987,7.159411907994624,4.310710219899945,3.0040501327949753,5.049208259179429,8.450887036529142,8.694649092986582,1.8772013048429308,4.788549397777303,8.944872495768301,7.539381634049289,1.3406531864637206,6.1703659727282645,2.3084508974532816,7.792261684013372,4.463567087587294,3.855455264101688,3.3895839533357095,6.4968528788701905,5.081509116531216,5.470057037888888,5.988472898497834,6.149717201027653,3.0582799557665616,8.192414207406507,7.338274575689892,3.975933723487098,5.239849722565703,1.132258144991864,4.321263449027853,3.0807028781524544,2.8321477688884453,1.510885646930109,5.405751326466527,3.643511831541967,8.838696892939327,8.699581752264985,1.8475995551114583,5.8519153296049415,7.1436771328317406,6.514493834735343,4.963554036874816,8.348110291790237,6.939088289953363,7.5719620956320455,6.349525062499642,7.179400294590723,4.515903584915615,2.680372922851003,2.808391963610633,2.225428144805606,7.743001307027854,3.6076607281579633,5.308513524561241,6.9296969977853236,1.6793342563639149,3.300353042799427,4.575311387728563,3.4026829141995205,0.01601885851570639,6.131620121191655,6.274857330875222,7.44731756673732,5.046048991520606,2.179862642873592,10.387248140399613,2.9065445884131287,2.9615631129671156,3.4211538348385275,8.277938628755377,9.938425226450963,5.707087338366782,5.383726065120848,3.007687583066578,2.1390740949959435,7.597041909655774,6.354439833085765,9.168025497225564,4.774500340337666,3.6765201424443577,3.3678917994373325,4.240797602401744,2.6765710130615896,6.938770850316255,9.283066257504666,6.223392801965412,2.8607302158925823,4.838081433261217,5.038727972683954,2.578962188003952,8.051019803041632,7.569134078083767,4.059417246700426,5.511620024088452,2.794658916373272,4.950194991332739,4.445117096258327,6.269083600247672,4.790908271269039,4.0533045178709886,6.547268950941703,6.646627692347657,3.7666062073802076,3.6184467920640806,5.883159473509831,7.162235877129543,7.311518537914126,4.50055773835612,4.636152021076715,6.1448588129998,3.302382770849821,1.9386070744438486,5.156856065608603,3.5168514628714274,3.345368183190783,3.8210226979928237,3.0726518380578782,5.443923043017573,6.558228762558728,2.9170332045753353,6.982873103038678,5.660659727377909,4.302216341247976,3.4507741038840525,6.519803418882857,2.4370250834562186,7.66766572768163,6.429876301124184,7.172676631524428,4.458581516330829,2.7402245029960826,0.5509214280168822,5.394268129800442,4.489964009816557,5.299160561011096,3.0390178619567236,7.420914146956903,5.109857181672927,8.156969258991099,4.858745504965194,6.403214768003324,4.1459843487632995,3.5502046158843745,4.775369455443829,4.918015288902188,5.6385183430180215,3.4666455396533467,3.3494874052554193,2.388805730337798,3.6853064485196305,3.7884619472006484,2.5503475548730226,5.726869650322929,2.1902148992306896,5.499882014602771,6.352845276779833,4.730187808395025,4.595945656913182,3.8464987309329564,6.360535805566387,6.480067292353173,5.392054995853921,3.3129854371308376,5.520333321609628,1.4130520854149937,4.298679432512624,4.479596301917972,6.305453078998718,6.296225632796687,7.974895187906284,4.693800832078656,2.0285285375157023,5.455939354049495,6.070073428217053,3.770863886491781,6.277021956517952,3.5253935694506264,3.7032963883512298,6.752240057545499,6.746737570190296,5.088898109908872,2.2385872237361166,4.426005401412783,2.9312630690918637,4.652426862175221,7.339425793259645,7.901767517351011,5.726626970223533,3.496431446297167,4.5167301395283115,7.161399409868123,4.108871542226751,6.198799429271859,4.899612363770601,0.2611798248344721,2.2273288201569077,4.600677508985692,5.5344669760808465,1.8736285362287943,8.108122628814666,5.040956140519025,4.699705201819383,5.930644178308159,7.606713156055823,5.830233990620357,2.7607685972401628,4.042662762585084,2.75338847214289,5.352805305697247,5.359595456856014,6.054622615718649,3.594667492439728,7.192376596310325,6.024757114270921,3.469228804436213,4.788974332387236,7.810233082539697,7.808346119770702,4.8769648929401015,6.425799283845886,6.685902789721779,2.9322516111799466,4.612262642887924,4.988356037226652,2.171808513820447,2.19386191900459,7.2146540983350995,1.0126007350149857,2.907869705757161,5.237842429859511,5.503510921364968,5.574702164749696,6.088980164187596,6.12542501618224,7.815494336964369,8.278487819012076,4.97492342446551,5.082247406071207,2.041375087336047,3.682647314888235,3.634048850153683,3.2064972254848616,4.908161160933867,5.235940890850872,5.472898880308776,8.553789259540629,4.016795248867955,6.037712968612631,7.27305370447754,5.922618558908117,5.627467709856409,2.916611071792504,5.842206976393142,5.090244713689471,5.6802564097609345,5.480476938878197,0.6674501344359696,1.033479749370544,3.1938181302381023,2.5674307255002007,6.452110315834771,8.075411645073308,5.456973406811833,6.548568274154627,2.0346050020906943,4.52851007501778,8.808931713068965,6.5421534227732225,6.307494776143858,4.360290374041061,7.626601742473569,5.981636473429685,6.500892230468958,5.376000948898356,5.463535292968709,3.53404353123785,1.9617593656059067,4.699519564646283,5.721260760379412,5.984560583984751,10.320324384768885,6.538876608244736,4.226391917014488,5.8757631560983965,4.409827564946763,5.5738462721708135,9.006119513504522,0.7356498367915396,4.309631549501654,0.491236795825972,3.3609444391225,6.3197427115525775,5.8975070937743705,8.320633962196753,1.7551183534537511,5.135343714732319,3.5416439484379625,8.466521384135298,3.107471351828451,7.372201948652988,4.047185528885575,1.9622812190904537,5.796665933463941,6.86398216466504,4.237949059977153,3.967010637257173,4.275957215464863,3.8465487533910645,8.719421096948576,4.945471757349394,3.0463254637693646,5.819862132669593,4.999386149910977,7.370226825824718,7.545144533709804,5.0881122461941395,6.379775786706934,4.720037675950932,6.585810310522901,5.072953692523873,4.202079783228263,2.513096552081158,6.485444614998356,6.50922025298864,5.726337294483034,3.5849986750256715,-0.1370708737074402,5.802381810416412,3.603335338534113,4.618149751614808,7.12858224035491,7.266597997048711,3.884406282536546,2.420707060221455,7.132457766884512,5.825888036573156,4.46289517310082,6.863633154228767,3.919810352873467,1.305430987249609,5.187632316494664,4.183656399357814,5.1442142561459265,5.444533987363877,3.154027676765972,5.192502440677654,5.14355636044356,4.754267501393926,3.8696061306293785,7.055602657016793,6.131264812090899,6.612230211279976,3.3950674939210614,8.584331037199096,5.632612186566432,4.104778532763292,5.101354491967709,2.8515188392919937,5.932499497585944,4.126074395388902,7.982805107489747,4.145357018632222,5.146602814050401,4.25243734136621,1.4839914359343842
23,0.898213616890776,-1.2490296427169112,-0.7908969946741112,-0.5233715593205812,-1.5049096315155688,-2.057437265651978,0.15858145164760584,-1.9363125349642585,-1.0682525006752455,1.0060479850945887,-0.9652915243531508,-0.14067203793138017,-2.906603556733539,-1.4004760720561038,-0.9976739701553733,-1.6398704144453928,-2.498815640461628,0.0035459105206239183,-0.9027353142351401,-1.2227018600884714,-1.5406255765100672,-1.1643236540748614,-0.8583344729603518,-0.17188342679982305,0.6657861746189875,0.03742322327315106,-1.6879595796195155,0.8720633196987644,-0.42925202832989096,-0.229772823052381,-0.30230768851311385,-2.5170387955353437,-1.0512982411472993,-0.09764385797235553,0.5366314860667021,0.05795439287529547,-1.7317433320793567,-1.5855931472096791,0.8336966196962072,-0.8032012524123039,-0.661514595898367,-0.6676038277084761,-0.07856235628811448,-0.017394841466517152,-1.0982507431224595,-2.4382875311288004,-0.1435187475896097,-1.4406603223473329,-2.2013064413547703,-0.7540097270636598,0.2601325459971273,-0.4073455956860673,-1.6264317051196162,-0.4289411550948049,-0.8731626551930094,-2.6209195042093807,-2.637724037568744,-0.8244337618401151,-1.7435846043297594,-0.12482299947364828,-0.9429050590038103,-1.7074170100357327,0.5829647683337835,0.6821904167785011,-0.6797140518444003,-0.16124575762008309,-1.7568228932894805,-2.3443474419238823,-1.148989684071235,-1.0825202540508543,-1.2265458779614618,-1.2880400994938508,-0.8670969579092447,-1.873798964627106,-2.1646339886439776,-0.6639445319222299,-0.8892336194313755,-1.2900286653185107,-1.5930790593403312,-1.2475901743559004,-1.5578428832757858,-1.4511716212519314,-0.2379025547311363,-0.9347153898057246,-1.079268037914398,-2.0785286246204513,-0.5216760322853062,-0.7651873959876483,-1.3260368372296072,0.8104101404023405,-0.15204658686869288,0.26007396001012695,-2.6674219977936295,-2.5263284861666655,-1.496944326342252,-1.3956541387138417,-0.9798145066561673,-0.9518431363992549,-0.5913787243293394,0.75126275048192,-1.5166497783455812,0.2069849076874355,0.1639658356775633,-1.8168195581940347,-2.5922452967967207,1.3058367917624865,-1.4739240675461556,-1.4735717061406568,-1.000184077335046,1.3525221944701453,-1.43940158894032,0.09199085108385252,0.24553836767543435,0.9305627539362777,-2.0269993907612336,-0.9518575244960633,-1.3032560216945377,-0.8269989223663117,0.6493916413185623,-0.8029664008964484,-0.5954890432926636,-1.2081149157622508,-0.805173556719386,-2.933578073059244,-1.1899462601938682,-1.0011118406660684,-1.741358828326153,-0.41891808514295703,-2.9663143658757924,-1.3114761779417923,-0.22668971555841444,-1.023823158785694,0.9339535339822209,-0.6997284524676558,-1.0423808423230463,-0.8927108878262537,0.7452231306452459,-0.7492065150579621,-1.4681830916584144,-1.1326743078494512,-2.64103224512829,-0.043916616590852664,0.4025346322115313,-1.2102337133382686,-1.3449655744447333,-3.486287770524263,-0.37919714468603605,-2.14047757352804,-2.622218863048085,-1.3760708294072916,-2.075436023235969,0.8708715178631301,-1.6179932137212805,-1.2042684807945903,0.582994547027079,-0.645276378107611,-0.38277434177205805,0.6748282140820114,-1.472051893225085,-0.40451463729985615,-0.5898711380827455,-0.6410203275161896,-0.060648779376216155,-1.549204308732204,-0.1369314668283259,0.5424397125492699,-1.3753736290324972,-0.7145097815643657,-1.0654248761611427,-2.5239137066940676,-0.9279402262666389,-2.3803279133848427,-0.6736860641250382,-2.614050188589759,-2.120170403597026,1.2509327366830378,-1.449527572000898,-0.22691257779232843,0.27579955858964045,-2.2157742777371867,-2.189357633366537,-2.167133739165076,-1.2123457988480724,-2.9425260706860086,-1.7899522101926517,-1.7913155156275016,-0.36889146400817474,-0.4364602619645629,-2.2854450517191953,-1.9052504630282345,0.003636777675059877,-1.8277517826512752,-0.00591496478914888,-1.4598717412426998,-0.4550677259736038,-0.886959507098461,0.9104093247813818,1.1098508302744223,-1.8120675128552488,0.9539894927371821,-1.1205354569586132,-0.9843556243821401,-1.1049797370233592,-0.3089473641235766,-2.539074383109832,0.42445556088885983,-2.7007752922293786,-0.9316619044464226,-1.603179190060609,-0.6843085735148777,-1.3214987189986853,0.14244161140392686,-1.920444094715054,0.5441077470807831,-0.13814054175458657,-0.6059575526801939,-3.506049764747075,-1.1817934000421033,-1.1249844093636823,-1.350160698973932,2.899931951784014,5.3821722524635796,3.8444861378082607,4.629103714828647,4.630411597539835,5.269615169776852,7.701595655419447,6.4821839924280615,3.3794560392530952,1.750486277734311,3.4577261974342894,3.426965290899307,3.65209257287362,7.2065202979655165,3.8986109378988925,6.978005727696544,5.058858454645873,3.5240828268393676,4.296000013845671,3.0291671758211,2.854247735294825,4.083800627732726,6.0032616604209945,7.222631368290537,4.343245860589593,5.859801707374413,2.3700049808254855,3.54974278647974,5.359957201053084,6.467608252858214,4.866177372407125,7.589104402828422,2.857226154565821,7.512519953064279,8.140427552602084,1.987338750512555,3.446555007306153,6.143190151914869,5.380621922254159,5.766655754215284,5.566213217719579,5.258335861698039,6.139917044843823,3.701067943463069,4.868470548065679,6.709644158650654,1.656554939298068,5.98728824654346,7.2250087355567985,4.500104528596068,9.714143077119637,5.678726286707419,3.9014806248464753,7.925583216655998,4.76336406204078,7.525546965358753,2.926706059478608,3.430346811403604,4.558997105587343,6.876314866932165,0.7323914715053172,-0.1089729710610392,3.7335394833494826,6.677602163391125,2.643150673299289,2.4425435636445454,2.266105793794555,7.182610335126871,2.971275722346382,6.242069889052107,4.635660557064616,4.9829689619188935,4.239719146090018,2.841252735577691,6.4575827941316355,6.20975359238859,5.356552886654166,7.015209397683801,1.9205742412045628,6.711532238249825,5.313128319761785,6.497881490252229,4.004839824785831,9.295614121903835,4.98768022963016,7.049943086320958,2.1100036488556926,5.076997313660665,2.8463662084283428,7.377160656266645,3.6368711036866816,4.4914487476885245,4.815462343099063,5.221645005236967,3.3437423912683446,6.9716823148400096,4.030243073133793,7.823110081352528,3.829439881124409,5.83621633443825,4.908898100621662,3.839295376604745,6.180162958760167,3.25670000927284,6.591909601290696,4.075499051930628,2.432775661813787,3.7893561420239306,2.020086921253926,4.822204486276868,7.146511680913267,1.3186942887075679,5.4137640109885306,6.939649471743921,6.363732706242933,3.0165819984130318,6.525472569763274,3.4118486841519586,7.4184981345002505,4.021407763031385,8.081380639627914,7.892331700079332,3.7449790783271624,3.2923989006036525,4.9439836605025915,5.068246373227753,6.6505652488219935,5.315851451991415,7.515255360050246,3.0629900948319677,2.0729273744978443,3.779723860970505,0.7003325891084167,4.944144574741021,4.529775455986367,3.893163344754338,4.979504498237875,3.28713311762503,3.6594728067672486,5.72895631656046,4.567880106485837,1.206935322782659,8.829156281507755,2.49471362676862,8.702649770673135,5.253514729799242,3.4749755843641736,8.756487711483395,8.38107320215487,7.019765248909682,9.327324003700532,3.42193876185463,4.22527120903232,3.0001094181994463,6.649293528330137,7.266083601703748,2.293779855840345,4.745849091002578,4.727483679242449,5.860040745464674,4.65072301972188,4.8701861492381635,3.7570939013820857,2.7377064726703573,9.425530173379236,5.871116825853735,2.000513046831542,6.2933709369885795,4.3808121669575035,5.740435521762589,3.03459316041626,4.300052530006195,5.37379167282133,2.3313623380419974,4.217711181796949,5.260179895855112,2.5123605254668573,6.773337243818091,8.863855237750585,3.6041283197393943,8.405053783641346,3.2640047769265728,2.952071459846781,5.469231849074776,8.860750966409476,6.1227907590253565,5.37795699548156,7.896236544222704,4.3929849930564355,2.8320695777360716,3.2222358851738115,4.0203505111382905,8.056960076552128,3.2314247557342153,5.327000051340873,6.7617326848717685,4.260505624438643,8.74620430551192,7.310584137778385,4.431482423345776,3.119718191348838,6.09603258901363,5.65219776887115,4.396996412182254,1.512479299374455,4.792481248217999,6.455834634654796,4.528675919400604,7.532121465381686,5.061526912928933,3.5967321695688463,4.1863564963618245,4.716305945600471,4.952685975244646,4.9258093472214375,4.392897147892226,5.377693525928472,6.099675386878871,5.643815164079427,4.061037332498161,2.6804835980251647,4.79079159980777,5.379148620566777,4.1472226561113485,7.676549740036631,2.010693618558336,4.1255885041973075,4.6039258885541585,7.468801516247359,4.047922122483213,9.299231815882997,5.948940884696644,1.4682930590774252,2.7258911407613615,6.929020597507008,5.662149481360039,8.19972144720465,3.8802677368198744,7.222912611509358,1.5839384421956715,8.174266275404438,3.516141237842045,5.601800916136237,6.504205542456609,7.611199910218499,7.348041690768396,7.792860926935832,4.068347763535847,4.555254848769899,5.643626427949279,3.95790557344853,8.983011227390264,3.161307610429356,1.4825480804431024,5.947568832613931,6.213439568953676,6.461351952542582,9.088751018697694,3.987967134570021,3.8575196095671043,8.761187557072002,3.9933414983136117,4.982696982498974,2.7024561583129048,4.702815827445156,2.953151717659457,6.64616399855696,4.181339596530649,1.3714493704558484,5.515056676455386,5.661065404830455,5.237983548708919,6.749911791496909,2.2141278447742216,5.571875424941221,4.559247702744609,6.911833116263773,3.419491929071376,4.296430305639216,7.910730774480061,6.554485794106981,4.920233716955467,4.651245798814166,1.357337286292501,4.564321304885522,5.7903917645144976,4.465116138985409,3.7042686218761998,5.2861636954490425,7.085258120565801,4.839278674398273,5.0717074792278005,7.506047719511372,4.824032367167495,5.699466667352907,2.0886789528797016,5.777144945796992,4.0683855984376,5.460604722555847,2.943434138550168,5.689249719553082,2.527575047346018,2.836200062541142,7.2451244887126025,6.272034131273852,3.0499971537591097,8.60380333376531,3.4762441733705396,4.432131159737197,0.5588682843525321,5.116996032055348,6.557187791306322,6.512588342004228,5.4387288218577,4.931417885464316,7.672608595485858,6.146587495096366,2.125696016902258,6.794651538102803,5.476667719754428,5.477212982841878,5.217838650136934,3.16540238292564,4.532442150300835,4.700994895710927,5.125980043121252,1.7460229129795883,7.853105264345544,5.313545444999717,3.8499480188200215,4.878671862631225,5.542690773181512,3.9200613490441487,3.3758223717104845,3.5271143520617763,6.643806287533249,7.832712087812498,6.375041726789668,4.432445740799984,3.5549246265817294,5.161727891071598,3.987827882540928,6.5982019230180535,4.208737995996367,4.001639558853047,6.491519634214721,6.261460435555454,7.583939720612634,-0.07903579257625282,3.2896890707890694,1.5591984333164608,5.040653600882064,3.8840523119818,3.7872781440828662,5.549833584409725,7.139238193698407,2.477896926174206,7.280772167358765,8.383688862628109,6.473377788615939,8.068423053426022,3.418565379093285,9.288862870297603,5.60883437245109,1.3437421543056156,4.5250493734293,3.9179652133151563,5.5364703903988595,6.4240132830212815,6.424810556008598,5.244581022480774,6.448339021400324,3.4553792854465963,5.302668395380636,4.671341762656601,3.928411715409352,4.49591247784502,7.80358417379365,5.636976231638247,3.7814843201862143,3.498840691429697,4.39355802481052,7.931019618894141,6.693681841759423,5.541121099772543,4.962848712827842,3.16541735518822,1.7740252708739774,3.7419749274037377,4.998228687772944,3.786051901608723,5.795229767902301,3.3272056277749544,3.353699645650912,4.028285570801528,2.324097909100639,3.380514057413914,4.67823586503243,6.455376912463482,4.989688049985234,6.927642964740793,5.156652120754965,4.184978404641839,8.514596415739545,3.4077246617453394,4.8808579714499265,5.082388593865755,9.695165856773126,3.7280317897842563,5.581708444700292,7.769082667907947,6.500186389047515,3.7592928037332056,5.53321946369476,7.6647728146469,6.686359401976617,3.09439147857646,3.9875167921324826,5.02916852890381,5.118482460287816,4.6411645963465835,4.7633824548057975,4.3842965870964274,8.060439875277764,3.8715747185024263,1.8661670987844778,1.912034064557647,5.794706581615104,7.813778341696212,8.635045461763518,2.5983046425278933,3.4563708095653256,6.774927450264698,5.311815996376945,0.8796139365350095,8.239504276606848,5.196436587777023,2.4013245408516655,5.761483635578736,2.174127871847298,4.470180582003087,7.7341426281694865,4.553181524976485,4.137735355147458,3.4234230053280372,5.561220356224407,7.079513726107111,7.367116375183162,7.962029117710891,9.721868365219722,4.412373075978303,5.873350191264513,3.2384968736692032,3.100056645457869,2.0473214185697426,7.769502525087109,8.858536297801047,5.86126657616007,2.8714422085466156,4.315677773663387,6.710424169252164,2.562303151518809,5.173496417034323,6.533805535904069,4.419857643311359,6.242532376742436,3.3893805618292836,5.260015263856267,3.8113902584514108,4.943389399185669,5.2980159608133945,7.691097993480117,4.769521367145418,6.874764261569067,7.275825461799933,8.48876255633509,4.900405453739232,5.572321840486091,6.7761423797462195,8.071502034756856,2.8046446146652078,1.2669203845176606,6.805995925800404,2.880962453493184,4.136989668477788,5.428512910174594,2.1180948538276594,7.323142698216921,6.309748540145151,3.182615650160151,2.774120725191113,7.1451308115294,5.989993288233453,3.006654319884364,6.451915920230803,4.715385408421086,3.193928552207211,3.0657523162588074,7.96098673058521,4.368392148659774
24,-0.8297724994599059,-0.14401192844282806,-0.43068507024019875,-1.6270911388250646,-0.8048512072662012,-0.2228831290026828,-0.29132744773289054,-0.8203094232056504,-0.43799866716608393,-0.030685700147385142,-1.8476086209855835,-0.8676274190056895,-1.0620306954187513,-2.028253699533553,0.015519758993297383,-1.3091561965695169,0.6573336996156411,-2.425470348756915,-0.6585181032922942,-1.8553608828844,-0.12544750579620623,-1.0453583137679954,-1.110026303900273,-0.468261644321158,-1.6693235481784474,0.9502397371905491,-1.683172508418087,-0.43884363203858345,-0.9556138553092745,-1.3809772776558185,-0.9699754720795744,-0.39654300071288395,-1.2566284210706156,-1.9517534806037387,-2.6188269317712676,-0.18040182394163973,0.49628180921619625,-1.1318016484137061,0.4447368852390272,-0.625860890892914,-1.3693037778276533,-0.6842693608131101,-1.470375409119761,-0.22794431924547653,-0.18905623569837937,-0.8287097911167589,-3.137312665429735,-1.473374759869065,-1.7339155866356206,0.8361228425108713,-0.7685941503476322,-1.451683581927468,-0.33584763664961403,-0.20840631106941443,-2.514748416312191,-0.8226384020960308,-1.4122569128271407,0.19817821699874516,0.8301436538198554,-1.343604195156225,-0.16129898285669764,-2.6752989852711835,-1.2599807379719887,-1.494248960337459,-3.1653316549342105,-0.45237360716576713,-0.6392315931697133,-0.39966334950069504,-0.7928171059574745,-1.6867990973372566,-1.5622148088419907,-1.9413631260215198,-2.061758399358968,-0.10937827390856403,0.5806976583563801,-1.048672882572751,-3.5397010215117555,-1.3245063341576708,-1.2461364541055475,-2.188291542162448,-0.9844059882779579,-1.1993956144924778,-1.5266514971394387,0.06406864763295017,-0.7582978302431301,-0.9982424641649718,-0.050893844648771,-1.954156458131454,-1.128336401770084,0.23670231661990582,-0.8907450836530413,-1.1079227768017512,-0.6856101769657257,-1.4504290084491909,-0.409270661520298,-0.9393987139175648,-1.7355454527941665,-1.3299283112905327,-0.757443583514009,-0.21132355948210613,-2.5380274381983585,-1.41633171520478,-0.3698990029234176,-0.3667888929593778,-2.214375693389563,-0.15655880320694981,-0.24927689372508022,-0.5286360169825621,-1.6136712034668204,-1.8368103200226764,-1.656577102621631,-1.2020810223971006,-1.9686034387948865,0.49626569790920194,-0.7438338673868992,-2.0393635737569182,-1.068113743836823,-2.081903073121264,-1.2610401107927667,-1.0930282024330422,-2.159718793346305,-1.8256475280576612,-1.75941144119771,-1.2303129592670923,-0.6324567934961876,-1.0640143925462808,-0.04906109047849694,-0.3517025561018501,-0.9991744509378444,-3.5257955765156757,-2.2344001349380394,-0.06285961586928679,-1.4091138678749102,-2.631322165401261,-1.6942506172055127,-2.4727237229546395,-1.4750023351835457,-0.14506889841865367,1.2425277573353748,-1.5001573533897137,-0.8017914270489123,-2.242094018242619,-1.683549232330086,0.3604953545761238,-0.11851994558697254,-0.6361371654022328,-2.756080803715568,-1.2339890716585304,0.3485507261122893,-2.2781763621928377,0.09688169378551992,-0.4267529540007724,0.6361052599324521,-1.6499925797889725,-2.9231185756522575,0.6484365049197383,-2.9454479038826302,7.289788453014411,5.199835451160765,6.6859885813344375,4.98667623480773,9.148707707170512,4.744889702942613,0.7916540420681484,3.9905912660851492,5.003597673442611,6.144197238392547,2.803854598487628,8.919362005435545,5.230653216388907,6.579070482191359,1.2391831880057627,3.360592519316657,6.881161346423328,3.4678214569914267,3.9263808958201,8.429950146317841,6.169704879421106,3.47393387851971,4.866338305506048,2.2415963491645066,5.943328911613072,5.0526658521191266,6.826943209507553,4.384046743905191,5.538707949908207,1.726054243726968,4.648345476801243,4.20819905791893,5.4846176471282595,2.861589792351125,6.666310874528479,7.1818275645798675,4.826621995614279,4.372433471648466,5.755903969880189,3.421095122362633,6.300354021184857,4.097969406752963,6.1411312716751425,2.7729340785966414,5.506508540566283,3.6315423904180477,5.344933477734772,3.77670453700357,5.29960891046579,3.072615655983129,4.509594399130541,2.407386261082277,4.058093779603586,4.959567228960159,4.569364691916733,4.046602142571273,4.06478985843876,7.109047652764925,4.9321125657936795,2.5824089812317275,3.7197754190003423,3.7723757185018485,7.174374780778112,3.981981490611288,2.511485428310356,4.924843228790462,6.689198769910265,5.229325667957694,3.1809326022840003,6.561217523664712,6.61573386236478,3.5471473599095846,3.6954692524670625,5.457389389461728,7.197969793485447,3.0833239866952407,7.038895897648043,2.2874203998943248,5.352226762708805,4.465948847909736,1.017657209671686,4.3988626656006256,5.218697134742554,3.613478030128271,5.49400750022708,6.466807745331362,5.966778784755137,2.5652980731269373,6.629996331672003,5.157511536995407,8.336535733305794,2.493259041479029,6.081512354513743,6.972039005549844,4.10889492808062,1.939951125341096,4.963722155531698,3.0144898901220527,0.9622005837244831,9.931001434183361,7.042015071721181,1.009781777700101,6.936102617541583,6.7183079414831575,5.74118978386344,6.972829801900489,2.385805035350392,6.7891261694520075,5.6599782410174315,4.95851079353531,2.6152606529890257,3.59274406554745,1.3444481659070746,2.0038398245021245,1.114702741795143,5.759082191673664,6.07703597678016,5.146261662367181,3.960632493465721,8.126520769022925,3.308670881703065,2.78752672105076,4.078652986787431,7.767907056000563,5.051028028509167,4.743248942676044,2.2223138390353276,6.495939373395612,4.421909093217957,6.684961194209389,4.872471585544906,3.243167581966583,5.031536059838195,5.568803107869629,1.5683829636185145,5.289471786821058,3.8779463515921417,0.40074893342127904,6.093873607011083,8.8378516386574,6.276612848018879,3.0048071574537607,4.681686802031243,1.2323780338057615,6.065971522505969,4.868585528959992,3.102310777362078,5.330011229116872,5.584521125282695,1.8538167337446687,3.6884432636648334,4.446339145363673,9.540243756990105,1.6581839239124898,4.844711472160677,2.918597978934048,3.86032172425589,6.683343188955276,3.5221060175340018,5.611136351071199,3.418087768619362,3.4169102886726357,6.979144627860543,8.97707788430797,5.877241709055084,5.893813666660553,0.584881827348533,2.7031804845573553,3.866561901020191,5.891786683869047,10.6163623445996,3.8280120980715697,8.809752310393968,4.95415066061016,8.714378499167665,7.970742993256803,3.366883273991184,4.430747906714889,4.4085306805598705,5.600037886159313,3.758455953283894,4.498544503579826,3.2179305340960997,8.309399296560233,2.6897749957375368,6.620571104065936,3.7674614969453692,4.772463988962193,3.975765684274949,8.760271237456442,6.410058819687417,6.714017168317072,1.593192930585435,4.5762323457178855,5.261637032153438,6.2040048942996835,8.909671002576953,5.413106673233413,4.100602916608076,9.424327423349158,5.14040047894991,6.906922357537497,3.1938323506100446,6.072690627589306,7.8260020643692085,5.698348718755043,3.418679150659771,2.2087328441735545,6.9125238279960115,10.87708836606307,6.099018682990544,6.211386753690772,5.270298751820904,5.900125791810371,6.150635431233972,6.606447989325154,7.3618939309286215,9.095590609110587,4.148681059568782,5.552952657998423,2.037633338392583,3.2794588001911458,2.5905457635414977,4.045230963443645,3.4043234227377823,4.586723202818,4.674683244382947,3.75137056109529,4.878344881049822,3.823575026588804,7.303671044334859,1.9788010059628194,5.182196323136036,3.2168619353223376,4.7421076623601435,4.538763898090859,6.726699964111919,5.4823633570838295,7.819088382443898,6.196033211265152,6.404736551883879,7.208327335968873,3.7635126054631938,4.912077852700844,6.402773602572957,5.462349224499057,4.056498225655229,4.932836903574999,6.055316761938908,6.6168940572924395,5.391285777409305,3.411881765493625,5.462449233200747,1.5117596868528844,2.700184274991865,3.5043065441008965,5.814011068244643,3.1423270127265512,6.937426026608469,2.76587472548208,5.2474410871973465,3.8391504608213376,6.069516175265302,3.637847597653192,7.2233222026504285,3.468309961783998,2.6365124580918726,9.347382919605018,5.070337815190464,4.977631019606866,3.0090301815389227,3.4945468023129713,6.585523988736265,5.8910433311461015,4.152650252690487,5.604001195828842,5.168118359693743,4.443775405721437,7.6399383620614785,4.559255686512961,3.219725884028914,7.682756298615384,7.905088627711864,3.5637461312642102,4.902259575626889,5.436332285966098,3.6636263779754117,3.308537554295358,4.676136824984188,4.193400914082869,5.1205751273089986,6.589041696574549,3.6233267580127557,6.575358488588627,5.183814693690037,6.944615312643673,6.5967806293999685,6.383116635425935,2.982493393608845,4.215933780038686,2.865218442958033,4.027035172940132,3.0791879518902063,3.367293172003037,6.5123300824643415,3.291366217670265,3.378759597798132,5.958874914405328,6.607546998253543,6.527661746685704,7.008389057622461,3.0067875346786526,5.65376926687295,1.4721003273104714,4.357469147286642,4.052077471811039,2.9395115152925797,6.85976145841431,0.9375438759075836,5.086534721629713,6.920335400950995,4.750024530746338,5.889991796769129,4.83534502757703,2.8243765144390927,2.3578689397095536,3.995053268801258,1.965452665857498,6.6839613845827515,3.78820164792311,3.629244523953763,3.468710071802157,3.659656377571036,3.1422460593984014,5.880502502430223,3.9128821016876896,5.9362162195216746,4.8456783223608575,9.468018773170325,2.6085921271976016,5.976585954596131,5.035430145533042,5.02002040168964,5.779527344328112,1.1724561983766701,6.883013223255678,5.138882890155337,6.796052600161004,3.6577394844971454,8.051875895421821,2.2823493743287173,4.34349658788982,6.738020544788605,4.956551103433589,3.319618384436981,8.72611353413757,3.466128128368996,5.975018515894725,5.3360863658075175,4.694578219517402,5.66676923750957,8.512248761809094,2.659772811005711,4.99338088454666,8.438936097532183,7.270638252363299,7.2126400021218116,1.6714069073179352,4.2208418032227755,8.560294874744216,9.557593296284004,7.355282834293007,5.198809054396211,5.616414088794575,4.479698565987277,4.561677759897037,1.8594190483062212,8.520336971426373,4.575986490167438,4.207326253646608,4.8543391851025905,4.259896121696119,7.958215770795844,6.653152428880836,7.750764764161925,5.17545693974894,6.657497096404663,2.5537328469143854,3.858222861226686,4.238251843187103,5.109706272707703,4.31358696161601,4.716839851065666,3.19484311620739,6.164689243100181,7.831333861683598,5.222564391882443,6.256116727136627,6.24490368298018,4.194776067260021,6.024523500973109,7.3785923424816255,2.868275110314385,2.7900645032136824,3.4788131041379273,4.740321948469849,3.3166531803975907,4.694641599700268,4.289667984205809,2.171589889181387,5.242130472711161,6.370832925213403,8.975296719730757,4.802556554011147,3.7225048081593664,6.121139248517654,3.625683093489502,0.573592018791925,6.374702156850356,2.0700182090764025,5.529310221761679,7.055201107490417,5.618574795197065,2.319892934421559,6.3910317039538835,8.59491078190084,3.0273993375928248,6.234811532474037,4.470347883286182,3.672083512521465,5.882253721017694,6.008885323027617,5.5445311753590065,6.085777530940877,5.656823173156763,4.84711684315054,5.375847465794773,3.5214297149273732,7.289339985155315,3.262892082375119,5.554751712143015,4.771463223442628,1.6918423671054303,2.76564482218233,5.568084689472449,8.88673587973667,4.419831346679927,4.401136192047372,4.352098856736695,4.9634430766919015,7.096672116094359,8.222823300540151,5.530268602346183,7.944737696234368,6.844353984616816,4.419858873774242,6.202615462418622,6.205430913429639,2.6349715675246816,4.606128710185562,3.0124505578534366,4.890352660290729,5.617293310039662,5.392083546236888,3.0019486649212954,3.0889790382660336,4.94108789540448,7.195285914107278,4.873353187407957,6.947561857075186,5.394239998609895,5.813431345292731,4.259184760546448,2.710510896328907,3.087365396374879,6.421126755286269,6.631667538640454,5.014051876056602,2.671764278644802,1.2623849960174955,3.4657776469237644,2.61430572255026,5.7364173710566195,5.886855440079881,4.992440782341841,5.842333804766792,2.0945627787519543,4.0870544691063575,5.291853257145222,3.522992999750698,2.2078018150859426,4.747692384035583,0.30698030786814634,2.1067204158179007,2.738088712036302,3.386250356786804,3.3997261289641836,4.498169735669584,4.344095435086983,4.154610062155675,3.7045691114922343,4.816400662286346,7.534999384836193,6.801711809679819,5.902930382317965,5.514929750672684,3.301965007910704,2.105374728283875,3.943281844494366,4.125488800776244,4.783338378176982,5.828518164605377,6.646209413075785,5.560410796176633,2.065526093606563,7.241333842559538,7.807990890107625,5.048302780235934,7.473499432990009,6.825747283078408,2.9486247125740523,7.429387102811466,5.612297652492726,6.048312305550067,4.488170192592173,4.856802032966234,5.527092836850369,4.650581470841886,3.4273025807926407,6.471486124611793,6.53418096736379,5.281730280293406,5.23576147450173,3.715646765979529,5.579510818977957,9.431051301206853,5.68060614528926,1.6383800008769653,7.05029351007612,2.5604488545220443,0.0897757291382737,3.551599545057787,5.589323645052617,4.38468542271813,4.208136272315825,1.3796924208086048,4.518865105063002,4.66686191593773,4.256595340583076,6.24619798536021,6.294341631672143,4.958450081666776,4.958531026651107,6.284336429008052,2.255355254553372,3.150992223756001,0.6151824395440064,6.055821787378455,3.9276240036844516,2.079422125358509,7.191365821778107,5.736413137015946,4.74229770877285
25,-1.3542335247359454,-0.2084092644211024,-1.3299151643606626,-0.2752828673492428,-2.3175583220649907,0.06153100061958372,-2.7739024388424314,-0.472792916178733,-1.8861004746269083,-3.4943595497395408,-1.1906720979035352,-2.6832085944839923,-1.2460763084520268,-1.5885715785395949,-2.1422580646759286,0.11293150249624984,-2.5770665943626705,-0.4600199673401876,-0.9460567636806023,-0.34463153699687943,-1.8880891341595074,-2.43397706885934,-2.699643218632896,-1.7458804563530492,-1.1307660276447165,-1.111078122401679,-0.8387203438046796,-1.279532165587872,-1.077442232754274,0.3120585531993638,-1.7519066238966468,-0.445686618124415,-0.13037365610494467,-0.0389780014763379,-1.5458012143706652,-0.1547718027802648,-2.8553178797145815,-1.2997555173148487,-0.6584405083981618,-0.6838258959037508,1.2564834870266903,-1.1331567312684732,-0.9085309784341528,-0.3701414491687718,-1.640545868625387,0.07342440063020939,-2.286854551116902,-1.256956661229616,-0.16300376223310342,-1.3085136064046963,-1.826105492541808,-1.075184574457718,-1.3441750120158005,-0.8398393889458139,-3.124155742704359,-0.6888621448095702,-0.29029568271179407,-2.5180743141150366,-0.026924109451640588,-0.9126697482560396,-2.1523259301891917,-1.9166852849844456,-0.29329616292253047,-1.2701996948857546,-2.150824037978098,-1.0566688973094613,-1.4084846776815965,-0.28930755852379264,-0.5216980298900107,-0.3980475299346271,-0.05176427808319717,-0.8554841138748318,-2.409887864636505,-3.3203248175693396,0.4845866847216742,-3.7748416876889697,-1.7094842558746088,-0.24604857228884158,-0.19269717560288235,-3.0566571795173267,0.718381785694145,-0.7102043357270096,0.09241445907013346,-1.1630706801138309,-1.4508867183824656,0.22564122482661664,0.2927892002302299,-1.3838320526194003,-1.864572158643722,-1.518255011443268,-0.9038334008847115,-1.7289241687063983,1.321486892982044,-0.4343721812416871,-1.679102670751393,0.02062055818135744,3.4287896965476454,7.851814509992183,5.728636693304686,4.177004152775766,8.921696700577034,6.8866235376143905,6.566846679350352,8.137228876582228,4.8456448257471205,8.217695984492337,4.7823414031447,3.3912051704118626,2.405479256950961,1.541505789416791,6.201177556825524,3.75619642945486,5.915193016067648,4.8938445257698735,8.777817566159998,3.032375512757696,1.2819290111492494,5.034495065200215,1.528133612311028,4.829688131933047,5.13973420703679,4.402054063900947,-0.6605785534774338,4.575918246066487,6.325074667477111,4.437771595895317,7.612614439332759,4.259431204764587,5.283483247028194,5.472944857415003,3.4458786051590042,7.678370346773745,4.3096268845328884,6.457730666691765,9.007590028399617,5.178673412781838,2.3713684583036563,6.297772671928856,4.4325954637586005,6.109586499496357,6.751233843736109,2.3009978927962074,3.3910066853402605,7.60800030019269,7.121282206995234,5.439024948613312,5.640727732513949,6.70908478941451,4.747626525643493,8.961852225520595,3.525431553157138,6.23586482320335,1.7314581736664665,6.538799495159411,4.490266800415437,6.09986966409882,8.407457952066926,5.094566239381866,5.7249828384916635,5.959950789598008,3.0414624856643675,5.176433840912961,7.331318374179938,7.457828397509564,4.913355821064732,3.155689726964167,4.576269149764168,5.198192254658242,6.109593998166414,7.318456840354185,6.3723237926950524,4.89160865895478,5.777153100083869,7.019392586208477,5.033561093254156,3.0796375511619,0.8009967409471965,2.997772548830971,3.9172866289602846,4.6885343946385145,3.9271697926657243,3.292018568684857,5.315920000726577,5.60097082177248,4.457881664199359,5.367611997277483,3.4987806285668874,5.172690150641162,7.384136395485571,4.423354879098503,8.420359414240453,1.9256333148915967,7.4116760093108995,2.651592311150236,5.284055747236792,3.8777055138566228,3.3276059210046505,6.858620523876774,6.5269303696528675,3.625368795021246,5.221908989339798,3.475137788848298,1.309117203414691,3.6536213436743594,3.947157900307416,5.4366384207786105,5.2531897157801675,4.88236451895551,4.483964052449306,3.3971316802445344,6.059838983689374,3.3833418645298057,7.000036585419822,3.651031107406802,3.643851163954981,7.225302131710637,8.45749963764165,4.485500529858119,3.19443797015765,4.1513432941054464,6.5578624004813335,5.247779418322276,7.7376594871136195,6.538888305525093,7.283779507813994,5.937724032082826,3.3189638240740322,5.198473219750191,3.668949083683239,7.137565326915032,4.981276954345711,2.375505393815969,6.024201304288885,5.0273382242094184,8.341685594436232,5.298967482319887,5.923439120700745,8.893291485079843,1.9985081960253144,6.920091585502414,6.867001464364279,4.857675938591401,6.45895606775221,5.437825086745619,7.739198566511053,7.493844750270474,7.566202910154669,5.404875420493478,5.728705857676957,3.148316748894301,4.120444444022628,5.741743595424936,4.053104186978251,6.035192578767547,1.3431971267510616,-0.018651867771959374,7.3496777558397035,5.0737910402451645,0.5987107395277986,4.553185764319434,7.638815506951535,4.586855839435624,4.997305305471919,4.606327258196274,4.433111004652269,5.241853923331507,7.756807043590644,6.779801994292103,0.2126361096341638,2.5778146487670495,6.599520600936211,4.397639952850163,7.258914209519954,6.966859345941993,5.55786809977793,5.677391592332448,3.0926937381399124,4.312662659151059,4.977909732548744,4.472926768493264,4.252345745151071,1.84962501729916,8.297989358693295,8.383421336585883,6.015305994648704,10.045552895941,4.392891235137053,6.4111303266581325,6.032285043830094,2.8552726772139008,1.575385504160828,7.1046360763297844,7.467992997453097,3.119565580611596,8.397984328974538,3.651403024723468,3.1215464144107967,4.234065248289004,1.2723396652809593,3.139072000847028,4.245842284989023,2.530028067499704,4.030077745077296,3.3844826299995203,4.508119732295545,2.443825503045154,3.4038875874473606,4.177860294300519,0.4908989224637246,4.531644310632457,2.167349807015317,7.068129782832068,7.6397889116897915,4.727688837462646,3.0204214176121,5.014956878186765,5.974428181639871,6.27181572823013,1.825658086243883,6.023741136465976,1.4503536195737183,9.164826388185585,4.3110899786929275,3.351436027218715,6.33294734396413,2.3931429043158854,3.124118255637164,9.421652278559431,-0.5763185537899709,6.29500371052017,6.340619008235455,4.027092402100342,4.01235628419373,5.919761087766675,4.09564109267763,7.446223904719995,6.4198884413018895,2.6738395919573397,7.272662640855749,5.397828243896962,2.9186438740989504,3.2280010347350228,4.237773316739729,9.581585526417765,8.39754274472336,6.530800613128495,8.433726632826836,6.577665525972954,-1.9194468177820267,4.7786008014303,1.2410444030806715,6.139422647097257,7.795097129660012,4.568968080437833,2.9506629872153307,5.5466917729758825,5.671720117480217,4.663293531301196,2.9711352707882677,3.882678003314508,0.8591409045423157,8.121895024264717,5.326783985924733,6.2403708239688935,5.09964845129785,5.776426987335883,6.506990222932617,1.1489338190822718,4.692618735982552,7.3481211814561185,5.294366635637107,4.476289725770326,3.1680077831128157,6.001913909073208,5.165441688240422,5.452652080625262,3.121369355294356,4.620740857429481,3.315326247321997,3.322178799809084,4.8608626657757945,5.619002921437095,3.4307628262551626,3.1217293482645285,7.433256814133999,3.7961161811963438,8.205392152880147,8.685999360235355,5.394605813883553,3.881472910535445,4.503608551588978,7.159420110783205,7.6837683419060525,4.219616844226608,3.9945128719438303,5.073598897079882,7.097524111025664,3.4613367657084972,5.889147070016391,3.7150208838552734,6.378154443359431,5.910206501923954,7.489474786197894,8.118697331879979,4.059961053089593,3.980820575480232,6.5404166085094015,4.379000133115237,2.012208269939216,6.923720895412481,6.554233148133111,4.325846077296013,5.92394834683319,0.2933129712253191,4.93011911700136,1.989570297989304,8.449501884173932,7.050737708286235,5.550546739212534,9.776901747422908,2.990494081494732,8.67952982417551,5.3051296398233525,7.767208451876721,9.038428859521243,7.453420171046739,6.050266230794191,6.5848037386345,5.449921715251522,3.6791324312953146,3.805137936820554,6.365469627202865,5.808728402709981,6.067512277886108,7.523933974184212,6.157652213916654,3.1912195740052427,6.114419858330999,8.57810016953653,4.729499321186523,7.91944643033068,4.279747243816753,5.056752935767756,3.529318984827244,6.405862385070806,7.231020139881289,6.878725207111763,5.213436975627699,5.68593521967029,7.1034610941613945,6.232271063948822,3.1465192530295982,5.457909385602845,3.872467334164254,5.684313968100982,5.668546402107059,6.914027438774985,5.901184534287686,1.4594673845690322,7.39460014346347,3.3264000867082046,3.2127113723421674,9.317984224292317,6.671587606858777,1.8183329501737062,3.104407138333271,6.180269532397997,4.778011649193404,6.24047713373263,3.3826687853274486,4.601505699951803,2.825998200109775,-0.10038580644438433,1.4727054635736292,5.727569689646807,3.7934308410280932,7.576172940721493,3.609808646100731,6.027382645097735,1.8267404507564602,3.555444415683546,5.481818012604477,2.262502859659067,3.27731548492131,3.881993594501404,6.053284382012618,6.646177188651299,6.400267632919799,8.028391386131322,2.986378245958188,4.600557835771378,4.845032168842621,4.348560644949483,1.321550168611569,7.747277583577371,5.156191814625314,6.0811101751257475,4.28376659413461,6.157039252695653,8.343106985471989,4.932151435886783,4.37649816542374,6.744050384863266,6.205582571026417,7.596683240324008,8.105943076408508,4.3030330041948615,4.493356149618241,6.793261499002984,3.050380227798804,4.709202631170869,4.5558150128612995,7.121872306868362,7.349228189993019,6.536787461069473,6.394275415744131,5.010019394683123,3.4900438058497567,7.749988342017346,4.575470789358216,4.849193665891193,4.51923819959864,6.25597700418228,5.396143668319104,5.487991293805485,7.872754919183549,3.430260238235626,3.1848403195578623,6.231763257656587,7.9946173133549925,4.2066382344543225,4.547761318480174,2.970031107334368,2.076046853771245,3.3547837811000605,6.367292424406378,4.692992162256969,7.363804266889053,4.555637306929389,6.082335570940609,6.657853788077157,4.395889485345747,0.15013489148527448,2.1253485105856673,3.781857312855953,3.7402080283419865,5.419491730997486,6.522598185451975,5.815056595968075,4.630918463107698,6.683061189891626,9.607468698499737,4.72768643701127,4.360435738667412,9.419432557019398,6.331801169257613,4.037481860199795,3.1688261521100265,2.6674264509247063,5.530370307923705,4.435805461207987,4.711462212698691,1.480456314601355,3.7779456207144047,3.1357324969639047,4.473104724947425,3.704630062029751,1.8052175666684498,7.0769596726729365,8.98200329523711,1.6616471453726986,5.919082781451451,5.83076212681257,6.807088198292793,7.602603238004153,8.725357971594635,4.864134494666266,7.138973399867252,2.092978261672912,2.1904001805578166,4.491516143984165,3.1472683654906417,5.368091671141293,6.279518929466609,4.112039224994316,5.261591254777984,8.695915678996798,6.889859403290629,6.186825689107187,6.526920905816649,5.706235026575262,1.7240025182739016,7.439295264199842,9.676991310629372,5.48775810852841,1.4075104560894927,3.8591282719188325,2.9916694717206047,7.3866469795796235,5.974366521633317,7.686022201506326,3.0422529210089713,3.2194589982083204,3.509056555608165,5.621416783533297,4.896215689537788,6.939015979779315,4.017087392653498,2.647164990737062,4.195588977499374,0.9523718397283192,5.283346178290787,6.561197464991945,5.21458036009495,3.3035239779423815,3.6452414542638927,5.993214243690711,5.6063940934461485,6.2503093817978534,8.51589901923892,5.969540004220863,6.030775106279576,1.7350071874608726,2.4662944932345563,8.280716623814664,4.811823586791396,5.996363010482947,6.127854872278199,6.7222361260253924,4.186371081840418,6.108773117493735,1.804395082082944,8.437717878518855,4.2011385003731725,5.197736229535487,5.252581770400808,3.684941578912655,1.9603157375108733,7.981418354773768,6.1558753876372005,5.179683690330372,6.680954092077286,5.153307834142934,5.399037142454245,1.8437047209151851,3.4516011023193167,7.5499803662043785,2.8479329706544734,7.410676607840475,5.8046811964688905,4.492517903754818,4.3103149079501435,9.759042994709574,6.438124544304436,3.48950702478073,10.769902039625531,4.345745341970753,2.043473253299975,3.1182224956908344,2.6190814497027266,3.2151536321650234,8.907114058930553,8.975748966578443,6.219461428621187,4.233227773952255,2.601650411234557,5.049878231204122,5.993478962477689,5.03641050315674,6.626245600720743,3.8817237797248882,7.756644984676472,5.0735647973978875,4.0219418164685194,5.565322043386145,6.7509014702557435,3.3370488153716846,7.022846570457732,4.973135767743248,1.8179681906966203,3.23875252759977,5.327604920479478,6.667052665105883,6.228033630317644,4.786031769314244,4.7780053493227,5.637827781278934,7.6558511966226614,3.1144317512831385,4.781638397045323,3.3718837470637135,6.458854871616874,2.6931950946708887,5.886413152990904,4.040337146945572,5.726123505603108,5.484695694071473,4.630005232733858,4.714116158388172,6.591420196995715,5.540824965209931,8.25828535177072,2.9144713612084794,2.505184683122851,5.141563367093646,5.197891376568165,5.714605441888583,6.23588056677943,4.86204152055705,8.540894383684666,2.8035303795231448,5.979281416561561,2.9475156682811243,6.27185821225149,2.5222604494302296,7.660875923292213,4.110025737933826,5.952438077273422,4.291013737379661,6.107085682573415
26,-1.9014081456947705,0.919577565634468,-0.8962117126500405,-1.1353978490075682,-1.5783286254101812,-3.0887328868770605,-0.4646806653390311,-3.9563351668313955,-0.5768725168907869,-1.0832569202639812,-1.9155712733286632,-1.8817467569376563,-3.1198751182443156,-0.8467318886307275,-2.454461789508339,-1.2462481564714782,-1.574090989510412,-1.2881579780751085,-0.6658082063580345,0.012890198013819854,-0.3382238059105904,0.1441693929092942,-1.9468119681225178,-1.2219678052238663,-1.3857004168740805,-1.6800547222105695,0.7646329322777525,-1.9497065748065996,-1.0071406018419191,0.5392285037862212,-2.3701977006648427,-1.5673325626471408,0.3554423505431008,-0.5042005728597827,-2.3748538458192834,-1.61031261641998,-0.7331624829821421,-2.366736465698085,-0.8086996390950544,-1.7019882128550732,-1.634265970390898,-1.8857836422540335,-1.980479029411609,-2.4717791422208384,-0.24610969015792883,-1.1530036702136852,-1.873956941677438,-1.8314164472759205,-0.470220256384432,-0.32379546940807113,0.9215533349573852,-0.7743367666995946,-1.9373720397988046,-2.6080920463689967,-1.5029264156882718,-0.22296648249243223,-0.6806626840162932,-0.13322358151130642,-1.1435824782397168,-2.3550738505336066,-0.15719826301671647,-1.9654531484716662,-1.3105278362016808,0.026064556546621986,-0.26453133174453936,-1.2289724351403108,-0.1702535973122844,-0.44070800854637626,0.9822850809594865,-2.271323738481251,-0.38255205639575396,-2.2836222475995527,-0.9096787078958783,-0.21585177030021996,0.2662166520436675,-0.8917625041732677,-1.7715965895997035,0.5850499364952126,-0.36813570963832554,-1.192552901050317,-0.554358672110655,0.17517300455157025,-0.6520159508201724,-0.8580740466324162,-1.296831887791351,-0.9246986458004905,-2.105667682003681,-1.0174014836971208,-0.2664448883648678,0.9996065436996566,-1.4585996218786008,-1.63251923334913,-1.2985336451580374,-0.20576613804966326,0.04013969314009458,1.2993148238081935,-0.7448634723575449,-1.0303504440714113,-1.0614955998323976,-0.885213645747323,-2.3051922691729265,-1.0461228339003856,-0.7049004234815068,-0.36123702797641055,-0.4961368107767764,-1.1402176549639753,-0.41206618439781295,-0.43901917236561794,-1.5250004462823281,-0.9306410718504848,-0.6634345601226378,-1.0025439919924244,-0.5587071160194532,-2.0685331228550643,-0.35398964140070055,-2.811698943142913,0.33407882295882785,-0.15308194634081607,1.3472162392633593,-0.8674990840593584,-1.8287487108350153,-1.0612174846987457,-0.8523932616542902,0.1942818288860262,-1.7320855039948488,-1.9368495754565505,-0.032974856239595174,1.2457918671989572,-2.7674339440870694,-0.2981610676443267,-3.056117154723945,-1.838227300948565,-0.21987448155485279,-2.2953162937807496,-0.43320506563282835,-1.5936266149045086,0.36855003940216613,-0.43648838785493527,0.30722184818796894,-0.7309037148693946,0.24205571143347404,-0.8027401037217654,0.35050736483439726,-0.75307021735411,-1.1615810972273275,1.1750135655342375,-0.5683206791913693,-1.2286746204849335,-1.1501465364439727,0.8962471084696675,-2.101941428175624,-0.8391436792520229,0.25417329883223894,-2.48033388812811,-1.2825890608299768,0.27760368689798165,0.38721324736120866,-1.5930153760166816,-2.205602667840896,-0.3743063064543025,-0.33130983750433884,-2.9612319992007716,-0.9645925934357876,-2.8777613751676894,-0.38021646586407876,5.697892941298158,4.635400697004894,5.263461977035922,3.68109262433887,6.107699608171584,6.785701251138599,3.8331687957096947,3.7706093209747147,4.001959431344978,5.060529969495106,6.365049307136248,3.7223030176272403,1.8191164801929962,8.021661275094564,3.0954728961277245,6.0466759037571185,2.1230866084557074,4.75182170534177,8.339579515965234,4.339822238312847,6.584918745745212,5.353929488128854,7.327569150225952,4.583598866149983,3.1809922611015415,3.9934487228977815,0.2992352172574906,5.47209456721821,5.52251885131657,8.51048404091616,2.8527200527204055,2.6803082142954895,5.636789475273068,6.785849039369267,7.893741097462438,4.300032892758197,3.6495541505423574,6.3596794904206275,6.867706046124617,5.664915195699534,5.32607567189188,5.981923514632035,4.542650644443334,4.531586569349674,6.388062265114076,4.776795700697925,3.4908423257172325,4.984932834254574,5.354664744585214,10.11412109090968,6.815004801434585,6.030419914612636,0.6451212236969583,4.779076105727103,8.30567742252247,0.9370426504558358,4.724419988409603,6.147623098828323,7.008531691501261,-1.1696996097946393,3.2032681256935827,3.158875498332902,1.9851749747305991,3.959575353508044,3.0059211333710385,5.667700596801826,4.832033069175778,4.098445111076895,4.929790663520173,2.920321052639293,5.31203605026613,9.83700954207247,5.126786462058038,7.2463038807675115,2.464633598503784,3.9051386412122673,6.031305454999023,4.30498414371803,3.5177147731690974,8.835500554672,6.408555063052224,4.962606789964694,7.566716922897454,3.3222796056351305,3.7468509752841204,4.692363926396976,7.12284349679765,6.284275660843316,4.313189325131839,2.8904835250419274,2.6456018699057116,4.336618595863725,1.6209672618961406,4.502152126094412,3.51878653543723,4.689683841341232,1.2072854267302922,1.924687110938025,4.313923866920135,2.7940558444000554,4.840136560606917,4.188194212885305,2.908357615992459,4.434570168845814,4.935223415196883,4.4319405863820815,4.868757193888811,9.378363661311441,4.189066867431755,4.783459463515044,3.170475695155324,5.747680957206693,7.634428501941763,4.703443613650361,4.5068628980332806,6.028473340437728,3.711022577771418,3.007530588666072,6.646973184627941,5.559647842743167,5.062559110356999,5.583981243954552,0.12240468803600724,4.454927172150627,2.488696617210019,3.787146604062985,5.187215869470788,6.03553101896476,5.201335659673185,2.2705905390800933,8.091089501623522,4.789939965039759,3.618264920153961,5.571311153313169,6.138213625834639,4.3587749564511675,3.2456387222145224,3.3002700040481265,3.6536238681428967,3.302812187134439,6.255424076543866,5.73696306628349,0.8435459207605334,4.395688563582723,2.2050408599522178,4.706928522653159,4.33309611737724,6.09398173179193,9.031582448370733,4.201700270929972,9.289103522785975,2.638267124274774,6.563621905610328,3.1574986401646044,5.238266788030082,3.2970603838645607,6.753582148082179,7.485853205797882,4.921653201858237,7.223824731790172,2.684452657886153,7.27494810978977,3.680856918571078,8.206360814666102,4.944922304978911,5.557952062286864,7.382069066537985,6.194130817168624,4.632400013445461,5.262444990480906,4.024931958644048,7.211053023899412,0.6660592388804618,2.5463872156547787,2.4749259284551877,5.128173387647789,1.032824397635578,3.3390699371270807,5.462254576817676,7.209406865121368,7.6372766408273,5.183725473775671,7.385912905939927,3.7986446589307112,4.39444289124492,3.659468064240844,3.4867734033404503,4.401507982966544,4.575495650184579,5.715907524319558,3.045039577865724,1.6904095837421944,7.268676768845802,4.981743534210827,3.367189783654898,1.8140229054385064,3.1650527016525594,6.5581199383735616,5.236226325571325,1.9157713474814626,4.290994984227223,6.447840578980534,4.289790189724693,6.238479587721304,4.175842743151758,4.578465600175636,2.838548644309837,2.4328653082763187,5.173118579214575,5.539566758849012,3.7215479947831165,7.979222809952356,5.486496238881746,3.0450641791551076,1.501191876888496,6.082832155793538,3.800145377930045,6.648331329832234,5.072009615328734,2.7244905007360516,6.834810109789018,4.833785945777425,6.013444605873785,5.2680757161773695,8.272455838409275,4.608731565318327,4.627837011125371,6.981482796223753,5.731340783353777,5.002479175856598,4.698983777036637,5.3063835129667165,2.9790987055865314,7.823938575456111,-0.24908972298541165,6.062998486728381,4.566347462507402,9.527596886200028,4.602684871535321,5.440659307764642,7.180102115815257,6.6355710667031165,6.6068543708317105,4.791896623685963,0.37765736379734527,5.627741571316896,3.9442093955192785,1.7220857097480922,7.329425268252002,5.731737310357105,5.590031578303452,5.469116525488838,5.7054489233897305,6.461157197726001,5.088537649078193,2.8412786262182506,3.7413857094539793,5.912734524509409,1.1746002636157038,3.820741806582096,3.5509721701913493,6.682708999186342,3.5793480701614966,0.9558057488400271,2.8536724846621118,5.390792153246418,5.542306538300286,7.43026850531643,3.9843269647332145,2.890754369074166,2.3212049023981853,4.117224625986577,3.9045838847751915,3.1980821879153494,5.303473873916287,7.5256405252966685,3.1041559869145785,2.967067870456203,5.290644995814542,4.108763377688775,4.583554353499593,3.780391730162271,3.740722807914193,4.422763815505583,9.885343011502542,4.04219783923922,5.2712598309682415,1.2843994000690118,9.337026320176776,7.789378654824404,3.7601004803110456,6.922858848026081,1.378198124568709,8.856932868529489,6.413456005873253,3.9515854013505067,5.084725121320396,4.844187106561891,3.8012155144617434,8.099619314790289,8.083374352546372,5.339721303364561,7.917315651197486,8.557084716817176,4.377189411924811,7.021945438368492,6.114438535636799,5.115432403802004,7.5641483886927,2.5609683228625038,6.738640514687309,4.055173774656866,2.3848475214578384,7.611907521512503,3.7783484009461157,-1.789950381114945,4.040130197563988,6.680055974494012,5.42989481052798,4.6638600823081715,5.251518143466765,6.686847063454116,4.638442243488665,4.826543835244407,3.597919476939304,6.62052104095916,4.741748163905855,2.8109179160982727,3.0730157432583516,1.8107016159134246,4.515211777422356,1.8179433426751839,6.38699335667911,7.624562283385791,4.527937745931651,6.953622220713228,6.324742397081823,7.099964574561201,5.209988833295409,5.199822360589297,5.072475628290151,3.7201504918061876,3.6128515082969996,8.005283060494467,2.6557230778561505,6.537457783207119,4.085813992937094,6.860086943128813,5.220762791968884,4.327474468931907,0.5615398180760502,3.6859662191819194,2.702315029790639,6.760826830559885,4.144304557081325,1.8615424126019557,6.003229193982701,5.237929725802749,4.697255308833436,6.513251844603709,5.3633108775416085,2.0251798432512547,5.142658425140841,5.618454441712382,2.153807753228208,4.948283677589618,2.9888271519707748,8.112547182399474,6.69262892386918,6.2625948242986045,6.050777754281274,3.4648762845974375,7.366246159473237,3.41672083132753,4.450549658855644,2.5864141169693706,6.750839280516709,5.160806766789812,6.018804905313125,3.0515238274862497,5.281686676331593,2.6335213778764097,7.006079644959628,6.69776605919044,6.639188589808796,3.9519292412040414,3.6768178822239506,5.355837349075006,7.39799951915178,4.229907661203839,5.016226368109017,3.7755157135841397,3.907359307774068,5.576454645228084,5.481822986094693,1.8480682809233504,6.362484961296017,4.99611892691823,3.5904293438839323,7.140511022918277,6.131205005996565,4.220478853769737,8.196043322416955,4.8936745954924294,5.06011374648746,2.408406324312012,5.969716220601687,4.108905488236594,2.82212098504908,6.8967609576074045,-1.3259340964748931,1.789498942055988,6.855516179911021,3.799006073086886,8.755260857670153,6.073322246150948,3.222095212825054,4.098014038384617,3.4144092345456123,5.681085595200703,3.0028065758927722,4.325858693494336,1.9177434944217557,5.463023013796834,4.243030589002241,6.626058368916496,6.2273771554253745,2.059733237685743,5.191952174162719,1.3436691674726227,3.0173025433396488,7.032522423813868,1.8969498103041689,4.000980525917177,2.708670964682307,5.407634787171787,4.34510129225722,5.366882825338909,7.4417598929818265,3.216285877508099,5.754087138095848,6.466671603696606,4.55674688606485,5.363106666863059,7.786472444870856,4.634852226620415,7.3444510026089365,3.15735323484614,5.821758081039226,2.6947575222070315,4.403787847365915,7.867816166027093,5.964721395030226,7.3628064233793875,5.535956082142533,4.66070130949451,4.486108530105449,3.8674026806138397,5.158418056820324,2.99454834951947,6.368315268380119,1.8761836068119941,4.849190854754741,7.003070495483289,7.869222133785548,7.709864436104245,5.351504531964502,6.838012741592127,2.876675780920221,7.756987443536638,2.1852082094404723,3.554872492631382,2.8995530362209903,5.703917054043994,8.57348482259186,4.355848665199177,5.3529105049217565,5.15589211748262,3.787980461507395,3.4782946424499155,6.471994923455763,7.74343564710804,4.792147058484413,3.4939258691441384,6.468510875362061,4.465506707158866,3.95822324747171,7.959605179885115,6.428014558123921,6.156408467203271,5.0469848298617075,4.580924185938646,10.152170508120935,4.7509696827475665,4.542637927590336,7.271886448988327,3.0569749578636802,5.460370284028396,8.749669051887514,5.990907714512138,4.11467377646459,2.4441481754136762,5.204155193273097,5.714317003789345,4.168989285209564,2.8134667765557877,5.879055415908487,4.812220070402467,5.018755553129797,4.131647252508314,3.8533480951509325,7.036999538012912,2.819154819037296,7.244967610577451,4.542696445242235,6.098410131031109,5.339964546361544,4.449988835361837,4.965241368098896,2.9532265326555294,4.7070435911315425,5.456693884166478,6.660274096521009,5.653313103836528,2.5156494074695814,5.125311429786276,0.9956541473772926,-0.1211203115034225,4.924632252268318,2.7123907682813626,5.305034568654976,4.550961250339647,6.1425636901143985,4.272835976359706,6.7561704286874456,4.927898165016802,-0.17466295686376032,3.145451890764093,3.8383961363171646,5.037780427062171,6.602762602803699,5.269787857174447,4.1839881833644155,2.640092192197131,6.8494250689276335,6.391039961697981,5.019296218128523,3.3134173862463694,6.477013757089975,3.6967311990174485,7.654070579299735,3.800634916744634,5.993679099002701,5.242333049121399,3.150950973603946
27,-0.43125569823438836,-1.7857852499930107,-2.5033015955143325,-0.40173563154719094,0.043391064039156824,-1.8408690604630165,-2.487926818361416,-0.7735556371756993,-1.3421593988568028,-1.2467991977213102,-0.2873671057512883,-0.8570884310471626,-0.7311908649578289,-2.9166932855202052,-0.3448890808817301,-1.4126507981694258,-1.0702393078347272,-1.6258247472655336,-1.8963022246371828,0.12711289205544984,0.05677322550266317,-1.2443732236656186,-1.7417770838678293,-2.220802896913729,-0.1756996785396403,-1.1029913440904373,-1.8032594307109637,0.638529459027203,-1.967402694896022,-0.1707910608605686,0.29780064711602106,-2.9442015305120792,-0.6411844891815295,-1.799761545446509,-1.0900647912320676,-0.10389922358121173,0.44779154310228386,-1.6907302931299286,-0.817932574787797,-0.3635551542104125,0.5993677749346498,0.44990136360388777,-2.9647417332064414,-0.5895373646411526,0.09333971743386726,-1.2715039211906527,-1.6834188403795893,-1.2440296861500268,-2.077539580492622,-0.9291552230658028,1.1453385209108138,0.005306068776104178,-1.067330063469266,0.14222056593669619,-0.7624324018888735,-2.3906908870702512,-0.9200508770335252,-0.7745012759496296,0.8712505803562645,-0.34286008282265046,-1.0891521272460039,-2.5663776701758185,-1.0056863216395517,-2.737278032894878,-1.2865312357926562,-2.157758157862646,-1.2583216979778105,-0.6205784057880499,-1.801727527709049,-2.5129282112737785,-0.0785104010599591,1.3829935710397194,-1.3123089194714774,-1.2150395159105394,0.019228879232172646,-1.736690276666227,-2.5656394537074254,-0.5630445896034788,-2.0316836878015008,-1.6726559537059442,0.16906535142699708,-0.5134155465006722,0.345406655783451,-0.4297920248735838,-1.4408419164536936,0.8495723866231062,-2.1858421602090665,-1.8406250345705033,-0.08426302395932717,0.37605877611544347,-0.36808088971495945,-1.4760026582570933,-1.4830443675842957,-0.943089201264988,-0.3986746907795914,-2.240858956514715,-1.3672214148235593,-2.0671742311678902,-1.3017847957960684,-1.2719022353350486,-1.8001305969571249,-1.1135541078404196,-2.047850967663824,-1.1186590128114429,-0.766123118418211,-2.623469114316281,0.270424168476046,-0.7700037028369774,-1.7714778190730567,0.8028776314822885,-1.5135375186766544,-0.731667882389878,-2.1851161712356246,-0.5999001038768497,-0.3421971327327127,-2.221176134080446,-1.8486154067185407,-0.5871744628056725,-0.713028395689411,-1.2004943487795081,0.08496609553682921,-0.25728948313557864,1.8054835180935989,-0.34180149548393457,-1.890733336157207,-1.722434350480376,-1.7874945108524036,-1.068896274276982,1.5535826959678554,-1.530929631158503,-2.5176085528558243,-3.098984589939137,-0.5406600673978397,-2.486165700299547,-1.3940095379094246,-0.583315559325936,-0.8732865491408247,-1.4776758143595177,-1.8055256746559911,-1.741190249326018,-0.8578208463218475,-2.566680933853826,-0.05998656217849385,-3.4094691119785696,-0.1607624523366603,-0.9581510185938522,-2.063871749811337,-1.4982834444609008,-0.10558269988186364,-1.0886899743932574,-2.4634285861188774,-2.7260211390132207,-1.1818817721938149,-2.4816849538324055,-0.14970155031922405,2.089919630645919,-1.0893808637995728,-1.0088172994301525,1.145809613907046,-1.8159436870798686,-0.28359957057061136,-2.038880789044906,-0.19924696071305725,-1.2109522371052213,-0.16139976920939225,-1.7712695395940872,-1.349710004042018,-0.07134335321837826,0.37314849762278945,-1.5524411567523595,-2.4488570804802254,0.3815890535626061,-0.7706415209179456,-1.2902297178776734,0.21769144118950035,-1.571867957881325,0.05290172135353144,-0.7883187498178966,1.4522925427876987,2.9171401571751545,5.113621563182868,3.687330883479356,3.4982640849653377,3.6193971102266005,4.329162879914117,6.13601513751555,3.194547958224761,4.150264317102024,6.5509062634033866,5.602884982002144,3.6943443228141617,6.725203911762609,4.906067586622976,7.490532965844112,5.577190160924714,6.829968505090399,5.49561850504706,7.327037903017869,9.340551012796235,4.582873433018655,4.988587457141594,4.933916558557361,5.934144209201617,1.4158115076620366,3.599994449532058,6.378960489984707,5.668586329551781,4.874261772520001,5.769681255961596,2.5246029793233205,6.42821415723387,5.252952690853647,2.712365851319515,3.8532944036948518,5.49702601428645,2.163376627894722,5.9560884898214015,5.587060245238284,5.2699625265457115,6.290788461259552,3.6024641496975143,3.000570851368317,4.624395369987279,6.282819218047604,5.155517722537556,9.54052915758868,5.569203919345416,3.2757148325645775,7.275495547950774,6.123944719142755,4.684508435739721,7.7077638138526385,4.596196041121972,0.5598787700300809,7.53908812345221,2.4478023878073345,8.008998696422303,3.8690541201635154,5.450977741315853,6.356384965093856,5.3537014478572535,4.0446221484513964,3.0362912793801065,4.245345461631465,4.997868224031465,-0.17794834056907138,3.610365797645075,5.192813587765217,6.443812466212772,5.453293160609203,3.5998277048513727,3.7718948338446356,7.4773194479970275,5.795201262871295,5.276818706833137,2.729749498138657,8.062500570430444,3.272473650149487,3.2856893224997052,7.750019039990175,6.627243344479133,8.937962117686407,5.238783710837425,2.982068474321105,2.715597895271009,7.275648200955942,3.3192878837503312,2.080579931946741,3.97857607013235,4.599030086901404,5.080940056014536,6.547237361845804,3.7422818500959125,4.371441499561394,11.255550864235648,3.0410180817652925,7.2743252427999305,5.497310658710633,3.355783334296384,6.659521656461015,5.346788922310798,5.436818245966017,4.061208554333505,2.8771010273394264,5.245158402609273,0.08365018320002182,6.247645644417255,4.131670239078994,3.9174827297684085,5.724569845723381,4.587720858893728,5.139507308744726,4.223103561791086,6.452342919396674,3.831494482892925,6.827080878144418,5.871104599378764,2.5808269935942763,3.4647557810213776,1.6993902174178714,9.237972648278216,2.4306334010126984,3.351653364704985,6.673463571049806,7.925113137527745,5.153599697853316,2.506113403403889,-0.3089597944469622,5.166859539106872,3.155232120406472,2.6189622098031777,3.916353559993392,4.84282377635279,5.387019309953146,3.991290323733515,4.521872919205562,2.3954275716336486,4.055375175863501,2.859284686274278,7.266572619255369,5.860696152709836,5.22369246870964,6.227605219538506,6.394636683928589,4.755896946588317,6.928447079017267,4.629864411736617,6.387216501353145,5.0992327648864695,6.157657306771076,4.51623552300123,4.073881495728436,6.542640910389448,4.233212997494941,5.148929753117662,6.323280390236064,6.113664013293933,4.445229525018384,5.348193739048136,1.1172981477568742,3.3746937594265782,6.0415186625563795,3.083176891781571,6.757709428773908,6.520126228635796,8.160003445554286,3.3870728367652703,1.2044555004925472,6.706668995556212,6.492948052009705,8.088138340323408,7.8767146382410225,6.6097692420106195,0.9968237003644482,6.36467452617214,3.772842182006804,5.084677691420916,6.7242842492036505,4.618735214934691,6.626481826948736,3.0226347516188303,5.529527154340327,3.708489722035357,6.544503758688316,7.102746242401224,6.3669240532425775,8.835407991332765,4.26243078220855,5.235542757823228,8.122752695111469,6.845111772771969,2.593793134929705,3.6481789584603925,5.3422542229763845,4.642332819435215,8.209467456576322,6.8851371925229845,1.5013961737796895,6.054980436307735,5.524311527063925,4.575918708689255,2.437778024730657,3.4599594983287654,5.37654782110442,4.119275439049706,5.918075359629994,6.216068004843545,6.537303909100888,8.646540312165072,3.8203315902094235,4.892561387323145,5.360892784198628,3.6215295587418934,7.38310376847595,3.9703044898445916,3.711677340260025,3.8116148020473117,4.621399577222885,4.944177837341605,5.32289786603599,5.959654767614237,3.9880474946026867,7.792019507752769,5.288474440227128,6.018491837492629,3.257586189285762,5.36575580127504,8.885242586899956,6.300084399664424,2.87610520400469,7.602623635290039,7.0129791207691365,7.015354589193501,4.438107970629283,2.869436420656177,3.8776708000531928,6.184856073441048,4.996786225067572,2.4891698828240183,2.2901990360908324,4.050181266297453,5.438090546643976,7.871855757851173,0.07512605257515759,2.9826263587888855,4.394617068337526,3.451065134512498,2.9097628481040467,5.658045767269022,3.9327476042868152,4.360957852516508,3.2683675295431227,8.355252342729026,5.371620937653323,7.9677669128223645,7.3108587272924765,7.455849881144308,6.304417740303557,0.10929584017527905,10.830106649713935,5.670755321622517,2.688195086505708,1.090908547933077,5.83902214764415,4.997717777997376,2.5761078542969194,3.114217831235397,4.844404147867498,9.374445054005925,4.813131475380903,6.962723810857144,4.651813654482167,4.525808230081486,4.957761644370639,2.8664698311603045,3.873046432162181,2.0984302544650095,2.60882870999287,1.9190666252279973,5.262612531417092,5.937341206006198,8.413425955756315,3.5102360384612235,7.7990873074391995,5.660599990514678,7.7778858842780245,6.893856654793854,3.152923517098003,6.9887790742523945,6.290589956334399,5.591220192326989,4.593929288048369,4.761306714158972,6.601519277143636,2.8558096458378865,3.653686454834514,3.408924369890552,5.491999908708482,6.721238552157514,7.846462685637916,1.3472278811375418,6.781184531459879,5.983860358819738,3.4210705832922965,4.23116253666687,5.063081795861043,2.8121059389423317,3.744198062098415,1.7165544454421306,1.1355970504968553,6.391764852112788,2.662390293276365,6.742826326119211,5.7569289510202255,7.125920088288069,0.3040045373631486,6.73114459099494,5.412275226654141,4.3157538612484965,5.115087785859466,8.789071636219685,7.48746103964611,9.014846644899736,3.4544588419525226,6.831370356203147,6.549844811073969,7.258348586173901,3.250570936740158,4.917002649805964,1.1395283738969497,6.981393521009795,4.9913129860987775,4.735197671576999,4.669632080779729,4.951019123337967,6.950741211213669,6.717566372545608,9.384091610986118,4.2475160594019385,1.756203376042131,7.725135080764407,5.257498742707544,6.453279508664302,3.3296912358183075,7.2290109865231065,4.560140030166589,4.092975373695502,1.881190501329057,4.9830843628520975,8.2819181055103,5.935946448795865,6.959277380537162,5.961018472190442,5.56393884636311,3.6990218450805274,6.570924821246111,6.535910913586567,6.978670774605864,6.017357845615207,9.587728002375322,2.8852983249341055,5.892673160654735,7.635477846648401,4.967340778928039,6.714439324336142,1.1483956920036977,4.470622236920572,5.772400207268924,4.35174680851295,4.359764214170067,6.411694109581303,7.914881759341829,2.6897088933206805,1.3447849698805943,7.30050628737631,6.160151920990005,4.7712106270858605,5.278318086433995,2.754845476216841,5.965060013382105,8.038327762789294,9.81561757604263,5.952159120169759,5.545877352329057,4.650824550430293,3.763407272727825,4.019971179748849,4.101240391471493,5.643919811097863,5.266169172461257,5.968443258162302,7.447687849343998,6.768151883692447,4.0803127555462355,1.3290996573415401,2.4691204685632684,3.170251895684069,5.210077824739634,4.048615361922664,8.05904505930009,4.738596034654592,9.76627104501226,5.835938260838499,2.0865902850541147,3.9415229823803273,8.547537199156215,3.1716614644276726,7.728769879708824,8.26598734902566,3.7812950860275008,6.44993436083696,2.076935509151285,6.927795844851456,8.526073885871712,3.0757412452179844,3.7970949325994887,2.574589626480804,5.604323707469302,1.9726479198358184,0.7601409287965435,3.0975173286710107,4.920132521208548,6.798627559672215,9.105403697914326,3.2621393787394792,0.5048020285895864,0.9909544847178502,2.7688298946259233,6.407883226189552,4.2817310236413935,3.227142033479398,2.6746248981256353,7.0526794781668,2.9652500082162767,1.0342978144909738,9.287478682550887,4.123610572950946,4.04596501014105,2.861961587430333,5.995929131271322,5.0020799785740175,5.061518688083462,4.461692936925653,7.733948080599106,2.2427661705034256,4.29186775957725,4.895056795321038,7.372208321317517,1.7842588023082944,3.5182460736151713,7.276009277661066,3.787438779341574,3.584426270497899,2.21464427948283,3.7074927528505257,1.999718075745101,5.973091701031358,4.704930576112855,5.378273937356962,2.7971401139457015,4.4788422313333145,6.166585662176676,4.089839142032938,6.397410635379005,1.5664854543450524,4.972643737881944,4.736532950028999,1.7768703172365607,5.315485039966184,6.340738176975592,5.841646119807039,4.038347182090546,4.2910135367220485,4.705759499969501,2.846916626217569,6.060378882331952,6.5360912227500965,5.572547717500883,-1.4229638026170193,7.1312510279365355,7.519106398045224,5.739301619661487,5.467956764940399,2.731138963016438,5.295206034254126,8.830250421768046,4.986171866418708,5.949659816123129,0.9276636148995792,7.884041234294134,3.1285055710621164,6.693319991853053,5.07762264113033,1.687984176959981,1.5284808084241708,4.853649805050369,5.3551425072461,4.911834269412111,5.304733510073776,4.592265629025192,8.233716881631127,3.0105176263438453,4.714183349279782,5.922384227274312,3.894114851802536,5.534964985033042,7.388191528060229,6.659859231999468,4.756120889963409,4.071129813879957,2.2014870482817694,6.962211732706507,4.5312498184455166,4.845437469449783,4.3673993081580464,10.709135627964077,1.5513234000075862,7.7222422802053075,4.685294654660742,7.398531811738161,2.642895408324978,4.397070154052928,4.621242590229624,4.898991104398623,3.467860478261814,7.248196495373826,5.954817596459818,5.72969696497295,7.895842835044103,3.8330958275909017,4.153181999864922,4.763337899835716,5.281499643445865,3.5278495251082553,2.8874297547377763,6.253320072862122,4.245885521766966,4.947980264179139,8.54351608390699,6.059974013143143
28,-1.4670867696274132,-1.3847947972869616,0.30663583676454964,-1.1943658579063452,-1.1729100771521406,-1.877539683696291,-2.365901340878054,-1.0404729971562212,-1.2201071089046114,-3.5349475899295792,-0.4508534318351052,-1.5590128674586903,-1.933519817708089,-0.5962007166638531,-2.790709768722177,-1.8615727622287772,-1.2793101586265136,-1.3051273534836694,-0.5998918924298882,-0.43763113810569587,-1.5125591015978048,-0.39573945571637614,-0.23126191804307528,-0.9499856784999456,-2.6845047472214008,-1.1078382278360837,-0.12043566254529581,0.23464628863966452,0.18286226290422114,-2.788388669619035,-0.18211204154873406,-1.9827258753940749,-0.4427599690611398,-0.42606769932020194,-1.003213629715618,-0.783213770838183,1.2558505135562368,0.7592758418078469,-0.017214388378740342,0.8846137248501089,-0.9114630249464851,-1.8364919437680134,-0.7463202155327328,-1.9126273549615074,-1.9085740770254211,-0.39904208110469197,0.04025012985886134,0.020867088471189232,-0.5011952288715995,-0.7622089310570536,0.20528563431847235,-1.129126422898729,-2.133767696552474,0.42470834856255824,0.30843874145680417,-0.8888245554987068,-0.5386850763748756,-0.6230938705186291,-0.5557867832842924,-1.1630699029554075,-1.786127074204063,-2.647143478760847,-1.3625243288086095,-3.0825074386035674,-0.5713318635425938,-2.997429257654412,0.07910876535481504,-0.8509638499195394,-2.642119029512365,-0.1271643919236951,-0.9841109791946755,1.3371414191845905,-1.2673929272150852,-1.011832291338899,-1.5744634195961513,0.15730315259289873,-1.1994761872626651,-1.0038188891449442,0.4647096555933439,-0.5534388755879134,-1.8383657663178006,-0.1535877203400584,-1.3112111004977383,-1.3609742267263374,-1.6217862770636684,-1.6584991092836656,-0.9080426910470595,-2.3474269215977928,-1.3671020367929825,0.15163138874960524,0.044617628559324496,-2.467942558736358,-2.932178911337476,-0.9253524749777303,-1.797003513981564,-1.9518211131570544,-1.3909046810831063,-0.4784785175064551,-0.8792959946938825,-1.6137469968912468,-1.0628887853222782,-0.5393549733997265,-0.8767008044248426,-2.5710105291162817,0.6620061797307331,0.03372809058678716,-1.1623333118461894,1.5250728036258896,-1.0419030473790722,-1.4564099952184104,-0.4651726264160163,-2.0887182318380058,-0.5111376410296846,-2.148835535308841,0.07140706029384858,0.3721045985132536,-1.9518411499978945,-1.9477545822594642,-1.5631836763607652,-0.6526402681590677,-1.3967346500172884,-1.9288037231914434,-0.4421385904791265,-1.9196873343050918,-0.7508485548396988,-2.082405343417081,-1.410358975952071,-0.20599111695105266,-1.8360435020558459,0.23738085526906794,-0.4987850574222489,-1.231056503319444,-1.2950415378615914,-0.8727834288644011,-1.1767628079621837,-2.5372686309878523,-2.57958809317251,-0.11789332731884516,0.6981546972640542,-1.793827319346391,0.04366741038531785,-1.4420668703701047,-1.618175489196938,-1.1557492763197181,0.27847526671284606,-0.37829082094548305,-2.3412601066151284,1.0160719680359596,-2.150532896484528,-0.7062250034063828,-3.0479828415538295,-0.6796652751486185,-0.8075872046787187,-0.45037052559269863,-2.3026988310503533,-0.6984142606998581,-0.8793000991538553,-0.07996407912763925,-0.01847547597281085,-0.2699326297460196,-1.8756717115789128,-0.43195807504109307,-0.15710972624693653,0.7600850111449642,-0.9684701531811007,-2.1404459422195448,-0.6325626578989039,-0.47813446720961017,-2.4165792919535565,-1.8345878409713363,-0.2136160099835962,-0.17395269015546955,-1.8112616160322774,-3.088525216078661,-1.8170182965072583,0.5704470874392162,-1.518755435109373,-1.0380738390392676,-0.16598664536331786,0.3726117573413761,0.6420258500509335,-1.423555096250582,-0.7902308300947385,-1.6522299763055155,-0.6094343742266284,0.050514881459944316,-1.1646868565366957,-1.999792248261719,-0.5415824879879401,-0.497940769169568,-2.2961610494345157,-0.6375833879327099,-0.7480475372428139,-1.092232160403574,-1.6081990254437883,0.9253352111708848,-0.0999594415440237,-2.2311696711542774,-1.7436897807193752,0.05873519659587645,-0.3336557137129721,-1.3806493459486142,-1.4845153766620065,-2.6947942840140886,-1.270413218222885,-0.42280221965649856,-1.450105959500603,-0.8470277116218262,-1.7828973906385865,-1.54641528326091,-1.2089286846227596,0.3203810754592129,0.2143265783462729,-0.19821466552027966,-0.8103026564660499,-0.8187361853783593,-0.41215714600181574,-1.750028573152335,-1.120629241629111,-1.226005070205442,2.4187454585447643,-0.46313508750916765,-1.3529502115714838,0.8114495309072067,-1.757393447709111,-0.11878744598298985,-2.41022300958144,-1.1066791374634168,-2.525847039851543,-0.3008050474857731,-0.2749320396601779,-0.4669967992601378,-0.35692285653404743,-1.757891879982724,-1.5592658990936161,-2.859848538117082,0.2949800329388732,-2.484260774931697,-1.3708430076554787,-1.656208823788353,-1.3884506220478101,-0.48242968187129953,-2.8961416771118595,-1.2223140785286897,0.050220598546324435,-0.0762720678318578,0.256502206774772,-0.1443695304893724,-1.0036128056215374,-1.6796313909803473,0.04290349152291628,1.0512682952154404,-1.410650755687452,0.21968150629086192,-0.8384747480486823,-1.2997650013593915,-2.021223657255863,0.08864255910938024,-0.6034935361145235,-2.296338034177895,-0.8565066990265947,-0.3031615769716903,0.2657127543197737,-0.09487652647833,-2.942284440363845,-1.3477028828396231,-2.520367008059231,-1.633200237962894,-1.1349331408627248,0.1570070701413675,-2.5755005270066538,-1.5902950972402197,-0.7276063021587371,-0.9210501502635368,0.14677403902461394,-2.0722289678458914,-1.9735882589503642,-1.0356383293687175,-0.8072999681440649,-0.8763238959146152,0.7848333189253476,-1.6220682514169655,-0.7029943600092521,-0.29026095978015054,-1.1401947693872752,-0.7424437107327868,0.2139068023776347,-1.839710398949831,-0.2423011589978985,-0.6444708629817046,-1.68869289267248,-1.8599395738093807,-1.2263546021006415,-0.62935977815165,-2.8130569005240833,-1.8644891407615447,-0.9148841139918705,-1.3645975875004757,-2.8482731443359866,0.5775870496905489,-1.1364213679037318,-0.5727523602070741,1.1975887167240318,-1.7696198290422718,-1.2637227476820447,-1.2919006852991757,-0.7789914128187977,-0.293703940150833,-2.0524078708850073,-1.7198774108303412,-1.2121443563934953,-0.5065391449378656,-0.6008045060510718,-0.45838732246731584,0.044055524070643504,0.2037238157055663,-1.7574447879823936,-0.48891305277147046,-1.558169979562196,-0.8510139729567041,-0.2926383198366411,-0.8287255614916613,-2.149047908653908,-0.6065684484708899,1.3455025582886209,-1.4437460968060272,-0.02033957716859336,0.24814764054568017,-1.061721569925842,-1.7024112281540222,-0.753633750652536,-1.2883911070892051,-1.8205790781016176,-1.5201667174249978,-0.06511915059487561,-0.07781328046584912,0.16557984454005914,1.0174310908430888,-0.1631138971352597,-1.8003627556029023,-0.18216718526553566,-1.583176045428119,-0.9300910758580094,-1.3745406876926518,-1.0021202273421952,-0.27177485835292237,-0.09008633219370232,-2.1659491280150247,-1.8681369336277243,-0.19033257239757007,-0.1027984135145984,-0.7403279122942793,-0.6610080381822585,-2.282501733664126,0.37211835575303076,0.10733507852851831,-0.3079827554632212,-0.12013156717807039,-2.3720211865087357,-3.1054886534642048,-1.9179766155224067,-2.071057580611365,-1.0838053736617168,-0.2813726492025296,-0.39936955293439547,-2.147585780975556,-1.036411737783129,-0.347194250207698,-0.6620707726485955,-1.0713045464850408,-0.9874524064083263,1.112439335394051,-0.5637639247665618,-1.4199206362466472,-1.035702486772057,1.0393468500935934,-1.76655420479491,-0.02227447541979377,-1.8885976921700935,-1.2631620614080075,0.5564362250468007,-0.9597556816311372,-0.494690458860945,0.18668250758893357,-2.400153299306232,-3.0482043661259652,-1.5401245003004385,-1.5257759666995687,-2.7270612667917167,-0.8357100729756511,-0.9978274027182592,-0.4083496450576195,-1.208965364988669,0.6810233778074248,-0.9070628114621491,-0.31112984877821104,-1.640993074437852,0.07594277743274858,-1.1084057118921593,1.0695053960911531,-1.0047872052829652,-1.9703737193812634,-0.7853641772993316,-1.1372903004880872,-1.5882851725089444,-0.23697472357289506,-0.6124669993509437,-0.7771218000893563,-3.074941148816424,0.8987242656814698,-1.7440145573047436,-0.45087400394236077,0.6782701262330588,-1.1965020145904786,5.950818280522589,6.777134416001656,3.136347868262869,6.296358763518334,2.8980655240364785,3.9407570044661844,4.870816990974377,4.356085351135026,4.222545032030071,2.9042953497459822,1.084764357552324,6.07728124347358,3.7100930647341555,6.194721711913715,2.58664889285977,2.1942712919750824,4.802054915438715,1.522944538458019,6.9080172595988465,4.161786048675704,6.762550840118065,0.8431130468208492,3.816711233230123,5.267316262580907,2.951236350713118,3.5822225042878966,5.853129723492123,4.266598461530169,3.566900391221308,6.757045809286931,4.719543228037116,4.440748705576569,4.591618713086167,5.122679165522577,5.537989364647379,4.869573753997744,3.866590335557844,3.681614574885597,4.094270431295513,9.26647255326791,4.875314111747819,6.5144393920322035,5.225700932290686,5.896333106217796,2.7976102493574193,7.439959784147986,5.594130098476387,5.424661486498518,3.714899754917009,2.6514056228730407,7.025169164882865,6.09021060916788,4.27930885340698,4.920822321536123,6.101999394971288,5.406259433332492,6.478556198252631,4.952128431848368,3.4647373711947544,5.494555869078858,4.52708793743938,4.94970166588144,2.6278555292203167,4.230199235428435,6.821240457348788,7.890228100633609,0.5431704718236574,5.068153006825239,7.27598654942353,8.839176700648395,4.393074826511464,2.1722153290085515,6.3218762070198515,4.570374905750739,6.9994313939003705,9.545458484865417,3.6404665437567996,6.158218942304897,4.8730957781043145,5.363104966196474,1.6123694141097844,6.872461814743346,2.369406499105084,5.190051477256022,5.264722352146087,4.971898596937724,4.233417683498889,5.363495479048899,2.731532216371814,7.95740910107606,6.427091693894997,7.109761480615153,7.855056787237876,3.728958970312042,0.7857013502529044,4.37932488705559,3.1693250576228174,2.5611165167189736,2.135304455800831,3.287004240601882,3.691602782705454,3.029666985188671,6.1381094094661055,5.896838507531334,5.2913812562832945,4.096309847051161,5.673371891988775,7.418013147917405,3.1348031267277547,3.9699569605642644,2.3765574511242167,5.17650673653472,3.1991342070139037,4.476356311177367,3.8403526015920155,3.6021236035034128,4.092664267979579,6.102083187153402,4.230303557207563,5.278455960420873,6.843240380211616,9.069876823432105,3.8394811981985812,3.890780804369345,3.9763819742935915,4.560316493108929,4.5755193336034585,7.34506822205372,7.90524110275919,1.9368475677388224,4.134484998592146,3.553080643096564,4.0450277894486275,5.191778089955697,4.9120171562069785,3.4333485965566766,2.231561403102215,8.686322252633488,6.359928198526973,8.042622017156358,5.229461961982721,2.907131125649483,4.354216816002004,7.6938309863410765,3.8892097175881304,7.236654773907533,6.286880720088467,4.7766344106798,4.737515430364187,5.850078439387193,7.038027171006236,4.445029212028033,7.275584340632546,6.09375743773367,2.6460855024215477,7.231022656268413,6.0309765501628245,8.159425755357562,3.332607781813489,4.733818907513098,2.370140049584016,7.054765070082365,6.796152497887487,5.49111402229072,2.669684671628897,3.5724446650186703,3.073482749700382,2.024084887763346,5.228559562902183,3.6925048198121733,10.444997985179581,2.039085680081131,2.3969220536889897,4.618572902796415,10.102940822969678,6.502643958242546,3.6927786184517393,3.121677483317042,7.231340622290382,4.356830230426161,4.2649430321570705,3.1280867358169524,4.8613169138620425,3.608130899681777,6.14267727731895,2.111492390692933,2.2424156537934428,7.253602505711659,4.266551677828279,4.710777786503613,5.704002785766832,4.811228520215011,7.589081410463329,2.7516315993867018,5.131141188723061,2.6407366490095914,5.412755965976484,6.969949497650192,5.729311365437257,3.7119526602034014,6.584283059119727,7.781139605626153,4.7553797848321295,5.591521264086792,7.553848779856965,5.766088300906517,4.99838515939889,3.7988181605348434,2.0188668411592983,2.576211408961084,5.6406937593582995,3.4235371158176884,8.573391774626492,4.820778423567919,3.433802922065227,7.709358714835082,2.089346945473174,3.7563101493949462,2.3832132135842787,5.071941179515881,4.134797161928206,4.417121002543854,4.4742752986617695,8.182862551343668,3.6846804570926035,2.598215505350313,5.79079727117808,1.952021683819681,5.9727021770424,4.387393478918373,3.2454539202106583,3.7427069424553805,4.023847564520724,3.6342273415974304,6.578889635126259,4.073963872908396,6.708319104129508,4.559857324742986,4.031122532100927,4.700482653872941,4.848753451680104,5.917244246921173,2.9203492588315503,7.188785926096733,8.186904716035098,3.868765376931663,3.2509180259451,6.97326033921584,6.638593643156895,3.7390199880708828,2.6887292128478286,7.345509403039253,4.357639420743244,5.490048832529481,6.8145174512070446,7.693474743848044,4.891774477968284,4.478481944905147,3.6592477404685506,3.6595933321803633,5.732568279732971,3.021921866996334,2.138909779964394,4.800833779219818,5.0567608717153805,3.2415304644542298,2.5380593633028457,4.684116145488075,4.235868429403972,4.9830516990518925,7.14722902779489,5.939074437113368,5.075047758304171,6.806186885704912,2.963832777085457,2.4147489045913164,6.284011279641091,4.212485693085183,6.998192290199022,6.513565713366081,4.061794553708122,6.16866968753781,6.439263910645404,3.1413926873197426,4.620459939689335,8.374605556553707,3.3218317785792144,9.026279187834088,6.501644746809701,3.1634596108066204,5.205041006537943,8.913643852144626,4.573519344581615,4.091727215969151,4.034934027978743,7.001887097684721,6.8013273065355495,4.372257951937895,0.652782704710221,3.6585513814627424,1.6499298503528594,7.3243572009882225,4.077051865518997,3.8693084303769183,5.739464505300517,5.4013423195829215
29,-1.1670386962473307,-0.375724123830675,-0.45137516760531193,0.32091408728202664,-1.4815886472903892,-3.2627576260071622,-2.2936165736005685,-1.1725203446436585,-2.9726186204612697,0.01976922779694168,-2.0382731363739226,0.9663601637487591,-0.8884472758065078,-0.21938457277442336,-0.8557252441097694,-2.0318718551138053,-0.5885491428793532,-1.9667415081794968,-0.27661525227281814,-0.3341727706193627,-1.154669981586726,-1.1911069990478473,-0.03604338724477307,-2.199326530216623,-0.8136235012091517,-0.5595923508288208,0.028352875809629863,0.48390992864816695,-1.276945615998177,0.6448540846532105,-1.8684888763215188,0.5007495710270524,-1.799575572316551,0.3133231075287424,-1.0276263336962728,-2.8932622512466963,0.08851568305827051,-3.2809111229926224,-1.039812599216814,-1.4007654202468331,-2.2083694017832607,-0.7532777203432843,-1.8000337138432472,-2.1459109686225486,-0.8208818362234743,-1.3016526841530922,-2.055439542358098,-1.4193982597336738,-0.7743328289944723,-1.2468118597548044,-1.0525287553942826,0.10842967745521248,-3.723602861992798,-0.7612943580308607,-1.2742306949539453,-1.6071849439671873,-3.016330086674001,-1.9183076161035335,0.07156610757895376,-1.5617308007471218,-0.3226326400285152,0.20507617714375637,0.12465009865577636,0.283659594494837,-1.0888760500343388,-2.073662959273401,-2.107297503311467,-1.7263068970177091,-0.21086030964662905,-0.9681462857488933,-0.6024171267561711,-2.558748239511516,0.7706089134960623,1.2480551666582573,0.1840034997350284,-0.5119081990367895,-0.4961098704163752,-1.9343887348945212,-1.0151155651876134,-1.5245115066691346,-2.3100789991644266,0.25910137783242315,-0.5776415943175308,-0.8570853723160621,-0.9646318351028667,-1.1103765195342943,-0.32850371197739103,-2.7152926251489813,-1.3097944700074071,-1.2595662826126206,-0.7641624429845263,0.07990638957803986,-1.55886480687957,-0.4520381610857528,1.304223838835659,0.46305753701022034,-2.189062086709125,-2.043720678386955,-0.9106077475885955,-1.5785106378519218,-0.2509854403889369,-1.0848787962963975,-2.253827621951128,-0.7922505746551857,-1.6873300568198482,-0.6288093306776612,-2.2981516711439154,-0.6836154801047158,-1.601427061834475,-0.7050220954192092,-0.8082880353677402,-0.7844752205555678,-1.241820937439245,-1.0690526084002647,-1.1530199340173175,-0.8831565334700314,0.04080842579600774,-2.015682277066251,-0.15826937362967886,-1.3389739773886662,-2.795164091064894,-2.3034960753945555,-1.9045171695284582,-0.047266383200035844,0.2514481681636347,0.6003950001899474,-0.6639137025309243,-0.6105236854540865,-0.13044676892015605,-0.7936878119442987,-0.4493625399166712,-1.2220273714839751,-2.2003689310996775,-0.47510822576616607,-0.3809096972847076,-1.4329734715591278,0.15166200408394692,-1.7349985268758363,-0.018285969674928015,-2.6496020926724655,1.2275559068799304,-0.5148167083580945,0.7996269083056651,-1.112483990205062,-0.892807898350747,0.9049430965260548,2.057872297504082,-0.8609919934121398,-0.7082682537511393,-0.190183697985016,-1.9638448605536096,-1.0640954583612146,-0.5001810098202986,-1.039736156446154,-2.8626270869076245,-1.6787642122229753,-1.3867965021828281,-1.1010659470582114,-0.8211929685729411,-2.3158520723882026,-0.35140048164499693,0.17545674133345512,-0.27931761238611574,-1.3938431466515988,1.2882953700883206,0.0684196649453861,-1.4279613159094697,-0.981180160743603,-1.4790948474688415,-0.9787528442638793,-0.2815829633650353,-2.1528492557975314,-0.7927188949965376,-0.42035868050330094,-2.9597408100944937,7.408637892218118,4.549655645631496,2.9475899713972336,7.0370828753795,5.243014257053192,5.438716235579682,7.862756166206375,5.466918071890747,4.464289476374135,5.260720147385724,2.4195403333970167,5.84409406890547,8.440197128314878,4.572579964463945,3.7413246460108756,4.602023632239699,3.9686640509670794,6.03500126888997,5.5340307166179485,5.895514422012672,7.777121184877849,8.608590770105067,5.513778389013908,5.9184021975350305,4.815981233941973,4.914150387637718,10.641987892868112,4.16870435910385,4.141189034344767,8.383859611022178,5.674136395734219,6.007220959916762,6.803588393242422,8.407241999204302,6.032600084435799,3.8829045600783116,0.9632535582143982,4.436481576381041,3.3446042758354633,2.8546800352983173,5.934304437882524,7.135196217812916,7.71851131681778,5.196556408811563,6.284644070196782,4.927708495551525,5.521821298300835,6.293969099209353,5.388341935552205,3.0654175535868404,3.11062249253153,8.308124790647202,6.050606085044603,2.5511990306839327,7.293393637142495,4.023674363390432,2.588618724940871,7.341400903501343,3.779305425289496,3.4190261296344033,4.420265694912321,1.0682303937058468,4.098053572850251,4.418402927029726,7.994835078924913,3.4068514054150225,7.231710466036033,4.583106363243538,6.63104117181856,2.9923754467038877,3.370453203151407,3.6633383295379414,6.786577534709021,8.10521977822652,4.177851076309879,5.876833281712747,6.844492113292795,3.815421631885008,7.545553977848432,5.51439264003217,3.2113084959591633,7.52813245187278,3.739770583294964,6.419697776411505,4.865977925136033,2.360497579190751,3.883214928587594,4.039596693335694,1.7656671721329857,6.319204491721203,4.901811464137939,4.359325783450983,3.6554554967040254,2.882044432336846,5.083811652969279,7.917341264992306,2.3377181972766805,5.033729649168521,6.0817021578873725,7.388377659531424,7.173132034215385,3.421281078563273,0.418791972660733,3.251122375250143,6.371227949258317,9.43130500757519,4.155451869153319,6.571485062788295,5.431662875491416,4.212518323170127,8.70621706825796,5.626587616896858,3.961559265436514,2.90244393092951,4.411907872226796,2.750299048195838,1.3128967606172495,0.21178792707812377,2.4522618009390698,3.1894037874045282,5.830574590243534,4.971720559155225,5.661755351714006,4.615691423434927,5.0767110628809204,2.604140001484813,8.305525711130281,6.859311603132836,1.1105621832121644,2.3653283541056567,6.188202858394558,5.456658345472613,8.141964762270169,6.899938888208207,6.019675427929873,3.0453459825111944,5.770163267121837,7.583033865486902,6.380588386163016,8.076253643373525,3.114297999262384,2.072521270605352,4.422783263393551,2.4820904535547643,5.576538644175385,8.01013987842598,8.761395562542418,2.6127990590416923,2.5169721550061994,6.360186906097342,3.981584831495649,6.943164802020197,6.157901577815899,5.21721095573193,3.701748209931392,8.24823900652165,6.850665953612884,2.1069033712519105,5.431743429199056,3.2403359658611883,5.3952901696701225,4.912382321962006,3.1646463897704105,5.426989824983582,7.091034882794709,4.8669684819920676,4.328454671947104,4.832313468933095,4.006730204381229,5.313470970026377,0.14785130926936496,6.228147336947474,6.078439767478063,4.548615702207589,6.272504302678227,1.8564255131656404,3.1226507356348936,1.5485945563488226,7.442760965242799,6.3494073796449095,4.450151119991349,3.5485574338547288,6.150804379985175,1.4669994848942238,3.466834629305799,5.538446916811932,7.9400549127328395,4.351834094233881,4.047513747910952,3.731542941942945,1.485427411664622,2.5047555944451685,4.222277605512841,6.1018882064546585,7.31596422244614,6.477169081991812,6.605762084704107,6.880975225482859,6.292004603251539,5.516484222595456,4.25785719239261,3.984870435225405,2.5069292315386815,2.1376448938778254,4.223361010175702,3.488402293307471,6.63118917910667,4.327973806641945,5.678614026009362,3.2592836061951522,4.553093849272899,5.866246036961629,4.422009645100072,3.349842206301375,6.7337251417687565,7.1932707267511375,2.981607534257842,7.22611696618225,7.668053400063995,5.756644150199794,5.258817916163212,7.482481139714801,4.398882153688794,3.2208104659684578,10.573584773788749,-0.23543686612669656,1.7724600342303605,2.884053257273828,6.201189438438636,5.246476162776555,5.3522000416883175,2.7297603110308164,7.327621972885176,6.406643282014901,4.194175862535066,5.950584362511446,2.8134579359914893,4.78605977946432,8.635536517464391,6.313005256439098,5.174998025739943,5.727095017530479,4.275318148816774,3.684989623868913,6.953942323874112,6.917173518327808,5.523683989247272,7.4800670646896545,8.266333549840803,5.620337587071111,5.370530848006881,7.506197400505214,5.860065451785038,3.1229608694077005,2.43905818400969,3.0942376692682667,4.923596338303768,3.7506991206245304,3.850552267935762,4.7774780950297995,3.8408861195836455,5.202246511084907,2.8933445733916483,4.158349647442127,6.9777859314215664,4.827448000801506,5.470677847165358,6.02001364447863,2.492414366418282,3.8199415674093555,3.1414711912047633,5.783893260838488,7.442219373454157,6.069028268169276,4.140031824471672,1.446161495955626,3.454394506194987,7.222922523228793,4.958157940381597,2.331522318858481,5.3873871810021265,6.969138201640721,2.657659717614035,9.939259148671137,6.621695667725996,4.727403212459419,5.025457469307121,4.98155535494232,8.654734491758525,4.310196742755694,5.002096079718157,5.628502741683634,5.935095473009127,3.818048699307691,3.755123761286385,6.452148027173196,4.183899832206668,3.8912415236311064,4.280244277073445,3.362805756084157,7.034517219161036,5.4299439341277145,6.225191519875394,2.9647236299546615,7.288832050523934,9.985502339562204,6.370701921730621,2.4803998728344676,2.683713211715032,4.215318838503445,3.7793521820304066,5.987606449378118,2.185441215404392,4.131765677039614,7.233582796667289,5.322075367488317,4.305204650198321,1.3481557775333424,8.262798536798236,1.5061509369602746,6.908563047127283,5.84484790745506,6.259360373107423,3.8313975758115335,2.38258351647629,3.1137867660566383,7.687140753908986,2.4843125232582004,6.451036244597814,6.636049134471398,0.9020111232194408,6.865880521085269,7.724294592343918,4.7939438240041,5.226824071121738,6.40373722939955,4.170762688908345,2.766822906342031,9.09997609729773,4.4916117933270625,9.91845875383433,4.9212278444978,1.1408789168780578,3.527125459578015,4.095555170285439,0.0018637166399164684,4.197557852509625,-0.5218609345355905,6.5269086013676985,5.853353669699347,3.5867980186009385,5.889627728620526,6.852788412745036,5.279889792066566,3.7380551183581887,2.1739887709543066,4.996081034517464,7.692066707666661,4.370149335723864,2.9878519706314193,4.760495191380201,2.571933913238798,5.461989796021887,0.8948946687794432,4.606543218714862,1.541911283258917,4.333993070618155,6.8560561909335895,3.53002265490633,3.596376455729229,5.973181085517522,7.133118950692905,2.77498997553926,7.458975447377139,4.183812336789971,7.012981472441195,7.78599939815186,3.844119581313008,4.612205324443785,6.599676611704681,7.776387775255888,2.3772297487443392,5.412848977052452,5.385950210198542,7.797352800747374,6.640219697451541,6.5526035953576915,4.631328487002989,3.3911002640373997,6.0008285550421565,-0.9287679848861892,4.480343376137096,6.662480119763527,2.915349390495288,4.246495150431092,5.860959265488503,4.008893819715139,3.8641422857970626,7.339858167691769,4.756573261155939,10.030055265468791,4.146746427794147,6.099508372830769,7.249420846872283,4.4434409502037475,-0.08303242661807975,6.207219205750401,3.681777505047429,4.953594665195669,5.455439475726762,4.764419110871001,6.216605087213173,7.344664063708459,4.735492265951274,3.8724335093299445,5.345944449804832,-0.6331322851243417,1.934064109857201,3.735526581716448,5.503877279118381,4.954001056703954,4.955116921984309,2.933986197057162,6.9096535863048265,6.2054463268878735,6.524003839876504,7.085371453242763,8.745226373260282,5.294272491118197,3.0617802181657963,7.4910576844667,4.918038813762731,3.8418469832512105,7.195264708323167,5.531730644947026,2.463018114812275,7.2638063121169205,7.191721431683474,2.704307888362669,4.379634706370643,2.6871234360644705,4.589873664183192,5.497859207324269,4.498594038436814,7.432806156140929,3.855287433405882,6.571646683813808,5.127190549953216,7.009638556194032,4.6375603510877115,5.348839233761107,5.318927301530172,4.139732350809293,5.319324666404951,4.224773828368123,7.664292304221652,2.928036793522804,5.760019438357243,7.644008663819855,3.8555100268995726,6.1043713550190315,7.8084785714971865,4.6537009270757475,4.162775203402164,3.808563281433346,8.570609862806027,5.292631197407203,2.296858889764424,6.9606879672629525,3.6980015623432134,6.223028580148998,2.618987266471655,7.2855329452173425,7.497227700710976,8.682274318417306,4.7040474755893396,1.3049135989864897,3.567603615747231,6.058168328072062,3.428530877134266,9.352199717086327,7.009772564967763,5.204313322816222,1.4254869249053748,5.466167235667442,9.66533147792768,6.827114387105111,6.763803028797076,3.6108090438403933,6.364997025750656,2.9873549228047698,3.1523177762527497,3.8658550385277297,2.8713833533822393,1.8472241986641031,3.9581778274863115,5.107841978422616,5.615859206098419,2.947052557858469,3.768171750554491,9.060387828610054,7.587424883788249,4.063570519220153,4.708089037878749,4.6661545160865705,1.736200774386468,5.332790011455244,4.914475806718002,5.444325341867502,1.3981882200079245,-0.23385325050704964,6.904036580840809,7.723015069038702,2.018125216430195,3.699602518863376,7.555321145801681,5.763036945181592,5.167292625100726,8.669284229550083,5.960620522650498,6.905310066020384,9.436166212990553,6.134189192938919,5.166803549333417,2.3802258572816126,3.0797115997411857,4.051313591778916,5.189215598497698,5.979676366906279,2.8132042621116,5.6334791013523375,6.286558793362176,0.4571610644656836,1.766290651037406,5.196188444462117,4.451249031286176,7.047369948736465,5.222679938941108,3.634769279134722,2.4278646327889937,3.1490790581896704,4.11895080536642,5.920381079177213,4.071152154508787,5.387640095467336
30,-2.6150444595132,-1.3051294196118353,-0.28785410742165496,0.3235435414622245,0.5546588558729768,0.09219056560857997,-0.7702820645144297,-1.7233171494757622,-0.1413608125939264,-1.054055028351143,-2.1805588515992866,0.6790634430803697,-1.0765014463817024,0.729173619324285,-2.7440030532941186,-2.1306084430885868,-0.16802630756479497,-0.2448721414507219,-0.39769403110380763,-1.418051005122792,0.4636183865321877,-1.808316776149395,0.5123923605238758,-1.2564118428386042,-0.3459509356056695,-0.8214644723594522,-0.3255102843627883,-0.9264950104238765,-2.8165841463430263,-1.7822792238328597,-2.9484607298638816,0.03692245212922973,-0.578378848443778,-0.9565462328949295,-0.8996752765853668,-0.6582375562315861,-1.077926029161793,-1.3400915641826172,-0.17488550283955795,-1.0960655218213533,-1.4151867055694622,-2.4414874419878076,-0.47862583484460886,-2.5947266360330703,-1.2583395606431151,-0.503715842405299,0.18937031064972665,-2.1203950056027816,-1.8304243066472847,-1.8893721406411133,-0.49329567876515124,0.10668897998935489,-2.9405341217101406,0.05498082874914623,0.48448543559032653,-1.42051269255502,-0.0276861435436333,-3.0625035485400383,0.19507794033362558,-2.7533463318456555,0.06433712219158405,-1.6802583614872182,-0.13015081928842231,-2.6918902167344356,-2.7079510020446653,-0.03913076591348452,-1.3972853185577183,0.08057667541701674,-2.8839788576727075,0.2913015737123459,-1.4307815331385587,-0.9236408270761027,-0.7182898116501524,-1.7660209989937212,5.130702510867845,5.837661670961608,1.0704624938894343,6.221679615732163,6.8532062863160945,4.964285781143148,8.64679863644997,3.1932163578694057,2.7597360701771976,5.337594026542555,9.895705222515165,3.784084713878462,7.477918696967219,4.326521308085242,6.453672335965461,3.1074241695102627,4.958080550741726,5.084274452204535,2.7837453187056314,3.034901407386355,3.8594846338037465,5.502353649042517,3.428834945521227,9.668898527998746,7.561257274557974,7.834156706194195,5.488266132535946,5.409762658878167,0.3908210215131147,2.838837781069551,1.285813886674649,7.2208115220760725,3.0299318666301343,5.163165428793879,6.2314078826928565,6.798822756967496,5.298238418868478,7.99463293273331,4.128167771324006,6.540122251412656,3.7888965347454953,2.6265786270617837,4.045765162706053,2.2007344213902127,4.7125813941440144,5.228215693995403,5.663820502448475,5.483791283511395,4.993261576453626,5.828024151585846,4.0777288882035005,6.507358312527157,2.4941960904691394,3.0427477800698393,6.782035518319694,0.15814576685994197,3.164873306926419,5.07698194440201,7.342487448299819,6.278397630693273,3.4542085720409457,3.4193480507391927,6.1149248324843475,7.382886899695325,3.371384895420028,3.9659900152207346,6.037220475157303,4.350676365700309,4.125336858925286,5.300725080862898,8.244944308661143,4.445049358552982,5.839147628795478,5.933584842128605,2.435831987908089,3.2814943755081467,3.9070685480235907,4.053837633537461,3.5403811323496313,7.074881200779421,2.777359329951843,3.2822494105674114,3.948164775736781,7.062685747937324,4.428529117554651,1.8147679361106026,4.426469171282139,3.5676138355337432,7.414679191306174,6.45212845589298,5.845309863191022,5.687777793948114,1.3800768036333992,5.2921874993145765,7.787938792020009,4.290276525208947,7.185509274905854,6.098089355259029,1.7238451123978078,3.287169053851555,7.460054445388371,4.664915767357926,2.480324458407945,1.6098357393437972,6.942480164704914,4.9604128921606305,3.898332575116628,4.376024981939056,6.976761616646052,4.599704793798893,-0.511849148014238,7.499077742151576,5.223863923147919,4.778308865046787,6.894329232543908,6.017757116669613,6.461353805807128,6.116158039393955,5.701584351738599,4.4889571353491515,2.827014574564704,4.956380912102156,2.6510777869486413,6.514147847614648,4.471175705010671,6.0537012201385885,3.3103966288417888,6.884928826808252,9.055226406857015,4.6638357521598195,3.48869350364898,5.651117834963189,3.7704478775114705,4.278174870491132,4.59009913175361,4.581845357715264,3.9966579666680193,4.86021495492666,3.5570502273230877,6.206172232004763,3.476644486463317,6.003285445429311,1.8437471821954783,5.948309949706773,5.286633014645853,2.6249238455775425,2.261579693304508,1.9406702600932202,4.751006640818143,1.7761823411958573,6.563473248501683,3.667515799561203,3.9468379654329313,6.4511678916832045,5.240570360171621,6.85239131614612,2.951237045698369,6.021049846976443,3.9515617813028423,4.193163348184129,9.04911084790795,7.663376215519637,4.508116912012097,7.617498217255763,3.79533698791489,5.896627725827405,3.5641964139448845,8.156792601344977,2.5101178914678424,5.522113145080081,8.488489713656705,3.58193473762383,3.5190778219821373,6.044320742420455,2.0488045394004204,7.064307806407227,7.639410192488363,5.727504106052322,2.145516646089264,8.861849053646104,8.712865503698504,6.200946099347705,6.38553899629075,5.40221721202117,5.894304467680544,7.731685254665043,2.138911414967538,7.169762193971684,5.068816329216921,3.7664755899919067,3.4341170914377503,0.3853186101856494,7.544925404485307,4.227665260538593,2.664999023261698,4.741599799874022,10.320523489924359,3.7460524929969,3.5748719893099508,4.7266057023761,5.31836835329933,1.9984238850404155,7.613723771166419,8.210671590204019,2.952089536335916,5.021693841056172,3.7130274097987046,2.266205044611764,7.145849481328826,7.3719143744599815,3.902685752107365,5.322508419361539,1.4325512716897975,6.768540831222183,4.6302039737731,4.919356414901337,5.6017675936245315,4.320507632856298,1.4617563134457274,3.465474445085648,2.9203551812404833,3.561259423838547,6.647104940547731,5.794897817453379,7.448970459126315,2.5671479617446504,8.047239881800667,7.73078384149324,6.078655279387622,6.9168852966934455,7.37529304809138,4.922661732822583,5.793689747115243,5.9516820437113465,5.336450744281815,3.84721215227556,5.894484166107761,4.99165092888669,10.776200883661332,3.810082886339206,3.142419709612419,4.637773359475934,2.7299381711897,3.7387315993619605,3.9909470695914138,3.1422643946438793,2.2832052726931096,5.29201197758364,5.854206585376624,3.371799447218133,4.998585768128397,5.1466550270288565,4.05951371350875,2.4353675241406294,6.874839257654264,3.701840263846676,7.297622116182853,7.527935865268903,8.289563222209328,5.460967239338834,4.44786342536162,5.1485307362101995,2.018444295379609,10.222605833887199,-0.14390690114558424,4.8948822897913535,4.945005957845959,4.792052671357162,4.293216645144036,1.913019714578276,6.761657276555652,6.917988106202628,3.425191297831031,3.8105376303993514,3.9998964405070554,8.003850764858152,5.251390738525294,3.05842298525966,3.5703160875551436,4.260009819899797,4.133705227430564,2.267483568776331,5.798991635729484,4.954942236522738,4.315077187742613,6.526266258909543,4.857678928491167,2.8932514668684814,5.252490198246292,7.428720671394304,9.967964974675239,2.290689007089683,3.685273397129296,6.308003229939147,4.34055524589829,6.17038524212588,6.138589297141762,6.845687339267171,3.2319021544000686,5.2429711120311095,5.599068837769362,5.248734312002045,6.158146977630593,3.966413022955959,5.570787332671065,2.4613640098057603,6.917514523293987,6.743743815630053,4.644553693322178,6.056519312195915,4.668227461854797,4.4172740051997685,5.572515766209664,3.2223067918952353,6.163463864072084,4.99948142850186,5.654028887790545,5.770365469272969,4.179505903641868,5.964567995766858,8.167035492077115,5.332696050299375,4.061222762436761,6.516112493351594,6.433810995786297,6.227912897221421,4.319689752307745,5.949799658689266,6.900102113697484,1.6815677907744369,4.932985751260182,3.998485743383288,0.6855003085105542,4.321390071240266,7.70375361627703,2.3126678392366924,2.8787271320272163,3.5237456104452445,2.6198994425928994,7.399465685509575,2.099577748531709,2.797369237909225,6.144675774821972,5.611937186213825,2.865444475114233,6.391387250489568,10.407123111728476,0.5737736557277797,5.412226490694814,0.19830795668330659,1.8178757509013677,4.528367754727915,5.281996366557505,6.8559082713243535,7.985002147937562,6.37162548339458,3.626723913913657,3.2978498877746585,4.658884713837394,5.524892155680609,2.949983566609025,5.890421887281565,2.664491169516122,5.2811620505647205,3.2951693657097145,6.182656645640114,3.2579777410102273,4.2408736200349875,6.535548281424288,6.97493062327489,8.263534985964283,6.498968987034907,2.827150135053944,3.1885456489907695,4.1602934236104065,2.6761179684094247,3.7225518752876807,4.384904701946756,6.313138107015242,7.869478228518434,0.34606360609258324,6.917514232213842,8.318161188440786,3.598709151247295,5.021798375572608,3.512681774204845,7.076466447577485,7.067173034995214,3.83922179691943,8.137635867284665,4.458569747597229,2.085950086364514,6.648941677232326,2.08909864875459,6.1522167442938045,8.142910589752566,0.8066951913281502,6.895062642619935,0.7717691122227635,3.526530545105833,8.042797257420753,1.7349010820855835,4.83114512477849,4.577390421608003,5.389079986840572,5.2811221681410645,8.613440440791802,4.468301395526642,3.3699374333234386,3.6919769997779674,8.335922704538785,3.1917624285109607,5.475989758753683,1.2805191210089117,7.631174361232642,6.588574499246711,5.476561388636097,5.211993354651364,7.540702735472613,5.202983513378165,6.6258563969746085,4.814159188286659,2.7270590162009944,1.6522243779718129,2.530388633242423,8.320578449680616,8.08264921427944,6.712757124799521,9.059282253635722,5.935537092094233,3.6168585318683393,5.053532304702455,5.0679180011298826,5.350723234563655,5.440332681560783,8.743364176606836,9.188791003073607,4.38750511545816,3.5900810252679873,6.074212514681363,3.416340043955227,5.854755870677839,8.63952770416875,4.665955801467657,1.4515066755282588,6.378045047243453,3.122062983981536,6.946701472430243,5.618313490211655,3.9372302825965972,5.116379414215081,2.6231184319681704,4.267551265587151,4.629616327372207,7.221911775763003,2.7653510506046715,2.9544522887875875,3.0631565166507624,6.714810688174552,0.8829172512970178,6.53302638487293,1.5342840619273477,1.6258107047392438,3.4340107355932665,5.113494462804514,6.740462183882989,6.268782308189264,8.971953317480832,7.177363790705327,3.062533022773075,7.166984885904288,5.029018358466269,6.590176581381754,6.70335545107256,5.886685211954265,3.0282880626694713,7.754997295298969,9.267705347625999,4.3729290220122845,2.8527432735691716,2.324728836178022,8.149813388225835,3.513708929133842,3.6461955595127,5.6786177260734725,3.842812459587474,1.8211488973941012,5.631304199566673,5.383758762249752,4.175923611955048,4.458068678122953,3.4157397487526655,3.71252724578296,2.57404216555079,4.525972441190339,6.461750377371646,1.4852428777449744,1.6853875538405898,4.373262006976226,6.620214775674585,7.311000425346731,3.271519472928566,5.848255141839172,4.887985314126622,4.914833354792143,4.62876498900448,6.284507234269818,3.2885004271085547,4.194095126800539,7.256144718458425,3.3114736485174694,4.961157980417633,0.6745905565949002,5.03254843440375,3.994266815832967,4.0085545910833975,4.8705319681071915,2.2365759931554146,3.068282094215884,7.3752012227954005,7.511062737143385,2.715364638115772,3.277469472310997,4.361144445108655,5.048486700822629,4.728640680760022,8.292689425225344,1.9483813056339816,3.0254899375349162,3.2107705163647595,5.896259263153919,5.854888254822064,7.260441854698189,6.213554900481887,4.279588484396161,3.4184793628738506,3.065713602920039,7.3597459448102915,-0.8208643269594527,4.1631685690613,6.682655415734492,4.6492910348483285,5.585152754303404,5.588086454024335,6.845595706184884,5.1737218513629974,3.1514159345096853,4.890598086650207,3.243857443858438,3.265329176355154,4.008356655755393,3.48512844151054,5.3091850246855214,9.181325961231005,4.074755993745077,3.976298529793919,8.898192662738097,4.801448157186026,6.815943640014765,3.755892310676363,4.612916895617622,5.195094636418407,4.814367898073637,5.020064129128912,4.898444036184592,1.5139433754635254,5.024838981741804,7.118544385024501,5.395225073350702,9.049889397984842,6.020960445401794,8.246824775373542,4.8964480373353085,4.213464823696065,2.200208812185923,6.4358482560876,6.751783858397666,2.989618293086313,4.328206043605319,3.5782875843653352,6.189632680630018,7.24721906554363,5.998680553159995,5.923908171653194,9.097997160583438,6.345429139359702,5.8846102693034865,8.302546312113911,5.208746867196158,5.818098961452524,5.921097593704233,7.395732065606557,4.2397012796349225,4.819003259537775,7.71488768508584,3.1719196602874704,6.167264630299227,1.7295226621302753,4.151972949505239,7.084346694414597,6.606529732016518,4.951906912102409,3.4693214578315734,5.360117573675521,5.161007709982086,4.749075411008469,6.820198832384724,5.4208454384025995,4.906049843650709,3.1349547623966263,7.857574911370657,3.472820363333633,3.207078017306112,6.538611968167377,2.9573221909393297,3.948934075307638,4.361750642238418,5.244791392002033,7.093256012871626,2.607560257712588,7.500456635591402,0.7266345520797044,8.379602745073306,1.9641933713497246,2.8213738214791,1.757181590384652,5.04961227422046,4.379898265235286,7.8512572780334136,7.974389652785045,4.685141328474311,3.0783068514752614,2.599257424067318,7.104171442541576,6.262512921075969,7.854347873109388,7.338434719161139,5.917915889938122,5.012598584414698,7.564159990695268,3.598154922464031,2.511755233039335,7.937392419668816,4.219382612235512,9.404255241279333,3.228400844216177
31,-0.4105324470797205,0.7603679842173958,-1.2355084462581953,-1.3095960771024333,-0.4874908805126281,-2.019030095462891,-1.4863806713127694,-1.7978932615329772,0.10060451336888199,-2.2498676249480987,-0.7027308944360855,-1.7491946466083408,-0.5099594089270567,-2.595009896628528,-0.3997849029335824,-1.871097390411649,-1.6299268317062174,-1.524792991524604,1.0432575230100825,-1.6629367100687409,-0.8004843208182106,-1.5025243953012037,1.9733929771540955,-1.1439576807912852,-1.0740596038916512,-3.246883554048128,-2.000459422758868,0.431015601400764,-0.8800489038072602,-0.35820693261076153,-2.237814965479531,-0.17838038021965408,0.4744014547752735,0.4997721992077493,-1.967193546026363,-1.1176838808053333,-0.1342005402278309,-0.0029231021317372985,-1.0714065787673597,-0.9192075984446618,-0.38717552765469254,-1.31574767434897,0.7229913278945845,-0.895510932544059,-1.984300911942137,0.010738379615892413,-1.6017705686947359,-1.2810874637758756,-1.6676940772203526,-0.7184938008303156,-0.38013431530040964,-1.4749711571323787,-0.4280691382357128,-1.0467147007042787,-1.260539903410213,-1.1468366839673936,-0.5758082421711741,-0.24920124778449126,-3.28086703241588,-1.8427502604187707,-0.13857106569096445,-1.2810776041650034,0.5456875815173756,-1.4871947080021601,-1.0822240828995267,-0.6759340761638472,-2.3532805784414004,-0.7323119923701047,0.3380243176658304,0.06729186295886547,-0.5146501312046224,-1.6448480325469117,-0.5922839993006357,-0.2612428844793585,-1.8189422352363156,-4.010597216110137,-0.040417457685150926,-2.67564015430326,-1.5079537487415036,-1.3113978700408837,-0.7008279498466834,-2.264918788343965,-1.2307926307160033,-0.6094936164614154,-1.9704426405552038,-2.7927322508075374,-0.7857547991439545,-1.9204567809005495,-3.458978624291679,-3.240996540900132,-0.784268120862081,-0.9016428817303497,-1.5969232630663777,-1.1248575631086741,-0.13040472167129058,-1.7828096773068864,-1.4603378287525794,-1.898469341859181,0.23262585771869393,-0.5862077893635207,-2.290485531371603,-1.6900874163788693,-1.6901418937154942,-1.2263751934174711,-1.0460571505016605,-1.868426985968878,-0.2125040799759188,-0.6795255709940209,-2.3644314149728425,-1.5055696620498693,-1.8499335074853334,-0.27684113925063747,-2.2206835271085454,-1.7421421394387513,-1.0117096570615405,-1.4181366789608782,-0.7129743785855827,-0.40169283099357234,-1.1620911104573637,-1.8681938616974407,-0.38404899895239175,-0.7462202368669579,0.2331535770229376,-1.2981055800722539,0.5978213022893286,-1.1938924828193789,-1.3357015440734215,-1.654265140479286,0.3707125529523727,0.17120295154627296,0.7111105929733641,0.8444925159819874,-1.3511453330241077,-0.7282561974653758,-1.4824142277414554,-0.3550283264437256,-1.570118231092391,-0.49812227597004,-1.9255275724144285,-0.9398847925978295,-2.482204422130489,-0.5479521227402601,-0.27425281746707153,-1.6023360154239206,-1.0663639293894938,-1.1861775168206419,-2.137259778531875,-0.1228715495903755,-0.6671764081145031,-1.4555863170669108,0.8474688232055321,-0.9730088771173212,-0.8653064444353686,-1.425429293994984,-3.3042059859933093,-1.1127594609824445,-0.7422989314463541,-1.3588212016583308,0.12737635657099178,-0.4969584984068651,-0.7864590969246076,-1.2404098837182003,-2.0712347622506493,-0.19689904282235393,-2.1537650559054873,0.6133134907214326,-1.546154137885964,0.5668911886120265,-1.775822702261719,-0.10819950654053045,-1.0120052694810633,-0.2384488375965359,-1.3619646249733994,0.40096225952139397,-1.6181790503876883,-0.5325915366523299,-2.2146481688302666,-0.16027671468772664,-1.3046965498944645,-2.663626044861732,-1.542119212198934,-1.0309277417215263,-1.5106450056276914,-0.5626666286223482,1.7201052452697514,-2.256930353407356,-0.8800132206331277,-2.1563978077808446,-1.7039195969438845,-2.520355566279238,-0.4856252039008332,-0.2356680219476952,-2.2192152397268208,-1.5074392985499032,-0.3057464322216603,-1.6699270489721525,-1.5634520177092908,-0.8209074330514659,-2.3716448891912685,-0.3612036914208251,-1.2943693971576538,-0.9326668730556973,5.892625668913289,7.477018942334283,3.3927452177549218,3.5774429774074923,5.864959140292697,5.178874531103586,5.9599428501238965,8.817000038306304,5.392823820159598,4.578645580995692,3.1387543567051073,4.455655045646355,3.540669184995555,3.7280802441377094,4.247391152963691,5.027845803061257,5.100742956422625,7.64050865766795,7.070138336012395,5.861392754849814,4.752791160598475,3.841758377992447,4.1030358804941045,4.84846726343056,9.576752225616413,1.7511653486300585,3.0699705997419473,8.956137854289151,8.725334099608224,4.320656088497053,6.124126393087575,6.427146897196556,1.4685909782438964,3.3354224711422464,7.843428572147463,5.016800316673329,4.917041780590563,3.467236684928353,5.310160024538796,10.783675583591382,6.457844190334452,7.687826291328145,8.044173031248786,5.454317532535422,4.809025285237654,5.545603814339862,3.7360436804678088,9.237600581132035,5.2016720605067865,8.209087543049286,2.6066637650117372,9.5716748317778,-0.9666989471851002,7.596424103353287,8.695320805318643,3.4895949351435678,2.8963512077061155,2.9261414920988926,2.661411509993256,2.846775064630183,4.711031991467418,6.530578448079277,8.338955310912523,8.531489159914745,7.067886470750576,3.7129996040315496,2.507092559635922,3.599831203953938,5.6971362223926185,5.574235481752029,2.1851587112484645,2.287267683864698,4.905020380086242,5.813700561474873,-1.2412997450514576,4.09199624083505,6.031251828690376,4.770270651796031,3.3899252014807892,5.051184988831563,5.9239701513709635,2.9378333945072392,5.452091798558126,7.991364048645086,8.052175251589556,5.72862475178805,8.577023658167615,6.775789540493806,6.421763416497773,8.520441379282952,5.616559569055062,4.280709042944694,8.02411962405919,9.598427691308451,3.8847855920899907,6.298483569929018,0.6715402665216601,7.960107068032045,4.183097189821808,5.910070346159664,3.7607719737326675,2.719051886575879,7.531006760085742,2.372122840637185,5.534641008903914,1.9168216572450802,9.636065887838228,3.631678467886939,9.803784860965237,6.669574454590261,6.091930960062754,2.863089466143481,4.195256547063276,5.848728009384528,5.643148571717861,5.268132222766273,5.574057521185507,4.733842481032189,3.078700118711467,4.0807685065169546,7.683930066982193,3.0283624809472527,7.418088548188122,4.992856488203245,4.188482678074988,5.069511420824324,6.179017878397235,4.93234467046985,8.48416908176289,6.883753967416964,5.955087211325845,1.39897333145939,4.730649887205596,4.161148715325004,6.803858622866511,6.574206949281015,7.909337888158545,3.9263519668137805,4.807774312983015,7.795933949970571,4.903970297305825,8.141837043457869,3.1672725389282985,2.8429963191904477,5.04076434044311,2.8978912713523868,5.997335423628557,4.522913550262284,6.160023931900303,4.855956307185648,3.5233608805779926,3.557793268803531,8.754675869326281,1.1115995964157253,1.1691204898407128,3.369454492398588,3.5113886334431674,5.785164117120971,5.4326736117740575,4.536996151330927,4.488703877890368,6.107463415080356,7.1446537861256125,2.672852738141727,5.244107233920841,3.2739284379324096,6.007371360820478,3.843323326856626,4.824583880029941,5.505571890660493,7.706760646330366,3.376966956867068,1.859326043619483,4.4404124688609095,4.784004600626663,8.564309101073803,2.744246854247041,5.489300778498835,4.342477641902334,4.082894201847397,7.552704745883878,5.079989222445449,10.683859024298588,3.085727263323738,5.881556625705318,6.834440927320848,5.057214276828451,1.9857075793910877,6.590824124031848,2.4931806194466284,7.148114710089746,6.443843349846244,5.1229692728966745,8.218637600393322,3.965314641110597,5.3675466180341225,3.5378736468679524,4.572792104331259,5.64750066741321,6.111729121936232,4.373722044435778,2.8437973413154958,4.950873671041511,0.7205445447610863,2.868527372164461,9.027116991614829,3.6288508846899985,8.121346450616109,4.774447503891456,4.150906100621771,5.059122067972234,5.248039774232575,2.742117447680419,3.1598652506231417,5.4576036077114845,4.764845894634756,8.701305818526986,4.903938451346005,7.069501112806547,4.2315297499531175,6.25477855843922,8.213260789148368,3.5254502845034255,6.950621919457358,7.8885736223841825,2.015740921301077,4.5927588335030105,4.181566641919061,3.1038456053358567,4.432217742692499,2.2404467731646958,5.254796509030625,5.015499033527234,4.721489167417575,2.9751228429265457,3.318876169908836,5.670244248052901,6.892487002081483,5.333007567309357,8.039114136463649,4.7570915810855885,6.670689991895346,4.434958955420562,10.324119005234735,4.983089483385492,0.8694976275165684,2.0787772664605884,3.616532896461093,11.220704861640954,1.784075704123171,7.5697937851074695,4.80593671851422,5.285946578803505,4.868112071455612,5.256454073305036,4.32975034017336,8.301307476320773,6.230160032836659,5.899046225396795,3.709874628479942,7.271838689297527,1.299731050847949,3.0494060570847608,4.07150922237413,4.846521455067175,6.820024799774687,8.454997551150772,8.699069483496983,3.6699851452555157,6.077669886223294,4.933722401608931,3.7954178248023895,7.258154568120132,5.297823518505135,2.940168605677998,5.484423648111939,3.0904930303227918,3.272243661806744,7.48989733629152,4.306303351751028,-0.33282462030127835,0.990039338722112,2.723233109856051,3.1374332892332157,4.996309616293229,6.662439096325302,8.44454295858175,3.951025361436252,5.759726721017901,7.04255199441795,4.153673466406562,5.754100713979264,3.936034533349422,5.527369528291921,7.348087584228908,5.121899930346253,4.118176329126203,3.6888192295080353,6.8260673301995745,5.61947651690882,5.919181358125451,5.668628459610402,3.9293600043454795,6.903180690380337,4.333338260092086,6.1699142092749195,3.8250104129060025,6.919286629973218,4.436706636609562,2.903498865999422,6.665696772012659,6.596097587220447,1.1622922160761355,3.811269354498318,6.961007247227095,5.0290901855311185,2.9870111867577633,6.864316725805079,3.598134199197749,5.15180389923621,8.610180130491393,5.011057962514929,8.977553086308827,4.006175447343329,3.7685629030420977,3.7367075732710795,4.356748606449188,4.174659198307134,3.1658556858770175,10.010728768939178,4.304385709011179,7.868162122429103,4.797218237733174,2.2815462777369593,6.557718366354863,3.0439797355155016,7.017067627815155,7.442138856933214,6.550481969793535,3.407780902005171,6.170300321304884,3.2247599574304386,6.54275113872497,3.456642866941734,5.398522342541327,7.837466402089779,5.273048398455319,7.3461785703804825,7.624677156546933,2.9918910626631727,6.1501666567388815,5.6229860679025485,5.149043578478396,3.0368194235474757,8.373964684291925,5.519432955935281,4.920377687087701,7.194947432976628,5.402792735789819,4.256745726206087,5.089285556991821,4.952465946801635,4.401862638260228,4.325224084700008,3.9897875417823165,3.409534302568877,5.526697772018403,6.61063255186006,4.174399106353568,6.436077571702303,8.256147634981645,3.531068445005935,4.938640632051664,8.147285973701042,7.08092345074116,3.768628100829142,7.754380603873164,4.208830941303857,6.0887089656208895,2.9635240559848395,8.553994078377086,2.860332661152648,8.242041673364813,6.335069383029757,8.410955687961232,5.78251776732331,3.867145081123084,6.768420032343425,6.4476039219114645,1.4168229910532846,7.274001388531882,5.535354713205113,3.955736732775253,0.7724663932500961,5.613599164861475,2.96759318680806,5.945724771941438,3.7879727247826827,6.786326814970526,4.279952778307498,4.760213388144303,3.290464508598628,5.850614955481605,11.261722709656363,4.37323999145616,4.8111202092211025,2.6632557296964103,3.660663995391161,-1.077654270818555,4.878133688165719,6.6729434924173585,4.25937849131846,8.732464253752989,4.522378680308543,7.095797571745819,4.3659023549980125,2.0425558872804674,4.856509985303722,3.52824529252849,7.358513984457992,6.802212520471534,5.470990021771403,2.5383932740899824,6.05391678998057,2.5569869009710757,4.430490849352733,5.1665601340853975,7.0012311274642895,5.97811061766922,6.7401038552058115,3.818138494650948,5.228732765464329,7.9991999364520145,7.428769957635814,4.658824874319137,5.4993462338994625,2.3184569881730073,5.297957767586191,7.118046750595402,4.043800170812784,6.766432725618431,4.404891006838709,6.7422745513837175,7.897996927420799,0.7322972270544064,4.133589689213453,4.395555212978231,6.098079098697603,4.13330421378875,2.272714441883709,4.045450098061843,0.04372070072548784,5.362612414642071,4.81901631149764,4.352643078862408,5.264484506842932,2.49646233947211,5.181043080046865,4.972710509480173,5.703252618846185,2.806459738949022,2.678032605440973,5.574894202692825,3.8673395904537244,2.3425419085211887,4.227179845045624,0.16013805235631295,3.5527537695961886,7.324277015918212,3.06551388947286,8.49893848128107,3.4494324527200395,5.635598665359716,2.573348007286464,3.7025538239993945,1.6928847250908454,7.324587863327912,5.121870110456969,3.7805798348273396,7.050494818398217,3.370766815119721,4.571021882216116,5.3366147805640045,4.547335076563992,8.929872627114566,4.205069630551062,3.845216419061705,6.212221907812656,2.9654263667329688,7.002815941614097,7.613102181438703,5.412509881073398,3.769937119853611,6.1053086015988,6.206062441544062,6.234792163346903,7.656265877512491,3.994030201673544,6.749054013676069,6.114935641949938,7.551824269359821,1.2399316984724247,5.273923170632542,5.6344467472528486,7.514999070194742,7.987143327884366,3.7799254402727316,8.323976301536959,0.6461527503910158,3.37545779781364,3.5656304945007076,4.110287010830123,8.287378971967206,5.1387397133107235,7.876238617375215,7.045513333691527,7.5935155532593175,5.341182603245227
32,-0.3596710847790594,-0.2903455984805873,-2.0192329744041304,-2.2004472892438827,-1.864794382611189,-0.2810472073000019,-2.7019159552474905,-1.6604655467265739,-0.8921976910545042,-1.828269621666863,-2.2319569968552573,-0.16936940803057332,-1.7829452450481331,-1.1780357070254888,0.4715928936874383,-2.088397721834818,-2.163026296216433,-3.125533660551672,0.666052256151757,0.8574768523899039,-2.295250595937034,-0.521237785202914,-1.4812319225872421,-1.4130207743103131,-0.42267887655700975,-0.17247681000811743,0.30044433861262365,-1.5487113517898239,-1.3799985712483105,0.30956880535776854,-1.9308960101999184,-1.5110504063950616,-1.0667183037087717,-1.8332660574402269,-1.264681502967042,-0.1758816461734335,-1.7469151641985925,-0.16419064797436067,0.14244464101431076,0.1386771343911284,-0.8504145530671554,0.8421142664093006,0.000872685825802133,-0.54576663607465,-0.6204353522965096,0.4972882805239154,1.679175000074534,-1.8200915515382592,-1.7263660234813754,0.31704716591872906,-1.7035752536663507,-3.0484530991506444,-1.9983617086571712,-1.7386083021835677,-0.6507115683010409,-2.7383962423769033,-2.3519631594480463,0.3313789741033881,-0.5423451469576218,-1.461124276341643,-1.1405236460630301,-1.5264670754293699,-1.4846518675552165,-0.432166951654826,-1.3200808091963423,0.6661418156253698,-2.8239362261668033,-1.2851996387928104,-2.0506696694824607,-2.7364981907425356,1.0035198762317727,-2.1214456727534503,-1.0256683175158479,1.1009118244652591,-2.408061091979935,0.4381008437096836,0.4901070079963816,-1.2342614973561492,-1.983655381248056,-2.7333084883488676,-0.31205204524279495,0.33259687758507916,-0.2602097801976144,-0.323509462474334,-2.5457774447447026,0.031023459213463056,-0.13403395403083718,0.4878217995991594,0.9661107134449258,-2.4357631599902265,-2.136334901938208,-2.8975487688963186,-0.6275695699308583,-1.193940341133073,-1.0777163555186802,-0.8023030812182081,-2.2528327795820684,-2.2335409666938784,-2.7166810893956708,0.11580356770669176,-1.2659574566957306,0.011581742246808524,-1.4086898793787084,0.5087105084012968,-0.8366199915648806,-1.6748168322382297,-0.9665431617385682,0.36234732287235305,0.244613002505492,0.5746384049808873,-1.4341304042241698,-1.4428694847538892,-0.7467057963377195,-0.040821522653629594,-1.436713717930409,-0.47827709101523397,-1.3988307254430283,-1.290841020960173,-1.3692643665345676,-0.22216597673844274,0.36335197164650923,-0.5169032711310986,-1.72030431835234,-0.30061179398727045,-0.4141231115759174,-1.3780631763983933,-1.3814499206467712,-1.2030693359962443,-0.31626147674302674,-0.23869889831499014,-0.8873053426590372,-1.2199258743210961,-1.6111102245367146,-2.880035433982437,-1.2146397829242972,0.9698102568804545,0.8436791004606328,-1.1287612925906854,-1.5143394994388872,0.27387523395265445,-0.9208028502467083,-0.5942110929373703,-1.9794391787445984,0.7656348273156188,-0.25084709167360486,-1.5096587738293086,-0.5848286979251094,0.5522840890200231,-2.0955709090295205,-0.006407193914365061,-0.31621874938018213,-0.5968840311664754,1.6063646422243392,-2.260064319305955,-1.4305916393503002,-1.3964325084454916,-1.477726709824558,-1.1458089031535117,-1.3786312651602406,-2.641633140822849,0.20228219794358893,-0.25371342520705564,-1.0055959717073137,-1.476462810853183,-0.664349236252558,-2.2216560235770357,-0.6880304080400419,-1.9015066871123771,-1.5339926242021953,-2.4085767916918517,-1.1509114584778422,0.2269856138578914,-2.037649261145453,-0.9557093068624296,-1.377355772758995,-1.8862275612726416,-1.3676965273026533,-1.9463742881047825,-0.6591397171895806,-0.24080838530767523,-2.9303569501614994,-1.8118667284057204,-2.7333126892233643,0.3341975539186286,0.755135283620429,-0.2611990844172162,0.43149957355398794,-1.6491974682762383,0.08126764508895268,-0.7108804849045147,-0.6254654824639991,-1.4978586216005723,-1.448406576826128,-0.5307061498653092,-2.315838397795567,-1.0577571883352122,0.5737928709192646,-2.01017608309921,0.6845805651851811,-2.638252164830956,0.23948470637977803,0.2896739640973558,-0.7365099981505853,-1.2960411769527218,-0.8777039267579707,-0.3672097812481592,-1.766135059229143,-2.3247015017348502,-0.09825321746382132,-1.4266296216100618,-0.8388048370488068,-1.5409657702840727,-0.07245719197443756,-1.8222782839685234,-0.9998032750112709,-2.03188433432431,-1.5392028204106216,-0.8866636300796902,-0.3286938099946284,-1.8502891914793707,4.299825824441915,5.209319503418508,6.507484090875241,2.3069638224153426,6.7130573366325335,2.773381496684359,8.510912997320817,4.306266618906778,6.567248503244159,4.0800390153633606,5.289645732897807,5.641418866158039,2.9330283138371622,10.491139472896027,6.524448588425399,3.9585767551919524,1.2786511953304123,5.151487674089725,3.978652434455607,6.236538254900845,5.2147450058713645,2.191370030629135,6.155923608301011,5.161750917611177,7.090220440867966,3.586038953606669,7.054981660362202,4.377445408042631,5.555593815798308,5.57567852023196,7.869168596250706,3.8260433605625845,1.770438856369227,2.0856872379000673,7.753424149964998,2.683236219012677,6.052328690921685,1.3717352953616895,5.647104743096297,5.845391639772462,3.6536950334687583,1.830253635489259,8.799535085271138,8.208841019463598,6.856543429920613,4.3905726476211875,1.4235609513615817,3.351456446080407,5.010061942047758,4.759728010524026,2.361106127777166,5.497249445949523,1.4886687924766107,5.671924087310427,3.315552197815563,4.701716759377394,3.8181636941179202,2.4470462720189916,2.483566019114995,5.187567907474646,4.637047279332186,7.2370108031207305,2.7608899723512805,6.407155842247298,5.329704610320099,4.250081863460001,5.2155020684857725,2.677762952638455,6.698156150255752,6.111820776960421,2.894675591151244,7.140152192673185,1.4150233716710172,5.503310078290801,4.219062844766758,5.905157331034146,5.296616025473834,3.335524779913164,7.120106193561467,3.233878612864034,4.4511230958535055,3.1083375197571597,6.0578613159366315,5.118574571147124,0.5902597341030997,3.669702869730168,5.414534683817758,5.352937105080379,4.856658281947639,6.231511245754455,4.899133309970446,4.0687870414581155,5.84189158577198,5.195191423009801,5.905519502236813,4.794968966577754,5.277286601361989,2.805471234245922,4.814471213851007,5.648652756525676,3.4644641255331985,6.899390698098628,1.4712241641336452,5.910113569494257,5.340913629703985,4.337812725521972,3.188251887056175,4.498797217947363,4.92057096139183,6.904566160934664,4.323749192023129,3.4931971431904003,3.7108506822580916,10.228249381359971,5.773910639783178,5.087710707576076,5.060436097259187,2.0120630020495054,6.045260120609593,6.375112366385267,5.453961929453645,5.0389853649744705,3.9115564997902226,6.2096860340824955,3.0615716168470466,5.647126044169989,7.348459552834565,6.14320983497245,5.568267514132447,4.920883927026943,8.076380004426113,3.623423023133001,3.2255782344929065,3.0771106773444505,4.502492005631555,9.843140675775913,5.696979480333238,1.4212502414945911,7.879978602845002,8.30366646642878,2.585915710563383,7.689606996636794,-0.05308906129758029,7.584167509119967,0.1219989625677842,5.507853834592942,5.3386708094352615,2.8612823359650457,5.3414972045173625,7.17886569231442,5.7665967742238164,5.455507594307284,5.417440844435674,2.2009326818354125,4.466403543642119,3.4579929930113167,7.257073048697572,4.448620691989762,4.311672865297139,4.907068421188398,6.724807462517374,3.4888984915836736,3.845256102990011,0.8618328453184736,4.9184724595742235,5.568925455479901,4.197056335054848,7.828562695326404,4.246380250790901,7.673007852435012,5.654484714837777,9.536993751137611,3.1231459670336514,5.2757724207421015,2.796642590809263,4.93698348569237,2.6347179803360707,5.7603823872038395,6.232267680823872,4.328330956606991,3.287600138381423,6.053474792590331,4.78713330812359,5.696386479545417,4.524050667156515,8.309726764744385,5.505877324923227,6.509542459457853,5.513450393389745,8.161085376796242,7.56054000768804,8.78636567551588,5.414165546185711,4.695634675383894,7.211787263883639,4.967051480619263,5.773874069150372,4.516028133010311,3.9159361357366738,3.125522065278094,8.153159024104516,5.466784933846376,4.220804762909833,5.3226164909100655,7.5442201870138375,2.7661956406406225,5.610305021081719,2.3104781240521266,4.961017924163292,4.0052861475625985,7.77810841990366,4.581128880732515,5.199160091245267,1.9021792676874636,8.410495134278934,7.503567160708807,6.64700244480679,5.402067775648769,3.3225631243288523,6.031547783297351,2.8152723519881753,5.067848647578324,3.085585040590888,3.5430222200205597,3.764886395502697,2.6573408204646265,5.291924511086914,6.473947462522662,1.3887295715886978,2.5937642393289333,3.308828854468707,5.2015164588575535,4.8314782656854485,4.652602604393707,9.116393856743484,5.488474696374116,3.9614515510139863,6.289417621667162,4.226510911643354,7.99663575248767,5.318776321692786,7.492503121177782,3.7712993585759014,1.7619764964336513,6.358993703281854,8.424636175939504,7.072933503902451,5.3009143678556585,3.0142455512706143,1.9661573905803142,5.823237141648015,5.6961366709465615,5.601279871042147,8.9869997809724,4.65274647429157,5.763127655479693,2.1003176642271146,7.435837743927443,1.660485733253791,3.0543600385001994,6.452608109609858,4.580941539472732,6.6959505001558055,4.089173061104053,3.5051408369723696,3.4657713130401024,6.998145265640659,8.48154062485581,2.981840489428169,3.318559746935879,7.532485373637309,1.6098433083262522,2.321620044136266,3.4809107076569044,4.677242919860029,6.047373717981451,4.361980634901799,3.9585967141141927,8.44911104851367,4.9649330106465435,10.366100168959438,4.819474055704104,6.10181874879001,3.3841304033111568,1.768144328976741,5.747324216352229,0.992692261257929,5.646131318981399,7.995920021490126,4.591446479191543,3.4545523989843123,6.848248732731611,4.791714573939492,4.001588386498661,3.051835462563325,5.215469483336228,2.7526017509509026,7.370086909566905,2.731121576529595,5.3009556199267065,4.338663393132892,6.075429890230699,7.5723560075255625,4.305672797888539,0.08916485518353756,5.087491633277402,3.0672740836052563,5.8559738901990075,4.113094943510142,5.550736938187718,5.503126682073204,6.939502574460716,6.328438703153949,5.776742001786232,5.458418432765909,4.5228681737110765,5.648054564281687,1.9093619546759952,4.661319397606792,6.601772688695774,1.965412027100447,4.21918043118916,4.150531709673121,3.279895837709529,7.939099724108148,4.702493177034956,6.324837985272306,4.7485092935923126,5.798372277023115,5.628522311151227,10.938991504521736,3.384507779319017,3.819946995929919,7.64574168561784,6.082566933732039,7.462132118693683,3.9391683786240916,5.215921257738287,2.6452223075907697,4.37148280866608,6.065604866892748,3.3927815984688685,4.411036899831049,0.7645962424853261,2.794411708693591,7.856343247356074,3.964807031296261,4.783845422683286,3.817428997181299,6.355146150128654,6.437878476853773,10.08629872799252,6.524181298485168,3.642854219388103,5.437057015226668,3.5097990527626326,5.638757328695612,4.914478398734158,3.187349271644896,5.083436580311562,4.654617724038934,3.5985918986094085,6.219425710825865,6.610847643238198,3.1443203041787338,6.246865289731142,3.3988402808976756,5.303298605642659,8.107447497469826,4.414254976692615,6.399169675894959,5.6500565708921595,8.313290686311076,6.414978672217149,2.5743706237014323,6.573806419964933,6.868338221062928,4.963618121364891,5.610348551606133,4.129616139959924,2.5448392389335512,5.336311279504544,5.7174501707417935,3.98057592217312,2.4843139075910248,3.1128565024258448,7.531454029047515,3.004985531296368,4.714558375762977,5.582360122779615,4.722204516397706,7.591251122781664,8.990235455076487,3.8805294545251927,3.1405105608561783,1.5089156573224352,3.5742099700090386,3.217433587639623,5.121437307545476,5.980149977756334,1.1866418099242018,5.863257040169273,4.6775015964042534,3.5297587222062026,4.741889279253266,7.85632402959717,2.4653520422564132,4.55476672636036,8.85060417378612,4.97439516733301,0.7914467184652683,5.739464438840667,6.120030162764772,5.208619201187294,4.792478432735203,5.799823070417137,7.998791463678316,4.764743926257592,8.830105174065844,5.940076187529362,4.3246353873548635,2.1030624158823197,6.553100374548375,4.904768174681632,5.571205016387518,4.901085244326978,7.4015315244985835,4.550084203375594,-0.06544299350681815,5.1553417216669555,8.266274399399547,2.2081782499954548,6.914096179840125,3.7066299187613687,2.0031280429440668,2.4556710653365417,4.868027758842518,7.0211646539800086,6.87294271592917,5.277773451699646,7.041113142769878,5.458938212366984,2.1422978508602775,1.5204854926511606,7.012846135802635,5.9753078073500046,5.051857500072978,5.84513583714352,6.65128019958206,6.798966959308602,0.8612701479229825,5.626547902329663,8.981939726127482,2.04316858191,4.876080814186769,4.607283853636262,5.984116891373728,3.226924882831898,5.409295206743989,3.246747237687893,6.146048721086347,6.553659269616324,4.350398160602561,5.153880902188698,3.823894320147443,1.193325452333673,5.5982320102937155,4.340940893544809,4.414304585005131,8.833435417631819,6.864164443079549,5.601600357652556,4.238791317127415,5.000710271851606,5.174350283491277,7.738073087371834,6.389541443972203,5.338238787427793,6.816685243561986,7.682512309882787,5.41880962768032,2.306041761075255,8.718672436004466,5.281694811909797,5.720864626401407,4.809510271239646,4.701944650133032,4.646211408453351,8.131558959150237,2.559442980756727,4.389328969885596,-1.2906848243032183,4.410143613652097,3.538267265020214,9.239828192299635,7.780320964104926,8.026622749270514,6.921247301323991,6.759504964745686,2.7938366238125067
33,-0.37497103565779943,-0.32079125257825425,-1.7018155830227755,-1.4959897839883416,-0.06210699583285373,-0.604856720694211,-0.4546232803253454,-2.2511718064499506,-1.31811481150399,-0.17469306575281818,-2.3174833944822297,0.3673241845935813,-1.3350884729207233,-0.6083997422447442,-0.45655151387156634,-1.0604607203523515,-0.7487321406461307,-1.1119196397305235,-0.7889429419083673,-2.080577234194201,-0.5332030864862793,-1.2655695141320418,0.036826985956560865,-1.644201013269273,-1.094429935628967,-0.9741944150057241,-2.4863747845752684,-0.47905978320490783,0.20089024391987298,-1.084121523213685,-1.1383045565371428,-1.83089209838582,-0.6014419977429823,-0.9463330081371446,-2.6552473397539593,-1.769062528180977,-0.7850989991961969,-1.858730760520456,-1.413840792624233,-2.371699078995934,-0.26805290437693696,-1.4810721445092074,-2.2572622411311176,-0.9531310322633046,-0.23618851622140125,0.03643977432781442,-0.5998454750607229,-2.2048145980730616,-0.5311114720533825,-0.47872007315335185,-0.6681056329130872,-2.3336909471781544,-1.5483476373748415,-0.7115451661980534,0.43301510670950005,0.6506453049965377,-0.928860125817004,-0.7704696979429662,-0.31737974540061786,-1.2723333892169082,0.6241767404441569,0.19352853564518546,0.9272731724825274,-0.43922712926534846,-2.2610327189631,-1.4759067170452438,-0.10209487057837685,-0.5352338334860414,0.5001715464527272,-0.5009366584717053,-1.1193834760075907,-0.07148691196155843,-1.393126211098489,-0.7902834694155797,-0.2199044251115303,-0.5901002218648413,-1.9186074734611591,-0.07689171368636805,-1.7850370050793363,-0.958970355264951,-2.030709939122662,-0.27136111520235406,-1.903686431446621,-0.9487509903413351,-0.8134157249472072,-1.65145008458961,-0.2431890843258251,6.973820410542013,6.069201548477366,5.305579318678654,7.833668365246308,2.1238783742521146,6.090468412701998,4.646664841193771,5.850916565429036,2.9555651443727755,5.904949264230304,4.305777825965293,3.5947306315584804,5.288214413229125,5.957570202926656,3.458547044633127,6.36861452698219,3.895345671069066,4.524018899878607,1.6631340792502427,4.457798620574911,4.800865973895405,0.6498580564361216,6.028172886278553,5.797575040432701,7.1734872323831755,4.568126682806962,5.294943680508826,6.010563272934595,3.2777226339917553,5.111418204493259,0.616507691167512,7.266653658353546,7.690136903280402,4.190255936305903,4.823851189081427,6.3292710130562835,1.7781202805725163,6.373087600523561,5.769228891371645,8.974727967379295,5.247082318992413,6.791633389296549,4.192998489622746,6.52652279875026,7.607728431878391,7.886581435948898,4.14620471425255,3.335534295013773,3.03490306114949,5.316173114665606,8.740778701716188,3.211836281934021,7.009825058585588,5.876702537477859,4.175709743146847,8.245564300664636,6.92374966789032,4.118030890597706,6.692656574850944,4.129855734387192,6.376076578441753,5.128322874376955,4.994603165442742,0.8672648131838407,3.48795832926276,6.722180951193069,5.165834501562955,7.884673259819676,1.707332827083596,2.925156542868173,5.312852266446992,7.592079847401028,5.319575004203997,5.320514168544071,2.645637731714925,3.0750154311307583,6.4907431593554765,4.101125683369323,4.129484815118909,8.160461198054831,6.028957778465767,2.825561748593306,0.35505154913720194,7.361045536614773,7.642928241444569,7.065050491465723,4.330550711350149,4.543715439286524,6.776860272526724,9.97934922344789,9.286361383456795,4.05101718984946,5.057763526637974,5.849695996867415,5.653848784822614,4.702096614724205,6.019904296401362,6.1831517548376835,6.955179356643692,4.206375986516313,3.1231499714472095,5.710241378901511,6.687765105714379,3.4203272070156805,3.045024701213301,6.315275112610312,2.7125456091343283,4.6049388966715545,1.768099589037178,3.111010610527622,7.119023381562167,4.455534748449763,2.792744962052584,5.122209039272572,0.952054564770993,1.1074842358735277,5.707497221828627,2.31306105972734,7.090847304927775,5.52490207023832,3.9646799676005116,2.223394140301002,5.698092000098754,5.998528732773166,1.4828701019147816,5.429168325743791,6.003102026033203,4.733528415949045,4.930762848921802,5.715145294800003,2.313213940273181,2.270117282690728,2.352443573868509,2.0514272795947974,6.735512265162663,4.153842386019618,4.483981474220824,3.102591067521781,3.0840153012943743,6.449255863292682,4.373465445693478,5.150660647229511,7.217442754038233,3.919474470661508,4.688626670541957,3.9768514153100667,5.538673450906064,3.034670005729758,6.580521242700628,7.157765928323442,4.187569288531155,5.438561752895755,8.317492499503025,4.390688133133451,1.5001472944089542,1.8016289238585,4.372751034112027,6.001666902350081,3.4466756351220393,3.2750060953353994,3.810576608253839,11.904088324204132,5.417059805538402,3.6887101976059933,2.407823616026619,2.629958974255901,2.2655991874243835,9.410581708155709,5.8025382605675935,7.109860218176827,4.274311714375367,4.456523807031369,5.888356235012659,6.268764968770343,6.7979692951019315,3.9675119988768515,4.053944301448107,5.925682976029063,2.391000474992887,1.899717634454377,2.6870848221014327,3.8204790949967617,4.89862467407667,4.728075496052376,3.430434775809365,3.287876827097988,2.374658933559845,5.43660118525437,3.945222931269287,4.37054145905858,0.7465815225325558,4.914071055455716,5.867660625196796,3.9822387393737566,6.029876955532541,6.12248744603426,5.250250013876524,3.3230192100452163,3.4218218280227894,6.457193307182014,5.521085091848891,2.327471024660954,3.863250105371616,4.496899973107737,2.5187728465156263,3.214182244784655,2.315159548539294,3.996391908036407,7.632629563998857,4.858343330977074,7.953071433058067,1.4426252195212808,4.1064389932579495,6.799997893203434,3.7840447022730617,5.7016798794510635,6.768241274172425,4.609939709700428,6.534759689353836,4.9185753774399394,7.136859283440483,4.134009830193962,7.975909961146411,2.8552742374451827,2.6291061181099407,4.456407954253272,2.4548081503981116,3.324824620337477,1.200970389108151,-1.661207049073024,8.844097978668913,4.1588491246339165,4.744165991798294,3.4346201091426196,2.901966379625657,7.176327821429632,5.425958107912484,1.902050039523492,6.410182547963652,3.7885808796248774,0.17037148505748512,5.5955743440547145,1.9124542720793567,3.9841994904938622,4.831975478815461,4.412684082768912,7.830091594160273,6.027722388363823,1.1736788525050583,8.583267265400117,3.706081680807025,4.433375285523229,8.65786161284088,7.741748892013083,7.0069614318401765,8.277539484241753,6.332290432874971,3.7346687526403906,7.0256444613537266,4.190992260087221,0.8279752994637759,6.3460961553551165,3.1222330885884677,6.23430901982921,3.8362832131289375,7.123917736417081,4.0312097765860155,9.03341236287889,7.9343467859746495,4.569432383522878,5.641664021475163,2.661127379231284,8.284054835216086,5.678596006948183,4.09811927386289,8.028528449271622,6.721344214981346,5.505049444505692,6.687436657381296,5.346794493625212,7.141525305955001,3.440584187740869,3.186494496627242,3.564515686922504,2.229633854554769,1.9773298789279314,6.296253550782097,6.214595722315157,5.255919522076429,5.661879090027511,3.270490737590994,5.236971293797346,3.036475114783302,5.0065146646200915,3.727341444920799,7.279748845434695,1.8848140357522434,3.4260785040292423,5.646469202958637,5.925957809489854,5.7941305111297545,9.363534812184911,2.387287981641576,5.73407134370726,4.037005001235623,7.841187525942274,5.97051234228859,6.168130803077062,6.879224042412725,8.021846351389577,7.4388521924741955,3.76586209781909,7.111897093440126,6.430624768728681,4.471222321728416,4.588886683459815,4.018233887587769,6.875583364936278,6.327296908105313,6.2337133400579585,4.848768373424602,6.804996035187285,6.876177050202797,7.449920923459706,1.3974778229133564,4.629539202184166,6.508795805483175,7.645601160756781,5.386112488176875,3.4565167486446864,5.408893007345712,6.191725452340541,4.505567812047676,4.616367330474838,7.526385513237512,4.0688704219403915,7.173977676100934,4.786247969551112,4.8277941072764765,4.056543426597512,4.715620418299971,5.732334937066142,7.290219937405378,8.15130452753374,9.494358922533468,2.3320023643693975,4.263688306227417,2.734754604854917,3.496998566793786,5.938211547974811,2.6327785707393367,5.61555066940124,3.440851915774153,3.337207333559241,5.395649055864667,7.428532196897971,9.360319578702207,6.2113603663917525,3.6808081809300313,7.491401522587159,4.463022512547105,5.225549529208354,5.864460555271753,5.4144249807697955,1.9174155459830193,7.062169477455189,5.480077615252181,5.631375371991544,8.89298809670484,4.478570650688851,2.9238538213862997,4.003605183280725,8.300080885990221,6.957488552124629,4.567846119241455,2.8446545999287163,5.320808478936066,3.7236079512869518,6.813944250393926,2.263904918332203,4.924194722652014,6.392320193455819,4.291159312313646,7.643204049620257,2.5663784442918507,6.318432143041581,6.9445140479927066,9.054922546081471,6.864334914743386,5.716772087575279,2.0105255981525563,5.181437387980977,4.41711224109676,4.459137894536727,2.306867134007341,4.7780314971913675,6.732021769690938,4.414724228651722,4.461209807841789,2.732379405531399,5.507189003654148,5.888593095785994,10.665862667760447,2.39292917221553,8.112243786126783,3.342568156189309,3.8539933870018093,5.51940394155941,1.6448225223382011,8.010393346950094,6.6315650574083485,3.734816119941657,1.8004915249476539,4.124779118921613,5.191502200524119,5.150054422159889,1.7608566379154724,4.4727766968701435,5.866114548377577,7.96972055214208,7.254315250591333,4.791848909254692,6.188954886406349,4.675599419580887,5.223287765423916,8.67849101943391,4.454773513280175,6.291818211087038,2.664270374695775,6.033656332768643,5.7630998603731465,5.720902940216972,7.2592261185066835,2.937143016393085,5.530655512966665,2.8744599909879454,3.41204108495306,6.902903234214607,3.187823433654235,4.043195282588192,4.412891901847548,3.2803153158092035,7.329916988334903,5.43762783860639,-1.458364953797557,4.61731506035346,4.083552991382335,4.58556833816654,2.1991536314329663,6.923552569033127,1.5022751593891521,5.8419032803645035,6.0310937251890975,1.9932179907634504,7.8023266583540565,4.902808987238646,2.5952047848088116,3.1757685700487954,6.408421138830579,2.6603298994134197,4.443728441888339,7.283248807377166,5.06929668248398,2.264595024103366,6.369875465472192,5.648163541622116,3.0710552165854867,4.0143537137725245,2.0066796675985796,4.598411406558976,7.928078217726711,4.83593132801476,5.113634449045351,4.687915924352475,3.2211678595178537,3.5970410443379066,6.164161229439718,6.778536543568338,4.959781381116771,5.103618325527303,4.1286807694466425,3.7384840297608726,4.690824108213528,3.0611480770029775,2.851438074546894,5.275779654013143,4.672970892975164,5.781129877677558,6.190046072058898,3.840167537341948,7.322688161242356,4.990343880960362,6.0811229698017755,8.32516152650339,4.005693614754522,0.19180941594302592,6.914979207726338,5.255372696270019,2.4911198440783213,7.291965923029194,6.792226220641441,7.752406942848648,5.808116393193753,7.7877783218258205,3.2622807544231636,4.149410540533173,3.9878551576354235,3.1007189970381175,4.7203336280684365,6.092109133680793,4.109277546580789,3.8782153729351236,3.1091868493428274,3.8238179208246224,6.920772639307476,4.88612790372854,6.943932196731582,6.055847793674173,5.305458009016516,6.224045229925004,2.845056656094766,4.461743532520689,6.861011289604527,5.8378936774267,6.240072445081696,5.762840808895617,2.8379083198783173,5.511028393546915,3.126837941785431,8.729667808738226,4.45573959278385,6.906862170406828,3.637920436324898,7.686514455573089,5.091977692856916,5.116657408685464,9.810287553968486,4.830882129537399,3.9986432186841956,2.4664783437624926,4.948432033049493,5.995264348936632,6.206669361896041,6.272876754151683,1.4903648741841105,1.536534596582999,5.317206483349277,7.939221390773085,5.400666094501521,6.8955862378333315,7.163949123504307,5.892955343823521,6.476370484940102,6.903782402088584,5.071523557858894,3.902699103523389,5.660930057201819,7.626017528376602,3.3064136711679373,1.6133076380249234,3.9180429099296767,6.358756285828151,5.55634877331981,4.9199765009573335,1.7558569074082477,5.604041841178376,2.082325708618158,5.34991861381634,2.130833227074473,5.5408530669688245,3.7676607788834815,1.5635423775363781,4.655775923788272,5.4488906857984984,9.288882147304093,7.544756064380731,5.672028599811952,4.938683754324168,4.659258234017319,5.622746807834286,6.998035236545455,5.688468767513361,2.6100948670768425,7.065206566264373,2.9873245139477413,7.949788359902859,6.751497751790401,8.435563772081052,9.405895190292572,6.189730503187355,5.640026718545757,4.8653711651995595,2.7818033600432237,3.7090646590629417,5.3940368195465265,4.050511615351572,4.546195226681944,4.385706826740785,6.235439182324383,4.499822209021968,6.407267203638776,4.175628300631123,0.17817621747506696,6.109480080802534,4.1401765741439975,4.459991071021059,1.7181330861539101,7.572165794740376,2.5643609383523396,3.13846732649042,2.8526750394722575,2.7567226031403664,3.264012770732502,5.448851227276467,7.8308272322749755,2.536709840341235,2.2865663752704997,5.680841103740032,2.683175013015915,6.581625792587821,6.992561119846911,2.3976231997373505,4.913187118227026,3.207905267325495,6.70951048689237,5.930749852216395,7.2514494874389515,7.975261930139592,2.9516281125701,3.7457731980566606,5.136584301896469,4.910120883107987,3.8887551949797
34,-0.4342373944351837,1.4475482452140764,-1.1316060479871684,-0.9618188658733765,-1.0861995427738103,-2.334494652587898,1.8419519790509211,-2.41351918848202,-0.6202738674222499,0.585864835057099,-1.327778082982304,-0.755103305757553,1.3535799237086619,-2.280437683843193,-2.1717907110943133,-1.1292968955746356,-0.8769935935598357,-1.0002511939851517,-1.448126983863096,-1.771877296160596,-0.8176796122649386,-0.17769168344618447,1.2666665206070729,-1.6014473075988154,-1.577254713207925,-0.3975445058585191,-1.507670368377461,-1.3116921538601383,-1.2723390470118323,-0.6161309367544924,-0.9746856904421016,-0.4271412070012245,-0.6264746063335214,-1.0926864819058861,-0.6736178930265573,-0.9970421639556967,-1.648057339263514,-1.644559956009322,-1.8744705446663597,-0.40740957464810224,1.722603701720523,-1.6421267169544642,-0.24409726499413564,-1.6713365200122685,-1.3872286638094726,-2.51973678177646,-0.2776655940189595,0.22421316701990612,0.0184250842764202,-2.4933859690509887,-0.6118418818776139,0.7267068741021518,-3.436437981225825,-0.8088532318914716,-0.9537046169613786,-1.2580207001756614,-0.2196961923540406,-0.9281475305123964,-3.9562135790404547,-1.4837942230386856,-0.18690427376328178,-1.1679006628673896,-1.6359162400972553,-2.0929781299058963,-0.7833973064512316,-2.344397829481515,-1.2713243597312525,-2.0371826664755313,-2.409932513482369,-0.04575160723020211,-1.0885588702452837,-0.7298530148069954,-0.8262121714230164,-0.8185101555857281,-0.448566067489949,-2.2870203392011814,-2.0013876607555403,-2.3062560390524296,-1.6448601573670028,-2.04684565189051,-1.5869647844145192,1.145645542136784,-1.3503899327713933,-1.1653733711556769,1.8517431986405581,-0.21215964580860702,-2.184655938938617,-0.9477425422993543,-0.7405284149049798,-2.355488195624468,-0.9524580889178023,-1.5394175167852016,-2.0646428297243284,-0.15076901854512503,-1.7059279236832037,-1.75897530527497,-0.561216079546808,-1.969848322993361,0.11064899363565539,-0.07781391620574551,-0.45072850971028766,-0.7810488687578216,-1.0981290280846028,-1.1209623383813534,-0.8959338035085407,-1.4916042141735404,-0.277806888091207,0.7654957455861131,-1.7567310911272676,-0.9050302042310308,-1.471032863610512,-0.4602855094219198,-1.2292217058210997,-1.4849791669968457,-1.7359740890613722,-1.1927696830575656,-2.1957345884146866,-0.33125517474870203,-1.5080190842790222,-0.99459205883264,-1.194709633111443,-0.6722099901024131,0.6676271055023706,-0.38454678876169324,-1.4415053325523135,-0.39385762479555975,-0.03292554742485054,-1.8312068981173861,-0.725150611529882,0.2814729851158928,0.47957317261368826,1.1877351825107572,-2.2093846707784435,-1.61148763184165,-0.7130300668910661,-0.6646888060783114,-1.2563322611298005,-0.39123680352159496,-1.2072725352025273,-1.5478995146494792,-0.525384707282178,-1.0753868144445207,-1.556948226162156,-0.38904975997278357,-0.999502645259736,-0.3774795270070884,-0.3491049364093449,-0.8350927067673289,-1.5756839087892103,-2.267277489250085,-0.4260955655941101,-1.8219656496162095,1.0936192156897029,-0.06389285854889015,-1.4958016514134056,-1.8706643353409298,0.18588460011589492,-3.9368426937632743,-1.4854690015764302,-0.6532745352928596,0.24844372988041097,-0.8740950735913138,-0.7097606166035129,-1.1692703551653485,-1.6669291246815083,-0.7967660289856874,-1.4621748831109436,-1.7001010850257416,-1.388956587763374,-1.6013231954991336,-0.5688941689272222,-2.6413748114346722,-1.0828288601518012,-2.460843445886046,-1.0217144590809584,-2.334100415481635,-2.0831326005175095,-0.8774704890175149,-0.3173417413066042,-2.673712077402544,-0.27006957388414765,-0.3958691831196933,-1.7271254376591625,-0.7472399829621268,-0.24275778996209985,-0.22566657916830468,0.7267376855352663,-1.9347702772107669,-1.883879203876227,-2.031692155166791,-0.2862641154680785,-1.4570991577125865,-0.8661012170649942,-1.2857785376486268,-0.6050788893480171,-0.7136304786632189,-0.6477779138841735,-1.3624074654123108,-2.046040510133814,0.2678302804398909,-0.037540162902095164,-0.3853930610909868,-1.5687456302324805,-1.575233709604528,0.37234589245329963,-0.3757066673921937,0.811942883571295,0.040555631485600596,-1.4077088290294948,-1.385121493033945,-2.610051385919654,-1.8031054812461034,-1.3873552439411356,-0.7665772156270183,1.2221229654506383,0.23324255915088044,-0.46410463135709545,-1.5751218206339894,0.16193802999212048,-1.0381374445829983,0.8095811931124466,0.9406286180229104,-0.27775564562985444,-0.2249076516737034,-3.3951884429686765,0.5492949645008189,-0.8145958201878285,-1.1339340308305808,0.24407872827959642,-0.421490537227068,-0.2768312806297053,-0.9409349474028799,-2.343223303205053,-0.2443929111422266,5.8197942779758645,4.66235302949167,5.424797178268318,4.4718179278546355,4.588152537912272,5.095493974273164,6.25668700344052,4.396795481520897,5.240856758181877,8.413311369327822,5.265870249290323,4.248017868594404,6.684442044714565,2.7696373873375966,3.9796247523812025,8.332788590749445,7.473724097962847,4.15151477121878,5.670319362399205,4.328925734663531,3.1979748493727094,5.031540270736179,8.188752344403044,1.7391782972396759,5.418088928430594,1.525830563105465,5.4707784156528,7.185459036618577,4.484886167768164,6.360758743137607,7.479023128559803,3.9207476656498397,7.391146416922479,5.8841722042227484,5.1733648164838355,7.305309725659211,8.38698230399675,7.023971714725819,7.402865656487593,7.497358586128344,4.014382469578478,4.916714189768973,7.341596161243949,7.884741008066857,5.782769662324238,2.707420921014031,1.5429139445154774,5.3881486395937985,7.314981563967245,4.545293703117012,6.062652643088452,5.809050996453211,2.745658284947656,6.562765935132732,3.264484923612651,7.462630653252658,2.361340802340195,3.8291112916574463,5.466792460713512,3.2485594776494446,4.2099492532886655,3.306046539605105,4.946860358123844,4.867325466471238,7.621086349016326,6.5717795214078345,9.08756634842066,4.327934180928721,3.356912432050774,3.1825652472537564,-0.7060831067730025,4.584737691624752,5.039450705231693,5.67508505871924,6.268281674610941,5.633453719706997,2.2516629484172337,3.1945026015294036,3.2712822703244377,5.60992648259826,4.798442749973457,6.741138427275377,5.173318880611465,6.260040975640079,4.288338258225374,2.2971091944182587,5.701209928552091,6.779450791247864,3.662114759912688,6.279723169391032,4.566422647926734,6.074382946533782,1.6687740678562193,4.5585635170790955,4.31173653409739,6.081101761198632,8.70544490916484,0.630333050217053,3.772879584058133,4.760648602743234,6.648401490157089,4.893178789215161,4.195216874273582,3.8396617275541494,3.7940838184020977,2.7417115961264096,6.41154452373517,3.863165725272226,7.0134713863594715,4.942949744916032,4.505494645623294,4.5211371977820045,5.550581852908424,4.732870299896285,6.340310828254943,5.679633262001333,6.588047746140134,2.8862541892485547,6.96002551025537,7.15785648734548,9.142253601481304,6.348043101050701,4.772270206836817,5.900680774129399,4.040582720113079,5.978027328125792,4.39379624432936,2.0908154004553516,5.325927722798515,1.9767304952124252,7.991255458512718,5.8755238053010554,2.572272264280724,6.058624233922246,4.903302227782646,7.731469731711353,6.5072642308577695,5.92096114441414,6.366960746762341,10.63780941977101,4.824297010062085,2.812438703336539,5.330515674292511,6.952935074828308,3.167438628408689,3.5945720454299646,5.600344225286182,7.3491366765081025,2.8042465900193396,1.6647248618314068,1.4984123127012619,4.929174587283327,5.5878870916483505,8.052670669711466,5.71359508954256,6.53430465494424,7.1843924118220865,5.534129862930943,6.954377444072081,8.386226866043813,3.6869382705635885,5.6861881673604895,3.260537667312212,4.115945826177494,9.462706299172885,5.064180240563411,5.941693832918092,3.1939306771050093,4.862234732106096,3.636170111975868,4.837262290387647,4.076720635917659,5.5741008459757895,6.493914709477499,4.205520607036317,9.002474162695407,6.417048882535288,7.022191738401423,4.281354940661272,6.195748761852522,3.725353411921672,5.229322666879436,5.122514611315251,5.200318054716797,5.830442406811555,2.5504591771793876,5.030539114038217,4.356398898900172,4.408099902113152,9.760880429537398,3.8964577835729504,6.523688154038693,4.513621475491653,6.701277405077617,5.062108978005416,5.520666185550993,5.487685020878762,4.736837204301744,2.6577745518267033,3.900289813225216,2.57101855651793,1.4328563367816436,3.260464679287707,5.277945686325771,4.9751493039822225,7.399021629695139,3.466985814659953,4.269741038456337,5.589238611524219,2.1108226913461725,5.507510643827245,3.391619766052862,1.1243747716190247,3.889567156315402,3.898462031054458,5.52504520235333,5.065417200080393,9.077357891585152,4.880277813408528,3.2341619322542,0.29191471566796334,4.81548320680059,4.558887495104688,8.59806017917462,3.575389095203771,7.5946550739000775,5.165189076581177,3.6337318351727834,5.591867595321041,4.541374649039586,7.617497714545804,4.0908297719340165,2.704097061424828,4.717492780036302,6.525327869998858,0.8421057515280737,4.3982529654535645,5.585814566283137,4.989769835496734,2.075698122472398,6.03470584747158,4.841763646122467,6.819475805469827,4.189027943003941,2.8153871840237255,2.8961148898843176,7.060634848528613,6.54071639549252,3.0132473565379927,3.1954489774406056,5.5394184832500875,8.806068765800593,7.468084576716519,5.943711102098826,3.1238921184233233,7.105094594877535,4.543846296543771,5.515412943596577,4.523073319368662,8.594389058420061,3.2866189293593435,3.4433433558349824,2.116680770301955,2.241707704042883,5.827520166847742,2.873520743222156,5.760188727920453,7.519099974178996,3.110943997486978,0.319248661616939,4.900618170342001,3.5095341018371755,8.218712903093756,4.807728384750872,8.785628814228804,5.718897201190257,2.0992708571819034,5.45130982743513,0.5150569887587402,2.924543822781873,2.540545098939269,6.4973862794709,9.447534933951037,8.580149717114885,4.073204644982216,3.3830721270241964,6.810007582847575,4.595926766170939,1.18629327284699,0.6483480381667661,4.539541409281558,4.661698288485977,2.189579478984551,4.781047415486147,3.5013669182438902,5.77315981703323,3.2860495355252928,5.371245521413868,4.348646730543781,1.0977866727458658,8.14767938947881,3.917442338467872,6.037073350446561,6.004581817845988,3.5674458167618113,5.5255848881383605,5.6637749980624745,5.23427021236168,6.160967177032692,4.25626835639088,5.673731516354288,1.5708196951539746,5.303386728629362,3.1621392393338317,5.429975861733119,3.743173046611726,7.407664760774268,5.587834636639571,0.8428562416173166,7.29302920737663,3.687515252729064,6.656015607202565,5.524634091667951,4.4600028684881945,0.7711635975788198,6.6764272638579785,1.8594120795743407,5.202287017298056,4.374389584354335,6.826397384774054,2.635064747084407,0.7119078920935253,3.1448702866972273,7.156880204951947,5.491412386809312,3.2077268877843896,4.272161639842312,4.18901289702487,3.7393775165301584,5.167069740163928,3.4423610032417145,2.5250838481920113,3.7594564568057236,7.085953667014671,4.569800810244851,3.3094218436403087,3.9242066846959007,6.86765304858681,5.628805635811213,4.053549311021148,4.94072865031757,-1.6855367356360338,3.660461003143618,3.6161563039422253,5.452357977306295,4.987289255141788,7.435086334155386,5.371025829322542,6.525417446738862,7.536943047434887,3.9921735641625955,6.017236092233521,1.0686050327776662,2.111971393650102,6.0575931600585875,3.78661934246809,5.652708985562653,5.7150209269162975,6.264537154749721,2.584760836770754,7.226096623753074,1.4087450777968917,1.2749843541823611,7.528291831926271,5.199483771350633,2.3979526763008003,4.4452363364577065,5.855370090218877,4.900177423492277,6.155314336054547,4.867522972614757,8.413604168726508,6.763460151815625,7.107888366138916,7.451647907504096,1.1642191485647424,5.9202713561871825,5.684530827347504,4.870082364842244,3.885391766705418,7.392370796806086,3.6892742468055726,7.271196376387186,3.2499263151089526,4.39246240720573,2.1959321183343086,2.812968569462695,7.363790021144871,2.5887169463948445,3.2052408761376876,7.963743387254512,4.921605697617924,5.9153055512838435,3.3959019705387,6.714825684720462,4.286244905432472,2.147487456201205,7.863134567096222,4.422375177972591,3.0270398121766595,5.120603284160518,4.262715647720876,6.074775007145671,5.014398695200552,5.464591421923737,6.553977570574471,0.08445346553624411,6.458302772495189,9.818284965137696,2.998979584500341,6.2569780692349335,3.9468783040353,2.2122663400677056,3.336785276534434,5.171988183288414,0.7520395982862027,5.554159790803328,4.59101783143821,6.2220792868639165,3.769805266236708,6.206126452749652,3.7510760851241933,8.209097208725968,5.84713164175546,4.312283555691811,5.348124489905289,6.146563416386986,3.6031684264688324,6.997831498785978,6.65564587241938,2.372235750986977,6.803305173424381,5.266771370295029,5.3566950429281395,2.627265859721141,2.51374003814826,5.476270929130856,4.4363047501967845,8.4624057377925,2.340884634829266,3.1621631565188464,3.934828898805375,4.766493121481535,7.1284370779502915,6.97893430995931,5.465332650503592,5.922171261369889,4.146295670352306,4.223425088695071,3.935376862074895,2.0324037624169975,1.329596586074814,5.271233898225727,3.215924219435252,4.52118383377774,4.935650749544645,7.759426761123061,4.972528105753981,7.254663333400963,1.9597796785825214,0.4764186856954309,4.238797728640646,5.404907039464417,3.378861594586274,5.2162494025349035,5.256882501848264,5.910835182314453,5.71175193194184,4.679803470429642,5.257372862828707,7.520167811993412,7.1290193143251805,4.4452988164995,3.599281314270744,4.576908985489974,4.256332508997366
35,-2.434626341728501,-1.0679010783524725,-1.5729409158084984,-1.0362332721479894,-0.8272004135556325,-1.8913036375097638,-0.15157315969159746,-1.7228702740618838,-2.5817597122407046,-1.2583368359451588,0.25245951300522673,0.21407441847567266,0.23675289700592583,-0.28437599211308073,-1.9393444312748607,-1.3460368303328274,-0.3479515109011848,-1.4361231765894338,-1.1713761305322592,-0.8753558929852079,-0.9982780236606418,-0.20855292365266898,-1.3792758523279967,-0.9686205239653298,-1.3634244799643445,0.38052054925590184,-1.1792102697081341,-0.6737267300323266,-0.7649518277848237,0.28110545631257877,0.23961856416945237,1.4223428395376767,1.3963338550132889,-1.356549422150555,-1.8237819462227773,-0.14373664090994975,-0.8362949908107333,-0.6946929016654553,0.6642268516398662,-1.661310261626395,1.3482963450583538,-0.49978166762625176,-1.815825076214192,-0.10572150845564998,-1.2587464989292694,-0.6417634683558648,-0.38839912419897415,-1.279631219629802,-0.89632091194157,-0.7144962619482462,-3.0190253778330027,0.5174666819823821,-0.6719267198338355,-0.9531199926297598,-0.4987823071335892,-1.624425709455061,-1.9573947441608703,-1.5923860827744454,-1.4356449459059388,0.029920072599424197,-0.26332399727091327,-1.3699149615949047,-1.267188642020488,-2.3461833583232545,-0.47164826908549395,-2.323705116576426,-1.1544231191948962,-0.7203486410460681,-1.5861357561223604,1.0039934879369445,0.18852774785318238,-0.21233824598757778,0.34621631065849234,-2.5382735661637663,-2.698177106765441,-0.9730361374504406,-2.351044040648189,-0.09662763858613532,0.5433525308303939,-1.3543021319357689,-1.7235000348878278,-2.6710714865309053,-1.2115201161475868,-3.5675695695036533,-1.9265068329030115,0.8161979407043927,0.21558819332451717,-2.3630329391506395,-1.2888220843712554,0.13354963223846794,-0.16420088745186068,-1.6879800020223574,-2.9997022879922737,0.1575699562576205,-0.5655883965784917,-0.5730599272047121,-1.019510639754217,-0.7245263802698382,0.38254013748250704,-2.8130070260116686,-2.1792017419749214,-0.5669050515534648,-2.1275064545043563,-2.1276054405732556,-2.2296586665636497,0.1843621252348262,-1.1725921391922758,-2.932891985901211,1.424147348455298,-1.0621307616674114,-1.6039947338076117,-0.7687814500586387,-1.5533241219463785,-0.7730144837690471,-0.9299931193036213,-1.8918525633965617,-0.5693172049031817,-1.6127969811088025,-0.6963512576878989,-3.487074163298976,-0.05332039030185587,-2.463828148182765,0.6638004764058554,-1.3802525463800044,-2.8702938430374756,-0.6677333960316261,0.13393129605999587,-0.9309662373250704,-2.1922461951778685,-1.581036358258279,-1.1074120913714691,-1.392543989532733,0.27760929329397444,-0.7807694550871124,-2.1908203211115103,-1.436404176445253,-1.9419220137014346,1.3331812266895868,7.0584623604740155,4.715547025716869,3.866672760674379,6.757643343496387,6.208828881384257,8.930545249051491,5.745228102809244,6.838632173707749,3.934795640657154,4.276496458071774,7.875834370793138,3.3916840080901154,2.9974728566630966,4.473113972159755,3.4011303739774172,8.353949484640653,8.708281008612477,7.885510786858768,5.855949257831084,4.1936385512562495,6.829811656041466,3.376262376496829,5.820793647830952,4.540852634788223,3.153197722185686,3.1103564232445966,2.9533870593946663,3.160490036721849,5.08432653218144,5.377132257222039,3.514798809386311,3.386502080149177,5.318319241891128,2.1378089288472006,4.904559967380095,4.290536040386073,7.7531073280322556,6.912673178894904,6.834762852114471,4.3731160240074,0.03750251978312491,4.790710850593074,3.9419929046495676,4.839966649188039,5.612900655844992,4.854272064608746,2.2994118631281504,6.276507243600927,1.1663942889385175,5.727093500118488,7.082836612794122,7.432645313053532,7.27623629858186,7.190848655456108,3.102926967277374,5.740887212524479,4.525870080149928,8.041609468081816,2.3661449593097768,3.4201641660003173,8.254296034331105,5.358066273234244,3.5481835959682337,4.720980904211696,2.590087959113107,5.723836186864771,3.209711467868177,5.63099220378687,3.663344654328622,5.271522697703946,4.0827735723188,3.8651761106069458,3.4595840433982277,5.281273457008793,5.893797080698369,6.925013583472466,6.239105032456719,3.3307690075086374,4.490230395105027,4.597055097862775,5.4313522456645,4.6884323642250605,6.789992352832927,2.3063308927983854,7.2722487492150645,3.083031330289696,5.8120345477687465,4.641244896849167,6.1248112531514245,6.247067996318033,3.9674080887804912,6.910588436278317,5.1719589177324155,4.543350912537921,7.217268033836058,4.063266766511663,5.927401291872463,6.052397973664181,3.494409938230013,8.590668430636411,6.090368804134578,5.610656060942181,5.697730552142737,4.708048970174692,5.0460028216898305,3.477335609734738,4.485801772194669,2.134753819157844,5.1003088824075515,1.4907891054588096,-0.35192312535714,4.299898156605596,5.7591867995158665,9.911806014914141,3.4047106462483363,6.800060158224806,6.771892222266968,6.834023937186327,3.2887483516612868,4.983450205501987,5.038748548670711,7.855195521066234,4.096941233343862,2.9867502584217367,7.196047999963856,3.652194996566397,4.783987046406316,2.6171712782477616,6.6903696148512655,4.880030156736525,8.47813463711019,9.571328345957546,3.960044557159553,3.6824492297699183,6.561112497205498,6.192132394764269,5.878390167866672,4.710081505951337,3.7288544271260573,5.978690217916141,3.2127260328135696,7.620538924986819,5.487133036551977,4.135658873001012,5.358766779838207,4.006818613757644,8.408994514234053,10.367625010522055,1.6929113250056589,6.885667227410402,6.146655546124812,3.67361867369208,2.3524876052913997,8.602977378926283,7.42331513236055,6.13128037840029,6.056304048840599,2.729459588588484,7.328790470629805,8.840873234146068,8.632764499860233,4.038690150828494,3.179413750648476,7.806988255853035,5.024389521331167,4.8372769098807185,4.740444428850283,4.639739484228761,7.429331532780921,6.674576534731877,5.856082178135327,7.279470247544583,5.626537567440666,6.5388498082419275,3.4067797752890487,2.159628544783111,5.081549723899531,2.067218916810634,7.307003760628455,4.33140208466616,5.3894456496545,3.583155064834096,8.505337908237943,7.252515103368884,6.046607262424628,5.832929469431337,6.28629208456228,6.71297408410618,6.034065084332781,7.368894637410474,5.74587564743049,5.612290666570572,3.2568702994289414,2.003779342693383,4.795465156161382,4.557851529617295,4.484768808010709,4.085979728106179,6.715983477330145,5.1291945592590125,7.571998863454832,1.958447487783256,6.268170756779268,3.7740256734099384,3.1410986511912977,8.108131558281457,6.348245028665453,4.17694262524792,11.154388855243926,1.3552944291233846,7.315615562804101,6.643685432232687,4.069904148662822,5.968200477787215,6.550598442271616,3.5377999868476215,3.712868534995023,2.4561534761003014,2.4118042758224085,4.988905223313063,8.354228717531495,8.414643109025702,4.3640639713976475,3.9312700301689842,4.9898643804007525,4.451789379093729,8.359633609615265,4.601225779225887,2.981626539272194,1.3875843850524503,1.3280917954042195,4.547598795858581,1.8697317834065506,4.765026319012116,4.6141014693661795,7.585584500450092,4.166806208708403,5.858014485601573,5.928040756385994,3.2494553354656937,3.9955758375458874,3.130265551153209,3.539603678830945,0.7448207164230558,3.2148974536871995,5.540891791986679,4.205446010930056,1.609493206892072,3.2980734725563554,2.8312882333824354,4.069502421987435,5.2775899256064855,6.475731005297462,3.2687963803930495,5.783249787443142,6.746280058354132,7.0032863498268085,9.256134239458435,8.24683242499187,4.012838162493297,0.13259066061702907,4.0007866437422415,5.708582574082345,0.11049598006615113,5.937756959002247,7.657515027058509,1.4290537961231542,5.085884634971472,5.153713734460582,5.224368862815575,4.580392150169336,5.734943974886789,4.630901401635846,8.666405773215542,6.080998711338557,9.163656802440332,1.5326427673914762,2.5189457745063812,5.162740272287958,5.284367216188149,5.986120363050819,3.6380514106287056,4.7596041439520596,5.951731927836073,2.6038282835738444,8.030357121519431,3.5948910624354227,6.55455681811284,7.617682849821395,5.703953415386357,6.733245730388729,7.6651678684014675,5.991587289438666,5.3614083583307615,5.953219572134166,5.907465265244101,4.352873953455188,5.348834415672617,5.822225588169071,6.533999596396452,3.640960480475009,6.694387584795507,3.5193289390340423,4.710358821009115,6.049235553783797,5.951007006945422,6.8068471744977534,6.42436650984845,3.728336592185588,4.263836100826248,7.269236158490261,1.002819830092649,4.037571046121997,6.349809039883899,8.599759550574731,5.468290097039025,3.7764111517642376,4.721368425805059,3.0782474373855795,5.676041464158639,5.715142236745069,3.963376060499459,3.572947648795927,2.2173808666694454,7.75361888785382,3.928890467291258,5.617447664039521,2.38593671374571,6.344351604759797,5.878707681779527,6.132500774716779,5.283292833053902,5.690270341649899,7.464381176879392,3.1300378396617368,6.06721721608,5.801192718295122,5.101533175535802,5.840422616867884,5.408151216228175,8.022435548743939,3.8977898312300723,4.004558877391553,6.11590335631707,4.1979153354304275,4.289628246198674,4.019990028415492,6.074387462584266,6.610289662855365,1.2234764286961357,7.674800535430931,5.33495142670508,7.905317204856303,3.7663578153943966,5.291836532202359,6.3441242119637415,6.369632262440494,6.412531595501193,3.262745937558255,8.240027458356334,7.614227677543276,3.5968232280921804,8.208555608910068,4.871988935374219,5.877192039042115,7.268794419789435,5.593660862993901,4.949629147561163,2.9941299449382237,3.5079645411461158,2.3808936707282427,1.8409946179606242,5.903611932226192,5.720932090896614,7.441147923832024,3.706135736536484,-0.6807040016858092,3.9273889544415903,5.19350595813338,6.61528369233551,6.6142169671345945,6.617947426234377,9.768604149924213,6.355311681876672,7.218470916686686,2.7071328171264795,6.051498127127523,4.825087535038572,6.9652307638961055,4.204575886453998,4.346016473777833,6.883619175519673,4.996459222908204,6.113693874080987,5.754372039595325,3.0522302685198293,6.08587332061659,4.649614648262425,6.466422829619404,4.176736049454654,4.4053885889854305,3.2141854716303113,7.985098174153524,5.423535756532276,5.11625671973604,4.0242856924837564,4.427933135113161,7.225017791994847,4.219059543091035,4.391757151074415,8.048048543626628,6.026616632035303,7.865579345607036,3.198011350480555,6.248020571738268,7.094137934427954,4.221164612285522,5.417059123749834,6.51070167156368,5.245485706462431,5.863103202393302,-0.5184942906912449,3.8058303782729226,7.613270284642463,3.9865628349066617,7.290143573849459,2.562240071693018,6.911397740924186,4.5991930866598345,6.523904153570562,3.616923485888001,5.325250142038704,4.878525666820109,5.213216866882722,7.99323816725906,5.461398199258385,9.109844171995196,5.198350377434839,6.408233768360645,7.498765635013691,7.005813500063461,5.918255121418187,1.1141822585290706,5.927291239682065,3.6099850478848055,1.1141628441245346,6.97579855744461,5.7910110329999185,6.046710863804756,2.4433115548255215,5.91184302499404,0.6869950652860286,6.911559898812297,2.1977357048653805,4.141613206041884,4.278442618764034,5.350829528148617,4.552966198176962,5.9271101516005285,8.623622607481554,5.677070534555856,6.44703345632389,3.11410643153809,6.527028205797411,8.721044871964938,8.299564565523799,2.367269995538285,3.403603300582905,4.496730285226262,9.366481477093444,2.340910382134664,1.3725257160353657,5.5549769456678755,4.595582673193785,5.449086972296208,6.882876708023117,5.431758570764412,4.715593542002367,4.415176974159805,6.354657371869976,4.200793069160393,4.280268706568308,5.828735540776039,7.979768959355338,4.106153700624345,6.411391889459274,6.5523023669316025,4.780478074542316,4.626186008490678,5.913978477338624,1.9065824194916519,7.823896941581304,0.16492100930722042,6.561119267116884,3.3257589843839246,4.679889287983988,4.410359318361962,4.283632421490094,4.5427298637832765,4.5743323404985485,5.353319265518323,6.924909971894072,6.780869893596992,2.744907399937542,1.7842312630756778,5.082946372007538,4.655316193132205,4.438655092212357,5.312151310806242,8.133895992762055,5.8876283938887415,8.659708941103451,5.917805908951018,8.438718080154839,6.33285479614192,4.830840127942008,7.3631550253266145,1.1672859144970067,7.926199246696214,6.8830838036492885,5.809355073407125,2.813331555662586,3.331804638102108,4.261607243849031,2.711123830331177,5.48253575404384,3.2983931771372803,6.3276845219392115,5.169754338239921,5.993487518025566,7.310532890040401,4.391462604942799,9.02583297662338,2.3696211257698647,5.214158945832432,3.478202562566574,2.009404811309179,1.301528842926829,5.106744654379049,7.652246650872877,9.57536510248837,5.336491306149238,5.163751433837225,5.9162520155436695,2.663816637469401,2.514611529874158,5.974086770457306,4.3410017192550185,8.52322273110572,4.873335790751976,4.842965540512325,7.386932981887754,5.772372510398292,9.009905906905319,4.625963636886811,3.0622641801618915,4.586889413964059,3.819096732954809,7.838742384736138,5.246783525910356,4.788997012668915,3.6425265654878176,4.294175928495632,6.085182066395581,5.479867903242455,3.919245426249966,2.4811414040128787,6.671510577657312,2.148169207030547,3.988733599824391,5.579062787942058,5.469535161336069,5.480609649768449,3.269824128825811,6.418100577108251,3.4924794433893753,3.729985298805425,8.344294126407037,5.246677873933333,2.7311437493723623,3.4117339730279443,1.440612511742533
36,-3.1505304332276998,-2.0764429326423377,-0.44288449649611916,-1.7529844400708048,-0.2468163046417109,-0.8651509123725798,-0.3517193302918791,-0.5724872981775394,-1.5512412079334008,-1.0307419516912089,-1.2020666293293543,-1.9658996874195918,-0.5280540592958504,0.4798874957118602,-0.671589794233537,-1.6808107475448806,-0.8354979406472461,-2.1185845946288397,0.04131566923754626,-2.658640628635011,-1.3537365034999862,-0.7976282921617541,-1.2988999167130595,-1.3923717813531329,-1.3558775636933187,-1.578845794600166,0.09140871022874686,0.2204476877600121,-0.7897222245517027,-1.1467076072368099,-1.3126532730398452,0.1320920001049879,0.30265206803225997,0.2861800960077492,-0.15114127749035444,-1.1910937143022484,-1.4647003508453174,-0.16736903330809005,-1.5550067933887695,-1.4501499433566778,-0.35595582634660405,-0.5608670434358757,-2.094573585286587,0.6770557036532028,-2.4130155761175773,0.46520929849706794,-3.2289567850953658,-3.5667626778899852,-0.9265279025839308,-2.0964386758184266,-0.052975463920776455,0.11719621446678286,-1.6834929073103493,-1.3195677060684656,-1.592568708115632,-0.5922065431468823,0.8174949602102046,-1.818853118620322,0.537668631549356,-2.0431443992044724,0.4470402415644097,-1.4568500481575932,-0.4498402042679137,-0.5871421814527611,-1.176158276454996,-0.6804980010787585,1.3584231241592928,-1.69021376996198,-0.8181077688808369,-1.932213915695952,-1.1788107304123614,-1.1073762068379696,-3.5925475780686136,-0.6199977353798647,-2.2434817365392465,-1.0812981349286455,-0.6914695001711233,-0.46418616718344685,-1.6358173579646484,-0.7991976762714178,-0.08720268986996416,1.2468973596286568,-0.5543855476086292,-1.0783620250496513,-0.1649759860654041,-1.130000903608693,0.47092524376303113,-0.7362944753954838,-3.107004021222559,-0.9638872094588059,-1.5288041324614188,0.5812981808915356,-1.8749569894092066,-1.1620812654086718,-1.078799051562773,1.4546640031471973,-0.6701919433705978,0.40682629447643315,-0.43454942023764453,-2.1343256165840008,-0.20217463901919386,-0.06030800155279292,-1.849642046671502,-1.8198391049766132,-1.6112930245053172,-2.191307696793344,-0.8895206894995725,-0.8384048153360482,-0.7174002801162882,-0.626217657287465,-1.86255520932089,-0.8866113359939444,-0.5135434203878024,-1.1633662975057235,-0.9513757105628697,-0.5542854453551148,-2.5391121283440783,-1.1213267988284108,-2.579590799298417,-2.652098475566407,-1.3223552707397632,0.5356329922111429,-1.9743549861160776,-1.4653004269803014,-0.06778573866088677,-3.459510185985978,-0.6835731819164732,-2.2538341862661486,-0.06676050950220691,-2.669639764045189,-2.017272811445795,-1.8510926457149686,-1.7627637514379324,-3.5240242877621712,0.2596490266727769,-0.05408667249723098,0.8624556430376449,-0.0208442477811126,-0.7949856248002162,-1.961189277733331,-2.046281487007711,-0.5271364676334095,0.8324591871570706,-0.9852877750233083,-0.07510825029987067,-2.1357884878403475,-1.6507226790858502,-1.9526506826925334,-1.8447150586724095,-1.2072211089739278,-0.9485947462889734,-1.7615887572742277,-1.4942025662933334,-1.8517167736164075,-1.4562090827067968,-1.8535263904748691,-1.5044370994731806,-0.4343475928113195,-2.186873424675547,-2.41839907308431,-1.4730416969401903,-1.5022345807068098,-1.0522324876610984,-0.8233222000830658,-0.7480326103007745,-0.34379602303271284,-0.8709337086056801,-1.762336445703202,-1.2177944457492649,-0.6156146777051879,-0.26391814921999346,-1.3776405657136737,-0.5185727285820257,0.5803346789509101,-2.394792370495763,-0.6390523619246209,-0.7985786522357055,-1.2717529043724867,-1.2865065571745309,-1.052811417192761,-1.099763965191874,-0.916213620985125,-0.617884382876295,1.9032457033890626,-0.748313327737457,-0.07593974705357198,-0.09410188343425452,-1.3759308242833717,-2.5684259328045043,0.2773966872644542,1.2110276637018238,-0.1415913546378249,-0.9865893333979635,-1.0099510949104322,0.24656728211098322,0.09836970183110649,-0.7868563923088254,-1.0356167512073011,-0.10647343258866071,-0.7614123024331966,-2.38765785595091,-1.9415464000496931,-0.8909140009316656,0.2181527118436315,-1.5849123463304924,0.36003833670920926,-1.4900923759241533,-0.1507257628315124,-2.0966711569975702,-2.4470774667629023,-0.36763181982544657,-0.17005013368390354,-2.668532029781103,-2.799308583248271,-0.10546860053505591,-0.11170389546566306,-2.058010912736174,-1.197087464505124,-2.147210452741856,-1.9698247554661454,0.4454389520698936,-1.111494676860923,0.5056241284962013,-0.84545709950314,-0.48355157394362225,-1.3168285980775343,-0.35770249835276235,-0.13424634713577543,-2.0012431359738105,-0.8327318434334454,-1.9657587435792507,-0.7859322223741116,-2.0438554002369704,-3.3923142225533085,-0.9652516023542961,-1.3980095806464332,-0.25601694180966406,-0.9961911250090509,-1.0374559293111913,0.27143697617767915,0.4277155801162418,-1.897186991823602,0.5128451979237014,-1.0862857049427734,-1.0731878761981286,-3.0473842988149036,-2.0630744289866527,-1.1231917223060088,-0.5813489132806966,-2.127858874904187,-1.3708184772893466,0.418404970702845,-1.6030406881607773,-2.2099698496063374,-2.0387867010512504,-0.5301917767514646,-1.9860095974760377,-0.005669881830465906,-1.8710689347025595,-0.6226186752710687,-1.8237732408318723,-0.34312968142681277,-1.76679477991647,-1.3742756526618172,-2.353988030217441,-0.14015437207928938,-1.6304184815931648,-1.0181917133370817,-2.007204237601698,-2.822560270234524,-3.0883428855611252,-0.6777750949942347,0.11685765572878859,-0.9129069061886779,-2.3003854532666734,-0.7374573722164948,0.47088109084940566,0.6822163322973454,-1.3877244881268351,-2.3618989717976198,-1.7185302670674285,-1.6163614570278586,-0.31636740921245565,-3.1209092801318983,-0.91086528924465,-0.13635806463089883,-1.1647251606214366,-0.7594129749053308,-2.9713106991291864,-0.5614048482605993,-0.1687686348894969,0.568026621899167,-0.46685207962086817,-0.5108292672995969,2.4505893255584144,-2.661996433737704,-2.156777300201445,-0.4693159045616706,-1.457186750376626,-0.4645968112016118,-0.09718739983004998,-1.3831581841532024,0.15256254729083985,-2.0884581938015216,-0.35321532504849795,0.7704769198976982,-0.5556338598929014,0.8167306349995564,-1.6397146206137414,-1.060142127987613,-0.16644361919615236,0.9916745902402269,2.897991767006061,2.99112065931945,8.828695034103813,3.3269880239865817,6.7798214357712085,7.600607669717455,5.160038664605431,4.251604982977941,5.043197622686557,4.0995007421213145,4.744012577540107,4.435245290829688,2.2994060945678565,5.861652132466193,3.146227204977551,5.256653039724839,6.384483638674643,5.631271225335056,4.9991195950421385,1.084203950787972,6.338984393483588,4.711554105810131,4.927215255289158,9.840874462073508,3.241486071872131,4.197208146687138,7.375108804439519,3.7248150154640944,3.416502272320102,0.5183976224840441,2.655505913873461,6.863173781321206,6.332239099369382,1.715717609147147,3.239143271270934,6.202087224370222,8.122719055681522,5.821354226636792,5.680643384164535,4.340278453614966,5.649437072781298,3.2565418923374665,6.07873979373457,4.603971391844442,6.817526761125332,5.596865147821918,5.559412187250926,1.4033729392429803,3.115552623409162,7.801268261271719,6.521845593501489,4.169882239555402,2.5343029841670393,7.68423979374022,7.10463429147914,3.5071238075125217,4.41454750726551,7.42154733539055,6.6313226503340035,4.191896284918078,3.9098231348773194,6.935691154255354,5.965538454848087,8.078533661420291,6.890968997878929,2.9498833799621798,5.427011846514816,5.389368173777321,7.57166605140587,6.080314754574431,3.0736842730762692,8.41747254096335,3.786772974343771,3.6183270929153544,7.3867735351753225,5.190276709111505,5.355455071998216,5.395379967874389,6.561361931429381,6.483820074773253,4.58869785266651,4.413407389668532,5.071151125797547,3.0779015112566057,7.497759940900057,4.930851727739358,6.0616964948987455,5.832650873123917,5.753655707586437,3.431705714642331,4.536360182809105,8.67649470316248,2.925514627532456,4.736800656744024,6.456675837100691,9.366619255251042,5.7471171463217745,4.795438889503293,5.94744258231353,8.951815602724514,3.5865026766609933,6.944305222264524,5.789856592449007,6.496443138787807,4.550818735712246,2.9288384642059433,6.882438465438273,10.883624196522472,5.465241037696731,6.0653035671461915,2.7390561094558414,5.208390598497414,7.422612731428692,3.2079317269068404,6.973454704986119,4.704633529275066,5.729984358377782,0.7861569821007341,8.553095674235976,5.729246328096217,5.703584918688514,4.747174911124275,6.473470408281743,9.067763045483353,6.217679651518681,0.6396880564261478,4.738086810916737,4.62286929610303,3.2128432657373995,6.376598517636962,5.916883840023266,8.484545474892904,3.2242839040012257,4.500667083051598,2.191204062638324,4.825323812567952,1.3014733416737894,2.7393222986296384,6.531218901430707,2.9387137767733926,5.272291402602939,4.498789667993848,6.836690352998776,5.795688024036187,5.6799702365024425,6.129403291021713,6.208763266990083,3.63983454744255,4.5575374695274675,3.727392677386133,3.6075897309587353,7.951962136651648,6.425331539429594,10.490008989290768,5.337787174022483,7.500000692426921,7.527693493310812,5.175801629650759,3.42833173355743,1.3156301864278221,4.338634867315463,4.918758159205655,4.579265105803009,6.093216542564194,7.030699210376508,8.010856202132628,6.795583406054143,3.0749147407160224,6.1156562021279495,2.5896163194814115,0.0671406267980732,5.856064789243936,6.292424486881316,5.480250516052276,6.032908962544271,6.820924055481969,7.089037193171739,6.7415936468344215,6.959634229581544,3.0986715348709186,6.161459691747183,6.163298186900961,3.430615840771277,5.325599583375565,5.82577957244299,9.423292326414373,5.731033401128127,3.4118442840620884,3.5024423473876167,6.177861801982099,5.701508716995336,2.672044514065753,3.3913908337220824,0.5316053139414088,5.324877891522089,5.752613468891044,7.443191160155887,9.431802772388677,4.401712494551806,7.491568076358542,3.158477506994419,6.130245158442125,2.484200536626832,4.259953553930899,2.578758023530738,4.686009603229556,3.408674974361941,6.431663120104305,4.0336910631641265,-0.14117070790940733,3.373491468642512,4.2580313527138065,5.2095750259746465,6.874223454982778,4.5082923754842135,4.359252512231362,5.605375134034347,5.860556344744097,5.488857679643243,6.86484137507812,4.970148194239494,4.591660482071229,4.470163052537121,7.470167990164274,6.105580096864395,6.717551212086764,7.827665416675217,5.850253873467206,7.328717240518216,5.95982919795821,7.841433108710234,6.52619785483472,2.4696993846082544,5.165556371698346,2.799755317796243,6.89397342913211,5.95911294811253,3.348583746682571,3.2142442712426953,10.159504300697513,5.453798775318522,4.509146948516041,5.566219223252975,4.023219418701173,5.701520753253045,4.139063683320033,1.9279471723863177,7.468048476456255,1.8063076052555513,6.025901825657149,5.525739332818655,4.080246337387308,8.610400567155281,6.672721110375496,5.662673150997447,5.189462671664974,7.397365942933979,3.7231461463888076,4.059262759795547,6.261725672718861,6.049103698654367,8.034746987227873,1.4174361041560473,9.609060341996017,1.967704217176931,4.6680839208089395,4.532811167491466,4.329609114848712,5.4577901937158355,1.4079745701512358,2.133363734890551,2.0413835424038638,11.008551269762716,2.346889143351668,7.0707909483731886,7.920209044416044,6.193415299847801,6.270199342460024,5.105831375498155,6.5361316498096125,7.105561092158501,4.363635526484473,4.203343033619911,4.681733524056827,7.660592733076575,4.653730996977272,5.422518542185813,6.047200648484864,4.079873174879607,7.3646591897311495,3.531189224395023,5.699666057236707,10.24328665981903,7.610621908520377,5.6623242445409625,3.089538858264067,9.16147775705338,5.3047770595088455,5.736091421719101,6.344409728728694,3.2845286849571433,2.5180115259890288,8.042822489578862,4.492761402609289,5.703212519585815,4.7035542982859635,3.6812433605387245,4.51702744300722,5.275155506170234,4.607946455920239,7.26392506830582,2.5424393634223486,3.5863897512977827,3.802428884276731,5.477700730350818,5.3176473528787005,4.1413429395609125,5.4798218367366855,4.963055361375246,4.8558749540576605,3.9790748041478876,0.8683779136711447,6.109445373190974,9.076427545701304,2.766736687673094,5.528747799778127,9.651173047905573,6.622237350750033,1.7142241974111125,0.9443515208242079,4.92146271064358,7.331863661101838,1.6378434703595444,3.181243575534586,4.751910736298354,5.759831811126742,1.79315018754086,2.7647016259811603,5.508187842843221,3.0087543285239193,3.3354637544981376,4.881684735042269,6.384795766858627,6.063355247296321,2.7517435266856953,2.473195234882916,4.552773145487807,3.9652927340716335,1.9099469242384317,5.703335091714825,3.638036653816588,1.7762189521390916,5.7542247830116136,2.66860624322286,1.9649085009964842,4.7712373731944995,8.288641575310388,3.5364639439471435,4.461876972191717,6.442791135475494,3.0464014392581773,4.96853192853261,5.801756606272904,5.2857763344873465,5.1208670672385,7.644103733057546,6.316378889471009,1.9086730524602133,3.8076488662550543,5.646415427820205,3.973562800199465,2.034935794748216,1.4357587219947856,5.692156895490603,0.016972483944810435,4.687456630875819,2.098917049786418,4.6161340268880835,4.849593789183409,5.603824395858848,6.619601398310185,5.520690238289103,4.377215167746253,9.015352001684356,6.2975421322354075,2.4906915442573836,4.867658791337882,3.5332348684911015,7.945312566615755,8.150641921788822,4.892729693585464,6.340798934954134,4.130841425523423,3.91832367209661,3.9994657964537788,3.9212108655470157,3.1772979717367686,8.30229654872743,4.911150253144874,3.6078074762752808,6.220522077437576,8.874385443266151,6.4668529642912675,4.62403689683631,3.791372140882669,3.991577624071345,3.961173939559177,4.58476457014082
37,-1.846949150026601,-2.1420767868873893,-1.3612955923376626,-0.6333991394590994,-0.41452082251864775,-1.2864892048214127,-2.406366494121844,-1.3474076199761864,-1.4998229796650877,0.49539952584288005,-1.3316439021382243,-0.03306689065279589,-1.1643934933155442,-0.7067797295849026,-0.2353561107576735,-2.278955208222245,-2.074436275155722,-0.8888249311745546,-0.17486365094276168,0.04614775527682302,-1.9223989012322797,-0.25269109520221655,-1.512457329679778,-0.14811124422374244,-0.8784994559689118,-1.1792941271602366,-1.7248006694804086,0.36283784930842566,-1.3086695080037205,-0.568404908228089,-1.8299337941283353,-1.4849236080193717,-0.41715883597321646,-1.9088237014718938,-3.7336034435533203,-0.6047280016218892,-1.3830818895047559,-2.0816689975906044,-1.2911142742291417,-1.398383691053707,-0.849926525821555,-0.42194345143410683,-1.7589959196412397,-0.013243926437907172,-1.1896451743393723,-1.428753952089934,-1.3223682367627494,-3.0783383082362614,-2.454833584932887,-0.3219882469679083,-3.4723823822790667,0.3239937403746551,-1.3006322481150412,-2.2122503045001354,-0.5675515661962108,-0.3838311422870283,-1.267716838331653,0.5264040876748748,-2.0512966376981536,-1.931266961880135,-0.9823623058861483,-1.4004111777744632,-1.9306473512038247,-1.8238675091444785,-1.8014832196089272,0.269009351380993,-1.5113396927726122,-0.4032539427790698,-0.896930083381685,-1.853187398509701,0.2940750624174109,-0.9121945216779589,-1.1205889151627708,-0.8654574453745044,-1.5939957035625822,0.24627201473328353,-0.08571993439793069,0.17676010690114508,-0.9808322992349643,-1.881914896704271,-0.5968454833058855,-1.3236201246245378,-0.7776821884500856,-1.2251851889855099,-0.695761333080958,0.11717248191765894,-2.321556107321105,-0.6851580811992825,-1.420440630573828,-0.8240883213310024,-0.9823178477477887,-0.1435437133338695,-3.2680558783499616,-0.6140801165150427,-0.2950806534451227,-1.9897737681902932,-1.331169944097879,0.2788091967703039,0.33866831021047417,-1.759079547788029,-0.13819425680545294,-1.0905731286803213,-0.8016496794351613,-1.0568483349074422,-1.1000610182172195,-0.6201529302248314,0.8065858140954525,0.4305313366377497,-2.3447439120231732,-1.3500810395097314,0.7259298353185597,-2.851979167756632,-0.11813899096630343,0.27093888243095265,0.24607656081878893,-2.3415440710346243,-1.6497455608027494,0.41083509409925223,-0.8111560267784347,-2.095586076584753,0.09857390209163719,-1.2119038423984703,-2.447728675541277,-0.35587843356993254,-1.3640962174064606,-1.0200228606553807,-3.103509461674401,-2.149901029447639,0.17475294660757967,-2.833615910195182,-0.6429903017048948,-0.10090148559519085,-2.24932106023211,-1.8396953192727428,1.1343112295738038,0.6405508767722707,-1.3489711422263255,-1.3106426436571372,-0.18382300943019259,-0.40391515966782354,-2.273815500772871,0.375437228635809,-1.8057913885328936,-0.3478925826988989,-1.481764934468699,-1.0663273836800495,-1.377683418084183,-1.174832941834172,-2.2170786233139745,-1.612251763593942,-1.0753081195853156,-0.2736424693399476,0.40429618523372035,-0.42411907432672413,-0.6976363002054937,-0.6243331674173813,-0.8284626757914776,-2.2148837643918178,-1.4810263520981257,-2.7497587756618014,-0.3814411859307223,-1.6158165681770285,-1.8886930238966793,-0.9144693033375977,0.3763883450239873,-1.5161089486070245,-1.4564647853469745,-0.15429512073267526,-0.18049336161567753,-0.5570158865378338,-1.5025157676193293,-0.9250852790193707,-1.80961191430526,-0.29861374153907116,-0.08092105383567527,-2.2184088917551126,-1.0911415473016504,-0.30430401421863795,-1.1105705351636042,0.35469575616857485,0.5897112512558369,-3.3009103527238843,-1.313807029408491,-3.1002440475865543,-1.1680561421404176,5.7240415157692235,5.486790434713536,8.129052938061767,3.19172646069964,5.844375787423919,5.168924812941213,2.274795584874166,4.454170899421266,5.741023904292893,2.2472518572319666,1.7973519215363436,2.21763426846456,3.1334804539160657,3.9867026500120697,2.9795147225606256,2.438870048992789,2.732495272669684,5.9909194074797885,5.477720058928132,6.7965849765718716,7.5867487851771465,3.5138021922089724,3.452835830265133,10.07512108158782,4.659504123771599,6.300678578914497,4.7316990414748386,5.003318538837181,1.9153975069803715,6.161651360353103,5.215694144300794,4.7402775151315035,5.345981113334266,4.047781588259804,7.096835446615464,5.441806462761046,4.937723535773847,4.357360931611364,4.936310779234055,7.833078467242819,4.402873121169861,5.876180948049955,5.649104751782042,6.978760449550855,5.154924468387505,8.993181181253942,2.775332301659031,4.98682980286189,7.064157130354855,5.439919841960739,4.480184456400227,3.9005931950200052,6.429487688948797,5.174352536012319,4.546177888146979,6.689936923094609,5.899041951086752,5.1779375569307975,7.840859301897012,2.600715641810864,5.848812991305248,3.931517252969343,7.962419174968227,5.0869735181235365,5.348110197905229,6.744502804989121,3.5172152054428323,3.8524995085828246,6.489062824343888,2.1813627610689816,3.5863464884642493,1.1104557227267988,5.9960788272037515,4.504523708278069,6.30502318919657,4.528421996489605,5.834378609791416,5.541839983978192,2.8613392435154075,3.165680610915022,5.074245430836192,5.155953639602791,3.1125980200878267,4.212264272978052,4.519027121697235,5.132428707840866,3.9827274841590583,2.7338208029755875,5.288259973376331,5.657423866286122,6.66842233542935,6.332465503196566,1.1148833473642825,5.5802324757233475,5.40097837424911,5.218722494785991,3.959161283171322,6.7806820050764385,5.026472700765454,5.27317043817858,3.8472266319999076,4.293972894130338,3.21927910316258,4.330238705225816,6.684151140119379,2.814554476941453,4.294114193775277,9.378387186495594,3.695633562496999,4.8277575643472295,5.73068895762091,7.103091365250258,4.704341669525923,1.0635892157893716,4.831433232120659,6.6507674267929975,6.572003829663267,2.753788749876432,5.595463336190167,7.081552936230118,7.960952641790573,7.752783730837545,4.929816202227117,7.367691444340201,5.175938675433555,4.160094364732104,6.272950604050736,5.03343305234378,4.272439845192253,6.881481052048949,7.971314446776316,1.9364147981547175,7.247317936719172,3.0544754945989796,5.072085913066122,5.195413625483929,10.13333573796232,6.353433038579876,1.641721172277364,6.089075645196555,6.1213743699255705,4.688593347363626,5.177332517847068,4.821429092044593,4.890609394448584,6.065254460183391,2.799728336590715,0.9286984378596701,5.384270686097238,4.15706530623569,7.676148431335545,4.448376037620226,2.4671370030940003,6.692409599808723,1.574456056172818,3.6219926976868932,4.011120607825173,7.151034287484292,3.659013025873781,5.369124171171873,0.8260321279885385,5.139313959221445,3.5568416463450934,6.826132923581413,6.619499737855159,6.451037799291527,5.483137346780675,2.2796532549427253,7.419550357511479,4.793809595290084,4.340436336018159,3.3279019507414054,4.832820055882053,5.452687207514747,8.019772851672187,5.276019078576818,3.8057718998858636,4.415926114682967,4.066468592301453,6.408472233758007,0.21507222350439026,5.503078179340083,4.1400044218119305,4.679537711180802,3.6482919910395752,6.451011363570954,5.598225366433933,7.7394164201606275,6.20357686880276,3.140210632692744,2.162199876554736,0.7150412706260161,8.14350093659339,4.868704535743506,8.75024436096692,6.410517934875071,3.525046387754676,4.129471623289124,5.055535942255784,1.9863943638342496,3.9489013943837556,7.060043753301219,6.506392732492198,4.7940250104866475,7.567118324194789,4.434692462669907,4.171981152169302,5.166809721548956,6.943720565034098,4.762107917692557,6.381042925937921,4.909454737649789,4.558951886212455,3.7115502100418674,5.436139982371978,6.588141488601036,2.810243248337966,2.813374387437534,4.624233667437894,4.276599740338465,2.508279516834737,2.275221543759723,1.62154734666359,6.40074492232956,0.8395846778329048,5.073876025257186,1.6872525145561514,5.220805188012379,4.973702969229731,5.180236118939094,2.806704588885725,6.908954189167585,5.838351748361835,2.9584548603171767,3.95629324225572,7.243967364005011,8.960651940558584,3.7928390017172005,6.352399342771356,6.3934623126869505,5.328453999086914,3.8200190907651823,3.892609881233355,10.768872251239491,8.41622886933338,5.069753656657941,5.3414052913173675,6.353578609939566,5.75706483605129,5.470451847168035,9.225593274544464,2.920044021086195,6.666463927534358,3.863405237202202,6.35153164526713,7.896651923491815,7.928574928627609,4.954489260595037,6.655727078657893,8.236208581826684,8.051192821201637,3.2934336245010565,5.287130179659119,8.008845369518179,3.6989801244627376,3.157767578318811,7.848603816289245,5.827495635822119,5.784484929072201,5.478828011721434,3.3767340773261147,6.188007401477055,7.087398681957648,5.010159342434293,0.8589295072574457,4.8569685368287026,4.139624994192163,1.312768869367257,3.946778497525428,2.574051101635287,3.9307515679778806,5.976454827922597,7.6898648097190225,2.8484735393221636,4.720040370873184,3.3345856418413535,6.223446976212615,6.3131926110716305,3.745808837142042,5.343885808199919,1.7460745571555765,0.4179529958678794,9.218703109563773,6.353572709770333,4.068889988489261,6.545590577563418,4.995221125212143,5.591013848489327,5.378882134386436,2.2754507543478004,3.1750251794482374,1.8908824582187802,6.541875080133705,7.172014630296468,6.8354707894940905,8.522215334545724,6.235342115166109,3.3997484269711,1.4443039360039132,2.800193201867246,3.294066967465757,4.6794851974676135,7.8116704383971065,6.000542623678002,2.7804616507103765,7.826213194908346,6.5571811425719275,4.183734907403978,0.23592030817526677,3.6624800607067396,0.9677642843113174,5.010905927376057,5.818238634318663,5.868348054724032,4.830609725762997,3.692473328165277,1.8382423656858968,3.7059986906781672,4.031786399765247,5.983709164236941,3.414403544418246,5.279474422384303,5.1637776868601435,3.9881876135883645,6.792188525339043,7.4523259341322685,5.309888245184564,7.490469770553939,8.331998604027637,7.926645867153781,5.789484851005275,12.13717362654318,6.868227978438712,4.117989225668152,6.766041066334543,0.892064969781857,3.9491327450337623,7.960703689622919,1.821829192071592,8.62637330647481,4.813594522510546,4.996443746032695,4.703245119609074,3.9942743257539393,8.43586641670145,3.303076214639777,7.371741389580441,2.536447577970874,6.771671331410936,5.7188394131983475,7.349080224948519,3.0336458271504285,3.092083505441213,3.876913686066988,5.3494451996475645,4.557531235025158,9.390583656311831,3.4308759330671212,9.165960338728517,5.160331202718455,4.252016388187399,3.8402856605825253,4.499931127727247,3.1190705357437567,5.825943868798017,5.899791581937694,6.81604252516369,0.18665047101780363,6.877535606496075,5.478021926066911,6.7186197389362565,5.132306974882485,6.586163681198553,4.619107434690013,3.017841577813135,5.903177881044029,4.835428099048359,3.0410303308534417,6.961417485591999,8.665174665210081,3.5173434355318127,7.329408064297523,1.3602996862314694,3.6267800788499054,4.952963347885397,3.427885933830013,4.457432719659889,7.477431217575025,7.386198579306377,5.155150131969961,2.273705492451152,4.653271012951004,3.8846818808974537,7.006735967137242,0.33113961470383924,2.148433258753611,4.465822402489146,3.28544955111457,6.047115927880592,4.538659157465906,5.042383516402535,3.8313126762356156,5.59762508759732,4.3970358848506805,5.079190623560278,2.6257523601491846,5.196105771476515,5.645438527707347,5.963806096901592,2.1219684062847404,4.206357110763689,4.733608927027514,6.79662392580222,10.032156906606964,8.437868483599996,6.2887236875139205,6.414645615443584,1.6494355550880542,3.6649705331044258,2.979598294029743,3.9236993648745924,4.234589267920676,3.056861586898167,3.485191570383698,3.4356706617416597,5.121363382760468,4.757505685975166,5.721486214161023,5.951404471723119,1.019517983744476,7.471918566471235,7.541756213905843,7.966464870901508,4.900717546307166,2.6749233426486887,4.118815062506057,6.424450031317349,4.1176384648361015,4.5552203639889095,9.449910347683431,7.721024277459574,4.203348630618211,3.530754827793904,5.251311965494746,7.700410963275617,2.320803002844145,5.180069305752229,3.952336503335637,2.6663348197832217,3.353172342992227,6.858469586530974,0.6529939696084615,6.8134902423465675,5.006706979454709,6.76311671723773,3.921320473943251,2.9139706852771643,2.2382673328932574,7.04498217620669,3.006455032664704,5.5713019665761365,6.0508613731373835,8.097593283526733,7.402191562593352,3.4772525563751078,8.270612426640419,7.50984854654037,9.212164580470084,6.146245301860798,5.053373425245443,8.323923454513729,3.355154554575745,2.501258904100699,3.9453450112663546,5.942844849102771,2.892361600967979,3.8090425237463172,3.602787381998824,4.926677970909738,2.9099291906752733,3.6845464663198357,5.879212115135322,5.990220848301214,4.570785463537928,5.772166689705574,7.501636592614853,4.351001028063575,7.0181644950078645,2.496402293641976,4.197506504386467,6.938432803027025,3.8717469820174424,7.992729101105553,5.636945540192169,-0.03065220759433629,4.268424709437564,4.7798021881980155,0.2830596012444664,3.120241530783631,7.5917741341521,4.098471881426524,7.120954833227829,8.307572863770943,7.060898143882543,3.049412725268077,5.919787022941383,4.840725199043579,5.06092914210995,4.5893669572183775,3.5657369008773436,2.0320009527289624,0.44568945071988164,6.828896246160265,2.6543020719379378,6.664877772678358,6.479138061894648,3.9948565502482265,6.440472821177647,5.113949470481117,7.295204040663238,7.541803169335593,3.696098679277424,4.973454156731452,6.253000675674979,9.778622258083239
38,-1.3890413934902803,-0.6552885643702844,-0.945712536347648,-0.8344409989577499,-1.1727479455387917,-1.0478443740961754,0.6921309927510093,-1.0742033543745815,-0.0301224437827059,-0.9944351884622292,-2.562497328470345,-2.1203333320592113,-1.8123290632574285,0.24947148569711208,0.4709097078734492,-1.1247519977486484,0.5098941889724466,-0.7518634880043412,-0.9475990021724734,1.1589046386360629,-2.4285784401601136,-1.339575161600943,-1.1309234576529767,-0.40549174419458267,-1.105029779118701,0.40299657412334766,0.613598816887621,-1.903023503577955,-0.6771626003740622,-2.230070844959334,0.11076383842306736,0.48114927473091806,-3.1696528369267396,0.5647310399206469,-1.1417802793193719,0.2739567493816526,0.08968996777590643,0.4391021413281164,-0.6135671506006604,-0.007686870731923201,0.4085341055800191,1.7364856164484688,4.495958257083117,7.288977168733876,3.0531610160086884,4.7828633016796775,6.043210846087458,8.205341847087539,1.8342847819002057,4.955253207476315,4.332349168208107,7.276716621668848,7.340864512919035,4.548662218089264,7.863277499177876,3.778766249251626,6.576332408550698,5.751130094442159,4.112606030192607,4.531535631808348,6.693831061468661,7.85597097626647,2.422299161702769,3.2820656109807587,8.039789351479186,2.558345379447155,6.558837865688923,4.957845238482552,1.9868467539904557,4.705984728869668,4.015722638445338,3.4268046809057737,5.8700551698188885,3.2483453718520234,7.647229544002466,7.39226706405435,6.334097345137882,4.203461963078929,4.918723990342856,4.296109502301872,5.608307155805618,4.637167745709361,3.323105594352975,8.820646354478114,5.494520377470951,5.932065972047578,5.04727666693403,2.596240200389939,4.8249587784993935,5.847739679408837,4.470049438220906,7.242656290093064,8.33321038589994,5.153025008908224,3.9307515619994575,2.3095637754102656,5.274396928826366,5.090073459086206,6.040388648643704,0.5194435007551998,4.258301284296026,8.595144403982689,0.5535801384384955,1.8130290532543003,3.903253191036886,2.294410645298141,4.914228779878572,7.166364931105388,5.598238725570362,7.381735074684846,7.620734381889749,6.197783868438452,5.919737051075171,10.758422896505724,6.434125610328618,2.8983316802284853,4.627956167384895,6.82919078753573,1.9431773325867545,5.929220720559362,4.900274940032479,5.641492624702673,6.057738540290718,4.868633600002807,9.54296962830599,5.273762413285634,3.8621022869137374,6.1697878005087645,4.418239609519693,2.650948147218532,4.097724350209695,4.985640415839099,2.2347400838497236,3.7749572145318058,5.055929015559193,2.3300169430697264,3.122320418956386,1.6094534135100758,2.8270127961234253,4.483806831133756,3.155085920189464,6.176304966925785,3.6008523151993135,1.7000644809805285,4.589819762044971,6.699806086170685,1.442454848443976,5.713291402658232,4.325539271649997,3.41238865649857,6.215793465017797,2.251497985489239,4.962152325002368,7.549130548112736,4.468070222265302,3.4751521647290198,3.9937606573362614,3.582112228597755,2.4739783062525325,4.533125153034456,5.86824380684986,7.00901091088943,1.8249598660740274,6.0893462036428465,6.0435111897511895,4.95039994701701,3.538106675793509,5.291566743395651,7.042273827915594,5.532643012804805,5.445243630216922,5.527095944830678,8.002482944778208,3.9494702386702745,-0.6486701576107441,1.1284405352505753,7.652314011980813,7.079823001262053,5.876795985087353,4.506331302587093,4.91612817438779,7.214585868530303,2.7066550139422754,10.18646624791361,3.6631518396396436,2.8605016291567775,6.641859098009196,5.695406114744197,4.961804890408951,7.072077759334631,1.0191683056678857,5.204352940527227,7.789373356335816,6.121514687032461,4.118209731950867,3.768860786132495,3.7232385110541246,5.3402915592786435,5.850164487885888,5.463715195580143,6.212159421258509,5.025345878229929,4.7179730346106865,5.793977466936198,5.67053184161865,4.324851891714059,5.725790875803875,5.786874992827103,7.17367437335402,8.305895176629281,3.155102384116549,6.343897228345024,6.078762307608484,5.155807209870805,4.47031225499083,7.982760853657704,6.110059414030031,3.968747795926479,5.868985729752705,9.607869679183853,2.5626998594204955,2.5295974109684582,2.3736392286650974,5.943216260406024,3.946470545135056,7.319670102851938,3.532047686587057,6.2059604246317255,8.3469434584685,4.180123977147374,5.03601572418103,4.310846496938168,5.856655662515385,1.1758335746959694,4.127638135682352,6.271356291956303,7.268501027954304,2.150201114261576,5.055827061073765,6.778196301878893,4.533764232219326,6.83801317382896,6.468116165506396,2.963911626660499,3.361585371546581,3.657187103686274,4.702340865283567,3.955167211729674,3.6092295668068433,4.826909093497833,2.9146747485979003,7.974419680534356,7.764423777112083,1.944668553430883,7.98454896518792,7.31701442261388,3.691777309227989,7.415213440964578,7.738991687701827,5.041428983947626,6.986424602997538,5.967195441522758,6.079446182026894,2.909337451693315,3.929268590861991,6.7850010025813035,4.129481344428924,3.4354792749311267,5.891974671967445,7.090926473052534,5.114860695321142,6.154017755964466,4.279786588468002,6.343502895628198,1.6102386139613256,2.8235576356325605,6.545046821113144,2.4760346667794506,5.912726635686047,4.969601526354896,4.02173126367105,3.167051841893236,7.018078004568549,3.251636082236149,4.580790067679137,-0.05621772143865034,1.4705211388528365,6.393388474248649,4.265052116719192,4.3704725256893,10.4202686504873,6.737138390079241,4.429117175529694,5.487828782130919,3.7966515910892324,8.779617714614838,4.815919268658847,6.917376048643619,5.030774583416087,1.1968776789122941,5.703802968515971,7.256656834766499,5.164110112148531,6.022737327514157,6.325102665681789,5.008775351902361,5.8758313940960525,4.844261101298163,5.188344020412929,5.170357248685318,6.744177635852288,4.773283822147646,4.516742313374212,5.232627131007246,4.736342960810093,3.375428947201069,5.2213677761805055,7.3319476956524925,6.106234011712247,6.1078108078627045,6.194374408682094,4.887652766026625,5.3355188371430256,7.901645699356319,4.056756148104155,9.283178412535154,7.730344080964522,5.473708632294738,4.201976554375802,2.5224552727372695,8.997500973500218,6.008510694127359,9.30407862628534,2.924067236589218,5.539647214647083,4.13468890844175,4.632318266610555,6.476004352881366,6.575296714133972,3.316406224315509,4.673395688827918,6.324843071695857,3.5751392226746397,5.898748073153157,2.7195178999877965,2.025259774941799,7.512983772948212,5.295555664800115,5.110305804508038,3.852090834972004,7.180566537745637,6.0292997523660015,1.1487277335511301,5.382332507094735,1.0432883287807653,12.136833883447038,4.1844150620769165,5.244551591149383,2.2102300567533373,1.4763231417914477,8.648048773406744,5.507270265667088,3.348065576596852,3.0092023313802025,8.375999172420109,2.243606505804586,5.69046903794592,5.011721423264007,6.1973499071092535,5.998221043393591,3.717609546046723,6.366346573363756,1.6232475345369446,6.248601985343411,6.597698733721941,6.283843327014754,2.408850904500783,2.1252148913836986,1.2167793463283125,3.758432074019521,8.766971805480953,5.499599999316259,4.192356097678994,9.239724684373106,3.861417803382842,4.949588895153393,3.526912636194253,5.6040941961482025,4.536334173364331,5.477781827015979,3.7424630216492547,6.400935560358017,4.915687979521918,5.691554925001173,7.303810484442659,8.255953560817913,4.100918654828511,3.8912763255424743,2.069468334340159,4.9841057826233115,3.6013143277421906,8.626871085935164,6.447507112586024,5.986939416097027,4.2447771499821965,6.325595374349335,1.7211121067627548,2.484861424712536,5.244093798010488,5.783984047395982,4.0289575232118375,2.448691616913541,0.1083615144755079,6.850894529249594,6.594159186298017,8.952081320367189,5.846859286381235,5.101330582705567,4.634850649979047,3.632833403556598,3.344553201519512,4.4241759069935,7.131024726710198,4.903375495874028,3.642078103035127,3.735725404567167,1.892324594985539,5.304665347036608,5.062216725867671,3.9933738891513193,6.508002372453516,3.7258671180961,2.4612817670539706,3.376720329900478,5.796269553524742,8.214897018132827,5.790296744902322,3.5752513843620264,8.009252630594442,7.2699797068394005,8.366450546862334,4.485561350093035,4.660926847813817,6.252667642798457,6.564369385150144,2.8992786212223067,8.38618738208208,2.8823733578796085,7.116246798657357,6.449591853503294,3.1863245859756897,5.1304968481640145,4.3584763686804315,4.360572931235653,4.256911999739118,0.2531991448602309,3.0510809175108067,5.56579631389756,4.534215545518078,4.541367299056903,5.192964068853808,2.4929395262237213,4.6517852446688215,5.5954215102371885,6.116317558928669,6.589331703354143,6.610020432290439,6.9765458419537625,5.412099748164674,2.954429807644504,4.518693399089271,5.575175910895515,6.004769490049206,5.435042666748111,3.9932179239267804,6.072140592365267,6.524297199038746,8.779306545116773,1.4228252709514222,7.686219742411354,4.410590972336659,5.55230585529487,4.406807958465573,6.016049168278793,6.0891124927334745,2.349041072700337,2.9173008265314784,6.689749814736198,6.886283925055641,7.01003600822961,1.6100831823446153,3.6208384926909267,6.709134560896682,2.4164389143305294,3.681928914968212,4.599642219219838,8.239495735688182,5.6169615558585155,4.828754263419931,5.562370319414454,6.76962177607729,3.451204767762291,6.157874619700076,7.154204941182726,4.446926632222407,5.556463939482393,4.729293647771087,1.2347043515082756,4.546208660473271,7.048630853096418,3.5841849519131967,6.934663824777739,4.8039272840487595,6.524222976353527,7.531502889006005,2.0094174001086427,4.672151426553803,4.126075068020133,5.6487530419427605,3.354325149954671,6.232073560920575,6.046444104312207,5.87783311026213,6.757697354827924,6.010277352140434,7.309058615754903,3.3045144186667743,8.515339065357068,6.859100349603222,6.603545770825934,8.512042511407113,8.151712666968802,3.065147405949742,5.123866195982884,3.352065689198654,6.263775748892182,5.085403487853601,1.8265393522103381,3.216429050299576,5.35631048209257,4.998663224539722,3.0404039326223504,7.132221801515677,2.7262855075641443,4.450703317225579,2.41017427062616,8.365992447396314,2.2831391683214473,6.481713464684819,5.116300194406331,5.110148754730112,5.461200641265326,3.650946637793573,3.243182340951221,5.932689944006868,7.098492943636523,5.183478622048109,6.400834371690828,5.394058561452699,2.7837782864973435,0.6545371048409763,1.7112844341186526,-0.4030904136579059,6.890502885070114,6.762086624696999,6.322883870756694,4.011688235659483,7.705215970141653,7.386758278398408,5.368397969861022,6.862618496260561,5.324875061412592,3.3669084581483624,1.666167135544871,3.407640942350935,6.3512887846981005,1.5478154372193265,6.964004942127046,4.6085981859244,5.942614759162835,2.548425392043699,3.337916712024783,5.075437991399883,0.4751786512613263,2.316214850679831,6.155503301130968,5.2580981115575565,1.8529991135881154,4.249485994412412,7.07414836318021,4.8972121347520075,3.1812823405676696,2.773948166941416,1.762439673264653,4.852083737002686,7.078082687277602,2.709136775733521,5.545700725063959,4.718577844882061,6.1303258660129245,1.349865848908645,5.057201183602764,8.082970805964415,4.727413334128457,5.956210828657273,3.0274799417390437,4.278899008821858,1.6254944577745096,3.658265596121542,4.070895179882619,5.778637247524845,2.898074339456748,6.192603565159226,5.717153379146887,4.786437737552597,5.628342687214975,1.5282840547354186,2.0256555578660924,2.4765455765107194,1.6734458054786,5.368552385298156,2.3790529682768016,4.451246466298668,8.074365576631703,3.7772056800707636,4.293579941450223,5.474563647767907,5.606455712660017,2.310987674157889,4.678967227318455,2.7644292059969806,4.134337305539694,4.0790560894311065,5.04636782252903,4.273175741524835,5.271405407006306,6.235021345924816,3.186003378984668,6.317565072470308,3.6109708814656294,5.401194220094839,2.297011237373487,1.3896280615293861,4.8150549346774785,2.641825359309524,5.662907167855528,3.979441617785497,4.458143229636528,5.135618975849074,7.846244175878822,5.437384679914456,6.810681168269064,5.6996294947531405,8.06144424135834,4.140470536249259,4.377392444545991,6.595694933747696,4.549235847181061,3.273117324178804,4.888589893232069,6.6926982865423525,1.0517950289477267,6.5967505880142765,6.502878870160397,2.0918703702429102,3.540967625849645,2.8952641416823965,4.606856507194217,6.559252739932109,3.283340544525803,3.3949757423815257,5.610191251082946,5.3706755820697465,3.973650089474357,6.381283552065661,6.116476912734809,8.358844392609857,9.428892420619938,1.839666858770622,6.298680063397931,6.319498903387242,3.1109281514115628,5.3071736193868855,8.167735794667049,4.446602805243576,5.750462676564318,5.250290871950706,0.663287951511677,5.089177539354169,5.222998004823752,5.859226345509853,4.167126356754523,1.5169143721214735,6.1177038583409935,3.7003386084488126,6.268542132078709,2.339610027581407,1.729846601691198,5.168199640025219,5.634021660462941,1.8459798763818371,5.125327176331585,4.750386994668363,5.231352944073638,7.4142888854886,6.175075736140985,4.626708501263561,6.093028128586004,2.7014653477416553,5.5683092073626606,3.38709943816203,6.4078637982721585,5.126293270983162,6.160066873003029,3.997647521370686,3.512846346248371,5.259096268153329,3.079438594422653,3.2246090934155927,2.7656197300897962
39,-1.1607524121855672,-2.395381124578723,-1.3042046056555319,-2.007023018208061,-1.1481748845768014,-0.7013076863167647,-0.08652109405194552,0.4021903701777543,-1.2571795232801088,-0.655551509270744,-2.6825737643727967,-0.21675210770006414,0.8552066096176034,-1.5262116204057723,-0.9481941141827556,0.13092241688348327,-1.8528185755984496,-0.598035649275903,0.3138871924065345,-1.5230004638995722,0.9984156973197698,-1.3802721925548542,-1.0846016750449021,-0.031808483262122045,0.27064443940397753,0.29141343394768016,-0.48392575773183844,-1.574143524959045,0.9111881511880162,-0.8690232204453889,-0.8446355668982182,-1.3794407036940743,1.095593094524189,-2.729906174740249,-2.002555547801208,-1.0931750418307844,-1.3834399309066403,-1.2093758898461215,-0.5039043232483209,0.18843427445709837,-1.6156369248767422,-2.4516257565676196,-2.2671138908544615,-0.3480026307461592,0.6554105485430615,0.5701307487702236,-0.764323842276273,-0.5517077694161974,-1.1148773075144036,0.847289686391397,-0.9736046150930997,0.3681749186505383,-0.5243616233888659,-0.541704965022026,-0.18280127255776313,-3.000517207799041,1.4044037037219361,0.33559337756656915,-0.011847773043478949,-1.9648950187026726,-2.470358418099422,-2.3366001624217034,-0.4001555172329718,-1.610681089972041,-2.3780169983617983,-0.951831334228291,-1.418570647602929,-2.018638614133738,-2.9589992729770898,-2.612451693607511,-1.0318033325196918,-0.5994928030382594,-0.7798639133548997,-2.2303324020094326,-2.7624080364215704,0.7865605512476435,-0.4043534544068097,-0.8191675565270076,-0.869256806551975,-1.4440730512862519,-1.1968499434668618,-0.9725246638470535,-1.1580301700262488,-2.7850114841351643,-0.39235256153212195,-2.506120072066074,-1.3941694159490279,-0.3528964539100493,-1.45719881993301,-1.535853092220578,-0.276425880882073,0.267869520636262,1.219878079328137,-0.15841017827837722,-0.3823337912157262,0.1675844112576148,-2.3384109345711996,-1.6299295861942809,-1.984159933412402,-0.828639643063142,-1.8669239479341266,-1.7482384558572868,0.009387462948134973,-0.4293367906072074,-1.3096436649986911,-1.154402210172294,-1.2398096726802053,0.20611561067909512,-2.4017314389843496,-2.350076998533268,-1.6326755452652997,-1.0908050636062987,-3.0040811272118324,-1.7784284057070838,-1.4904690387889177,-0.20708111177994815,-0.24699277492449379,-2.1618716470620987,-0.4289245982237653,-0.09016777063254855,-2.8251182138629716,-2.9941117594600914,0.48373148392775933,-0.06875910535232443,-1.1202140451034728,-1.0585387828853434,-2.0109111213592956,-0.36379814241204655,4.197407689653342,3.974345253179932,2.2381722827439527,6.050277881475932,3.9345209445237446,6.105527711664013,3.882861571536128,2.590094579484687,4.290125196989888,5.422852475901056,6.892524283232396,5.235159995654683,7.329033835585415,3.903262197247547,5.22129491566296,6.149586178091017,5.881979437031633,3.8904072347482166,4.953672365655696,7.609374352172196,5.849379400264593,1.451200074007768,1.1076352021999933,2.643718649775024,8.026081219993307,7.59879856990991,7.7280021010689435,5.00180023794155,2.62935428303888,5.236612386372903,3.12642126823925,5.312328900644076,4.839486620971137,4.926314237230437,6.5310251925269895,5.256190883007381,3.508432738579929,5.361746692140904,6.6130794585218995,8.994679184210955,6.0321099333095045,7.056218630531002,4.670659547533819,3.224050704069569,4.339436202981215,5.0870229213299485,6.444529067090044,8.059068393378691,4.7586373288405825,-0.8116304555079088,6.55074410485755,7.287890551483407,4.5511622790280795,7.35479773660701,7.295971620096719,2.7289232026669925,6.3114816650033845,1.0123184613504206,1.053715051053274,6.987892333530343,4.7774110362016575,5.827002588180987,5.330166669957848,4.188491732780457,4.6667782672618605,4.232158362237667,4.1745655764403615,5.467379231050313,4.994939158064886,4.867055206610485,3.118439195536215,3.8810821492383107,2.448872474506555,6.255716869405106,7.9151084675195165,4.751037164954738,6.410218317738139,5.433258586532291,5.053890579404799,7.700472628800144,0.8323839403241644,4.2869759976813615,4.937747894229401,4.130056198517344,6.212426672066216,5.206174997802884,5.131826249585758,5.16296762400092,4.363060085382436,3.467669648955076,3.455857001392282,6.046031117877502,-0.13314771712244156,3.315348893848558,2.043238182197335,2.267919395558116,3.6936386145914666,5.197079594688962,6.471822360222037,2.443365414875426,6.808197081506997,4.37143261098309,6.625082467609552,5.559899715744109,6.899487516945589,4.107572246557184,4.865286877593832,5.674090649500897,4.534638022030908,5.468952780211143,2.43925941591551,4.6309479669109805,1.8281989977554156,4.1444407050723875,6.353836415046026,4.888587279509189,5.614844056679699,2.276113378160375,4.078161076271199,4.081579827090005,4.96769793925318,4.047987158340035,4.241590809115161,4.812151088213131,7.962354328945432,7.725738783508786,4.073884626089713,5.54810453851619,1.8332134324720446,9.448229183060754,2.8888087607647526,2.1751051362804317,6.431940504877619,2.2996417909217426,7.351546866374235,3.378629901111198,3.944312285471266,6.971521704813423,6.363489694867297,3.9530410529314057,4.307008603314718,9.15896367272192,3.0701315971472463,4.335993440638794,7.903567153733855,5.248166880992879,4.128897555828205,2.18694056016287,6.005615849498717,4.435385107160217,6.503860837356369,5.643074871480741,3.5635489143888086,11.173266327356998,3.3050001164764407,5.605026793750683,2.2124301900745715,1.3892826144094257,1.4772865948229215,1.8487594935883114,3.70967069932234,0.9423136664313327,4.237868747684048,8.182114089985676,8.604918274153441,3.7521517046141275,5.6961920911657264,6.84093263002246,5.186897258974376,4.011033881908817,6.802298292583824,6.050226806684339,4.149978817211926,6.092617489566836,9.325865643630543,6.039300551142426,2.609576650404005,8.336964012875733,6.182299148752546,1.9567614345572952,5.722803881926456,1.8673679424082095,7.495765680112784,5.222259987659324,5.8398086771184285,7.480385029006908,2.99328704145798,4.007562730037657,6.912550718830747,5.25885162700471,5.331960509585661,8.813683552249374,6.511981916482027,6.144472276112866,4.819415393812347,5.995173584916941,6.279793433023172,7.020241064559199,7.161449119218574,5.3207409391295135,2.9013666107978247,1.8959768470918554,7.053531334738256,5.125550522744064,6.264200315170992,6.152168542514763,6.232391787210209,7.326175313381708,5.85103151856348,6.059006046589675,0.20591785068871182,6.036997924824134,6.576676347817024,6.608880941652059,8.18749907148761,3.896768461262005,2.7892458144811427,4.477442810449536,6.447007539781412,4.9629347201671905,8.008241076670267,5.279200414367981,3.926473480093367,4.43089351035316,6.267854309038772,4.31283261910938,5.10664142920734,7.474974762351786,6.0776062753054765,5.549713106006251,2.6540849187321656,8.041287994107805,4.954592400950683,4.431142264200401,3.6611478585361166,6.705149365203345,4.74147753818993,6.7858274449468645,4.5513756866482975,7.132496028053339,5.1091130622873155,4.737243669147529,8.439072617649984,5.080429348955166,4.389787440653059,5.797365028888966,7.338691954903111,5.445006387082684,7.29129549287563,4.6998964372851395,6.685521270886801,5.331413668117741,1.7698932813796158,4.1556594117783066,5.304958539601419,2.449952747773484,4.643851949076105,3.9936173934712444,4.415798477167873,6.720160909710207,5.536623181587047,2.292259028266636,3.6289581820312025,5.629391438848244,3.953569341919603,6.0520102013579535,7.875925718446425,3.6188618058159943,5.359266056976514,1.196545985491884,3.261421906962637,4.646816218295314,7.534148220308011,6.157722793471763,1.755334282792969,6.724344818885426,6.8181690034509685,6.517471079287105,-0.2579262130215225,6.565804926845343,3.9985891403037455,5.358043992277062,7.581114856625842,4.070257088753119,4.070413280164218,7.427241690716361,5.229997240528688,3.693867600524479,2.272867612477294,6.867186607120576,6.541992359849013,0.835084894203578,5.160253490924013,4.44234618767269,5.685547064796045,7.326153838348905,7.660624204833331,7.005431834549329,6.278947763385898,7.52196100167205,5.772710686875954,-1.2574965805884437,8.14421798223529,4.82033946425712,3.4446196095032153,6.0303490918304785,3.6683237876928647,3.7634249549089502,4.696031451912811,2.4790542081074536,5.074921351418107,6.503747961179128,3.028158734182119,5.904539494551873,4.048528981034803,4.687688198435067,6.695593950494256,4.133917370087297,2.9049257640228703,7.587408623169727,3.7324039816476904,7.311078438160701,6.237381444009848,7.741056488919357,4.422532850830049,8.689928236796783,4.69993819675887,8.610230116339913,0.6055453374222646,5.687981481608779,3.3450768333272087,4.550004930520476,3.45023702114425,9.299921200379684,8.20689462044826,5.449116313490595,5.224048254399161,8.231690500571064,4.5924585512329195,6.680564367592906,5.060479413794045,1.367275158010048,3.1978333146273465,5.9364572697552624,1.6795936781498302,1.775590339180646,5.293874433837908,8.096024011934057,4.867719790604422,4.90534027397647,8.055852897124481,1.8784611249254204,3.238652292603444,3.419281263254803,5.848987865536304,1.313501662676683,4.162456079103443,5.9275954089695055,6.430894135609767,5.234123177355708,4.520196878349698,6.573046574256404,3.7664673463850527,4.292868073807179,3.128372275076729,3.456093575700659,6.383844303155418,7.157779935926705,6.334364900258006,9.377372549571028,5.5694790301097346,2.7162116783373738,7.792665280345057,3.3480636629670935,4.2416819178810155,5.816788446928741,4.417398371815827,6.3138217942964125,7.598246785190409,5.720263568274507,0.8660523392499089,6.591508939522355,9.450053100296635,3.0364504672712034,6.581625129907728,6.878060520873755,7.974167974275012,6.201637666463527,4.829044304677007,5.98793369443396,3.233880626392075,4.513534178919488,3.4948925912357316,3.02425331552487,2.9524655565497215,4.865374705355641,-0.7689283442377723,3.1064149801038887,3.067535142208665,2.224487756643032,6.787806170896976,5.476823752821635,2.203138501322502,5.153730539285739,6.2442850994692325,2.0128886771817265,6.296082794941359,0.2972162488030614,5.613020547723901,6.4152008244442,7.2393395128578435,3.946907076544171,2.4138403540958664,7.06158106758933,5.796216537337335,3.827928933542964,3.8335383347153087,4.420576067710742,8.156963459728495,6.977160386953653,4.257427452693243,7.050947009078495,-0.5194308712030313,5.491986093850924,1.3619500307356494,5.231667981329888,2.1122364995067096,6.343052733095142,3.162353904546859,6.410678094817115,2.2975796955032037,7.505471637922356,2.8954732078286014,0.5191479458490775,5.613281674178175,4.472247118237814,4.80532704727769,4.396432230607054,1.300368993104008,5.350936992379487,7.3618568862842775,5.074291747438822,2.2364919769702567,3.858266134243358,5.186401426192093,1.8951405951379434,4.120010777571554,4.874539137598247,2.830659967475314,6.196878325782227,2.0341283844526923,2.229906515583416,8.842992296431621,6.897817287741418,5.0596340319051585,5.268719238289703,5.847635095011918,5.49307361095386,7.413491346425188,5.933091510221027,5.571781363656596,4.8773716613024325,6.898320186371818,6.571240305937132,4.550643338288956,3.7803524578858907,5.633033831516037,2.2588165826706286,4.82386561814154,5.3188372305337674,4.98050075906076,4.875717969613032,3.170479250901036,7.159243970246155,5.39432650872395,5.288555984245416,0.48286713758313926,6.171797424232767,4.731931248578303,5.1541804835796405,8.768305635272895,4.5508351174190125,6.593306067012728,7.716481976282296,4.806572814096291,6.401786355095485,6.507276803474362,6.006659047471162,4.968034079057606,4.788424347133991,4.660933054812009,5.093335326683134,7.85133839279567,4.393421481630071,4.571067657897724,8.51544699885008,-0.32242469407297936,5.725684693741738,6.259606167987782,4.153815227364368,7.531385345529207,4.457501425101267,6.492337334802793,5.194985761552933,4.253990149007025,4.0930629667773015,2.1987604412372486,5.923637118577179,4.819922532968937,4.936140866134434,8.882422136834851,4.515290087111517,3.2461113363331213,6.601889499442676,6.541161275473146,5.892376988160324,7.2095785240863215,3.861645986493819,1.733347734471602,2.480732576324813,6.09990150251374,7.7935681512409145,2.0915692693287427,7.10692655606468,3.211791314649843,4.324064810722364,3.94335106491266,0.6629701413619404,3.5986045824622677,8.050051557307826,-0.11757803552116464,2.916762417511401,4.522510038232716,4.190795847724478,2.0468356298408046,2.307291353415636,4.389730140872799,1.5575429207373546,7.922809361792055,2.356104647353294,6.295481232493169,7.180299026145868,6.138797570006853,2.6168654784505634,4.032044836146891,6.9064253414195536,4.797539320954117,5.762948309339773,2.9555289721792297,3.853071633771253,3.2494501577893113,4.352662671826583,1.7395094228131587,1.9574121064908514,1.8555555895233016,3.8522487619836765,7.694831104401851,5.338325208512996,2.0616107909996195,3.915140092804938,7.509984882951224,5.005674124756201,6.181951313885776,4.245310700736671,4.355414500555146,0.7028696971245028,3.5745634827693014,6.363113768774028,7.576134940094236,4.591296503160801,6.342558431967127,3.974825111390982,6.212990520963762,6.27494109725909,3.1152492973468386,5.977216869296713,8.274497810474632,2.5506603046400387,5.469783707035795,4.370825406319329,5.413204908654981,4.597161181355536,7.008465746063791,2.5461497569968325,2.7745692934405244,5.217998371779691,9.16256905994133,5.236907294031429,8.051448379083038,7.260873400557365,4.6335606820051325,1.4245102057667332
40,1.1131257555005662,-0.48555156381642517,-1.2007881846911295,-0.8043361524645168,-1.3338932373775578,-1.7310879665388337,-1.0695724231544321,-0.6525349289759061,1.2016362604946553,-3.149065977067646,-2.9298134617745664,-2.309118663627408,-1.4280326028411743,-0.005285538837287218,-1.2254644598081748,-0.761825914799769,-1.3606261329260996,-1.6430644879142973,-3.16630070487875,-1.3053093650485597,-3.098309299490623,-2.6346244987429985,-0.7834140496125276,0.4828020276638134,-1.8323049652613106,-1.182846176991843,-1.0222029274556759,-1.424891016830912,-0.7104489612191289,-0.7664745029100904,-0.20465365075863728,0.6206355125749381,-0.760886350867964,-1.418784900560742,-1.326645375845123,-0.9991820234267345,-1.2161089928011826,-1.0678255654130293,-1.3696288201909093,-0.7853670172635563,-0.006253219889943762,-0.7864760698435118,0.45940929833422217,-1.2485129567754876,-1.6451887994856604,-2.1540876070974884,-2.152360188423974,-2.241289416305867,-1.1680992771187564,-1.3222500835152,-0.7797749186877974,-2.133776005460206,-0.23882239774982916,0.6677840380066455,0.06375888679595998,-1.4005296607834927,-0.17649415030753335,-0.2274756518616815,-1.7255389499805873,0.08769508472501508,-1.7888653672894066,-1.696095673036443,-1.2482701593649423,0.4757287052595911,-0.6675207435257775,-0.6001944439565662,-1.1259101645002723,-2.1813305143395563,-2.3066639750585223,-1.1666661343824396,-0.7634201029446962,0.2785187918510095,0.9194768112270677,-2.7602152676589693,-0.9529914595634901,-1.1558411395676176,1.1711926692899954,-1.6053232109114803,-0.5212679183005071,-1.5952423737651562,-2.6506797110116223,-3.0501774286185594,-1.7469382854304376,0.548080219171966,-1.1475089214772582,-2.104635670564415,-2.6395781713971216,-1.9554131348633241,0.5120994817560602,-0.7607866244588253,-0.834900539613754,-1.268068013688426,-1.075527447683074,-1.9889309680046106,-1.3006450080229108,-1.948670583213644,-0.9524219339910337,-1.7025860597283442,0.7774289135959969,-0.6256533024719643,0.6457762236221729,0.0451389979989445,-1.8272727449938606,-1.0019476664055915,0.2648646590785084,-0.6471338948350862,-1.7522449231233703,-1.9398334842033749,-1.7421260548524136,-0.960587469189488,-0.6694911376206476,-2.294531440866656,-1.8014569059790422,-0.4695827434243509,-0.1922228350014139,-0.2338206878889909,0.17318863673709028,-0.9415886733449788,-2.0371118412523974,-2.10459322196866,-0.7342466888471617,-0.9958397769983957,-2.215428758895076,-1.1444528124689293,-1.3463490406931644,-0.9839756520793983,0.6487040963969455,-1.5051327456813923,-0.43794938847113574,-2.6087605536938474,-2.7629849826265147,-1.9557630848404255,-1.7437482749249604,-2.3221540546849755,-0.42900677716321667,-1.5299651654995363,-1.0590025467970041,-1.1904912475372762,-1.9254487097049418,-1.2225789200000834,-1.4342498292324881,-1.9095195758277566,-1.2968702160886705,-3.1948279933427317,-1.3131865475319606,0.11890281200485031,0.2739135067494969,1.3018138009543772,-0.4878590242383969,-0.5055964787543272,0.02316627586264941,-1.9964609699300166,1.6702188713758028,0.20046560072397224,-0.616573706106166,-1.5544982735466668,-1.1862233138390808,-1.611911099274249,-1.150695734297725,-1.2717787840488062,-1.2567222485370184,-0.03452728170311803,-0.7573868791651435,-0.34856728665530334,-2.8026471878983967,-2.680199320906678,-3.27963185058678,0.5676462392388331,-1.5111373683899183,-1.0303711032985656,-2.622432158966011,0.13288556838613008,-0.7737570707703475,-1.0126529644928628,-1.3459388709603834,-0.4620820357625687,0.8824598682382951,-0.7426195131837947,-0.24694267316969298,-1.1655067205465939,-0.10924836496421098,-2.033926079156762,-1.9907929477969675,-0.6167952138723944,-1.747159682407143,-1.060959122913237,-2.282234791889369,-2.7886933397906004,-1.5080892856730483,-1.4266889417938304,-0.15969945367644922,-0.05689234749210381,-0.7004609200711069,-1.4017108159808531,0.44949047928719166,-0.5231052692787306,-3.2967537924582793,-1.7397871733274326,-0.017265656850227185,2.170042052149228,-1.6569593656118602,-1.4278581353900166,-1.615029342270152,-2.702531207131785,0.3924241754083808,-1.5200254636002608,-0.24797842260877945,-2.707299266729722,-0.07950183097799834,-1.6257507965857734,-0.3122527690265151,-0.21645521116965438,-1.2875663331356462,1.288512089748509,1.1043717270873472,-0.4265761643376338,-0.8713301734240418,-1.417398200483263,-0.7844634265037898,0.45795816858558647,-0.03727822612044951,-0.8798536041892919,0.17824554283113625,-1.3604587694621655,-1.2997167057038643,-1.0386733479869754,0.5666973831447499,-1.7534473950250806,-0.748393023856869,-1.6166695675134204,-2.7240599652297446,-1.2259354783694234,-0.3630896285747751,-0.9197360373745046,-1.7963713959324838,-0.7265989674931279,-1.6401869370687998,-2.998688911127661,0.4902510628345269,0.7128055712174615,-0.6791385309315693,-0.8976164985816977,0.38788141726827297,5.314365269417351,3.919785517857677,3.352601302309834,9.771065262702354,6.807003943778236,3.936017434002515,1.6396665433854145,3.6907926566609444,7.086392449962262,5.898510322234599,1.850683924661987,2.464060471827404,2.4090790003615288,6.850109490145872,7.394207327665187,8.58924343017747,4.6256151575217626,5.151515840025054,2.4070388703558505,2.973615050943283,3.592336139662666,3.8056159414609576,2.8849284846549206,4.516360139395753,6.614659353836713,5.019805634653881,2.0976488706885745,3.3866975010902474,6.159212975864757,2.6274695844646425,6.701872525684591,0.7614036744103476,4.594046657049644,5.102911837836559,2.5491397752648015,2.5177586123616797,3.1961306851562927,5.61810161323566,4.022763899234237,4.789676233404305,4.517576358167099,6.053528760307356,6.689842679786216,9.505750572553753,4.883852658870786,2.4749375290319127,6.114765454711427,5.654651589805826,3.100862501609268,6.326373738053709,7.046769844419873,0.635612987696188,5.618909353246098,5.379978931381631,7.981505575668423,9.410403546394654,3.2779390525389953,7.84945969612771,4.785954924764084,4.901094681762704,4.613211296152478,3.0771915273431096,6.959380502831879,4.818500914974875,3.356367435832933,6.352503653605676,2.247623255207748,6.623309298637257,7.540070660492757,5.489857010057991,5.898070123547975,3.4584629135140297,3.287563710196706,5.477218985390655,1.303823094328394,1.0122974717541622,3.161782924863049,1.5867639202761712,3.571722080311667,4.931175204744606,4.887611316912763,3.6947628971593183,5.110261790560168,5.757372921025984,2.386270367412986,7.58400214854939,3.9913791001735746,4.624883099342247,1.7132246825592703,4.762384811792901,8.521275511425678,3.086302735991273,4.021809772898398,8.497509648363668,6.250828494428848,5.6607140124543305,5.6256501603930245,4.043475224160477,6.169296073834385,3.899867574926752,7.773135853693911,8.354198957306567,5.6278788365123535,-1.0806276237834602,6.56364921780997,6.524887320269905,8.649474389807928,2.8320030463157253,2.2750875353552815,2.929047714487887,5.835740968285912,6.590599817994482,4.837657091696592,6.045723754176141,2.9914733953329247,5.443038230385614,3.4626230512210396,5.890292013382285,7.109207588325326,4.3992682256439135,6.716244769308969,5.06046744799952,6.211600155763325,4.720925111553503,6.054229518456767,4.190996392864159,3.000632186732631,5.982964919947718,4.44263125738864,3.020587080221596,3.1675428347731587,6.584051030365831,2.2172325815775245,4.163843111057144,4.224216604290123,5.759777641808975,7.28582599697482,6.333120705457643,5.959431057933278,7.634546170944658,5.625948979294604,3.475328338839308,2.7552605511928037,1.701349242591144,3.6114041186292463,3.6176103320306714,5.736999552539523,1.5327310266522778,5.869931495687275,4.854266706933795,4.9006706576555965,6.125719261629118,3.495135407651419,6.259499358178619,2.933972623315956,6.854383499487022,4.549871981347031,6.980082217492989,4.037048387630956,6.17295770623392,3.9012152391703383,5.269890896939641,5.314739017046859,4.561103952496306,7.385305725894053,4.10286299611887,3.5980657519052164,4.470387665681921,5.1291248342714235,6.203261744121881,3.509809959514927,2.764021858425885,7.64539837427901,5.404424855912685,1.6580275766284953,3.4818110580601784,6.9729179313198015,8.174496263153351,3.9137250934549126,6.542626822581083,4.446450497348533,6.035142838237785,4.497186177866339,5.242564077469412,5.481284035898837,5.258924230989689,6.746601848988229,8.16289953593877,5.987858251611261,4.722621986640717,2.3170306156700446,3.2021229247232705,9.510494762271348,6.256433698670391,2.0750092303887335,7.297298827226612,2.3095983704040766,5.183568956792227,6.20113351532197,2.0205157830543383,6.335435949247803,5.207749329763976,6.991951503382829,-1.2688776319360535,6.595797991702011,8.288409010306633,7.435431752352522,7.384888726152362,7.158895389679268,6.583821806865554,5.0966336493280515,4.6253786314936605,5.291183336608981,4.734476182244352,4.015588632118421,6.636701925913583,4.676734026961728,2.270066440954496,2.860924145280663,2.679217485246439,6.324805070874744,6.403239077361108,1.7773955944280728,3.8144161499419607,4.128463483955978,8.08018455677528,5.565985862639716,5.0201455448090515,5.956430706266927,2.3841492553772934,2.9578286406685037,7.271452065947884,3.499245474707056,3.683735096253514,3.5764994301462285,5.867622276679821,5.191889227516061,5.987638492095392,2.428666445527806,6.147223753145711,6.531200853163444,1.1882748705789363,3.5842233043149623,7.565390405646767,5.602496900870259,4.9656898864869605,0.9082535161614125,1.844417341308731,6.229909581734535,7.4140251616307555,6.828856860397105,2.3041424093494927,8.702357657789449,1.1354741204732774,8.293796554489397,4.028449256236127,3.9956605757894197,0.4360030677854807,6.203588803601058,9.291805055901929,5.940700473455139,4.172474940141917,1.6799820102239824,3.74302564991799,4.641794052573637,5.698469904093973,2.892631813067926,4.253889930805344,2.2746329081239427,7.677904139653975,2.888522957180367,3.4310094169447503,3.526526435419099,8.177398362213768,5.502472590061162,5.504067339706632,5.153724902461731,4.678420834830196,7.85895662061242,8.453871879843513,4.839964066097832,4.951700175986445,3.6297279946405823,2.4120939133544215,7.092086033921827,3.2883596424758545,6.760397967260922,5.838426386989743,5.219345678919776,5.596162260349791,4.131549480185665,4.480742952101234,2.745302266353257,2.9119049185506465,0.9405743459724283,4.343221297331776,5.7826391915439554,5.096464187839539,6.318639947122048,4.1489783367728545,4.2640546979757685,3.7223181505865703,5.033221344826681,2.616094857509778,3.7986905652500145,4.379408306170307,6.466962871071997,5.249570188091889,5.612132976452415,3.0262512437597167,5.330824649943387,5.62817096866722,8.943111505582554,0.3694911549634661,5.546757695040367,0.9934691027986462,4.640389151670174,6.241116387541328,6.757074055574366,5.580849287099569,8.989379261872866,1.4893988946600607,5.618986850970124,3.862126200357378,5.124394437801303,4.935025569193043,5.031603696510923,3.8924403349181587,6.8885576789010425,2.7547675990316693,3.6665327973893485,11.566058784217244,0.4500779683710139,4.049427851579775,7.725285416838934,5.446071678039488,1.7307665246762403,3.4097978938560844,4.812023408221982,2.8840543264681937,-0.3966437395869393,7.177753785175319,7.094821653893961,3.804983983181236,4.6731316617756224,6.897379862313121,7.269678467175446,4.43743068310096,3.8133364096592253,5.219755772760958,2.6274115660536266,2.7164037182481198,5.616239895029672,5.976818771033879,7.968866729916732,2.3443283430474704,4.246771565984318,6.9088536755264816,3.036786329025719,2.3733924887089546,4.401589913721576,4.427118363458571,6.349520867033817,3.2966005758758996,6.101090872131817,2.9679594902314643,4.0274748169731485,2.955590674434047,6.051405138415497,4.662070999569067,8.827435490194219,5.202027604805805,2.210422320368487,2.5655088934294175,3.7094190110469882,5.232268968576289,7.433271927812984,3.132358993933586,5.036980425534109,4.007599472392076,4.831465606763181,5.916911712895332,3.470393291604795,8.420552028458362,4.5582883166752355,4.668306555446001,5.0868997620924,4.938418807149085,5.6355229038173364,8.347795162622866,6.492707212562379,2.8605024456194337,3.02168088951138,4.426507294013831,7.397049434561717,4.40309604727425,4.2553391198171315,5.81455428136311,5.637885045154425,5.238932340002488,6.967760262142738,6.589989032006265,3.554227853504501,3.7932170744420306,7.22131247362645,5.751157967225614,3.6944527991897758,2.3355689544689224,5.437389567946017,6.049161420003671,3.6769374444424847,1.7688569604357767,2.392035466026195,4.836857895757228,6.0613858222510615,4.0899400833421,3.618002129739247,6.543199584945584,5.630235695707549,3.0275725620591123,2.1807568907342416,5.004356414731943,1.5699416082151139,5.879281645073235,2.5778460154972302,5.404457948870665,5.873138939278122,3.4185423005949813,3.137067785394539,7.084456232736674,6.53530411781762,6.514114368691125,6.21389268707657,6.542233471126318,3.7947409361712667,4.63626273587683,4.560381917231837,4.7906660370534855,5.7967426043206585,3.9829583585424717,5.88389192576782,5.40353598662191,4.299708973314826,4.418287141475435,5.676764566233404,4.403928047854727,9.321480589623695,3.088927205440601,5.4820177746550645,5.843266785086631,5.887298428492971,5.934807083297962,4.332685050958334,5.957529509375682,8.423973706836168,6.983833614772008,1.854968903928734,2.3415364498998668,3.782941106966839,5.498225951825792,5.322210663994455,4.513996363802947,3.553246336556489,3.5907948335008766,4.519114492704549,6.4915494951555095,5.679205772329771,4.558890559995856,6.938917755103553,7.909570418693189,3.438902149012999,2.275532572980794,7.131810392619544,6.669815509299668,5.5163136551048435,1.5445059168507282,9.321774573312812
41,-0.3555640710007163,-2.869150343174314,-4.301028565581356,-1.3919293841736857,-1.8411892827506886,-2.0576279764021743,-2.060308859327786,-0.19832800998935507,-1.2720887358408628,-0.844847527596803,-0.8622843350079209,-2.5293376348619017,0.22656867815549386,-1.616449244687281,1.0954323867752507,-2.555578150944135,-0.3300197742834081,-3.1270905536836167,-1.2475765222028916,-2.2044791987152808,-0.18897172828977293,-1.188268314733995,-0.26406751722007815,-1.7078922750212455,0.32378557023570265,-0.22523086304186024,-2.128659080894099,-1.6288200221675928,-1.090104046729091,-2.4023613084425697,-2.0821332469755065,-1.5400684468395351,-2.162185367274752,-0.8914243175751877,-0.8417467798958473,-1.678757910262323,-2.8483404997633617,-2.3410673342960995,-0.7976438985414205,-1.2425132573718018,-0.3795118260921042,-1.0383109275532554,-0.6534570853895765,-2.2406998624713,-0.9441382110734522,-0.9757076738066688,-1.140053025289062,-1.4871212958160411,-1.4410250872657155,0.4201773183605808,0.17908410124521956,-0.7438495377440406,-1.5050064688673368,-1.6915087498404153,-0.7172470611573374,-0.2710095880475042,-1.081760449030791,-0.9128116082890592,-1.3269142227159694,-1.2369839020158475,-2.2961537405545354,-1.1590020961297234,0.20201115465860298,1.0626884553180034,-1.3894233628794244,-1.811075689269748,-1.2880684007936372,-0.18280268417453371,-1.3734121353522422,-1.259711162596762,-1.0448933099359143,-2.3161618507747272,-1.012399764149094,-1.090618792093836,-0.568299701039455,-0.20634122801599342,-0.7024727163878062,-0.5514622153681121,-1.3599654726735753,-0.6358219529549182,-2.291418623763739,-2.452751701129686,-1.6332448700514681,-0.8413477822891485,-0.1172348124931406,-1.2077146019693692,-0.5124382704075027,-1.6871274725450722,-1.3618390501450222,0.3814175065650056,0.07769550564249261,-1.6156798204578147,-1.4958653177118988,-0.2151602031850175,-1.2441334842862506,0.03751743288665055,-1.4624555574932745,-0.5591600819972671,0.3785352867440195,0.12845477250034576,-1.8524429255142496,-0.6407268506653627,-2.26502778815444,-1.447410104130531,-0.8357752430732317,-2.105114099943322,-0.24895674020613223,-1.5685700988226503,-1.3227929244870629,-0.12211869509243667,-0.7977745757154576,-0.2528262911314668,-0.15691872600320889,-0.6572557869163924,-0.16470415674142969,-1.216053160649003,-0.3446328668009928,0.45889664484224624,-0.7698613291975169,-1.4693661446386832,0.04787419446984997,-2.3824045036095134,-0.47556371709821843,-0.02640388496126289,-1.5064488222782724,-0.5646400328998855,-2.2262301373398676,-1.856681657109992,-2.0656764678616972,-0.9334724326532411,-1.9384384392917733,-1.3274677705399376,-1.7772571280048974,-1.925837512800814,-1.147907271540933,-0.03725273814785124,-1.9648406554252822,-1.2706411951982879,-0.4241998893100003,-1.403657634046677,-0.029751940974852675,-0.6357055217494452,-0.12133617322428403,-2.8237649196480543,-1.0047813149219538,-1.5717280414290102,0.8136992424142051,0.0824947647134393,0.49442853038714873,-2.15535936625228,-1.1801274656203027,-0.23598201709438493,-0.7660096161329822,-0.9931014085586423,-1.566823638808424,0.5788542683391456,0.08171965144670246,-1.6302644068844039,-0.551839062814356,-0.4830671204238194,-0.7151419755008057,-0.0578281639044832,-1.2433352371718147,-0.6450441699142212,-2.4333716247570285,-0.7678278755450642,0.1583210071632779,0.7455458355168663,-1.981867892728419,-0.10462333775934518,-1.5358755453880781,-2.2603858297187074,1.3250731820109292,-1.1064614003498066,-1.8109075409869901,-0.9044211235971701,-1.240912655005348,-3.3007901944650477,-0.5012710984824316,-1.0674451905598503,-1.6730001930020755,-2.430657862714923,-1.7023993022731743,0.29122833183451724,-0.9505379275158219,-2.195359490723762,-2.4361056799677328,-0.2568385576960609,-3.202350052285524,-0.6758971344217592,-0.27672035299997244,-1.4450193020925268,-1.677786368462856,-0.4644196965090953,-1.4722502873385808,-1.5313451816584336,-1.046275275251486,-0.39523177704088097,0.6131468807891627,0.14387796978625067,-1.419195787919904,-1.0372716556657622,-2.144848784361295,-0.7607339218073673,-2.7186766982402957,0.778716441533285,-1.0972558545034625,1.53709719754114,-0.5852386521503213,-1.2555629177866656,1.4841713927161564,-1.322063445107426,-0.16289898832720417,-0.734181634723639,-0.8052726229663132,-1.097975854054842,-0.5643690827354928,-2.822612323220347,-2.0625391811757448,0.7519231143489156,-1.4478564156862446,-2.8341416467939577,-1.2718057323645873,-1.2302103404013913,-0.9362884667238691,0.18883014123043296,-3.5237994123564325,0.6103640208232994,-0.6349081703850015,-1.4819851369392487,-0.647972331522555,-1.9558589148705097,-1.0012156241839583,-0.545454391793337,-3.230987635619879,-0.4776698172867927,-1.657499368713937,-1.0898439594901215,-1.0453727663432397,-0.7995935506842644,-1.2093062053853016,-0.6899829976630356,-0.05901124694083548,-1.688670685824837,-1.3600282529737724,-2.027408032288134,-2.6167987809031183,-0.584582749797227,-0.8799732331518559,-2.4589410289146514,0.42631465058440887,0.43327312134392715,0.5924526752942969,-0.8809651387995562,-0.8826453683028369,-0.8059752714142949,-0.635292004996681,-3.286222154264082,-1.6345462432579292,-1.3451190914250126,-2.034860753202441,-0.49410653544055005,-0.7165651841140839,-0.24877382316025876,-1.021684371359876,-1.9565516806581182,-0.16082762740254586,-0.19965885075073675,-0.4001062897839195,0.838398726567571,-1.0369807554709094,0.05759443646721163,-1.932419291357108,-1.5368742422785198,-1.4159557956122173,-1.4519793147455085,-2.7066327912942136,-2.6753822714469546,0.23913355725748042,0.12821947233810582,-0.5809856872337618,-2.3775536638474026,-3.658905324780476,-0.8515852734154922,0.0033257898894309967,-1.6591035365403437,-1.6981967602460588,-0.4688951117122281,-0.6029602759991105,-0.32417317622305464,-1.4009845360202975,-1.0696306922955392,-0.22625794494775597,-0.8008686572385455,-0.1412515743231283,-0.2740371529601998,-0.8301223335280052,-1.3296784303195524,0.144447147137023,-1.7229059917923752,0.6473669255347214,-0.5854127053340226,-1.6194344695490615,0.052029564978480325,-1.252618417116965,-1.8826612025564182,-1.1542153332538463,-0.8584322968979701,-0.6574796368353211,-3.998138371862094,-1.0196800926470668,-1.0483205216789928,-1.5494352489363432,-1.1520743154204334,-2.13158557021788,-0.5220759839342678,-1.214830452916297,-0.43749989853218707,-0.007028226854255748,0.2782857948691688,0.24084262297240433,-0.3412347240703254,-0.7024719707227147,-0.17782514261644589,-0.9100270700660704,-0.08054572487227085,-0.836120441566301,-0.48772236491038345,-1.798427596380409,-0.5263851129671642,-1.0365931527997858,-0.5396313000465266,-1.3491412884365523,-1.8454217452488675,-1.6183611238852256,-1.5093839885633709,-0.9308106217368991,0.26133498287627477,1.157643947381306,-0.9164996334833299,-0.5340398553501844,0.8922184431092754,0.20347135089719415,-1.9347026851646043,-1.8964504800307025,-2.0006422345220836,-1.4171558341508614,-0.18713065270569806,-1.9474206638583271,-0.9040757440919156,-2.0442195764439344,-3.037614402313497,-2.5257136512784024,-1.3111849360275736,-0.23210098678134172,-1.5597415132593264,-0.9013271179159122,-2.5656873688730535,-0.863061879124878,-1.7057317218894623,-0.3016009385041958,-2.9086228234832845,-0.9436306201250207,-0.5188776957979789,1.4669441627167314,-1.0784431559795509,-2.417111054624031,0.2922690196080584,-0.7233865463132841,-2.4612792899220857,-1.25533908170739,-1.2736247843876525,-2.918040312761592,-0.377663571962333,0.4703272937197609,-0.9086933820770303,-1.1799721397088603,-1.2498273523984664,-0.42729283924238315,-0.8909142584049498,-0.4287411883309067,-0.023194286392848484,-0.9259647372261014,-1.3228697591019092,-0.6991506600637782,-0.6792874804488966,-1.1517155577855305,-0.7174268971621385,0.6214364519646343,-1.3970674863631527,-1.436262266843669,-1.146560340407585,1.3772616169874912,-1.3391038872347547,-0.9103208643332447,-1.3038187108849133,-1.6998967271976388,-0.2871613021122329,-1.1162823091798606,0.42603509215397284,-2.660493536885415,-0.8043211855315244,-0.7829706905545929,-2.255623828812586,-0.6556852483751743,-0.6618349575156592,-1.286859823128374,-0.19427386080114173,1.1827439083109859,-0.37027987884081404,-1.015482538189167,-1.548618796788518,-0.17091915553032067,-1.8974863976405012,-2.307967029446911,-0.5808331563854745,-1.109096929691311,-0.5874829530982478,-1.8502536964512286,-1.0779827073038903,-2.11578344893074,-2.674012972451292,1.0778332767825631,-1.5324153900109985,-1.072670841296292,-0.2003417220757543,-0.2011243520103705,-1.3978768716260073,-0.809169675009385,-1.2480683884462405,-0.9224480230267501,-0.39136774581661227,-1.123740718426088,-1.2892919875629663,0.24526291433467584,0.11871652285823875,-0.8872445152407676,0.7348056355862986,-2.4727803175226626,-0.3981272139860774,-0.41251518053200087,-0.47388672060961246,-0.06710149718132219,-1.3344869689708172,-1.2941929301038022,-0.8199194557796678,-1.5449569652565023,-1.9470060096542054,-1.0958904182110216,-0.19125055999772334,-0.8062572023657109,-2.482747913844087,-2.3231522479558215,-1.3084869018942304,-0.15426018794258212,-0.34939925519879766,0.004197208172142197,0.5481203619626238,-2.724772614185728,-1.2978617744328038,-1.6957176974219261,-1.4515810319874167,-1.1539901468004616,-2.002501276318549,-1.1713111279818107,0.12805417570511257,-0.19298642384899356,-0.3183461825580445,-1.2250794315795837,-1.989247613555929,0.03457113840022741,-1.5891044341971616,-2.1875423688675495,-1.3416570485051726,-0.3973746663038511,-0.7925402819298137,-1.5292651223543887,-1.4283403234476495,-1.8162232897484678,0.6594455753930457,-0.31557284675396513,-2.377788357755773,-0.0059324691721933664,0.5095609639358256,-0.7100766672010654,-1.4633152228382877,-1.9020880645979115,-0.2177284222968886,-1.5825877666407022,-0.6728395032906156,-1.2136026145259027,-0.9528877325349174,-0.1497017689200979,-0.7161591917193937,-0.2590309974495296,-1.0153654399625824,-1.9629172153983165,-2.1599022716975957,0.43590159032792664,-0.604682962564344,-1.0933161118640233,-0.8742092727932715,-0.29196886702920033,-0.3264071392206732,-0.37482863143919487,0.9417229354263408,-1.062852744477979,-2.1255194071209007,-2.249924839233026,-2.3681793081238096,-0.4849187449805695,0.3611299496842131,-0.3012560377262292,-1.4344161156096829,-0.5565352518303486,-0.7992390694110632,-1.0815203760398386,-1.6177038499489798,-1.3849693446227314,0.3834038618301405,-0.08996988524086391,-1.029590823609051,-0.4961556429060302,-0.8066427738409497,-2.6256208142705395,-1.3293932518494267,-2.401542409420185,-0.7317629011582879,1.4449192414279408,-0.6732680987774957,0.35511023137360964,-2.650426793895254,-0.6635280204529116,-0.800402659405902,-1.0228745202469347,-2.4115293076674478,-1.7963979316481147,-0.3759093842459935,-0.716929148768761,-0.26668164060143584,-1.4479449878856303,-2.1212291696217664,-0.7543475938990836,-1.0955724462243264,0.06289066747539862,-1.5057454960155403,-0.9172705328992079,2.461297413392795,-1.6610193914355662,-1.9555355044228966,-1.0172994093431713,-2.1960613653738763,-0.4225065740725321,6.150023912393382,4.493316431833428,3.7829280850326636,4.968748916687439,6.342184555544574,10.270683578746606,7.841720727839382,5.999155078926121,7.458898692772442,5.927687144083759,5.241685744868921,6.066347477712144,4.800280592510648,4.7159050379550775,5.859062339510088,2.6996764504809914,3.9880496930294527,5.832816744151722,2.09335712295707,4.148855140727579,2.440988037757673,6.804290039128926,4.554994427645986,6.812944949259376,5.834170832353696,4.467165105093556,3.872415717302829,4.97164537156046,6.507170797348965,6.893331441394394,4.115262791202757,5.15218342773963,4.219882704565806,2.6511098204984354,3.3437060189911754,2.8066360001691346,4.153034614258644,6.768865806924927,3.832898266116944,3.8838207723968887,9.515907676024248,5.919738471788579,1.6882114670098844,3.4456414765465277,6.424584233011283,9.439257826361127,4.859258986853753,-0.3820834926814838,3.310777007145152,7.8721473169054,3.481368229885458,1.3503262401818943,8.122015526976352,3.3764211738540943,4.939624024575495,6.86890459875291,5.5087225062235685,5.11810070984134,8.055021551609268,8.280289638455365,7.786797446386503,5.300352706078384,7.895704124143217,5.9378058395033575,6.311322764431322,5.388392054604162,4.907625943859747,3.544909602707973,4.374098224229824,5.8802944743091885,7.049614722228602,5.994667252691417,5.736798818845958,8.539680402226255,5.184209503361196,2.3879193456809107,4.88257509651499,4.526992379119797,4.065582928689336,3.4861450198781023,2.687501804387132,7.278997226446641,2.5156640363503593,7.981766909196857,7.585007552339936,3.6686522946916096,7.005417887317367,5.9279868799597795,6.972389816561305,5.85055798505952,8.20277630559216,3.0848221918468433,6.552505572325854,-0.9810529389991656,5.37485206752047,5.154596261248756,4.832978143052805,3.415498317400255,5.143118698213515,3.8715796761794996,0.7062250376009009,1.7807678773014644,4.753237333863373,6.098849202263528,2.619122218306441,4.78307654375642,4.8979149344398145,0.5317833506124039,2.021803525167587,5.2998766800155455,6.069407757958198,0.5129712166234768,7.056093276885787,6.328065045109533,2.122416919034231,3.093626688959909,3.811944371778268,5.927169448449697,6.315470898040927,2.9897269394489467,1.987079846982335,4.944621819507389,4.418057402618718,8.19088440337326,7.9581752763302305,1.7818300430617273,6.938887695606891,3.9339769421452924,3.394592714409878,3.779529010288484,5.799683855310648,2.3385372724456226,4.6371142501879214,3.7310965857736065,3.3032907189261063,3.7097114905916064,6.947789697657441,8.779762970216915,4.780218549000832,5.064533663431897,7.529513979814442,7.422039653058151,3.833641056306491,4.461443745032772,4.90889400728409,5.3149559160691275,3.850788906397188,3.9714735773160896,6.760889718427633,5.081566171275081,6.060098929862931,4.473054468614486,5.600143853780102,4.914476363852097,2.877150015215862,4.079606550529647,10.859721385011749,5.110576287324537,2.5099661129510817,5.7090705061478735,6.09353235316002,5.576923817161993,9.605609732430548,9.041597005648601,4.8496311848957,4.260734337216298,3.9728839072939666
42,0.1806476061914022,-0.9097238690500321,-1.161795340661472,-2.3535286051257174,-1.6234238489212565,-0.7766988861416639,-1.9206036561514357,-0.3742514129894735,-1.7058134717290367,1.1771869254772565,0.08190328701982819,-2.67371658809314,-0.5217540718993539,-1.5321064169376446,-1.9417214154613331,0.3907068277734431,-2.3093531388727384,-1.4059080595768303,-0.4176762380305272,-2.3010185823382976,-1.3357718545146873,0.04397437632402257,-1.4788960963521316,-2.296052398423104,-0.4591449966495883,-1.3050646517142765,0.2666750580303976,-0.2638932525266373,-0.8302228792525462,-2.765593291211342,-1.9283842875760424,-1.4950934913651928,-1.9202265836769299,-1.537042381546539,-1.361266854192289,0.6825690535335418,-0.36132198825571893,-1.5183171258532808,-0.2120779277774062,-1.0363380960067983,-0.6455767444085687,-0.5243998305369288,-0.010343732345171497,-1.382700096565955,-0.742100916933259,-0.084717539954975,-1.3734819728546817,1.2727465125215107,-2.4862719321664577,-0.8854485028866956,-1.1688868889900375,-0.38349027438243743,-1.4394454947252906,0.1064464919858441,-1.4385219227252144,-2.3309576206104423,-0.7055697368209801,-0.35933024389509616,-2.3125896263033217,-1.3974759389753229,-0.4678996937463217,-1.8026420465939845,-1.4915801644649247,-0.10003088847079666,-1.5128966356773326,-1.1666058937734312,-0.6770273071013649,-1.226881641112785,-0.7235758594215663,0.5927270798137498,-2.0555097628654537,-1.6221560479851422,-0.7005578796695617,0.039838454018340075,-1.682193774054022,0.38100636216125516,-0.7317825741550062,-2.534216319926431,-2.2273148356739605,0.06458013692437103,-0.7652741730017127,-1.3959395100108578,0.05485797304078899,-1.560960298900035,-0.814843002922905,-0.28190726982133296,-1.3734030886941293,-1.5472103249509108,-0.5798047023367074,-0.526816296766585,-0.14558231600877047,-0.8368666498655444,-2.3989587868042426,0.7432021740864507,-1.6850847896064771,-0.9057100333971744,-0.29421070054497467,-1.629139038231759,0.005415911332201873,-0.7178376136921534,-1.1609549488333935,-2.812934370030284,-0.8743672667659301,-1.6400832123823732,-1.0453268761083299,-1.865688640078179,-0.8785072155623097,-1.4874246670918554,-2.745488396243118,-0.7126467997686883,0.19594039870864388,-3.1238510047090644,-1.9975102362264217,0.3850472895016579,-2.4980817564356874,-0.7149374475247013,-2.805437388323903,-0.16145081629149538,0.931420161106093,-0.6989306641997699,-1.0604735109835646,-1.6542626662699735,-2.6284866134254425,0.0766774366090559,-0.8495687291429954,-1.1322986748242534,-0.3280942505945681,-1.1383460487965629,-1.648569299058562,-0.17521813429362776,0.5545168927405111,0.1896644828030969,0.15840888784198692,0.5146514739382781,-0.02893915030830929,-2.321977252757642,-1.5356718300601595,-1.0975131859551228,-0.6147593076082034,-0.5147010602772248,-0.13225844384267638,-2.5154950871555295,-0.7181985764135863,-0.7317857333534366,-1.7714813021037465,-1.8650928505952398,-1.1974617943992816,-0.8965877789601892,-0.7929135909903484,-1.152829913098613,-1.7255819546435172,-0.3766991844697314,-1.0737859507642231,-1.2166013166647165,-0.7647703415116097,-0.3654494845361719,-1.626607394674156,-2.831848451499786,-0.5658011223657293,-0.4759852359313199,-0.7535125334117581,0.12074499744061185,-0.42059421085870996,0.21565650182668938,-0.7722013778415049,-0.1488689085464452,-0.14531783226882256,-0.16892391098246773,0.9808438228694927,-2.2265922142222516,-0.8867121380114917,-1.3752663791764435,-1.724044669289448,-1.6310297738294732,0.038805947035188915,-0.7757023903091916,0.6940921041748822,-3.230281299887186,0.3283502091180335,-1.4960497805075985,-0.8404820616142934,-1.110695548905757,-4.208155084878005,0.36373856391025994,-1.1285834469101044,-0.9672911477334023,-2.9559559299002167,-0.5767611465525695,0.18335376998491615,0.6908189254966417,-0.16368808356058218,-0.4068728127169745,-0.13297802318803797,-0.01254546249499322,0.4997463085452669,-0.8040498519418321,0.35280069669049285,-0.20442030453127757,-1.2677184696237402,-1.602329188626916,-1.3703732090722314,-1.998098715706294,-1.2001815689785669,-0.5827790839106909,-1.0763330035538816,-1.9328524116534433,0.3427936793862205,-0.44814742812387476,-0.9650621737161468,-1.191599263694913,0.14371807352967658,-3.446187483105045,0.37583216959722,-1.7668655766337915,-0.8140844757722507,-0.843529190107572,-0.49681104222307737,-0.7322275552196479,-2.4994827292531765,-0.9310718765085276,0.32670981170588953,-2.8002321643503194,-0.022311819765660657,-0.3811808942167323,1.0937343106490816,0.08440607402379863,-0.9646932375749842,-1.0008692202085512,-0.5153988591993444,-1.3117507894307143,-0.7784221967027006,-1.25288565242988,6.0744332902268985,4.208179264763317,7.028605298637977,5.304466525824829,5.994545785584106,3.1764917177504017,7.038113577814581,3.373065872611003,4.672263590857372,3.296560125931326,4.86507130503887,0.517685835794472,8.64788602798868,6.05294721510809,2.4464637516564935,2.8236137106794317,5.99779320782076,5.760188470575132,6.572732056552443,5.496433600532189,6.417286850229551,2.241240282024169,5.270813825062717,6.820838887831943,6.821471455553768,2.3003650136293814,9.280780023980345,4.604628433727732,5.820519925621001,9.27753056574549,4.955952035103339,6.724690489358023,4.159595939879049,5.030840965946565,4.409513642335331,4.800229256860604,-0.37036204004555007,2.216373159653054,7.724988014881578,6.4913546221657255,3.1386179969580574,5.989389174938245,2.8022924004871035,5.2330726887840795,6.138514938405709,3.720969463293818,10.305317079300423,4.5901186761876955,7.897050732395918,5.031841623190924,3.801988731010285,4.6855480932164415,6.838140370233074,3.29186366096197,4.134746425080809,3.9444464540386663,7.715209603908029,5.290234522210076,4.683123681200732,1.928034099287773,4.918701664844812,3.1779428572716926,6.379836240088045,4.432881444445943,8.099323097325865,6.466091995244445,4.875017325244239,3.1736733665885497,3.894396230655686,3.7961268655007627,3.151283900258763,3.932657814765693,6.451672580297542,7.971404172544095,5.146113200491888,0.47965265962072223,4.8000615024695055,4.3065650540501155,7.995709747666457,4.117015601928653,3.112896501385221,4.928183760302558,3.9777442655570683,4.8430083707142755,1.812613960087743,3.0429858642018948,2.9821509586544943,4.179645037929211,7.168609590060802,2.7470396003496074,1.0537591864189033,3.4775477975049296,2.1926402854027245,4.524541923776956,4.264470714820503,7.279127189550966,5.944309373211549,7.803308168653114,3.0132105651859225,3.5440073707878534,3.758241402842552,2.9770234017325916,3.4421227490975816,2.524676318452232,5.759758159302796,2.717706803788714,4.133034237139803,4.414126374119023,4.045612565680297,4.104196239536009,7.4935143118856615,4.998533189893995,6.604481969946487,3.5402121213371043,10.066269716325335,2.84445400165011,3.459850088890584,4.116000476690248,7.048817860782425,5.899614684116056,5.128588115806186,3.4614229227178583,6.792901523052404,2.4917426533752667,4.634618891605327,6.1437260265892375,2.3997034677545908,3.1013434652339433,4.250080032691361,5.025293825469491,-1.5290674605327483,1.5526605463445922,4.606968443227792,5.53568271825248,7.631147001158485,7.005055680909084,6.353178941953154,4.0719758924347245,6.758572473092787,5.0791557200581785,6.99798992039768,7.373440823322614,3.9029957551094743,4.380119944503734,8.864826391986872,-0.1298841043684167,3.324092105351017,6.330493177154032,3.9691731461962965,4.664787804240658,2.978369296242763,8.80158330496582,0.3215698723897509,6.091234251489257,5.115630625550084,3.0491306036513195,2.7772752906239324,5.0148271120221,5.618710697793873,9.39865909190463,4.381400830600954,4.090914021630413,3.5373940247013236,6.861749532580045,5.190367391436535,8.935927401035114,6.372887191165095,4.104053067738324,2.489634197262181,3.8872853747571128,6.040414877547574,1.6105119405576214,6.848550122581417,1.9110738421634843,2.991007539369278,5.072038496558346,5.363936680729231,6.190559984349564,6.99328103451014,1.3614635285878838,3.0802868166678596,5.281087246478625,3.4941097769174556,5.653318628287353,7.363231351356978,4.0079019333572425,6.437315439083941,5.929513593699202,5.274807575930536,7.098019001656212,7.2499525301655545,4.841534099404383,5.007465893766622,4.227554455674249,5.080799032973595,5.54434960416731,4.671737873015873,4.8887093894385085,4.359317149759126,4.564147016877296,6.931963765415496,2.371792948580156,3.0466186475140606,6.2395702117281076,6.273817122683637,5.358308324637564,4.046940440532698,4.083412446569057,6.085129919461157,5.049068007691769,4.718388644344695,3.934211097192934,6.606531701742297,6.482327301667138,7.2656436306168315,6.702888813937521,4.5925209126149555,4.629728683084836,5.590326952633631,8.964514795235846,5.0864257350783335,3.0957282435469295,1.329659714984757,7.082218367952751,4.454906835392188,5.966168161899489,3.263332452022656,6.218387367532884,2.1427433585890245,6.101815594543517,5.657875087343904,5.224057577172555,1.3252635169780498,5.922968485404207,4.564281175229171,6.2776348840531115,7.6707255309656865,0.7352503732304037,4.182805474643137,9.088631270128488,4.814776652771039,9.028084796692315,3.3548004650407663,3.9060486859919585,5.881588851490316,6.301137864643621,2.10597152277527,0.9016152701649451,3.790959405702579,6.464094567882666,5.569400317353993,5.612040739440744,6.680832296158138,3.582948392655455,7.129725451783052,4.6975090882060915,5.8847266608839774,5.9268749082362335,4.689126715501869,5.73358941316465,4.4288094112725815,6.907835265827727,5.355019366781058,4.521163346202799,6.094732046228857,5.879761593751688,3.555720549912885,3.6464890820216747,5.282893825169635,5.134262232823354,5.5488092183314714,5.852340259793353,4.415841882369929,6.543198157596192,8.083779457643441,6.062922333541819,5.245064123130073,5.404405462709908,4.663236207533352,7.433697927920221,5.240654338297541,3.116465191558004,5.218500701222888,7.3714107315949065,3.2485581860754813,4.597837021646244,6.330839864250211,7.367465843925666,7.099629744708919,6.966595094420758,6.33515303647893,4.309921478520831,7.556122255440055,7.432584751294135,4.353012218541532,6.591317253860993,6.359063836156778,7.729013500315405,1.9244383635949824,5.529044527346615,5.076932578791468,6.282662896887318,4.54854610414451,5.316660538489203,3.74331382251294,4.8692495692631335,4.15205859020066,7.875034591228264,5.226934097594074,4.6274941314096925,5.920921008930311,4.965650366393782,4.7641669499873185,6.78471698697708,7.443609233899767,8.1133611673972,6.035402188596154,7.895788690540796,5.612680011417422,5.100711495309495,0.9606346867601232,12.163253396391159,4.759551858902441,6.133939596367163,5.445424194478671,3.312357720255717,3.9387089581979824,2.790665315839969,2.1387702235336667,6.753710334226179,4.858112639652107,7.9291184106345725,2.8581112095984036,7.3303209457989045,5.7977833272961385,4.611660495007902,6.293661769168996,1.8750727823118694,7.58535148528581,6.20173651573686,5.271864070248453,1.8580217197574016,1.6624808311829158,5.192586365948122,4.188461992170105,5.5312531214852365,8.632741407772606,5.944105303952122,6.4180593391018395,4.474866041389527,1.3871222849488762,4.41475790276567,3.0327250966254202,3.2019102955954644,4.422791274348431,4.674412136686809,2.014312148484466,6.184646389930966,8.778706233001824,6.847756915706748,6.468803789457489,7.437692503986126,5.0061362622181065,4.536333966016758,7.869198288707379,6.4365475510739705,5.635458592508074,3.727832562755947,4.528303331076274,6.416156891502719,2.215615422569323,0.36457914344093467,6.473602029970799,4.414600151211301,6.187077992974693,3.0202847054544972,7.783457890009147,7.285789334379702,3.3869068700599985,8.228182869008155,1.7144035220488725,5.705570886811671,4.1579718379728146,7.749467196052985,7.3591291536249095,4.893880109402361,3.8362861288129553,5.613541808248665,9.370096449860258,3.884836012905857,6.832662705036667,6.455297479933964,4.7180044550193045,5.58573352653789,6.012849331347201,2.30892210547942,5.772593363451634,4.627973372477652,4.225406014063216,6.980612704699559,4.8218737544954005,6.941586417300362,4.453302938280253,0.22441466766416163,6.467773654647712,8.809447506921197,6.243510604806465,2.8483457614346657,6.103267732823235,3.3219096325124586,4.574361486638735,3.1172430883331064,5.82219206907111,6.7132332590751735,4.785410358952851,8.96385571863961,3.5537815150060355,7.737733038338437,6.29243394156767,3.107209079037921,4.1508080012167134,6.613586357312598,4.734627782219149,1.6105626224664138,5.03229782123626,1.0482647790405277,4.493073551653587,2.09247708202713,3.0984700950198345,5.192070671905167,-0.22118745836735876,7.289782741703847,4.788863613973997,1.878502838122448,5.5864579586462,5.690181206419492,7.904087830884353,5.616329436829869,6.15952965020576,5.489956074494112,8.109649607698596,4.643807740117794,3.029898750816952,4.679766900598992,3.9836362309119457,8.003662131925267,3.9281774905196505,8.66871092480284,6.257445116551448,4.9254514710938135,7.036409504984642,2.0376879094622495,7.300936933740347,8.587986887446032,3.657406276292855,4.146335572810529,3.6524716656282,5.509681027437394,5.1586674256462945,5.467394683094605,3.2847283364636377,3.363525771297327,8.525237153169403,6.2938486087480925,7.117543014294618,7.679497421294503,6.649093739694856,2.506553294342205,6.764203453746536,6.15754082948853,5.926438701362146,5.11288199196869,4.041473760433113,4.882348653368824,4.849929721776799,5.636860120449677,2.174893446347881,6.386461793093337,6.294915452541829,1.618704340548224,7.823122863941965,0.5506385939920895,4.226149355066757,8.036223053392169,4.514115279098588,5.204438596525428,9.941925687668313,1.9434443039844034
43,-0.45149288957261946,0.6179872855206938,-0.3821485329586397,-0.10768646544498972,-0.5905494532858261,0.8017568434386511,-2.384813593449797,-0.8915197277940626,-0.6883912557189196,-0.3944506931050977,-0.80568114715127,-1.05722123882178,-0.8515192435446803,-2.541830327361264,-0.7662257625715085,-0.30200400837130004,-1.3475007759396531,-1.2584227413222848,-0.4041433250311115,-1.130925771449353,-0.32139644808625656,-2.890900190571924,-0.59260850940442,-0.8387412231207121,0.41171682085020533,-1.8305507471324125,0.07541252140312538,-1.1460363245951857,1.1629673792256328,-0.8181216889551934,-0.6049946177713588,-1.996216676962979,-3.495461750530142,-1.3887032506439936,-0.8789002537645922,-1.050664975127484,-1.9829258329960067,-1.9689703386763213,-0.8515905449972113,-1.154393268868179,-1.3274909927257486,-2.4796518268374674,-0.07115790924244647,-0.09663688582959684,-0.8951751828927673,0.6060136628849069,-0.6759670518900274,-0.15152770048769393,-2.614530208920268,-1.8095528750079017,-0.8498967641938819,-1.1130007481509023,-0.41364671891513916,-0.7622812849494747,-0.8437669546445231,-2.7565604499724734,-0.5782320486792336,-1.059372448821983,-0.12861797954622523,-0.5845693229904071,-3.13134631238656,-2.2173470136796762,-1.1969375035678325,-0.8700334872527389,-0.24469908924458195,-2.459929903129222,-0.7519544494013377,-0.9324060540210969,0.07747984761488858,-0.8254728337955477,0.3795646594774933,-3.2796962962936673,0.6991098142199386,-0.3772161475096909,-1.3419070267345563,-3.159915140763122,-1.8761440612222064,-2.8980410978403226,-0.5619849379511463,-2.854973016481983,0.00023931745019467598,-0.9847019818984173,-1.0957833716249088,-2.272211096430734,-2.625688146659663,0.039551225388442246,-1.9175278726549405,-0.16429113394164352,-1.3042875086909311,-2.018046898045009,-0.4015848592468606,-1.1104784622566701,0.11340684897013564,0.25773344403783405,-1.1422187678039843,-1.1968284610078201,-3.0947416293653043,4.494051720113169,5.593579384687036,8.312695171661456,5.103265043518581,7.453135216673003,5.386210965644533,4.857834555705592,4.528982318902537,3.7970120852860307,3.5512115451571473,4.272783861582357,6.640043376224619,6.427550263479054,1.2864891510681238,3.084836258168248,6.297533182404182,7.498565738567805,5.693538346207396,9.682766785486429,7.308926783663882,5.6664895458789175,5.262963000404653,7.39976799276066,5.5180723582725335,3.847740070266859,4.801343697777691,0.4747461532103232,3.692926137607036,5.130622857290447,7.474600282560232,1.4018095414104028,3.4853796024131123,3.8330929575958326,5.537362522830269,6.4474915149069805,2.5058883986158036,7.794633076701677,4.95038157210101,7.603675756764249,4.245277465426579,2.577252468873474,6.463903123747375,5.780670478065316,6.5704398952166,1.5506487890775302,7.982816462026068,6.0350915784187436,4.705247416585644,3.413106674921125,5.5481678741497795,2.213669559101124,8.5632194939331,2.5072268701716056,2.9675085079926795,6.437220208046722,0.18820201457501895,-0.3813665448770571,5.655327538350812,7.277763646581654,3.958520870486364,7.282791020202388,7.422683146983939,5.626062829638512,4.011517418988891,6.678949102159532,5.901360267296226,6.216956891446311,6.47276578681369,5.2310161992957696,5.003904378386717,4.398859425472718,4.760931880644412,6.961042793999832,4.814581864095393,2.4480237410276113,4.58317939970004,7.948667951212654,5.704233214570485,6.573595368800795,6.2801355136314605,2.8739048384491817,7.29501620858094,4.782350985013601,5.618968538190063,2.1388297075153777,6.444025078613341,4.944626457690298,7.070495376715355,4.4246537766650444,5.102921223541029,4.58491421811032,4.476813442604704,5.013866646206106,4.168397600879434,4.937748526713811,6.124791909452279,7.192411322981212,3.890067765378759,5.916000054677135,1.5959862809060619,6.067274917328512,5.279184580116459,4.954138949297464,0.5245894664767032,0.10980670874360055,3.657541512590904,5.378969568626608,4.5711918403351035,6.38362299242112,5.777992928377595,4.520928473812402,8.095830131494314,6.418816160951548,5.366421927072951,7.2661068640043025,2.666851688029918,7.636790491999349,3.1658661863937585,4.913340749462799,5.6956039716624804,6.138810950609169,8.549403020976523,3.699017307195652,4.424432946330004,6.500321793014688,4.981046043002729,2.1227629849709606,3.243216079512744,4.29939455865399,4.655290984743906,2.2250410329450725,3.0511978656843786,1.8390281859263822,4.959601388524506,5.704525101899709,5.637145194302439,5.087631334706971,7.935110939289586,6.466873601806738,2.3832727416435984,3.5837468221315745,6.692819617770661,3.961051627431579,3.597355379107034,7.088070992935738,-0.6170727178837483,4.231281542090717,7.080944883784812,2.161922122595345,3.887788804084715,2.5189459072000844,3.0168334890413377,6.9453088770089435,6.7647062010615695,1.4260608355853543,5.0942618099839185,5.117756792820025,6.459791845866136,6.960129465375491,2.9029131055993456,3.8503958838678214,2.397343064553113,3.3797116838761645,2.350375124946553,6.494837538934135,4.923873797609756,5.0874562231395,7.016647092004103,2.420686366477028,3.4420022599897226,1.0944039283216163,6.704093206911932,3.9125405688106096,3.049491053023294,5.150024380947157,7.6325591812649645,10.146642359207128,4.866808956739355,2.4059531938058467,7.712129162955319,7.261622917585263,6.231752213630956,4.208523621606415,6.350559540372092,4.620188226654766,8.560103585063318,3.7262624554658843,5.698740770696567,7.238100790018782,5.808726988955746,5.648256894377722,6.623954059182145,6.241744743032846,3.30921937178592,6.500494100504104,5.411786949865492,3.1823413635637765,4.490553413488245,1.5055054036362994,5.470076179661249,2.7487031057363773,7.841019975073253,5.119371719470976,6.937074930208336,8.464044988802693,8.036932977781513,2.330768945960453,7.063796969192306,7.144642699670944,4.071748121951792,5.1377915727217545,7.075867380808704,5.90169422936333,3.5189842647779823,7.6374552812964716,2.7376011686631316,-0.17812266559885792,6.262455638991225,5.913907250196586,5.8944932483183345,4.403920955352094,2.3919091929511245,6.299645996921583,3.692675860116065,5.174177668048007,6.228815540546405,9.201751714932367,3.4330339377370915,5.1477818008422505,2.3555771370206533,6.371953686315641,3.3714577995897788,1.8802140571530988,6.5679936371500816,2.4155812247192037,6.751410934473293,1.735078543122634,4.188849841114365,4.056902621426408,2.81554395940986,6.0359830878527845,5.675199395314172,5.573462399278775,4.55812437134821,6.248658043291323,7.69123636079708,1.2164547289894547,3.0293918747314317,7.329907952638457,5.083807392587925,2.483134751215544,7.601666231215459,6.780588662370345,4.991762046350435,5.7411069512495985,5.415562788527897,4.9387474056638885,0.22815983148627517,5.3085653046912435,7.719541563483567,3.913491387007175,6.896612549022725,6.364049210096437,7.877832724507173,4.824096254395964,3.3420403034435404,4.9667014935677525,1.6562575243497473,5.570611826990897,7.511860072746437,4.020507931861079,7.02916138117299,3.892283141003742,5.609265603951325,0.04918286494703494,4.214844017186558,3.3316006093020576,4.453019503349621,5.670897554978077,6.441961720704832,6.992407927727838,8.794752875686417,3.1185801770671366,5.155699809730006,7.45825578220569,11.316317547629712,3.4976941390849694,6.266508897979792,8.859560873739653,4.6122698985054225,3.0784918650389823,6.396425131117336,3.3569161837780657,6.331341578541533,4.026125796056333,6.540480260187132,4.435072244847492,4.38371740225297,5.51105935843877,5.17886021450254,7.072220975133858,6.186002063692151,5.29415153492982,7.0225748690575625,6.019145699597983,4.406334165476382,2.5950656195343993,7.793569002042653,5.770728599965085,1.6725823363711392,6.645242931999135,5.538850580120187,8.336232334006024,4.034448387658783,5.42972273856198,4.35057261998777,5.749575473376287,3.987062777984485,1.5868518130064788,4.54375898446772,5.413906055996544,7.102399198777343,4.095090504777068,6.22332280381696,5.981360324192418,2.499897080357396,4.969525167864174,4.709968489850699,6.4791350042165385,2.2018615151501044,6.796390227539153,4.295948011564771,4.879751158783181,2.5148123857684244,4.383148357190981,4.722640706732026,7.049869841666583,7.294643880416258,4.382703118373094,5.7425991819769004,2.432046458920057,5.987912315784712,2.5763903334165628,5.323306887628024,3.432970959590257,8.365667976489497,3.827607265864941,5.5960820926907076,5.17287505904608,3.157756118672898,3.3724170601776944,4.0353798852331755,2.3789580229257425,3.80860094595639,4.448635006587886,2.9507347232390173,5.848409756628282,6.662978544388608,7.072393201925041,8.115572094523989,6.242167234472323,2.6049875747439226,9.171467597494765,3.525973255777167,3.498122987594897,4.936400395912352,6.253393105938563,3.1614052645509654,4.274496941605723,7.078034457720083,4.731625610520088,4.057299260036919,3.8593134836413205,3.7427891934814728,3.3215228203348364,4.113233852537702,2.76917013068716,2.870118594083962,4.664608690960424,6.186298294617624,4.0909427381395975,3.8497577685716777,6.389940784818875,1.5043322611907848,4.647515965673675,3.3289566200422787,8.074260738951871,6.879612273745,8.479406688465069,5.177371333818388,5.8835358295054085,9.506250841489587,2.181018734242534,3.547941916222829,4.489260529543794,4.720842435656221,5.107241437756875,4.018857219706424,5.114027344995203,8.575519203982951,5.162243055182237,3.983015839234724,3.3887757950696966,3.07500959187068,5.135686620908109,7.950801653039308,7.8827172714061255,2.584677586429126,3.859559278973131,1.9010902260798588,3.0674781846913826,4.933893275943373,2.741859750249918,6.833784617608853,3.973388282981272,4.698682951693299,4.706061983231181,5.369603670003123,4.878608880422649,9.200013272873722,4.413207864268444,6.5347028747452605,4.675136119488184,3.219215692117382,5.004294215662745,5.77952419653099,7.954566430306942,6.659328052748468,4.705401806925648,4.5663764562624705,7.831662252145831,7.685265460938327,6.514197619807561,5.129632281349135,6.51117741939336,1.9815735138880006,4.873251304003307,5.462999985091848,5.800867841827324,5.052986767299638,4.666332679000366,3.585292641049063,5.019593548631585,4.770689088582949,3.007867899051689,2.174789225946563,4.7132832801508595,3.5295804075376305,6.770954045386917,5.577662049829694,8.931288633824552,4.8266211219436945,5.551556224791685,5.565599824123749,5.519422599517883,7.930332930334087,2.512464427548327,6.852814418702399,2.6871188499462715,7.206225829937509,8.013439277322618,9.915728587247079,4.697507993411591,4.263519662412768,4.128132196218534,6.667353185074697,5.1716683396214895,2.050600461081087,6.256189618782718,1.9804329665819336,5.235444762712501,3.7640148774884583,3.2647349000381576,2.1696254900906458,-0.7827859948658435,1.7149188910389324,10.377404393273071,1.015652507374159,6.03146661061388,3.938334364529901,4.38615931303509,5.038074645167928,5.11099546183555,4.946657211895676,3.634884012876104,5.303350085995372,1.5272093243445908,6.876759067679014,6.477290630813652,10.068946102099448,3.1677892960111853,4.524740230699709,5.268564326290817,3.005540801215103,4.454057050994513,6.901171751783118,4.202060668172143,8.026686659684458,7.327931634662173,4.907418687244373,7.208807594999633,5.579084877431517,1.4278104413599997,2.3841018967478655,7.484748302663236,1.9652247025717267,4.941117554888493,4.324330779200418,7.839404700104449,5.149054460077302,5.329709938035926,5.225446917040894,3.7760216120959753,3.5039000141327987,8.20116715730971,3.8735922189673673,4.437215486621573,4.766729325504653,5.299889736127002,6.324142236569299,4.411875433047581,3.3136908819933253,5.825739468138085,3.233948442219158,4.872550873791337,5.786542192171255,4.769135494261524,7.3461325932254,4.32794121039252,6.194531376131366,7.172332723098419,5.195709312023732,6.421787289623491,3.974441161145827,2.049439572102175,6.228722937915627,5.996292313562133,4.482892720072586,7.809268481526214,6.094553059384596,4.20477165783329,6.38012371393398,7.131608708570429,4.6977214125230375,4.383343150088817,3.846194794932571,5.762545756915735,4.948514959217097,5.113554232385438,6.423301099932457,4.464234637257299,6.13060720988312,4.291336055111092,7.2501647963704245,5.329331514385391,6.6515959230321755,7.642640474042505,4.807675813070742,2.7521274213714486,6.546070018489051,4.512363702332156,5.296390706754424,4.731816994146431,1.0293007832436913,7.374790268214529,6.681741099079895,4.356560715412011,0.12750167104486732,5.062227525190023,3.048952449484081,6.37254977459822,4.084362767164793,6.648720595812589,3.8345133485465275,4.619235265495623,3.5273019792715266,3.40007799834928,5.4192755250481675,7.764960390819542,3.5242689304187134,4.7793930483596485,5.558386824609103,4.65690075733681,5.945311680186499,2.9847699686847715,3.62825070177672,3.5304560722281897,5.354766861560667,5.070778941304545,5.7042751291352785,6.651506178846289,3.7240035583391826,2.442273411748731,5.352763988426647,4.527085104984228,7.838445867050853,3.4099010415594107,2.878555057841868,3.5059562414319894,5.6190215767561895,5.677272547207835,6.853755589500251,0.15113650704565718,4.466830639391547,3.959535866751562,4.7414763406987,5.1156967897764485,4.360067531739004,1.5494822974305027,3.5632766953384536,3.9764283706193337,5.291225998968132,4.652646878804612,7.779339530217927,3.0950745468129908,5.187895859291416,3.6122008814730675,2.970867046606417,4.57229292443941,9.194226884456068,4.60045786745047,3.018783597115374,4.142762741717739
44,-0.12151489298249385,-1.6799143313471776,-1.20565242667255,-0.7047052952161585,0.06859157784028791,-0.07332517164535157,-2.280271225213766,-0.38046312672087546,-1.616091083679049,-0.12141200634994753,-1.7892938080934453,-0.5833041282093109,-1.3819949830630014,-1.1144368827646614,-1.0590897412621327,-0.5312561770119218,-1.7780192129478904,-1.2548405249615597,-0.01343310042709589,-1.5116362417585631,-3.080813690633274,-1.1329530692008678,-0.8056805468083659,-0.7269442458058366,-1.4203760647476518,-2.441592027463141,-1.8016217532749126,0.17575781607660734,1.499176543315718,-1.6565975203695475,-1.055851029884787,-1.5975926435716905,-1.2324605965251827,-1.1510793066122453,-2.609024560256879,-0.7786437121551766,-0.8404018167202275,-1.1131390204522968,-1.9060678108162958,-0.37783680776125406,-0.15501726148266148,-0.5112580846611985,-1.0175952314517391,-1.5916417584376779,-1.7043994325836984,-1.860334686038727,-1.3562109100448472,-1.047682228834024,-0.5760036473256717,-1.0468626013821836,-0.9715687079588042,-0.08953405630027589,-2.6689368540879923,-0.60858782777668,-0.6839351302467912,0.5843609693735956,0.11668539313864223,-2.5252482802601914,0.8469722122753709,-0.23522929439874163,-0.12393311393271689,0.7109524810217134,-1.044023278768838,-0.3359911606935101,-0.699608352728918,-1.6351495737200015,-1.74662152740638,1.3491895329696622,-1.6965870779199146,-0.039634089012376306,-1.7196350983126751,-1.2810072776969772,-1.63541125580025,-2.7689761229451304,-1.2605443890743735,-2.5825369114744277,-1.253757490065658,-0.30230992487003583,-0.5605711357960401,-0.701539152565179,0.09997156952274788,-1.9306438957639283,-1.4851833878062812,-0.6589005428799102,-0.9688338393181662,0.6196763603208855,-0.42016904223482854,-1.8245395577088632,0.246561823962002,-1.5355950072731566,-1.2604192884782774,-1.4122782894488168,0.43831335791297477,-0.960007980380023,-0.630433702961241,-2.6693379441000116,-0.8855296316620004,-2.3250522719729836,0.5261211467993891,-0.7155208428399124,-0.7303683364247219,-1.4596778342266932,-0.45289651902430317,-3.0554194756696327,-0.2102737368372959,-2.256338686782742,-1.7711908745428144,0.43147765595024645,-0.9629615214944346,-0.6592504876194731,-3.155457711037136,-1.03506458122689,-2.266431604257564,-2.6713949660339407,0.0450509966150745,1.145169715513486,-2.2330801056049507,0.06365435963674804,-3.073097468587379,-1.5691702425401368,0.14548911618718519,-0.6879885720455716,-1.723634611208626,-1.3299454807505255,-0.9129187583239022,-1.1088748108568132,-1.7251437479184235,-0.8490826055647134,-2.8671298805005705,-0.4942771936018675,-0.47682780670877967,-1.831956441903376,-0.8937050397276776,0.08575752575260176,-1.176475936446464,-1.5295909492988122,-1.9981047627543609,0.19896139712276817,-1.499550711348836,-2.0721095992803735,-0.9756820951377071,-1.0818013084290712,-0.20996110401078016,-0.9656968082756434,-0.3027179410629752,-1.8891479841843601,0.15662165291181962,-0.0779753466464187,-1.8810527988994883,-2.2081175296799067,-0.6787965660573658,-1.1718205338270677,-2.1977192937301107,-0.4559393229982953,-1.2408726074796461,-1.1793122348341338,-0.45014940446628215,-2.120429687003435,0.06258942535662926,-0.8509981285321055,-2.405161139697533,-0.6771685214453991,-0.7581035736795227,-2.3601521756907182,-2.003360879105654,-1.9482962169567328,-0.8581328064524822,1.596066288664808,-1.597794336783688,-0.7532445631870862,0.009467836511575456,-3.021218052286035,-1.121743168286886,-1.192882826079399,-0.7468022500040947,-2.2379834042488045,-2.948754644765297,-0.36811975845242184,-0.14493803957870743,-0.8941099032880516,-1.755047611658631,-2.411074172660126,-2.0581158717917107,-1.1682333268270568,-1.915389040653523,-1.054005008970452,-3.0488431920915557,-1.1756842376343875,-0.8354412760801243,-0.16934859102607736,-1.8277755210481312,-1.2197533750041851,-0.5821580259642667,-2.31556698477538,-1.7161932195352092,-0.5609022864584414,-2.3335244442206173,-0.43070558204442155,-0.44720176009650026,-0.19492605899711235,-1.1932507771514063,-2.6260788443460235,-1.5636116019245425,-0.7287125696960763,-0.1457090207602375,-1.5133864417733194,-0.1316266045313006,-1.7819948254909963,-2.870199579981429,-0.7744936352295912,-1.5984599182091217,-2.1047464804285063,-2.0262538977257183,-2.634414511136699,-2.969457033365449,-0.943590053943332,-0.5707275174946302,-1.6288494703227863,-2.423038079827635,-1.5270413692217162,0.15860569074372743,0.24092881935643562,-1.5167362714010517,-0.3218725723747903,-0.2967464030176359,-1.87358090136688,-0.8942102853498575,-1.2979396337786486,-2.5490298693937663,-0.06402955593750259,-1.2952801414559953,1.0629222158168332,-0.15141160427888622,-1.6367786572926613,-1.3939092859263704,-1.8049307801148031,-0.47111676795333923,-2.3144113408722697,-0.8109660250349962,-1.3397906932474943,-0.9693833075372736,0.2881079048304289,-0.06595683626543836,-0.1961380396313267,-2.8450604664465837,-0.9569511669004381,-1.950203377569831,-0.8943654748877448,-1.9811227442688193,-2.041078640155169,-0.1386352126564141,-0.8063395293465503,-0.24336996616677986,-2.1643110986729255,-2.0233663344257025,-2.0354328715486565,-0.4255010941929359,-1.1927265399595803,0.08011892168786994,-1.2232790510688503,-0.5351950343584954,-0.5777020907052889,-0.4981244188094728,-1.9378695154292043,-1.388567407983669,1.0822733529572663,-0.5378829603800286,-1.1365110976010406,-1.30375272018777,0.5067187059373346,-0.9647626110669181,0.7058571337290753,1.5218952215839652,-0.24376029637640628,-0.8062395177640447,-0.009278657002256496,-0.7512966384019202,0.7082992944833033,-1.3969071334509138,-1.8597529952708145,-0.6532067137436691,-0.7983700034444549,-2.471326829032801,0.9766249857535938,-1.3083691810764553,-0.31259542745944835,-0.0966792763449622,1.2396647044585074,-1.2549073313397843,-1.9286675769627468,-1.8330335452791662,-0.7933670919901291,-2.0990566599842513,-1.9368659114930016,-1.0793999424437992,-1.6057173627758674,-1.7077738698567464,0.5223521131683331,-1.7697663744174008,-2.66481318999526,-2.193909340609426,-0.3498817457678056,-0.2242405671610883,-2.9721691585050305,0.02823911453134942,-1.0713338796490757,-2.462557733635476,-0.6084629634240031,-0.08423092624936934,-1.1319278125450585,0.892325831027579,-0.22523841547266066,0.4681756244894173,-0.9661230893567855,-0.892904407273812,-0.5037778264007697,-1.5465210943143775,-1.5808055348662235,1.376112786920575,1.7677679033374645,-0.6883355445979745,-2.002563256110796,0.06558245172287269,-1.4648448043572204,1.039565706439519,-2.1441955318393857,-2.7460486915473243,0.5998040985285293,-1.572233456739823,-1.2854573786616863,-1.2076560682751192,-0.11405874097971869,6.778350410241557,2.1499814108414004,5.247156719017645,3.3913658529581974,3.55522029914028,6.9867683831761935,3.7516813148848858,5.99322193095917,5.175245744510803,4.950605334944004,7.238684036525519,4.879638961980353,4.358586377971244,3.727706843338571,4.15611358422359,5.809144486709967,5.580004735781707,3.2203844501727192,6.50728464074817,6.645546405322472,5.652896951715847,3.2567117148158644,5.684051344255074,5.162295512171104,5.83679938054952,5.875308945077187,2.7932642461744277,9.65139468375277,3.6398076531774266,4.599290927137254,5.287567595004921,4.7222719957017745,5.875291035288428,4.057106573997076,7.978451434462054,0.9256185318321659,6.2255798834007265,1.5323186133175977,1.0516585130700586,6.348651929495654,5.840255369740211,7.59452830538755,4.151972851731777,3.51753116765362,3.082855492174965,4.890931060357039,7.218587654784326,6.257353650342608,4.390343062818266,7.579060994603989,5.719838444001664,5.6354762979115645,7.632644975223368,6.612454790811105,3.487215340459747,7.244344404105197,1.2397587403548926,5.292151043357569,5.635558567637064,6.194062855228141,2.6674309535510448,5.75751340588558,2.187879857822919,4.789248739861818,7.5785380996593,4.785031418900596,3.738765068222196,5.136218100314775,6.071671224735165,9.48696714850097,7.747876457893119,2.972628937925704,6.184610939102767,4.987165389075031,2.7550671302866525,3.9389329342965715,3.1002321742513756,5.702790674671712,7.70580163365743,5.080087665232616,3.8678702155319984,2.079893301212745,-0.8307261102932451,7.553145180382142,1.933394519492639,6.575276098220343,3.5856870798974736,7.075195120788717,6.4917963372636835,7.656836065756089,4.049556758469025,2.184925024415919,5.073620282916825,0.8384660156665653,7.570107360817404,2.3921125845067372,3.004351665805185,7.685790704001981,6.671485758928945,3.274176810083513,7.402279271135215,10.653750370349508,6.454716290160337,3.413801906413741,6.16962068902936,6.965585962504289,5.488525879340527,4.484412596104353,6.311517621142718,5.2356722074813895,8.881111877779894,2.8537257991760727,5.512704322695118,4.876002512769604,4.081434014136763,1.7997235873877973,2.560210614801248,7.15616203972731,7.404671356154781,4.640959061622853,3.013989527736363,5.326043949384366,5.044280495388362,5.087070455875671,8.059530954011308,2.9043117864909362,7.6969844121981525,2.8435548303264278,4.517104110852247,7.175974823503605,3.3862376663503135,6.176095717686914,4.622736594723752,5.1958338753911315,3.3054746127738355,7.0543442793489,4.597357413603014,5.783964133082593,4.406229346954109,6.327293042455199,4.999674636583416,4.739433708398356,6.235505212747712,3.652927321163885,2.8285622510572686,3.7842657460238627,5.715183659961064,5.730693190517449,4.049188058952695,6.133936831337152,3.070913529461216,6.305646781012545,5.54852019013265,3.90173462769004,1.9149930009962794,7.512419649475148,4.211381691558567,6.6090098401145685,3.5110925086566067,5.730213640815176,6.7744685876164,4.089018620533615,3.802958854560437,4.410953330335621,6.102530236976828,3.7460073129901024,5.341607947320831,1.8877445572570566,3.6786536505293332,5.225045801886207,5.047320877709203,5.489194136152878,7.938324742368234,6.3496559792549885,6.956737188440716,0.711008225390076,4.821793997935762,7.51962338347076,5.308495935166927,4.719656066941684,5.011414328075933,8.970958199217938,4.2897225812842805,6.502635102359996,4.730466434991426,2.8530376595739035,4.264855396602307,6.1645511202817715,3.854278994433831,8.730950693468602,5.26968833124183,8.727837181824896,2.4171251945082917,7.729762391610084,5.3912040557513805,5.621666912609389,6.199567393630219,5.233166227297651,6.97490930517593,3.6292145278242294,8.89236710024208,7.171031846438689,3.5169558230645643,6.542835022506106,6.9966566276291235,6.941840000836349,8.389360887094632,9.771494036651408,1.566319921191245,5.078177369892163,3.1028083804561737,6.347023144047457,4.763679366068977,4.570674760111894,3.5387100900553694,3.2990180931648547,3.2807449439163765,6.341160812366817,5.4529822325266135,6.047002847045656,5.491000751283261,7.165534443778564,4.86103185164497,1.3946229753428554,6.057337404476435,5.008792888729279,6.491191564308596,5.383313737253041,8.392915566169545,5.429602322874341,0.8524787787107488,4.804066173876307,2.654004666472502,6.033993727823175,8.774375931025542,3.586459751921814,6.43379266682652,7.00344139810127,3.354112390932875,7.686421618863636,5.527425941259411,6.59521761592073,1.804232363787177,6.021540892650803,7.662210291526117,4.423024361682116,3.494428155455425,8.005340511976367,4.78068470880031,6.605420536106047,2.5585701749728655,7.203302760418009,3.714034054255966,6.8582355851114825,5.048054145938368,2.360709983216013,3.4094976774703944,7.383643687152549,7.3371494228740275,4.724141721159988,6.7367389188318,5.93325153701315,3.9304903282806913,4.548309526542044,7.778839662797365,7.03289184010864,2.155302331975561,6.871638576136538,4.15643640655147,7.310027751624171,6.439402120415857,1.773955640600493,0.10602715119460004,5.209521741405773,6.522352966736182,5.410115984901887,1.1772321859598756,9.759921824448568,5.882059915502697,7.030737202281495,2.9540902283209243,8.195350955230577,6.045532632450525,5.803942610279734,4.973534206425439,3.5102971814010826,5.234440469021223,3.445718242223247,0.3375241460338314,6.624809176860689,3.738566219897773,2.2660845070173434,5.29573990835392,1.6703542723922227,3.4870375696336176,3.0729292596075237,1.971289833357376,2.0014569868467733,3.642860403590499,4.589043393728116,3.7900968046220465,5.9971324006767555,3.8045885164840554,7.394694198778609,6.7219859714183166,9.612332160554075,3.8236226552839327,5.539617389616864,2.0680528775137312,3.07414167694325,2.2724697551566884,5.533330623184034,7.319330087003111,6.545763968760511,7.842292389597327,6.3773438196259145,8.166956790920729,6.048386251915369,5.219724517487423,4.096620140377789,2.8751916004859694,4.3027594179791775,5.965738184693078,0.5757190584163157,5.282233489438121,8.699473979554526,1.5040942338722054,5.469562521679992,2.5595573233183244,7.645900290646916,5.939025147548607,6.853156920797355,6.2563001728312395,3.2086046287343972,5.839830963146426,5.1811377470927775,4.744945872842088,1.8016422630459727,5.999285110608242,3.366653974063239,4.885808970419828,7.287519940124172,7.196043176809688,2.382837409099463,3.925403141892975,8.385483252629788,4.972670769952567,8.297208067371821,8.08176171085102,6.212005584053822,3.105294798908611,5.512890347314152,2.847912069608624,4.728618865036527,4.932922987247853,4.940401285131909,4.647211582401479,3.445529930912767,1.8650968500088325,4.030244652005567,6.346428310895055,2.2867679555265146,5.932259557751236,2.7477605364494053,4.848980013844259,1.929433227567222,6.508448560008815,4.0202417493301965,3.8381696018499234,5.926420064115133,0.327030716385611,3.807713576508368,3.918766540100685,-0.7484256888242449,6.561790760775504,4.005160933281785,-0.04431801458424278,5.0628317616885825,2.6319211768997417,6.127455799593627,4.2827970868544325,4.934919633382424,4.722211378142584,3.2831145737434886,5.056594078019649,9.931928237413508,5.419529309123167,3.6973404865480726
45,-1.4374009728303823,-0.33499823945108587,-2.0151461498745116,-1.6917780270143756,-0.7132892721143789,-1.6288873938128692,-2.669975113576898,1.0768493482079613,-0.12061972742065064,-0.8311551706271065,-2.4796731004731143,-0.15783255840302945,-3.095690475627712,-1.547351301219875,-1.5766753725151657,-0.07905668378166086,-1.7560629102946048,-0.23257967111081523,0.5329955942777431,-0.04310899855811734,-0.49484780571422216,-2.620456111113364,-2.2265748408215247,-1.1815630366640022,-1.3787861530502845,-2.425029013254413,-1.0690078056931758,-1.0612932262221932,0.7697576091156699,0.17267655111141367,-1.7010481341688795,-0.3777708642473271,-1.5897279272137026,-2.334208780126124,-1.51982532438572,-1.2213130829592627,-1.3690203260821272,-1.5573824610992202,-2.340397266910073,-1.9332734104784286,-0.8352178315870143,-0.9615635177256233,0.298897508302276,0.35085072089989744,-1.1349433268945688,-0.7174273072584669,-2.5407980882443932,-0.19618518606924362,-0.5772022452032665,-1.2371742134699955,-2.1168613468157855,-2.061070594317208,0.11973152561315148,-0.9565147625029491,-1.2414834319734163,-2.2747871121703014,-1.1808169189075453,-1.1795521914820386,0.3366857668991343,-1.2811815677974534,-0.6419588090689071,-0.956913971294005,0.782141544910272,-1.746276003869053,-1.9545818309077925,-0.07033672401778923,0.6055553024642322,-1.9947127357986063,-1.7701585478147226,-0.5612804364696942,1.2896730232788256,-1.5056298810665592,-1.2361510229644934,-1.0517993876074923,-2.082438681929655,-1.2992720040356123,-0.7965881975327845,-2.484071301830004,-0.6013028286596496,-0.8786947481799088,-1.668470157726284,-2.5436377473112914,-0.22933595823948594,0.054927079278344726,-1.5489509710333382,-0.7522790591319223,-3.5501692548003714,-1.169504948094937,-1.2910674918430514,-1.1775781312434772,-2.346341562579518,-0.26999004303660235,-0.17418844861686744,-1.6980999663401335,-0.08352776162271425,-0.7520839132966999,1.0248618746314562,-1.5412897024746832,-0.46820399640692845,-0.8719105172569259,-1.0602046485898522,-0.6141252399486551,-0.3716743649284785,-1.4256936765800587,-2.5389078537073226,-0.9179169756463812,0.9907900057381194,-0.5775789799893454,0.4845346454450974,-1.535777945404043,-2.4305533543913977,-0.9933970744659896,-0.9902137752533736,-1.459141006169591,-1.9440815663206463,-1.290498913997834,-0.5855374408787066,-2.763115378393831,0.3734471429553481,-0.727778273966178,-1.9378659094884765,-0.32754589423022906,-3.062282134900255,-0.0264685847616688,0.35589804474883,-2.145669690159818,-0.10671749893569449,-1.7895231277206127,0.36981301697377034,-0.7131416589669353,-1.6675643073148887,-0.575495206369186,-2.9197781355452923,-3.3026388027181977,-1.1141884452522994,-1.2460465962076472,0.1783315801290284,-1.7251226598837293,-2.463369495188555,-1.971539156583415,-1.200951360695606,-0.8347453737122985,-0.43240265780555776,-1.840845996380461,-1.6150889790282246,0.5257578475988405,-1.1450478373512016,-0.6171716390414758,-1.1090951022839646,-0.6229780565972571,-1.7015715236010331,-1.8919559497002654,-1.0244286948345365,-2.0003467235681898,-1.5669566065857303,-0.8271691696703457,-0.5128520995985444,-2.2070193359450117,-1.481927609223548,-3.165216555094795,-1.3794493557051313,-1.1410921434562646,-1.872923238420125,-0.2613910689450917,-0.38291611894249367,0.33309005441307016,0.7992597218645348,-1.2062845056930096,-0.9461438480596682,1.4427509163882188,-2.6560161166132628,-2.092070020547831,4.605147275280756,6.777752214832407,4.675556655186936,5.4290432414366,2.6816437823942523,5.7094157169890085,5.362650637508465,7.194845481709992,7.389218677452778,8.779716319069326,3.8577004128097747,7.66477865743253,4.064450239400085,7.766054149582811,1.6950738586021692,5.901065109314369,3.833937975448415,3.1207437434099363,6.290434986448416,5.2526427911832245,3.7167378042186305,3.665981063256791,3.997048566147174,2.4487959057592157,5.820553861870623,5.803490413051227,7.939646644123103,5.164433195645989,4.1081317355549425,4.835625857790415,8.337224201855056,7.203032476309669,9.125962145227295,2.589247021438594,3.036919537270581,1.7082482901962295,5.4744272599213355,6.499680890322191,9.086253038291241,4.115406902845259,0.13362634263219597,5.014193603583082,5.169688773110852,5.092551721166588,2.0800212333261356,5.6470160374299345,5.142576897835286,6.519160083127254,7.060552231696431,7.3273002840904375,3.6519595408252163,7.695093538685695,6.498592566953368,3.60335683138695,5.975546737064362,6.378906399088086,5.444993452796108,6.244068686247597,5.056053591644997,6.794646047996851,4.0778215168499,7.181955478449753,3.860874956223738,1.5729684287447743,7.7525348099634925,7.471549839748158,2.772193904050521,7.478954059090469,6.989846535314376,5.586246559073034,0.4503956279585086,4.1718711550453556,3.8643126852217637,2.1084691234901682,7.380164168198517,4.140943794701105,3.500595636638308,5.701573695919855,4.237404110401492,6.823292202406043,6.107497162423865,2.8659364978335926,7.683263005481903,4.295835813280443,5.4786682237695725,2.6890415654606006,1.9465770231414128,4.551390684769616,7.38646999017984,5.723152859838069,6.36701247734146,6.6726547572542625,5.524838087756277,4.653598007881261,7.497961620603502,3.103316536754795,4.582553632261538,2.6367341929317725,4.442576682108249,5.1050155099232235,5.888977435256185,4.2303722094733205,2.445224441381922,1.4096906092128454,2.2275408453816126,3.870928466485141,3.7896780607793623,2.6193240069297254,3.5918130821358742,3.4193470385410443,0.4210207356885478,6.569818121629932,4.65147868969854,3.030962368857386,4.244167928112213,4.647630083401946,5.687560952513978,7.520119809847691,4.7526349065248725,2.581005578740627,5.2671924675836,3.7891820322374543,1.2675363430750002,4.101925567141757,6.578585857507004,5.2469589829238386,2.59513885737558,0.8466777951985058,4.110160173307093,6.076739018184334,5.300609097080498,3.1334759166018573,3.598771072076384,6.13636854308951,7.4044045672806655,5.687125125076211,5.16373090609248,6.500711734983549,4.758361146385955,5.719163307139714,11.666069365982597,1.5327703523477716,6.3283050614594245,3.5297429865166756,4.468028636680654,3.7528954463378374,4.201679015613143,8.022786513503794,4.985713253657658,4.930236987313686,8.113382742212563,2.6082325059633535,3.4509680843412314,7.037932949449445,6.128758775681709,6.178000771437174,3.139808983496441,4.26244695668045,7.3104477033609,4.855907695919002,6.2211643790306494,4.398916417810919,8.31190080509526,7.430519448951031,4.139479866101148,7.345292424623286,5.108935068908008,6.400969038788724,4.445333441548886,8.307578748898965,6.83517297211401,2.243094408754256,6.548123577860045,3.9547516697631755,3.1521944185799153,6.4904928082844195,7.266545359391173,0.8693757261068091,3.867156060110341,3.5704093846571485,5.425916494658093,4.749291152579282,3.0055736177291252,5.3591968935874235,6.585986227420969,3.7260371238640806,7.377089748442394,6.986595266996443,9.394345669168565,5.752157111074481,4.933612574093251,6.895451834102974,3.8839671948662033,4.20912674429383,9.151163194586385,4.992423824847711,5.77869124092653,3.339470293513174,0.5687845430515539,9.316561316884908,7.262023768985884,6.473986765243925,7.356840332572493,1.7632296976117794,3.0353884917476726,4.903805847570874,4.794908344398706,6.346516508035237,4.592934230381919,5.594678672094678,6.5741497331555605,3.2272666035984976,6.77032364036227,3.689612490823354,9.612974361594212,7.943729769348338,4.524213377306986,4.9238915663589955,5.963067008887139,5.177984151030403,1.9296068307146768,5.498423315020181,4.588728943539565,4.758277269910208,3.6759792781274445,3.1782754047723785,3.095538108057882,4.558733288699984,7.326935773688286,4.267984754470385,7.772024594528583,7.3311570000766055,6.407314348803777,6.78789136404095,7.560963722843207,6.540984591456056,5.711761622701599,4.954814552209156,0.45544973711185666,2.4581990711260473,5.138933461886034,5.275763182260282,4.254092768000108,2.3565847391403616,5.030725422263555,3.6535258847502465,7.996916594559751,7.597184958451848,1.6298934920714712,0.8747156266669505,2.567833567907828,5.943885769995184,2.3967681137912136,5.871047279567981,4.328998069875412,3.539981790096446,4.530657486661937,6.117008163559335,4.438164605912576,2.8663655188759694,8.552117815399768,6.060147496507404,4.279385662087822,5.029434326906087,4.19082207758004,7.137290810319743,3.8760155500092504,7.375107534401712,5.203443614453109,3.9437818084051144,5.557687406262683,5.652365270010845,3.081396334910226,4.771742264440904,6.135046114263798,5.182541486274955,3.0968953023015136,3.9447569253501706,1.9300907151647304,4.365344356957141,3.23329961560787,3.4742782305229056,8.297995526158964,7.960666739152044,3.5467507682551753,8.696550760833043,1.963909784810793,3.1708399068608117,2.077231852962873,4.71297498334202,4.662742175869377,5.780031222662176,6.883110195876442,2.1576828964986534,4.696985158645864,8.332406334810461,8.600243626087904,6.430089392209467,6.7543752449009595,9.37223242130873,2.6747218070395813,2.4049363888326183,4.1160591054425355,2.0679050414395457,4.875158768816808,7.864482917023787,6.323591032377263,4.404395324186508,5.756002707888091,7.267073508094192,5.417285818737225,5.0129332086904705,2.7149828039726724,3.699249124998727,1.9441706042561413,4.8168418362424426,6.7033967362598395,5.475086273718716,1.6910206783787518,3.882780795089575,7.26359277436105,4.6044857445251095,3.748738235034362,1.3466049178271153,4.745579541486861,-0.06643014187754126,7.621938526632421,5.653899018274486,2.6709832800677256,3.9454994452090646,5.533421418954946,7.206827109752054,3.299346589212492,6.430673446676631,4.259366058134659,5.373439980052556,4.290661570283864,3.619293942870882,5.648662855590445,3.04083891703805,5.990037066931926,6.560403177432985,3.5130086692836464,3.1395501929568637,1.6161682439087466,7.599588716133228,5.333048950286594,5.715237539174421,7.456198132128653,8.859763933283606,9.9389870181034,2.429932369551889,6.458085042621556,2.755688032824882,3.6253826442341044,2.0658282603337166,4.305706862590631,5.23763309835071,3.205195397060856,5.741342530546206,1.979647824103898,4.277310969308044,6.749005477917889,8.415005751074235,7.053820464269167,3.889744198197091,8.185097723502372,5.0366494512761655,3.080877486107384,6.55288531602203,1.728950273203652,7.999158668267306,5.920137736110868,6.114231289111669,3.2990545627603343,7.0122237871271365,8.377727548371231,2.2020574452614077,4.3116736750597635,4.633639473327801,4.047106615617669,1.8489564632376951,6.812043158539741,8.277664226560743,1.431750646677957,4.159745133493089,0.9742693897229051,4.048846291935033,3.2219541378791363,3.3978077371389714,3.0101628145802053,4.372598462619519,7.025878867613047,2.5443711870879757,4.407293411913915,6.143555473839614,6.969688474023849,5.584571158370457,5.075632232684882,7.4615566766937915,6.1607007577077155,5.0619292509150045,2.0945860859786154,4.668179851809348,5.178692798080916,9.814984912665633,6.372224461368955,4.04273017288792,0.7305434571467497,3.9673776379526924,1.2604463793073615,3.2867508332485196,5.082648878614948,3.9560273899441456,2.5172743931695085,8.038003445447275,3.247635186179358,7.567325070390991,3.7924548996145537,2.5391690141216623,6.802571651064442,6.820172861926093,4.833474917665098,4.184229439374403,4.751832721020709,5.8744235990897575,3.311859474071883,6.996109101809536,4.167254753021938,6.240072893347426,5.403384354808153,5.098618758500937,5.0160407435011996,4.903996819529469,6.386318308644439,6.592638161978515,6.485804487869007,1.4654520263451638,6.141615252017807,4.953162047581249,1.5080555667988276,3.1301470378738614,4.616707236806087,1.543699619819983,3.20739573782354,5.565384991082821,1.5417670994765387,4.1251629311539695,2.7363675874332856,6.874107675930651,2.632327223644766,6.214946790286842,4.884849056649596,5.454152418097732,5.905329379683795,3.9786598349212094,5.396503340263975,5.346059625372183,4.184779239186185,6.748472137302334,6.366642301886458,6.271422747682857,7.299928836234344,3.212698959104258,5.154220300408628,3.2361917122524697,5.8054224611453815,4.490292808032155,6.37725312780876,1.7577472276667296,-0.024358248979456043,3.86285127890692,5.385986498911818,3.465482169464189,5.8303438110396115,7.928006227159811,5.197505604324104,5.304631090754424,2.4303778762150943,6.221269681710102,9.14025505196934,5.946310213736947,6.195024712155979,5.068184228599537,2.0344702191038384,2.659669602492305,9.419352610848655,5.407275005376567,5.799746047899467,5.3359608620849155,3.5567520881397456,2.06615561982367,3.743518098050849,4.1825743858744575,4.594325416561142,0.5103762401022909,6.622340015354026,2.8802638094645823,5.841006641588554,3.4925950700770074,4.634030965262813,6.058591851161715,3.0271237879966337,5.825901010483594,5.562263585532686,3.071400278331383,8.715782322425385,3.924356903282443,3.871392510093929,3.9362927003163883,4.5971919204387905,4.373520314364358,5.594680068401433,3.6692794140350515,5.031715184249024,7.682863367114941,5.416007632757384,6.065963023061695,3.638504258287991,6.033252629093398,1.8540684362158513,5.436901814440037,3.95355417560976,7.235184249552634,3.606928762298761,4.6586331852616585,7.988420090623034,5.280145682544767,7.195414211316029,5.387663915850904,4.355628660803341,4.909501247900596,2.017848083365793,3.610663088932805,9.156456450045987,6.229658274407809,4.857747086065097,8.935654237316077,8.029941232282765,5.471238180960034,8.017958596536376,4.465444297775013,7.347134606211593,5.1860644497422275,4.720619936300269,9.085767862871847,7.498361647724876,1.7823449281347208
46,-2.1076279766347756,-0.05461654661753179,-0.08901302135052136,-1.431911520704081,-0.4721457425306018,-2.104704917616117,-0.18444313446186378,-1.0182137226284902,0.6510036443897829,1.1732468596283123,-0.9452491410667855,-1.0420092891185742,0.07805701179691438,-2.558422830096211,-1.409966940354625,-1.0688933628536623,-2.8769700344454296,-0.9773571218072578,0.13728295147744496,-0.9178122958643536,-2.8966184398381944,-1.0529149786035,-1.1328832322769464,-0.05532326527392972,-0.8596060706913226,-0.08428723173926278,-0.5685342110083353,0.29735093672279334,-0.32661675953419655,0.6389346931067093,-1.3463626377900333,-0.49020450447311203,-1.8878233006208607,-0.6752395752646626,-0.21926826628642304,-0.013779991734761299,-1.9703075651213853,-0.7654552283219378,-1.7805916923799603,-0.8704443022413249,-0.012328259911049577,-0.6088051472375051,-1.7434362636356129,0.77886576157762,-0.21323800120412162,-0.6620872571348153,0.018546447574996128,-0.716386887669026,-1.1627235875879136,-0.6187258231340201,-0.9452503553024992,-1.972461818396477,-0.8722287617754857,-1.607746299565905,-1.0539411104706329,-1.3416162605185835,-0.34962175316406396,0.7929748930493739,-0.7795412738503704,-1.0667828579659149,-2.7660565209384123,-0.9372935729616352,-0.728663071257323,-0.9330470494313504,-0.739032740281591,-1.5295033297593723,-0.7855379151923709,-1.779763013030726,-1.303177484094963,-1.6243913360653037,-0.7764660137021,-0.9910370406252257,0.17984025516824653,-0.4777127490493801,-1.6625463425273042,-0.6685867448690779,0.22415180045464367,-2.0002032427861436,-0.06068477428901409,0.7585842168916572,-1.500198234453698,-0.7034455143878823,-1.484660186794816,-1.4474050746931135,-2.124500424523345,-0.7487868385932115,-1.194754463773523,-0.03795181461025454,-2.5372842569583653,1.3167188046181586,-1.0669769901838393,-0.4313845605863259,-0.2896490573680006,0.1763363078154716,-0.013345145828050464,-2.6315908183414924,-1.5395241834329343,0.44503725380346904,-2.06326650687849,0.9346354170174465,-0.0971164952856779,-0.7647623069261696,-1.3911070841724638,-2.770707861957975,-1.0180799228485358,0.8080609099949752,0.26989329248242444,-2.737595703579509,-1.4359218466949437,0.17248277394981404,-2.1901183063544494,-0.0745446568617667,-2.9357657865275733,-1.0536021657104575,-0.9096825131597981,-0.8199702313042764,-1.6065184752894992,-0.935266347462554,-1.0944577940700488,-0.43216908543568866,0.23769696250699424,-1.5232318559833193,-0.9856944722595319,-2.026269532887544,-1.4388537688067449,-2.764550633728141,-0.5320812905994784,0.26365296552046336,0.2252474444272301,-1.8543389762290967,-1.328386521927031,0.48227295664290293,-0.22120484586828504,-1.4467277278817194,-0.958568717045442,-0.2730854967613524,-0.9257832811404507,-2.892376764479691,-1.786286360162379,0.8928016409207922,-1.3707492379268875,-1.5430254148994307,-0.04294689761241477,-1.9497769704101717,-0.7652864881330999,-2.0095666136465047,-0.6408898339038545,-0.6862432074292438,-0.5054217934298115,-1.5863102890507192,0.6179074305673413,-2.357494154895168,-1.3126163971153615,-1.7314504900799108,-1.615720300288608,-2.2114765150067015,-0.8410799943630295,0.07036478767527532,-1.2047997228297342,-2.027737957935182,0.18429991979571225,-2.549277270479733,-0.8561249348325782,-0.08554423841816794,-1.09255648795064,-1.8432541733869097,-1.2988789333415651,-0.08873659402657674,-2.4317192735634174,-0.9308639093050313,-1.188973647071015,-1.4596693441303557,-2.156293695754467,-1.0644238273755149,-0.5072822639647843,-0.8863655599065986,1.0714195163129734,-1.2065513060487938,-0.37841501086680607,-0.7909733588536829,0.02581426493300576,0.017192705878094294,-0.5557620172459468,-1.0469641273578842,-3.7067859952534032,-1.5914687178765334,1.2938491580383786,1.1118113101810083,-1.1588867714838391,-1.795126469825576,-1.8582657577293311,-0.9384480869605851,-0.7804415166115956,-0.9431573028382785,-1.0987917199992563,-0.47559532259362913,-1.0605666598394552,-2.8194332640667144,-1.2350739724239115,-1.8355434053242452,-1.2295030509375748,-0.3874309971524915,-1.456374379304955,-0.2192144128195973,0.6483248603820617,-0.3302952718408464,-0.7481874146682357,-2.457076184528021,-0.8159740234064536,-1.8731788915668304,-2.2455497700453124,-0.289371528049971,0.17946761129649835,-1.8815587285098418,1.0862798590021523,-1.1158431324781874,-1.3652431197612571,-1.5834901606692273,-0.7859805219847918,-0.24132683105555652,-0.7931478072465147,0.21842965748205234,-0.8236484561908067,-0.778706826764069,-1.9731071593426466,-1.690752291824578,-1.3451442793137658,-2.289235205573185,0.45842450286637293,-0.8537584752825688,-0.5261733799087265,0.13306451021200316,-1.7201400995147578,-0.052468691484450325,-2.2196241387106377,1.3199537206083658,-1.6741797723153469,-0.18991630482561417,-1.382256050025647,-1.9213920763097487,0.02025142005473013,-0.39256738011847214,-1.6575946060573536,-2.210769710095086,-2.354603352322515,-0.20196773858949202,-0.9064341729441167,-1.1025626943370486,-1.4001948614296202,-0.16705967992304493,-0.2368815323209943,-2.6871539110751224,-0.4161682376533994,-2.0039995780349904,-0.8555865914326152,-0.35682745691319395,-0.9696630411241061,-0.44211783175680486,-0.1699806760576239,-0.2959279508880125,-0.14358882339063495,-0.6514459310416888,-1.7739464791154638,-1.7672766315302941,-0.684571939186747,-1.7142691560484078,-0.7459421467524555,-0.1456261365029632,-1.1862136207975347,-1.446763620438669,-0.5545708590132764,-1.806965334771443,0.3345611315063055,-1.740094847201313,-0.9916229794538959,0.8002098543622225,-1.2010806793591426,-2.2054881297540314,-0.10124520766259315,-1.5807760625333498,-1.9135963492790207,-2.4893042119208006,-2.51589303141059,-2.2944098170027774,-1.2018760233288426,-2.604232309152098,-0.634995219345551,-1.7482496121035056,-1.3610459513754263,-2.0795345959805287,5.17277042048454,4.825053940074295,7.131628051715642,6.40006742452029,3.434828170766667,7.408963536516887,4.011911856667955,2.032519450402524,6.705667601188752,2.259619421002743,5.0429413884648,6.513147953462328,3.9463783995587445,6.725246880225891,6.32986982435539,3.545718101942965,4.204370989015506,4.04186036460738,6.446984573087345,3.6790838998203084,7.806281185237883,2.8912215355376296,5.677325662422737,5.068120740003458,4.234356710037952,4.973075489383371,5.06926703553975,6.254688695136807,3.841726477105841,7.282917553047701,2.2030230051215973,6.3727254677300715,7.272482248788888,5.477323303433149,8.035722014762587,3.6356068591345903,7.898014213092008,1.0410179555482837,6.723410534865178,2.7159913992774434,5.064031364855262,4.836526834911133,4.19056133194732,0.03185963903722833,3.9762008769814132,5.4631133996946,1.7644677754723737,4.752564980214244,7.654791602867035,3.951716910054964,4.349527505862573,0.9948013204329795,4.714964743318206,4.4614332283107725,4.487017181654874,5.617983301345409,4.31505342339311,7.790986660538232,2.0657663586196517,3.1571707487810947,1.1543306805946623,4.641891051880505,6.671778514118874,4.341196403286427,5.74169143195115,4.402892550192846,5.388665183829797,2.9387981438174635,7.679488683045893,5.226006676724104,4.878961428218417,4.06353253978272,6.141558741773506,5.272590822836581,4.99338855724158,7.740492293653112,7.4835487476114455,6.448384523184488,4.358932688693073,6.4732612523501505,5.1962073626922525,2.156138603375158,3.051069991652204,6.530259538589473,8.80691640144349,5.118327161848871,3.251974112736324,4.865027067558807,7.2528971201050805,7.938091221927708,8.57877720867065,5.892653162594161,6.936473560668832,7.48619648830264,4.427685353013077,4.613808251264896,4.174989420524994,2.4577059939385393,0.900256711256505,2.230749061899863,3.9183704847314114,3.567630189650103,4.367783006490341,5.765106605161324,4.971017172400873,5.470702401224712,8.071402190969522,6.0719015900534945,3.27262301829498,4.631453876208789,5.3744100745863665,3.9257585880150807,1.9952767835069718,7.233394547586677,8.836132541097493,6.261998637982895,6.320922413102464,3.4235746943894707,3.315959545986914,6.9652253279012735,5.16593760808505,6.158374510809661,2.3796080352418274,6.6492645484864195,7.697349512724671,3.978904481795062,5.383909245295336,5.231555568147765,6.337773618123405,3.3109960701134975,3.5053802030046377,1.2415240245010302,4.6625808356144445,2.5426114682377374,3.8900647087039393,4.312256415904286,3.5684579574923627,6.7866694156433285,2.773401769405945,2.6817711555814543,10.499482420886135,8.06988230164113,4.700851363688445,7.75073307159402,10.672782961107812,1.7136203001039427,1.9712250580200315,2.123879486712948,2.024962783119496,5.7522799797254365,4.413919038729421,1.4469216349754204,4.54517299013169,5.128721768137897,4.817595097621591,5.176082473997759,4.311891599925478,3.7478627210701716,0.7835316486084976,5.096425579255235,3.5032607329450203,3.6016137695603954,7.568734203023146,4.621544154881567,3.239540309931001,1.4643273766762088,3.955261458059673,4.8011386998116485,3.266625570384641,3.996297759252059,2.182860153029543,-1.1498554956234281,4.729088205823175,2.2702766001945647,4.589090878363458,7.480862760257626,4.613320789220208,5.284948809690664,6.131349964776666,8.259174012487504,5.13906293789242,3.120988544983173,3.9014015997205322,6.050796093121948,3.8982373615945227,6.405880442041569,6.503790794833338,5.888714296173744,3.9462611400708596,5.228459587646483,10.773206885253396,9.838808891488839,3.4021911035307983,4.434695186400123,4.034041477930493,8.590936347641835,3.0597585010148833,4.56083314312466,4.770985683906943,8.557041803904106,7.6162893921430825,2.490513403763533,5.708744431810056,3.265804202242628,4.473576110133768,3.7007621989832575,1.8860237034777807,3.2014727470546216,7.456681689261995,6.934596783860296,4.933382729078739,7.060613071052588,4.725715709458614,2.978851593325964,4.815907503907026,3.740999106787739,3.380751488499193,1.5541348092704625,2.737447649921977,1.129674346561988,4.0902423801263454,3.1781653766439524,6.26998022204121,4.67724668404323,4.073179271646261,6.382481865375766,5.266135658429174,4.4216777686074495,3.9535548874179627,3.7384472491374896,5.580490012162132,8.614295665994876,6.3587392910689085,2.573192372793511,10.409698758361316,4.052955625966558,3.9460293043986674,5.220492310999551,5.823408619987387,3.397823036623631,3.617050960967041,8.165711230923307,5.119369146592252,6.528253396179751,5.016062433884989,6.81288390175878,5.003996008375087,4.834572297650709,4.851701854492032,6.57849778780161,5.080378838888143,4.740203805085444,6.79158326939052,9.020411345431842,4.703168083915528,6.210647583762567,3.920964905197999,2.954400497977404,9.536138852517334,7.566483306271027,5.164490777614589,5.849905894193306,4.229497562336604,4.361836950070293,7.090677786362603,6.978969992627731,3.2748379335389624,6.463374316231391,2.3075806289366447,4.82361610312623,4.879930679696712,2.903859349804639,9.401781726704547,4.325175834556149,4.022300390466369,3.9900431365599074,1.8353223921284694,4.69824168185087,7.815164703290453,6.32237498477451,5.6726906716549195,9.570486503136829,4.356802432953041,7.139054756827743,3.866114365438043,3.6761962813860043,1.6194571580091495,7.3016041507246765,4.3339075463616386,5.348319776926469,2.3381485380214344,6.200041924049536,3.67343787457402,7.399956556888016,5.368047669560934,6.299985016424634,5.494279938905427,5.552429839347121,3.5399139092444356,5.1159534479059605,4.544986673371472,4.879684416529489,5.567971656170619,4.8447066539485375,9.04319848001699,1.936500340894535,1.8767241780730068,3.333489287547331,3.7344222439972445,4.430494253305995,3.628318808353296,5.310596733475944,9.754463281329564,5.48397996541646,5.479265314647738,6.26974885964365,4.68415825411397,2.5991782396735443,4.443875906769358,7.068772231883106,4.409042546578264,4.436302162944786,2.1784870281193296,4.354847821915238,9.986153349046685,5.871261024155745,3.4167364118809793,3.1657392746104556,3.558269579167152,4.734889038728099,3.3798161542610243,4.341495736339237,1.010112722772364,4.465140270185696,4.016633665843513,3.4942370085900087,3.927286448625515,7.018073577985683,6.388968857142029,4.055517249625983,4.040036105997399,4.590220750097867,4.92671860082458,4.05537362406787,7.923557160869716,3.0518230852822743,2.971560199133711,4.211664870627414,3.720487125829078,7.6519855269825,5.6977952162932715,7.791078604053121,4.262696526177187,4.5536210003855375,5.632068689279117,5.851679683369956,5.774632367149472,4.4045103932488825,5.437489201437814,7.371032210160645,6.171297318734039,7.051269446880353,3.0906342035144165,5.837795118282571,7.603639646028517,3.5213969275493016,2.565729280572295,7.517774634767667,1.8650383951613039,3.731525730960192,4.760038184535978,1.115409465340134,2.716624557273124,3.385012814719537,2.7615158873017775,4.1183758293869115,3.4827278453236974,5.859577366805309,4.498200810528669,0.5674947353935007,3.764816152079992,6.574084749822138,6.842603864125799,1.3312577445287803,2.8818827951274057,3.3073945796713007,6.854282161024814,6.80448786661274,5.224468087138777,4.7691362885532245,6.512182361845868,5.468383722479607,6.601022626581921,3.4416527702922735,4.856007662513625,4.3483548694757275,5.257331833052584,3.4077133518931007,5.275337355573749,3.631159721256486,3.8913386489285844,5.673823477360983,2.538538854902334,7.458714762618747,4.091053603655673,6.144063406559344,3.953648256490123,8.423387893111455,3.1273042441577967,5.30530065677813,6.736880596893842,3.4281142584207553,6.945816997615856,6.015536631856067,2.7496703572138093,6.705373987503272,-1.3868574775672124,2.9183520111062045,2.8624444195631282,2.7993824585375675,5.511220940809019,7.98809413362183,4.415757963506149,6.113067981639372,0.6642370999738594,4.0621209175417174,4.600131653805838,2.15065006184158,7.706683712802051,1.4792767035662284
47,-1.1704476540025155,-2.0415288960306572,-2.6828272177611785,0.4159224380042903,0.556140690197358,-0.8580264667358444,-0.3270381893148202,-1.4488593907497065,-1.8665785057653053,-0.7288300788941893,-2.666778938421629,-2.2344157128817956,-2.1698930030071466,-2.316398937837235,1.1179682552405183,-0.9943088087071693,-1.93142222743581,-1.4533960344060457,-0.22232009041325718,-1.2407650234490912,-0.8932246173438257,-1.3989487601710735,-1.1283652839138658,-1.9272607180402286,-0.3938624584617948,-0.4561333164750113,-1.180130344235318,-2.5140390005088826,-0.5359268689272174,-0.7750061359912368,-0.032884197545339,-0.9620070969619138,-1.3894304042843248,-1.1358898549823022,-0.5125469073745594,-1.2548999370913323,-0.9742408061761668,0.014337556663433393,-1.067432700148608,-3.4366141021668555,-0.038316080879781,-1.6420410885391599,-0.5725818478068236,-0.3111862203992932,-0.8676114527770374,0.7895531292340314,0.09581707234750692,-1.4167628942895902,0.5264625396076468,-2.5664888022268073,-0.9748688947920195,-1.2363657891685313,-1.9366051484419742,-1.9234769391224882,-1.6882977831521842,-0.6655330878658874,-1.3453894236383914,-0.9244430630470246,-0.6007547186388218,-0.8593080925841844,-0.9684137033663297,-0.8898875457131079,-1.3975918986151719,1.9335482537429787,0.08103647460422692,-0.6246816147859111,-1.2821646810284204,-1.0273236145987636,-0.7789157525327608,-2.088883180674803,-1.058860965923893,-2.7465467201279496,-1.5404764564168545,0.2141847339944345,-1.4311187412750248,0.13092063840464174,-0.5532064983082696,-0.32069975755921243,-1.0232004616983947,0.6288362734476649,-3.8186380278469985,-2.3580566048121936,-0.46633569218987414,-1.701602545573627,-0.04250743370591492,0.3066588032342701,-0.5478835555275869,-1.6281011907789766,-0.8115246970358329,-0.6540804727168891,-1.47276288691969,-1.5662237048900127,-2.1992333373807877,0.30158966840972345,0.17521838577263416,-0.8863392535674716,-2.1503628364717544,1.197096965937106,-1.7694218131291701,-1.1300011298591064,-2.44996424459809,-0.4706278619884763,0.2663119662829725,-3.1482921485259125,-2.9346789676844454,-0.6557452475011503,-0.9989817360192954,0.2764968246646575,-1.38231587607518,0.04421095091065497,-1.2247271488316618,-0.6884635572183928,-0.031165841459787957,-0.9542532633263276,-0.35934632980368,-1.2895024138875761,-0.7114644398680221,-1.0646892849404976,-1.5096380816490105,-0.977886280782727,-0.22261310343535223,-0.01898108184378189,-0.3423928636941448,-2.0382104014702067,-0.7371564919891874,-1.7827383344944747,-0.09083088967186259,-0.9945030656227493,-2.7454695502822375,-0.45329768247919844,-1.104445994099512,-0.291183778276371,0.11217500793005519,-2.578320947416122,-2.1179067582848203,-1.4576007609190291,-0.9914594241124416,-0.751766639034742,-0.8358173457366158,-0.9049268633552846,-1.725397086094087,0.3479597779790806,-1.6026053829730773,-0.2663606045630085,-0.5711174158163345,-1.1711109872486147,-0.2082204172572002,-0.7392058852738647,-1.6710868271808321,-1.1559455888989643,-1.1393598886244112,-0.7824057856746961,-0.32137081366607845,-0.7910876520929185,-0.15736183237076817,1.0121771006098776,-2.983549977755718,-1.623695362452857,-0.7252388255288327,-1.6424848703612045,-0.6010395743505617,-0.7063123122115234,-1.5132935588055232,-2.611514325738529,-0.19804371631975737,-0.980701207103145,-0.1635299718928781,-2.1399731206266592,0.3142483232526916,-0.23331166053169783,-2.441063445387055,-2.000329624861651,0.4299544690259236,0.1800198251402918,0.4741381090682826,-1.0277423607944138,-0.2869060219812122,-1.6940737609051029,-2.081441763931628,-0.8509751622085452,-2.090836364690582,-0.9650222522593469,-1.860066195724512,-0.809260407593726,-1.6039937011719105,-0.41298278669371746,-0.5785297147734849,-2.094457896161739,-1.8949013034054794,-0.7545659088264272,-0.5798059209914093,-1.0927969346664492,-1.2543268497379463,-0.49796320910578074,-0.9525556910202563,1.647114798438328,-1.2025090107387655,-0.7224598513376282,-3.833211873818937,-2.54744985293574,-1.220639046366649,-0.8612998015569574,-2.8501865655924696,-0.40035061223557766,-0.4023021706410925,0.3623328492431064,0.2269351813955085,-1.2558683598920055,-1.310513086223368,-0.5577496720326371,-2.176902454220569,-0.6815748288812846,-2.342984203179946,-1.9012844734585415,0.6608080764662747,0.029264265900923903,-0.5646228907290731,-0.2852992191835019,-1.0864987205701462,-2.416154551510937,-0.8908507868618821,-2.0673320673018836,0.21382023616892876,0.7345092210976265,-1.4032826320016965,-0.5765554492669506,-1.5683481652690026,-1.4777360931441552,1.5607824379002326,-2.016651786490878,0.010012804863391178,-1.0629071812473554,-1.4679755065698035,-2.376302588117429,-1.5125382768859619,-0.1087236847028683,-0.032527913332214275,0.2889494877579841,-1.3087490378112006,-0.30448914855781173,-1.1501303391275373,-1.8593285387602783,5.117954204099739,-0.5539136416730743,0.46937611397268686,3.8977858108631436,9.221379122227948,5.890515569269237,3.692358952562918,3.6321345953877238,3.989273837274287,5.859056307617076,6.32342161724463,2.9691521034391783,6.922521700143941,3.1912569784020572,5.9631182920165005,3.6535496239314145,3.187165125958982,3.8695743577470885,5.463449577578426,5.5441301556260365,6.431937664883572,5.431057852558208,-0.11380132784248786,4.173330348783167,5.230202163042192,4.528574019032378,9.17074598133406,4.050965496148641,5.309408085183198,5.795125082630453,3.9997140816666916,2.8744195405633675,3.0652754909249564,3.905301731728689,9.346672401882211,5.186884158071922,5.3607921962871,4.386968481794468,9.635460992822045,5.964783754731424,1.2023505799472831,8.30455092479675,7.004962410484936,6.188082820063999,6.201350486162062,8.97957997921928,2.964814016714751,6.874050513505457,3.5982411065549504,4.851780327746359,5.040405976156869,4.280464488768079,3.066763921278098,4.564281462681296,3.09927543560232,2.2804258934397548,7.850960422963739,3.7268279122010552,5.94677481398553,7.102689222322996,5.3723792230872265,5.868053931853357,9.223558405096686,4.760363251815771,1.3910356252885752,4.686693154209512,5.5078913485566545,7.380435436275825,6.714445664611572,5.608630880956697,3.9606488367275983,4.213358986547551,3.8618185094649222,7.51863484917866,3.658235404129716,6.088418218099649,4.126208591832582,3.5692442093127417,3.958727325481494,7.390894099120494,5.113254702947658,4.800694724441205,4.887052252957703,5.782855739523984,3.196613823425399,9.293861357304134,4.171249844921092,7.262718946493179,4.8750365469578725,4.628665728162493,4.327497312189949,3.8023399803395157,4.5251377995407145,8.803164472265511,6.807268603944677,4.888743364647061,5.714995318713733,3.9847544836295645,2.913235640516632,0.9790580253361476,4.538805303505216,2.9669900579818393,0.3405130939132732,1.0243331309269124,3.842841774204347,4.617900598658477,5.973302401131069,8.170780093258825,4.287599573157216,7.949145987177339,10.451409999130112,7.3459365428593255,2.8222847773862805,6.614442096218651,5.19815710245375,4.637862495897384,4.235079214424523,3.8408852994638254,7.2782133445782495,6.4870559636640515,3.912597780505175,2.4405082607975155,2.489601674524601,9.581950639686212,3.9768106580359976,1.7464294958250823,1.7040275018172157,6.662990894570668,7.207306868292099,6.8445168013014,2.520587763337286,6.920744658071164,6.7373720410429225,4.357555046648714,3.1576957298406447,5.959745318845174,4.024353239045486,6.095821609381225,4.949149693751223,3.417877080574925,5.301125223243651,5.577185953912898,7.5222882303517,6.343959203824413,3.809693098769669,5.1488071744687005,4.8022479732436425,4.538695433037282,6.643655908523559,2.544733891580414,4.229013047748664,1.7367327682197753,4.994233473029241,3.7909348473280113,7.9753840458333185,6.685956419407356,3.1419812920665664,7.935314333527571,6.328155313248807,4.021863061245541,4.5775392152773025,4.730432809566953,6.657740902785286,4.375417852181397,2.16934290076516,6.269416394596869,4.890784383701144,2.632678372592859,6.125496822842887,4.482512182722489,5.372277183631657,5.858447368263363,-0.6827579291412942,4.941212267117499,3.778879958223817,5.811637575005921,2.962957781320387,7.195991895153786,3.0971005065032107,7.310983513368949,7.300424104355066,5.33289870958717,6.573835043915352,6.508595074067764,3.60230441837305,3.8248697268810843,5.594369048071066,3.690443487013761,4.195704926420202,5.618536091244296,2.9599858682532276,7.093978169261522,0.9580806011628571,8.510122470120693,4.924087211967622,4.105027245564539,6.121996109492221,1.859377849489806,5.46065235882888,2.938271613825979,0.06098168925538072,9.6599860947243,6.833054101805847,2.6611808914946318,3.3393878016033502,4.429894425620334,6.149447417279042,5.7521572044630975,4.53323824187998,2.9267094552435413,8.437756111963726,4.685925559618076,6.71998764113987,3.840401699792138,4.9010106159271976,0.48487423600564483,7.948539309378713,4.224579641540022,7.208628473142861,5.77874537062338,4.6219706867586146,4.471607166987345,5.242585410318163,7.735865299549466,5.068665093431851,0.38058044784925826,4.893017186681633,7.472091527176434,6.229662083411837,4.485409603975337,6.603132042330469,3.395988569195088,5.008270654853718,2.1170328109586625,9.44381637762977,6.709017286350228,3.153605188293229,3.9958639906350824,4.1631740863283175,7.184058765828437,1.1595868830975005,5.751799020465997,6.0095081622302855,6.720039888057848,7.785856185529672,7.448223694560294,2.4012618635487684,7.038312156863675,4.547141425094239,6.394093943913223,8.608342491596638,4.218354726379562,3.1032394769294296,3.631330200426474,4.858335979092145,5.2312078327816804,6.229364184056032,5.665731579046653,6.515921811002231,3.0058336319857712,8.195646214623464,4.0465636899824675,6.558879843972608,7.290770754385544,3.219128534125283,0.8730618963931995,5.504451364948329,5.347313063659824,4.971627159598362,5.8062063361995495,7.938053257631973,5.109240368296782,3.9139790521012188,7.401029793867828,5.317217030812833,5.646758309709665,5.5564371119424125,7.006392920205296,0.18676112700372638,7.624933321443448,4.0286011594033,5.579092680913026,2.6171112897478874,3.1162738013391555,7.443212082612755,8.984695777316203,5.874397023850897,6.1910034530597295,5.370238515828116,5.7835602555879975,2.972670242014424,4.769773310973177,4.393978449136093,4.610651310077367,7.842892204354042,9.76698213650474,6.949216667143022,2.428443760307622,3.9429846341678028,4.534976509996272,6.17518720202917,4.353328379582756,5.608986845090941,9.245293097579482,3.843138221860303,4.497906807045937,3.8079009766767036,9.748392981563125,1.6018635014064966,4.525334068699117,4.1514402610147085,3.071803197253303,1.7984114556518294,3.6733067287361862,4.979131923776043,6.21509375186626,3.600493195777708,7.942694229773467,7.386435296968234,5.034073941072402,3.0255793032212726,2.418766220095492,6.189997439861603,4.834614181782841,6.956118569341932,5.8278585082414,7.164584159029589,5.404990663057161,3.2062938097441265,5.678982451342362,3.843204065993322,1.3919657691408673,5.565663592598457,-0.3363682136483144,4.696840467393578,4.836614253731856,7.815390478727118,5.086832380411011,5.085499516728646,6.26913578686727,4.392298407676427,2.470283581906232,6.519979174595721,4.375850498923069,6.604044622084533,5.538774693795976,1.7980656774849537,6.50940682777429,2.636362791419171,2.9188398068478447,0.6853354076274103,5.40880400728378,6.16114860959288,2.5689751642771155,5.304014303508083,5.743200753269035,3.409255782862104,9.33330771488556,2.7041473090412516,6.222731273014741,3.950191571540513,6.865372271279142,6.4034964742311,2.257627565462814,4.863036525405412,4.779568667439653,7.176960767590156,4.572590643795945,4.667739295824802,4.556829089854329,3.8695226448677955,1.1471283182883778,8.653327350438985,10.509860035386343,7.7462680514672355,6.941266486545948,3.5008243030009663,7.553696357874983,5.860316502788626,5.012629232243123,5.352589389347609,6.569177444804106,4.906194395696536,2.524058886464564,6.986274287633155,6.779194816952016,5.072813804644765,4.304004702857952,6.945767983027353,6.9525918959202055,1.3725258008743308,4.741850671693134,5.590627565375886,6.726731519405516,3.5180407543440717,4.564347441325326,6.169263963536543,4.62431545435677,8.31018287528186,5.111294909568637,3.4753629719263524,2.545008639164836,6.311826889933991,0.6803414729009729,7.285443965677363,4.89512579563296,3.558407625553184,2.867467560201888,2.5945164479148444,1.6500194583570855,7.038458124898174,7.633492686942142,1.5061041576493004,6.263602188676282,1.0457631614526952,2.9684197255178617,5.889316100294021,4.1129257654315134,5.486519961053823,6.443453035252097,1.1455974983391632,1.087991732855651,5.1917187874176225,7.66050858418839,5.025264540398844,4.211166894113604,7.669843772307559,6.221451997014077,7.497922882609737,7.340906858855689,8.654846114779229,7.350632936144509,6.367984649578166,3.0701004562598246,6.506254043657244,3.1906048431491225,2.2637554964786615,4.601554921949016,6.2165453833783335,8.26308667936423,6.7734939430343,1.348307277968475,8.631103227447966,6.493293831568445,7.097578702252417,5.196290198956199,3.50869137788675,2.8518184993526643,3.042340673002516,3.707927231517866,5.09715481258526,6.291049162472738,6.021088943435745,7.634408291837152,2.8110610447787105,5.153810276175706,6.667243155711243,9.261462682972626,8.254100620169115,8.118150687855325,8.369955102177457,3.832203841902662,4.370975873644122,5.888229789326891,4.514584994841429,6.573910426410637,6.736550471921779,7.473385487375899,4.482871704928297,6.415954973393958,2.1984415366183554,7.048188119506202,2.9679099983645147,6.989819070990528,10.03179899530396,7.061883709538229,3.5248196133836758,2.8932616272908853
48,-0.4609823768923529,-0.9830223255933325,0.2673132320978804,-1.4919017696946857,-0.15419049386178751,-1.4689838149324626,-2.1672167050516205,-2.697179368278994,-1.654977669777204,-1.2428407723488755,-0.2635131924850084,-2.70492966758695,-0.02297300846319794,-1.0794352352305256,0.43795900621609496,-0.6443065920267985,-0.8185616529581332,-1.85122277598499,-0.6572435670319974,-0.20346992233894023,-0.8503666783540067,-1.7915035476048886,-0.6853126130398803,-1.6496987947895765,0.7371967114825797,-0.5118914878217162,-0.027515421297058418,-1.3086984652510885,-1.0659814328911235,-1.5375419493458047,-0.5904643092102889,-0.33162813950094694,-0.9547429128735679,-1.8804615234158242,-2.042171829785686,-1.548347989402335,-1.3419939897127544,-2.638525240037559,-1.701470203572198,0.25881417018884756,-0.1340349063524494,-1.8947409905092756,-0.5358680798543385,-0.3584599136080664,-0.4141637892430956,-0.8262630758141611,-1.725562824769142,-2.864860836956951,-1.2752421353336,-0.9204066261954257,-1.7741717540358377,-1.489125007422555,-1.5441108401714907,3.4562752144057693,-1.587987461189486,-2.8188365625281224,-1.323782390774844,-0.8222840432192742,-1.1757846871518485,-0.4227854154436823,-1.8329578706010703,-3.0049904747141287,-0.8019549506042307,-1.5152476389802798,-3.105306335304798,-1.3980936461206888,-0.30323813415250755,-2.746828995210415,-2.5682917911283436,-1.3953426801096047,0.3502891669430599,-1.2544345545210942,-0.9126330980453973,-1.2511897176434577,-1.3165800970819872,-1.4956967820079006,-0.6669612519549597,-0.235022678967853,-0.3177135338876691,0.27357269074784774,-1.2521275494244417,-1.9365292945939623,-1.1278970699246567,-0.9518417047148849,-1.3723020178985137,-1.0996324194082743,-1.8205942124689796,-1.281213233667604,-0.7771217615225481,-1.22262481321359,1.8438303908692761,-2.141449947174859,-2.8612892523616615,-1.8181243171764154,-0.7959060306983547,0.5474034881323675,-1.4398538520984296,-0.04681326132513919,-1.5954070036291774,-1.4399737758638858,-2.5088193931180323,-0.9317223209266164,-1.2824996737136949,-1.107465458111705,-1.317777743774808,-0.4275375106015983,-0.05820213830473986,-1.3168143196073698,-2.104981560565961,-1.8236251276246862,-0.7340000997349311,-2.329527284954295,-1.047531581430197,-1.053227314362354,-1.107597231150318,-0.468860599824633,1.0336835436401102,-1.7513332103218056,-1.9098046987856612,-0.986865188235119,-0.37361782181427816,-0.03503873953555103,-1.0778505472184938,0.4672032334863263,-1.4793643535685819,-0.5079960924803257,-0.3458921556317054,-3.3939121588404393,-0.70139693581503,-0.8079024451099881,-1.270201351874959,0.18887846638796146,0.6790657280994763,-2.240262562496318,-1.6849279775499362,0.9118853179452526,0.8584209839089227,-0.5332273111516205,-1.4599446607585775,-0.20387119209146687,-1.0832360031554438,0.571167092945162,-1.0476456544491246,-1.9657108405074517,-0.055034910092421896,-0.9034634637713792,0.054010175167394925,0.22018260696966463,-1.4106288174630004,-0.8870599405517527,0.005871668391143503,0.24248760115947565,-0.8424522928374163,-1.9691596383020395,-0.49386427334959127,-1.9355246015619327,-1.1517034727092126,-1.9474883636981568,-0.8935651806077717,-0.026036678890279497,-2.991850420258503,-1.1371847267981026,-0.2703211991779282,-1.5344462304569246,0.99336651248969,-0.5576799901390144,-1.8471815043548125,-2.2078148421855186,-0.6261854179250825,-1.0333934431852867,-0.7199764562015527,-1.5854000567118698,0.7889958656532456,-2.4977715890120065,-0.6379312753763426,-0.9501024705842621,-0.21334784767723947,0.35176879183906506,0.5246335433775273,-1.2257740516612738,-0.6607627929469276,-1.3952834291247673,-2.2333596882659883,-0.02790280684511237,-0.6339566428888059,0.38787882370639726,-2.037875623483986,-1.8191643040813297,-1.477911157507693,-1.1487856118991207,-1.8734470272843642,-1.1375795167122706,-2.0640490875915836,-0.3400675512678014,0.05067960698886509,-0.7351153503745754,0.025319602141822717,-0.9701914487111196,-2.1157450496656507,-1.121971664267048,-1.3066492122735844,0.3219202464614386,-0.1913643119947046,-1.3290900159409742,-0.29039992248747715,-1.1554527785705635,-1.1835046015329134,-2.212944564159323,-0.42896408983571854,-1.7012505972882328,-0.881609941896926,-1.3954841225286356,-1.0892271957928925,-0.6219843677996297,-2.580841509969537,-0.4954597164820729,-0.36593893397856314,-2.3377348970885494,-2.0463321600591913,-0.004908013871908423,-0.08469806964011783,-2.0607447096827443,-2.2541469403334506,-0.27988581628839715,-2.798577907164848,-0.36097720713350656,-2.1753704204365922,-0.5648587998985217,-0.9098346312991095,1.0144766478645364,-1.1662005141359035,0.6528676867163932,-0.78678944213494,-2.580118910589646,1.008474868162724,-2.0953506379071833,-1.1294043900601958,-2.0367061491731238,-1.0227373444337984,0.1936622689309886,-1.5171642919380068,-1.0930489355606121,-0.26926303643741734,-2.3818816013335553,-1.1504734420307268,-1.10758374401911,-0.9697200355635451,-0.6298407382885756,-0.94631482411162,-1.0632387448662053,-1.8574428329370865,-2.0271257702417054,-1.4177566046926666,-1.3531477092669564,-1.4355953123259708,-0.5425022881912807,-0.4432281648291153,-1.2834037914819436,0.9246646237051788,-1.913366404359254,-0.6529911208372432,-0.034493948586362455,-2.5599656674054585,-1.170987154242969,-2.026398343882059,1.0816201248459283,0.07920887929229559,0.3996912822203169,-0.99022069830156,0.486381713231125,0.9564041974487179,-1.4493604939018878,-2.5710814293622595,-0.26356230095915745,-1.923039362120377,-1.931819118890444,-1.46886205874486,-1.712803195623442,-1.3934247656636196,-1.651454281238327,-0.5456826829804093,-1.7379278170174786,-0.1652736646483991,-0.8530727606031115,0.03947606111847035,-0.05291079183531533,7.5114844106562195,7.3473635228794905,5.478862407919227,4.119912037189656,3.9562648159113003,2.569798907358548,4.614671754408097,3.4718507587982885,6.0552187106226585,2.5013445649876926,2.8867827008040616,4.726959614388305,-0.3773779843129432,8.585164022587218,4.713703378949825,3.600155528252931,5.597196620874104,6.330972227278241,8.952210270725475,6.133830040099577,3.6212588414974993,6.580681414309705,4.748229206365496,5.4214357484035025,8.009047183008049,6.7521546489426605,6.9005683194181975,1.4058212777843493,3.8753996868566656,6.310905923223001,6.384611898029875,1.5594464145143498,5.200560803396469,6.908168575246542,7.107751217936359,6.347711159640406,4.513310652026966,7.6861404046121695,3.4681634810394684,3.749290275981892,2.5508412614565263,3.584109900588243,5.757299411431529,3.660534466961459,5.37271960375563,2.404070543969036,2.1851250761914844,2.4905237289060556,3.3823073494144635,3.060656524795281,4.545850973339681,5.184968589949931,3.663813699470008,5.108874945246631,4.382660024423227,4.533584039765641,2.4949122158057606,5.686988776928593,6.462685704017183,5.79899487276091,8.68173612858099,5.0279159813111844,5.564220677414615,6.261614807877033,6.574494995961597,3.463694608858737,2.438032658121696,4.1435129684098815,4.531064340700448,3.7014627940240983,5.912545695232515,5.429816016983108,10.751089531414888,5.859657766019329,4.282986733020929,4.772149493629733,-0.2488184707717478,4.887766416424464,5.379970705712593,5.57457730670234,5.207897114191554,7.38263556757515,6.152423856094065,9.861816442370781,6.063577012565538,5.480322550666246,7.473579802750281,7.423686314061269,5.155416470397606,6.600101231298221,2.7623790182545918,2.3849592214013424,4.277936695551432,7.772229738274362,8.249374042527977,3.457021511820826,3.2841371974751694,3.7118204440114853,5.684983372979145,5.969550122886198,3.3436151559862157,5.392842614809017,6.191836913005941,6.115591905292996,4.517153993136951,5.055412921554574,2.7807501531267715,3.0580246915233804,5.556561048749447,4.25021596218201,2.924540784408765,4.18330045132673,6.230821300566736,5.132446996996152,3.805731475911612,5.529870976014092,5.4467359318616735,3.9253729422750583,4.288517111405754,6.148771568873345,2.2470548992708625,6.7601697294690375,2.3971264094467313,4.305950955721156,5.74317938011407,2.6339108750048528,2.8718333007779937,4.832525107071829,5.82068217175562,4.121376319919821,5.7004807985171135,5.058042562371268,5.474964309646818,6.384810919389252,6.926067965013884,5.666895055906239,3.555258059929413,2.9217855438964806,2.898200276130255,7.505262023147174,2.6183125183916065,5.008800480881477,6.443326846638833,5.9069142319145715,4.946488384189485,4.000874498287324,2.7040466447974856,10.081828144181731,3.5391009275311154,7.198658933415252,4.3155897784041795,4.919785471659091,3.10264453796246,8.245678842560373,3.5055048128266177,6.821354878793285,5.925180795333204,1.7034134218561454,5.356865875853082,3.2873482657588333,4.795919057045272,6.034136921812669,1.1990458712076881,5.480659619969935,2.82827134108629,2.5734470265148244,3.8833337988024264,8.709704184987112,2.1848242009060828,3.3493446090855574,3.7103366057705767,2.6478577314588274,6.0064469819277075,3.7612250180403803,5.6436842499646165,6.357964382698712,1.4230279442928002,4.541061426134102,3.971125132891385,4.588762663290243,4.073429710555654,6.016296750895001,7.044999379688034,7.252998113357313,6.23364049226584,5.577113670102399,4.327306792775813,3.9335223479351065,4.480847168018921,4.663946683106741,6.134326741688984,4.766878608047824,3.5280520125804093,6.65194218181972,5.960099599380857,7.720765977017496,6.40532258611567,5.336720057568767,5.07063909307674,3.508564309794825,4.947850173525854,5.496933933395507,0.24792170723138884,5.72681151102147,5.091051969201936,2.7752668865500603,2.196052875169746,1.5357839422494242,6.255666053539798,6.494791314515166,6.562836137760556,2.7327878150797145,7.295322728453348,5.38808007362058,0.006950019886423853,7.610798238470204,6.6459151052580285,2.8469892921973567,2.6002704383526996,4.78478918304062,4.779273777547028,4.1982632104387925,2.720268768555635,8.101179658671663,4.610762025623012,4.175186005613515,6.66705119376332,5.360436905580002,6.97661137858107,5.687855871178462,3.8393517880318484,5.405706434128536,5.185183755193857,6.833291982513063,4.748476809992475,3.8225779999720704,5.5856621744223744,6.821815205278648,1.2615947095546374,3.2168493355428023,3.876761550472361,4.114515810315964,5.107177736633668,6.210545419148288,5.913278356262583,2.9048617742906098,8.702992487856088,3.892525336928382,7.843504825223759,5.320277639278886,3.169178275806626,3.9751982091568934,1.5460429157242972,5.032057162031605,2.5659617526170084,5.121701610631502,3.0915423745599466,8.737763607145604,4.233208817643225,6.50122094328182,1.9596000056006968,1.775303329992048,11.068011194916714,-0.05105105992220338,6.504934465724506,4.679854696229951,4.105059116903327,5.833000243026428,5.787091092636424,8.609496446772287,4.011761534040144,0.9788625104644577,6.3983917009918105,1.556762354027553,6.128298881194785,5.803982645882943,5.442283334795802,1.8246348900525144,5.970645812836462,5.858577633168589,5.870002732637156,3.3642937706985867,9.665745626864098,6.5217150836853,3.5764385304773123,6.982881002703001,8.021518530115014,7.132405569214809,8.200791975223687,1.0690671546943893,5.68833653727091,6.9282114356590965,4.94016866972738,5.8546205164107725,7.39535099172504,6.674172744871724,4.495781633368774,5.4098633354103765,3.0118455620686255,3.4800972315578473,3.7821008391490794,4.428746634877652,6.336164430088238,4.252518427899807,2.4168414938680987,7.6103056964409905,6.9468416428162865,3.7681443308867655,1.069174524921296,6.0169617310808095,8.50404306455048,6.044803439972083,5.916561542621414,4.1071906994774805,5.116658978360107,8.342325516319283,4.276842326291295,6.036989300780791,3.235574289684216,8.910037131000445,3.2574499454510852,4.674019290125468,-0.0760461402878514,9.35975313021805,1.817896482208765,0.18936561778537264,7.159015203636634,6.776617159704065,8.038999227284414,5.80291698247005,3.8821724949708067,5.342189886029569,4.916021320013968,1.3827212010306082,2.269139921716769,5.094621968529447,2.7616647725066037,3.243974535195656,5.782394685252524,5.198241769205744,6.595045294170234,3.935027197516562,9.83900524978953,6.263575929543127,6.470263141183258,1.1244070769153067,4.662823260398296,2.966002952493384,6.856112172445393,2.3588715766721573,3.752433382123024,6.585563037795678,5.874278408799002,5.7600304729692535,6.154682987080396,1.536011153854702,6.952677873553434,6.07295137174477,1.7090219014248085,3.2610035404230637,5.983641721539364,5.555090985669192,8.456957744705736,7.102749777078932,6.902548090242917,3.7872204156557228,8.428591331509832,5.898064985022761,4.474642856508845,8.06934302037759,3.3706079169453043,6.215278427942748,5.263933215053146,3.9305819619523903,7.213271535336814,2.0208970360512875,5.9047971930261625,6.777871891783155,6.324993510228914,4.994078577707704,8.18654260687088,4.50387823264953,5.965515731640988,4.390372920873606,4.498194194374861,4.6786845439345015,7.772517176984248,6.388675215749593,3.87468294673089,6.69365707889931,4.644574863220913,6.017425666782415,5.840001645795821,2.6580077063232728,5.434373335902859,3.035857915523579,3.2860799263850273,5.5634315508828225,1.9523586420515282,5.186953684726512,3.563589429296148,2.1676192977387174,3.3259671459804228,3.5854090976928394,6.771462415115933,5.317816090330281,7.704731386498846,2.738525859161772,3.8283454359859204,3.9694638990949063,6.641290838526305,5.512083960301829,5.455833762565665,3.2220960808513173,8.325901332466719,7.692547864057513,4.422904725357273,8.398850611548648,4.490207160457354,8.000960010207173,4.8872757597680545,6.346578654288207,4.597659428960583,5.757011393387523,3.412827225938141,3.592018728584555,2.552049278722395,6.50117361926654,5.747491080238515,3.476929619832652,5.886541247437108,6.307364641803487,6.171927438037818,4.008275412057345
49,-0.5694952382814503,0.31541835605052904,-0.6467188671214623,-1.4782012129106505,-0.9803615576534767,0.39569231399757765,-0.8560150888768687,0.5332263562336026,-3.4009280991376776,-0.6084973031006168,-0.9230633934966004,0.3049836622372668,-0.20356743007225098,-0.2753975957200401,-3.1453121712543033,-0.8891466488293617,0.014395533107909086,-0.27021998339570863,-3.3539552300189412,-0.7361619387252543,-2.141146460485901,-2.0600782889704563,-1.8659221055219244,-0.3395957690389879,0.7816492201136993,-0.48875017220041084,-1.1633468704836474,-0.07519427592908501,-1.8813903409242445,-1.580127485486345,-0.32522514267172487,0.28417076396282304,-2.0387678560054403,-0.1668137455966,-0.1233093726609018,0.14235994951288755,-1.7397963417840372,-1.3073657383555464,-1.687634009274447,-1.9197384649131954,-1.8234294800150956,-1.3401501029469371,-2.2605803705954166,-1.2172738508110865,0.28298500094883106,-0.97945398646259,-0.7519190912019256,-1.954572637282035,-0.27348293974168636,-1.496167818749438,-1.741760695072473,0.9263606959660493,0.12772611327231664,-0.4494978561806423,0.5700687494011527,-0.9780591554318522,-1.5894723316612753,-0.8647061789896229,0.07343035989114677,-1.7457446752685337,-1.774658686337034,-0.5663399184048992,-1.3811685728293661,-0.29348713453458075,-0.7232054517064368,-0.39575599808997886,-0.9802855532601031,-0.868723009931866,-1.4786846882669327,-1.0658553085051403,0.380920849095455,-1.4811897661301872,1.2783561179354468,-1.923177697249284,-1.0075429921065562,-1.8546791243694005,-1.8974168136476357,0.05046334270042996,0.39942352821162874,-1.0130458980019597,-1.8751532111649054,-1.1861203045017854,-0.9122111835347403,-1.6224453659622209,0.13579597446078262,-1.0947767126760815,-1.5904933056640322,-1.2961799030108456,-2.4594016665799456,-0.9241520854295283,-0.3306243422995714,-0.1774384627313894,0.0036514111742762534,-0.6741320895892123,-1.5669172242866345,-0.9801958767704151,-1.2451198319972663,-1.4809135908532765,2.02160165719753,3.5300019191107435,7.218388689301307,4.380987471899333,1.4574108944499704,1.2847196120256505,3.3501961993497593,6.278650098579281,6.0899806612280285,5.612777744420596,4.92948458975594,5.298385944257293,6.093428009435478,4.079846748529998,5.555745077331033,5.174856772880061,4.525298496587078,3.6843314113084666,5.737003866903716,4.961267411138436,6.462213113092885,3.2581347542673207,4.7456097487411615,9.819992337632584,2.414053046236795,5.1730089020586725,6.480305081759533,7.174393312115496,4.0280208043109225,6.537758142880989,4.377315826788463,4.74246938008539,3.79352044680855,7.43660643861999,3.9931125557223934,3.814234401771335,5.624629168310923,3.2463289216326103,5.639407808548952,6.685634361969782,5.6997237421897955,2.8120840345488194,5.333851255694669,6.551524550465002,4.824039088629225,7.400096215141393,4.418469572749813,3.5985051100654286,5.42986428546734,3.9869187001574065,5.922108387066791,6.379772969897914,6.471355365766352,5.0731494574147415,5.688561487119772,3.5391882413799403,7.545007289667471,9.974725377216243,5.312850703165431,6.687145391952874,5.710274939459699,3.85094856076981,7.491209625712941,5.69184913764341,5.368198068798458,6.538063891628745,4.410438143439541,5.454345226491794,10.502552997851051,7.665935178417783,7.290230098234157,6.30912979485177,5.640431171531387,3.125047645601758,3.052607862420862,5.873257245194938,5.2253272959148465,3.8424970958155793,5.763626749159371,4.958912823413437,4.129097208490689,7.166632432366731,6.724402781855076,4.1145900022649755,4.606492165539376,6.494649686528049,2.74765550989569,5.729834192393977,8.046284904280222,3.685810412570002,2.4928137672803623,6.383008013810891,4.27787529459409,5.049217643713547,4.476636175407391,2.874552157147099,6.61956060201296,6.924571263628824,5.9678417615393675,8.699109189367762,6.655930494441396,4.757683143168213,6.242971440064853,3.383038217751972,4.079665628295014,3.9477609452036146,5.927734840047508,5.602478590651267,5.116095565728162,5.2590106306958235,5.860074880570864,4.8095105752859615,3.679309970975143,5.793308589550135,5.900520565036806,5.060350293377043,4.980357225379972,3.578448336874234,6.77974908033043,7.160577657342586,6.909079563266608,6.562177438481509,2.5850793864164734,5.523089587972889,3.8139548632542435,3.3873102610444055,6.905282144260253,7.8611192465944395,5.987270930605472,5.395470612076297,2.9636208566886353,6.202444680669778,1.9054984926603704,8.23979457318053,3.340318303796523,5.096862516382366,5.697655702067289,4.090790265875754,4.04076823897492,6.000740459749236,6.810337117340532,4.339498720060718,4.139383848591196,1.4815902668190377,4.519790861420663,-1.2142305224041445,4.722416708753626,7.366280702204296,2.979395090647624,3.709625651304277,2.1709536089408017,6.721949944896396,4.316555263359602,5.373154864922487,7.658095360963656,5.4624848805082005,2.5442103430567045,4.554873317764997,6.573803228447433,7.73573214949832,5.643150761946066,8.666970531863532,8.181281626337626,7.906183617335673,9.070938402510116,1.6411668712362308,5.232525572699431,6.4270118044029365,3.5370344599280577,1.248620601048858,4.274970185581786,3.2125829505879047,6.340563696742784,4.653212647973629,10.604850249819174,5.769025115285022,5.164657849265183,8.488051683390728,6.363553839858893,5.752832108317998,4.032686734655551,4.303110634140074,7.86823349066945,8.069591712894727,3.9084797419042108,2.671668889036792,6.044882902103497,6.801144181742404,3.496831521634467,5.553106262197403,5.098221549336094,6.9724737176961895,2.4265664640777334,2.8706171745186024,2.3031266338820795,7.222331913387845,6.404439067435629,8.170983205798239,7.5608681442278485,3.713363751582422,3.5088866563586136,3.1508639369201044,4.863768626778954,2.370155750013953,3.2292754205690377,5.4336587908287175,4.781653624260415,3.4296321083159453,6.019372146000547,5.614300606324191,5.268949263987136,5.051206384654853,5.633026210842395,3.949288054868939,4.798030457805423,5.708105327015669,7.764628023545731,4.17839158320502,4.569615710860391,2.705175584819222,3.0310155406100225,5.050379022475177,2.5924811298575166,4.049859907359357,2.0256086697787667,4.1841550202543845,4.628771405343726,3.2135293249958914,4.514934764348911,4.593151209807458,5.108604535783712,3.2036303772628236,3.4944072816085328,5.6369562926109245,3.1326085025355335,2.5467642159979946,4.951653108460835,5.144456761277132,6.4699488391375155,2.515172720103808,2.1259085095690566,8.724087968049476,7.199985586508923,1.9367771421688853,4.232097520485321,5.552911586204496,4.872034185003735,1.9529164484773958,6.5762973612770095,7.753519044461376,4.739290263499985,4.432730507129486,3.6286485140929505,4.490656416924337,5.357381638425987,5.376771751895868,2.833590374044654,6.005433656382816,4.829259870842682,6.071641153567535,6.047953051686435,7.147473871757376,7.416050722077612,6.66410863977365,4.794661406114853,6.668807912474635,4.027178208516644,2.29984648601756,5.8613776943019,5.581254918394576,5.694637206464336,1.938066900214137,3.2734223632705395,5.420518405190846,4.309781138844673,4.014343401568358,4.4790619258318625,1.2619392419507864,6.718761743471917,1.5513609040965615,6.044759080013761,5.11154135183877,5.7120796182655855,6.477583156861332,9.73672632126803,5.6374818619873945,4.629513317937976,1.8204066441335094,3.045467996406169,1.3044861013026403,1.988746452878452,3.6062223275576235,5.973641595439489,7.27728221419747,8.502305950960315,4.46492203456088,-0.11271175385024534,5.621652873111775,3.7110743625664107,7.3831592850051875,9.535441292360062,5.292347614524111,6.021543949903253,2.8848107721191933,4.529565361574137,2.7046001016903176,5.699952727580713,4.790293459099959,7.435510869154621,6.375386562336073,8.282667036610306,6.215914786419776,3.9427535362752915,6.961186581489351,5.3525145332816555,3.561568515612493,2.900823051279567,2.477606831540949,4.337225486696027,5.9963562543603945,8.240972631154046,3.195284641167086,3.132784401397518,4.505470543043223,6.130900295875583,6.065755883509499,7.436400993480756,6.412108499092026,3.757137559677326,4.613894547416331,6.160805515716508,3.032654120813984,8.103677299422886,6.36374072191555,5.4360889406860355,5.039234627567931,5.806725020335915,5.04453088983725,6.7410316365646885,4.870988717234827,7.124145818294561,6.413851544010123,2.9825775434538166,6.918793607689363,3.571309291705421,5.733740219820302,5.505916468174076,7.091276392799899,4.202511826483334,5.184334784979908,6.645427550500769,2.8953277822163765,5.279720614070224,4.99173383225578,6.500260986883589,4.707613564933824,7.730401474992895,6.398611676405238,5.544520860696803,4.718068151131357,3.5545933494352413,7.1528049253001384,4.086455228309153,4.15700907001806,7.007868293089254,1.8896888316189653,6.925792472997783,2.883197137823013,5.66366015064471,5.419637850419201,6.487892756452107,3.904095500501109,3.2130567638562426,4.650828207665605,2.650476643026725,7.712372505287004,2.567290506166643,4.39199672851938,5.566623832849362,7.712694389071404,3.6874435851801977,2.992389498006253,5.715786473842846,1.344371889979263,6.672809979496689,4.110763338541674,6.078395944884422,2.2153588240237223,6.616076914554432,5.972514604670329,4.9665886988560555,6.053515304401614,4.4575996845985095,6.487479939213969,3.025763953349849,4.954088079674793,5.751755593318309,3.18398055113256,5.888983227508944,2.280370630203978,3.4835302153394565,0.664456413406513,4.048773187679243,7.566888531504409,5.747019052763705,8.585500596345433,9.829176102323895,8.85046598626434,3.848293676570852,4.177320393728518,6.54250760334979,2.1016485620508885,4.936091221719352,4.317957457692519,2.9209603004222586,4.503702838846415,6.517153267327158,4.232179966925638,7.787059524978504,7.827626861707381,3.5791714474821705,3.679051892603706,4.047627241496429,3.782395041663842,7.854252420198307,7.538947675131842,3.941107752813876,2.5760133153948934,7.240268666539499,4.152878531114865,3.8022122874475572,2.8470890770341657,4.402927442680692,4.1740615392155975,4.982519594080301,8.838546141758318,9.432518355369059,4.790840203669467,2.718847791298757,5.055900882014397,6.723956551914216,5.108470695234564,4.552014199507596,7.217964412666678,6.665871332115822,3.3235908144376527,1.781195628177358,2.753481095032185,6.219988651047616,9.045853650169835,0.848537154373612,5.20168663441662,6.25879417549794,1.6352335970309553,2.055358997079941,0.3299995137306677,6.046178862104206,4.061396741847304,7.3628896971577795,4.212614505728253,5.048650684926751,2.9112278959296156,6.344842493649993,4.850685788812255,5.469831066067356,6.604402722292558,5.126694778329402,10.038260212732872,2.444395771279939,9.742092407546124,8.34750797832217,4.39032804864201,5.204326766192533,4.1897389817754584,2.4192851058468765,5.564549106046208,5.285047697439522,3.547294282659653,5.658262957670307,4.99560142492421,5.416954669217375,2.2834087122096376,3.2853238802176215,5.3294129567296675,7.397079096785085,2.599125299501463,3.7184938118117854,7.012267168384479,8.229484393149976,6.05792179928533,2.3289786223729454,5.3821371792038,2.9734854964550443,3.3327627073554122,4.637567282799581,5.155829673314476,3.3136973146042648,3.1402961715621345,4.887573343710992,5.074181003690875,3.9416128256506804,8.672755852639883,5.393687681734608,3.422146938690557,4.186242255368401,2.904951316214395,1.9866397478611493,3.7393416968433955,3.4231493081916473,5.775760370117798,6.563602355670871,2.830801917767983,4.327974570978467,-1.5208124693149054,5.0122424537950785,6.336798527803411,3.6431479219619316,4.097019863667479,1.2398208671122108,5.6146872180543745,6.398456460745643,4.9357915540812,3.621659362374846,1.1802820240662615,3.101952487291761,5.138842432646487,6.471380445359336,2.259128061311834,10.731608370757964,-0.24744835292908274,5.6303482496068815,4.53319921704795,6.130874024508247,4.826443246080596,3.1421840751395695,5.583518252347364,6.10987000570954,2.5224255634509194,4.966866469691487,7.406537395692261,3.0551166694903187,3.1173879695405065,5.401199255970722,5.933219316962306,5.27839721918129,4.791489585051614,5.901497748668152,3.973654856146089,3.231683978542501,2.4396776423690847,2.4338192483977754,5.248598033647625,0.3256774006882539,4.753503886498928,3.3174625981105508,3.1262005400075576,3.880815508351723,5.970138571772943,4.6541510831329225,2.225288503319411,3.972063768960854,3.9231432128337613,4.255421122375173,0.4865182758309876,5.105643970310582,4.919116940438677,3.7143642861556856,6.300933561809979,4.2401051491390955,4.615174734423143,9.235672106562973,3.3826884208987282,1.3592471106472361,2.4167472322736687,4.321727610802687,1.8593188457074157,6.546515163985994,2.040442307653352,5.786330017717123,6.390349978019115,3.8779770656234476,3.0349430860134983,1.4671991154987198,-0.001686097619955973,7.447536961652258,0.4448610540382312,5.321102933232085,5.595351390905013,3.8651550753408914,3.134180017426183,4.83968639312789,6.1294664130561,11.519495740235133,5.148880747435638,3.9406721089138834,4.364856209189369,3.7934389710148557,5.708202036683674,3.070251441350701,3.962900071251981,6.015958349191186,3.7440373721545446,6.4262277303128545,7.47178295567556,6.549010894003228,2.4561706459038857,1.8414257510603038,5.224190820788096,2.2021453463013274,7.129062760703059,3.347858494227082,1.9049035200375362,4.038269303224787,4.798549321841873,6.644698218808856,4.632496749145484,3.964740622821094,7.8691164635251365,7.2859784284348965,5.483157151885885,5.885870410976298,5.440793164011504
50,-0.6564537956110377,-0.2774488211367214,0.5381435853388243,0.10019055510428254,-0.6767212585831728,-1.2008532915077226,0.08595002619318959,-1.5575387883934282,-0.45363265274943254,0.10185935221900855,-1.0433313897036924,-1.1375367640916938,0.04681721377385961,-0.5914905378619768,-3.816809104006455,-0.951172915419719,-2.274590537041698,-1.7402155706963383,-0.39507908602083386,-1.0692943867901947,-1.360747633960171,-0.3011014670650545,-0.2775169683917117,-1.1288624904166942,-0.6759921444902395,-1.2204731541727905,-1.3037724802301334,0.3395324635268042,-2.2157021333104474,-0.788950973885161,-0.550686188852769,-1.0548361807737887,1.6055619362068523,-2.9575336345566123,0.37359922433341075,-0.6704256666587989,-1.5445503385473,-0.5685984275149429,-1.2878104652080742,-0.2290682664189172,-0.9850805680831843,-2.1229808511031543,-1.1954789450871979,-1.3787771661099142,-0.17265947980867435,-1.4886252072299628,-0.347650899250993,-0.3233751946276562,-3.227007325123537,-1.1512826822234847,-1.9555756507657076,-2.454558427459012,-1.4306933219362734,-1.1268113957522485,-2.1298583136283034,-1.6160134362595562,-1.1163209203322542,-0.5564284013288063,-1.3493916912140769,-2.3193877696610574,-1.8650005868055044,-1.1517111314735546,-2.303973762085068,-1.4215523295578223,-0.26737018509554644,-1.1086739008196556,-1.091661434451869,-1.8555757993737767,1.1323219197093457,-3.2367184813596497,1.183185148209739,1.0947478510591835,-2.487728935041545,0.48501193008347987,0.4560964741286895,0.11620039381774405,0.7090574870298016,-0.12815402174123047,-0.7674400506737473,-1.6385038377126664,-1.1223362876452005,-0.733815830823313,-2.4986289828871007,-0.7470686751066937,-0.24207394750726008,-2.3174134889010762,-2.043594472647885,-0.7049097992243774,-0.28569930453414305,-1.7862340342481935,0.23114121695094636,-1.012506261982702,-2.0084299994032375,-0.2631026816357367,-0.8073031703357396,-0.5328313543202097,-1.2292714482863647,-1.4454633723941712,-2.9712752763647092,-2.0987657871929013,-2.173963539607629,0.5355394027824107,-1.4059835741675253,0.7203776712546843,0.21949244761783748,-1.5247359855814273,-1.6463524173786235,-2.045921875331234,-0.8376960560960038,0.2707580603939088,-3.3460784530858314,-0.8348601862981779,-1.6508734781727052,-1.4705626594732366,-0.20145531799828809,-0.759096111953552,0.1658807223895078,-3.0202142443415134,0.5228202551027306,-1.685101211351928,-0.786308297792325,-2.0276748063652317,-0.5344964679951913,-0.7360644600425112,-1.814462067661748,-2.2851971415289993,0.5478019115867294,-0.5434733539554621,-1.7468714064501487,-1.3019183867539432,-0.5247037665216197,-1.8761198891599964,-0.692239857000766,-1.8783003400817146,-1.2616156062364217,-1.3641196633607748,-0.8281220481437473,0.8237818459023529,-0.3965473710206294,-1.1132328395960214,0.1189186669053155,-0.3773025089833526,-1.0827646650391511,0.3376023304479383,-0.6463830272104597,0.44091883917468233,-1.1602182046324583,-3.4119921295497058,0.32751457541029083,-0.06468161766781921,-0.6199373716012638,-0.27748226088182526,-0.22587715500160044,0.9735978167394561,-0.6726689924612251,-2.8165358274796946,-2.5855438929934573,-1.0801844404264078,-3.3241149255611133,-1.2018637183727556,-0.5592902963853548,-0.13441268052658695,-1.4479820837912434,0.816872150477467,-1.1730168977465814,-2.1488022985873636,-1.5397979384287797,0.5662596306153251,-1.1710928434517807,-0.67627662713832,0.6238319123253795,-1.411049194935092,-0.41324962371661655,0.4564570106372383,-0.4281541957594679,-3.0383757782436303,0.8204604341098811,0.6914745062884233,1.0247000837717843,-1.6247811309347344,-0.44047239219633827,-2.579986918489266,-0.21815101726466357,0.6812294928914444,0.8714460985324233,-2.8103729523425645,-1.5465906962734235,-1.2445965682074978,-0.8827413977841357,-1.1287551955822899,-1.7390083764415705,-0.8338267408554735,-2.0065912028902586,-1.5979562039781021,-0.4900007549258576,-0.16546905901282016,-0.5980417573963323,-0.2105360792703711,-0.15626029447539946,0.5458409363974701,-0.027246002599664032,-1.8689436552538636,-1.6596763142640292,-1.3841314123678163,-2.4823851575529643,-0.07353062606726046,-1.6114664499441373,-0.7809688669056338,-1.7052124504925432,-1.9536617907310987,-0.48929667434486523,-1.0877749145640074,0.4998585971362981,0.5365756266445065,-1.0423545150748936,-1.2808167069658702,-1.1854531955389556,-2.943725214966559,0.28318492026413145,-0.8550686473695112,-0.45084676435894344,-1.2287073817871221,-1.2746644916225778,0.2908967768956825,-2.3746662949440442,-1.5664632917547308,-3.4013783143498006,1.2413444112436696,-1.5369285265469055,-3.0101437755958185,-0.7520093229233007,-0.14302707934537395,-1.760834906003939,-1.7637457891257209,-1.8447341380700233,1.2094927624359268,1.1323967149907186,0.9619183772240156,-0.4861086247501393,-1.0449005562701685,-2.0702891635762493,-0.4953160281520621,0.5019170360642802,-1.3610043756880337,-1.8647254285680317,-0.301452293289991,0.7585384953726007,-1.2828150363680684,0.2310931626924586,0.7419142981959084,-1.9066418262595661,-1.7379014450269903,-1.0745618259958412,-1.1950612568861383,-1.0975166658101472,-1.6138456788731257,-2.198071174893057,-1.415400545329984,-0.6520067806968859,-1.3769639581462987,-0.46265308003254435,-1.3759319850943186,-1.344946717752275,-1.9683085202631634,-0.9053533227474383,0.26831997680133335,-1.0937309480210713,0.12379547275030034,-1.7938256863830433,-0.43367259841408834,-1.1989918093334455,0.18409083256905867,-0.6729262894887147,-0.801898279579816,-2.139910379624668,-1.4677231893461602,-2.136063219938828,-0.6724118978779532,-1.2366642359709001,-2.524850163096118,-2.233536599485225,0.16458884610429458,-1.9003220752567187,-0.7681980022290571,-0.13972340295278207,0.6341383467697259,-0.6152636474520311,-1.8058547672202607,-1.1857816400886665,-3.4717861058049997,-0.7055205425252746,-0.7325777696695922,-0.710305241040698,-2.4306125551814954,0.33878300788069415,1.1411135153742658,0.052939613493694804,-3.6177665844551727,-1.2652790922685746,0.37210611563511575,-2.0078251313476505,-0.527083255523286,-2.3958658948020455,-1.9100793323138139,-2.703484977820218,-1.0994513487645445,-0.42303743813327666,-2.107171646795021,0.4540864149538413,-2.9933779773130214,-1.8552457836385006,-0.42962440871941376,-1.9322086345219858,0.007572209198618118,-1.339530834340233,-1.1625323043858151,-2.3626260642716765,-1.3702719208897247,-0.7249548166522601,0.17575154758912515,-1.3069636547124965,-2.1783763205035753,-0.9280154603314357,-2.4947105343472593,-0.37075309699739956,0.08117126755181037,-1.5458094968046994,-1.7703769237865332,-1.933826712173496,-1.3514307499328362,-1.627477748254236,-0.9999998978910766,-1.4141006054020342,0.17029967312455385,0.06869957974744989,-0.9914911218114054,-1.6075685525979346,-2.5296069510820827,-0.7564602842531045,-1.4831713103044066,-0.9928566142486964,1.017417135410298,-1.1643904410538444,-1.531719962137562,-1.0454633881891922,-2.361795960425047,-0.7885435016117548,-1.0085356897290703,-2.639557888572906,1.2254981185165286,-0.6644802575035278,0.2326846563310716,0.3273538665639697,-0.6667054845750015,-2.466050574506813,-0.4965741011307665,-2.3445239953783883,0.39536651436422443,-1.3124671092105387,-1.219068438771995,-0.7559343168945326,-1.390180011781779,-0.4377727393633034,-1.0761395451015718,-0.043828928784108045,1.011895967383567,-1.9404851761278619,-1.6270917739363004,-1.2424940572789913,-1.2649097888808114,-1.4008437621033276,-0.5581046650735209,0.2767854130723042,0.09798782316537857,-0.913874925375047,-0.9334395137111263,-0.27743456226171936,-0.4938766613078136,-0.48209088830842384,-1.028460733084623,-1.032014499246123,-1.115350810692972,-1.4639385990811196,0.06121737414751771,-0.4793925241698668,-1.265451669884384,-0.3947278770051641,-2.7686216033538322,-0.995537693660849,-0.988139705775166,-3.5497511395493357,-1.638870767304439,0.12559380562957534,4.398086468754426,5.378250106359266,4.058750922998725,6.432995244963957,7.187318214901692,3.9171595976947904,2.271070922940918,5.450088286945209,4.380699934251286,7.562235005261433,4.559893989996969,6.809088603390164,2.867644482929275,6.997261694413791,7.209645226603506,2.7724675769980918,5.075886757626988,6.915909501076933,3.5359847055832176,4.758275602416121,8.072286639744052,5.579598225274939,1.3530224222853224,6.3560208228070785,1.4619728227139106,7.036900557608291,4.174858491701971,5.736551689698017,8.00030244967821,4.921867255069614,6.539508873635729,7.477769900982723,2.8662706808623137,2.196236660697359,6.2847493526337015,-0.6776167105125701,4.741748696925331,4.394639294162354,3.5102142690490714,5.702846324541043,9.991565191239506,5.258095861615571,6.38966020215735,6.35066833868308,7.475123337356908,3.0877583552112795,3.5968774039047173,2.432083577958499,5.919117144735747,4.138538458629614,7.772872587846477,5.965666081057691,7.442075600841263,2.7196050654385475,7.405100630806733,4.7528451483712875,2.8850194027294744,6.54523517036795,6.651388679272168,8.258068808130517,4.190892892526256,3.168328066294012,8.604689330179554,4.049817583873628,7.280439924396723,5.3706588967197595,1.6630193946766942,3.380163267478519,3.9363069537709565,3.8613009440974126,8.494725118742629,8.134765843184063,5.698456067879932,7.746217398815197,7.489576565598547,0.8271536505344503,8.031137221346318,2.735497755266874,3.030501975695716,5.034573861962092,1.880076159776566,6.561815662394764,9.554084339938175,6.886023331392201,4.689877936335222,3.5978897302270245,4.74038098086589,2.057293830374514,5.6325170199542685,3.3660997725052777,2.9884869908248732,4.195085825325799,5.829203974629464,4.010383849828824,2.2657225546636615,8.60223445178295,6.114555461932808,4.588886392291083,5.3919182891174735,7.4695014922556515,7.754476320778233,-0.5187018267891723,7.214466755520437,6.918561994000304,5.607709967645108,6.301204372296552,2.6855872570105777,5.437811874457875,3.8390208321138557,5.953234113594725,4.517966345608561,3.773787770619524,3.8568861855446546,4.218167160463272,5.211048046402803,5.973333192915619,3.1577272629120747,7.277824096745675,1.6779130046961814,2.832080312348241,6.628318192991655,4.561366195390518,3.0323706537802826,1.127898077648262,5.749981156793688,7.6851508469780185,4.757129535989657,4.409523369681159,6.264279988649728,4.01041212355615,4.257775529674101,3.3631759780025083,7.0773367506208675,4.61406377526482,7.30572139132562,6.117210227800044,3.9384043715298223,4.950584288013901,5.933024888075347,7.487572465225922,0.4500814751629756,4.960222405515534,4.384586662990014,2.4222307973073147,8.502242226399925,2.4312436198151994,4.164345859091552,3.774676708343282,0.2947458687173423,6.635738235340877,5.934203140332307,5.524877632392172,6.593116578160857,4.730858056519324,1.7814691017225752,3.2062711163804973,2.627182593098336,2.375919437971403,6.677473280744608,6.3502809985076505,6.58717639554529,4.878714678976861,4.391355391758327,0.6373559966975568,6.5690998418300355,3.451250157362738,4.6605481505261475,2.4343782913951544,4.888007986443806,3.4508530654199174,5.900311404041574,3.685928952724966,5.771416923697767,2.7908999922519033,6.095111344116644,3.228397405897291,5.299670277028275,4.523924498331449,6.1837792031289265,5.2359598972791295,2.8769761900162183,2.2370098075242186,10.577599271183203,6.335887129827405,3.1487811317943057,6.92949706586327,6.5394568726135835,2.9898478807135143,3.444931500677102,4.219758781984859,6.561288326169235,3.3564806664715774,7.412110386439959,5.881101996722183,2.937800426632271,8.666451799452124,6.846826450360625,4.977773746449363,3.5635768142392994,4.182813368059965,8.238787216006468,-0.33876741005099564,6.775317468026362,3.4527012334076987,6.601984087973327,2.756381814995331,4.599077118620903,5.437285703366593,4.61006786112126,3.8084484461743946,8.12896070725499,6.434086913571369,6.180592981924571,5.862706560175585,6.359935157176818,4.896298242924551,6.499432650749703,2.848409552321439,8.120643518450885,1.8382194837352648,5.522057123647597,3.1926996948283617,6.230780372804928,6.173538761153318,3.498129820963566,6.368206933365111,8.756773562957244,7.652410847958806,2.624185903919258,3.4366694496731434,3.9973956611291124,4.098119788342489,9.51753256458392,3.1506901927637356,4.376068798363954,5.3544931352887914,4.6925512906376525,3.670794781619458,3.134046634888439,1.7128450669009347,4.56229140802879,8.01450406146388,5.254607825671858,5.025897399362289,5.551364397079255,4.132357786659478,7.464331595304407,3.341762791908521,5.973005701354833,4.223085362039172,5.14758235616471,5.642122552563921,7.034174816379505,2.9390505876328414,4.0987069735169,9.236696092722777,6.561631388191376,3.0595394015178607,5.107763038644952,5.177842644144797,3.4412709736915583,8.672092506395987,4.235516432442464,6.099831032482623,5.580246583802629,3.00705881357242,5.402028753139071,-1.1100333530113131,3.5937676336762854,0.7293123586304526,4.064968320986379,6.051831190557294,3.8824199411328597,4.64295577011296,6.624009623421616,5.595847602363779,10.72783703072544,5.164570867642047,4.614672184663854,4.616402719932352,7.63631368571802,6.738016932901201,6.895740296823324,6.050634412754345,4.458045719399416,5.304230136287683,3.098219091251985,2.845209957781511,0.13044367100005427,6.097198387327977,5.085417030934472,9.49022880719781,5.956907250190434,4.666167512796478,9.79120456833271,6.246066260331947,5.056483428784849,4.242806544545762,3.021729496905377,7.2892518058291,5.058398028589194,3.9625926047683384,3.7778334051854987,1.0267241421225974,2.438891693329934,3.1680012157916235,5.1224884979755405,7.08173935186417,6.956050002114139,3.0572781554506285,4.9452608877333075,4.832052848831362,5.075100562166999,5.138063183818149,4.028028051935684,3.591628064411367,4.319887054618926,7.198741917047769,2.6459488126590394,2.9119044635366897,8.513621236232394,4.915259569314637,7.945753210234093,6.534493787745916,5.419391139404245,4.436342454205872,6.361748473910403
51,-1.9204969195207142,-0.6691260715614489,-4.193229001300574,-1.2753348709329577,-2.782779857446328,-0.9433538102560184,-0.8087832312716512,-1.4984015430180184,-1.3282228301373213,-1.7597298662216359,-3.8267677613252555,-0.8311103262722295,-1.994731829819012,-0.30086556326685165,0.06891646707660115,0.03932854488826831,-1.992501719942601,-1.1554721120775446,-1.283853951193597,-0.4558484351667955,0.04802505296205983,-0.41193935701355155,1.0421384816362336,-1.3738075338686546,-0.32245268737982014,0.22777384107672516,-2.4538498679117926,-2.4528945731389955,-2.693302223073366,0.5149287487719632,-0.4935603007286209,-0.3210358665526467,-0.7574108092582439,-0.48210861695661134,-1.6561697965858304,-2.477565441953602,-2.232907381725834,-1.477513409696054,-0.5438905368480178,-0.4127250763596507,-1.4635542254831138,0.5325320070326813,-1.4196187113763692,-0.4260211820019988,-1.4119136466792528,-1.0801099648003314,-0.7178990654435486,-0.4849101260637303,-1.5972916885020214,-1.8374928390712193,-1.530137723014994,-1.2641985416556987,-1.3844553050474693,-1.1737741399776966,-0.32587447346000264,0.3995232361494543,-1.3584949579279986,-1.064582097485118,-1.409007249332754,-0.5558481099454087,-0.7841563444786217,-1.4604891936346511,-1.5295718961328986,-2.5522391814120153,-0.781988864496768,-0.2670438720185846,0.10839414584615259,-2.8030551300664737,-2.2116460687198343,-1.2970147467962323,-1.3356107531674146,-1.7415000123125406,-0.28514383222794415,-1.516220153729078,-2.169451916330658,-0.7083392170241758,-1.2065852230061138,-1.3171339656626626,0.6857607784304087,-0.7877964383632268,-2.2066234780979705,-1.499183032574836,-2.2553435314153525,-1.3141947801705047,-1.42845423857592,-0.6285844574827606,-1.9821581625875795,-0.7602121844423695,-1.124566864806381,-1.751237417637695,-1.3464289099124522,-2.168867057658028,-1.157821867795837,0.05300126237691205,-2.861985630860814,-0.7702474601099747,-1.1045912562945723,-1.9268198349603594,-1.3611523914309107,-2.2348625644370856,-1.0668827431655294,-2.4426308485056794,0.2744852034565244,-3.0995221348739994,-0.8481441689826922,-0.4454260452512373,-0.5488440253880283,-2.946102079104306,-0.9810946594928389,-3.0884535071543273,-1.9947796150472556,-1.5754499136893534,-1.4040663913005091,-0.517039786865091,-1.6860678417948836,-2.3927382462705467,0.4736537860918615,-1.9353598895133362,-0.021782838804977778,-1.7732242234111668,-0.30034614211049937,-1.1008356368577927,-1.7744406030474278,-2.7052627859305955,-1.428206133982011,-0.7885465147558377,-1.8412208247498467,-0.9653523450416132,-2.103901894688959,-0.14945914144371875,-0.23281738465209856,-0.05358046345388667,-1.3319422640573673,0.6959437329914355,-0.95893925470265,0.42630097696048175,-0.8558201108746428,-1.731388048898678,-1.5703913061978967,-1.4793938299148104,-2.384544575843009,-1.7402105419608203,-2.333817280201446,-1.4539447806419519,-0.7062765964255335,-1.6480774544816241,-0.23116504892170642,-0.5638529540122469,-1.8513729049338914,-3.37258212031963,-0.857699998165288,-0.6987797214618869,0.30963181156990527,-1.429349421857333,-1.1059863996911437,-0.6997917228768119,-1.1233920112767988,-1.6988681022140595,-2.9881374587412113,0.35645728571586877,-0.33907951338039566,-0.0036675837271729073,-1.2181421098931207,-1.351657805162634,-1.3930030855525017,-0.673329488970893,-1.6255300804583084,-1.124965277465072,-0.6353453622209412,-0.5720229057729639,-1.496787972039134,-2.298975841162444,-1.3328310835184847,-1.5886176930418774,-0.10298464553150133,-0.31511091364391997,-1.6662980404418164,-1.648875189389907,-1.3775891169286363,0.030266582708377232,-0.8997221232892355,-0.6913711351862579,0.62498409238005,-1.2681518281675102,-1.00134694951744,-0.43702895049500856,-0.22223240523405097,-2.173538303007203,-0.6330294268311807,-0.7225646651422736,-0.8333942820936795,-2.5698835543846323,-1.6831039916636106,-0.0286852955951179,-0.35935193468825066,-1.1738826702575802,-0.7876067442384374,-2.2340794231298817,-1.6608392049217588,-1.2997960791299739,-2.3310673662698522,-0.004795642528905297,-1.168735209972521,-2.6767201266375635,-0.06273641666169016,0.291631524904298,-0.9922987771998595,-0.07068584183360827,0.26441215243748206,-1.021848635439766,-0.15871284534462482,-0.9152541247888892,-1.1228481984718948,-0.1156318966790606,-2.274830965534953,-1.0306852095897152,-0.41639338682916094,-1.6767266579049773,-2.1661680365486857,-1.0620471768805138,-0.5965847497158997,-1.9391412823019292,-1.3327292441772691,0.04947542821117401,0.668127991266064,-1.5208860084507343,-0.5789352679457331,-0.9052000729414196,-2.4989003650994,-2.2652185251213015,-0.9035730610212169,-1.6359758856331044,0.04015971490467085,-0.09565481422305255,-1.390038412954575,-0.9731841145782446,-0.5020189193641738,-0.6625011367228142,-0.5250210160224739,-2.391709399594168,-1.5855199112492633,-3.150305052712189,-1.3703578537655579,-1.3195992583116003,-2.311957902023134,-1.9448471780698142,-0.7406865971928445,0.39428862062551717,-1.718140583218561,-0.16315186581804397,-0.5431021162271432,-0.041128921361529125,-1.3013887634531165,-1.8309526272068442,-1.8781555717172986,-1.2648197425090708,-1.9070543179880506,-1.8787685432013421,-1.5592547934762377,-1.8335392755286481,-1.7590601822004932,-0.5886683790298604,-1.2843543523530847,0.2988436411051847,-0.41680401958149416,-1.3834723867722718,-1.3413682445827397,1.3100986361363347,-1.4117379775263088,-3.619949329436568,-0.3882018059777611,-0.3146503289324487,0.47435346766354547,-0.9834325765791058,-0.17090316601886046,-2.7210536255712974,-1.884402208690636,-0.5087048195769955,-1.8459870877534277,-2.149053436071372,-2.0501425823199444,0.0377372535343401,-1.68818205545147,-0.2408403444651266,-1.1928483526214932,-2.2473456806974976,-0.3522125718330583,-1.8716653916979107,-1.6893249761227223,0.43031164547898215,-1.9511189308650738,-0.7295958100610203,-0.016520596510645413,0.3175527285102804,-1.5562232497155604,2.269849847773466,0.791380317460346,-2.2466888692901907,-1.7686108103476355,0.27137546895713816,-1.3427459308368461,-2.5137391764268617,0.15804238554284922,-1.6364180794309133,-0.0648086350157655,-0.34350243600684083,-2.857845350539785,-0.16965293790371538,-1.185353250920598,-0.9989013412792599,0.49441763304920827,-1.552235749406754,-0.9893654279810297,0.07663830214977985,-0.8670408471696047,-1.254357959254203,-0.6639229136157225,-1.527691104345639,-1.6753400500938749,-1.5130963567444913,-1.476878784450653,-1.8051928478652943,1.3323959856009258,-2.1298072121154954,-1.1158320097722785,-1.0893372449603347,-0.4404284636048198,-1.4402727955298134,-0.8736954068082384,0.5375940426622401,-1.8410804671409013,-0.5378275768972238,-0.8798097825324539,-0.06582427856712592,-2.797425715594965,-2.3609674798101317,-1.3778594082563935,-0.5236119507036907,-0.9033156076442065,-1.750987437116117,-1.6951812618923898,-2.3404451294466715,-0.9044687475929797,-2.7469315057394263,0.011575809655210989,-3.066659064401439,-1.1060663312142465,-0.08728592888994835,0.05846117772467774,-1.4672064975376857,-1.040190334142232,-1.79594691718626,-0.12945449104302842,-0.1306548804011909,-3.2878661579996638,-0.8709957425111937,-1.1086839286816172,-1.3558933397880524,-3.103912022564337,0.695010859959502,-0.292614724944092,-1.5134770178593935,-1.670918787099446,-1.0578470390278394,-1.2110335871108355,-1.462909182871682,-1.1982768283876006,0.7486129187215822,-3.4918597209678475,-1.971368526303948,-1.1118468832779729,0.2575408555832486,-2.141544321742236,-2.501043876315748,-2.022379710442661,-1.7519333611502712,0.06204297743681986,-1.4008561938340969,-3.0972934636879366,1.2839934963931419,-2.5276508171814616,0.28693722275971556,-0.11898728119336333,-2.160927037820125,0.14919516187495985,-1.311539311530555,-1.6370003757703753,-0.8554025718782244,-1.1063820144503216,-0.760343967471284,-0.7028497198697594,-2.042186300784616,-1.6377492242198968,-0.3203135310481967,-1.6853759653510294,-0.1550971914456427,-0.2804088103093306,-0.9977002876673978,-2.2677948298894504,-1.187346884939595,-3.5872068757047333,-2.158308794712406,-1.6903347331964498,-0.839503411147005,-0.5211413942272392,-2.2713052407132626,5.321996901474842,5.963209764220402,6.8968848385298855,3.1608653672815072,5.275240302953442,3.4166092610757506,6.1181754014132235,3.290368143853015,3.0211201347732266,8.533623479118418,5.324397727210628,5.096199313180969,4.9111996544559835,5.540409113733714,1.1206504983075702,2.172424509413035,6.984353056573889,3.538871919553638,4.517778849296858,3.111923621359449,5.890658619550097,4.930077439315005,6.248732621372156,3.2418691391155523,6.368286120767237,8.089963056634334,3.4094487201149732,6.797012124202363,5.1649961002406615,4.809873840999142,4.492827891504073,5.203288520051755,4.78901306394835,5.426030630472097,5.9607075066111594,5.512707788371122,7.937969339203084,3.3829129222742482,7.1043415232204286,7.806303728929418,2.4363033687677413,5.631937703897172,3.245338194760011,1.3010767377805466,6.517072304859429,1.8755632482280342,6.351121089341316,1.4732734314300382,8.61627120926861,2.682435572092508,5.075475418430385,1.524782800146729,5.577940947510782,3.2768411534553907,5.1116102364244504,4.216530956803325,6.914038117169888,6.807508074009276,6.484493531051595,6.89289846710591,1.9090645185921997,5.141105342410494,1.5047752154239529,3.9134076285760644,2.7529365291418326,7.144963328802692,4.671702364239423,6.060309125564514,7.165660118051418,9.337067447284872,1.995008526088442,4.987614731276224,7.259496591877192,0.8889981795507582,2.2120067705478994,2.7640306985614553,3.71588286438209,2.366071226621621,11.297632862280512,2.9344901726115022,1.7158350193185155,3.808809287077368,7.141746996513103,3.9813048213583806,5.763260113616787,5.5716183153456385,6.982585489128833,4.862991331779448,6.632685645686724,4.549009077266758,7.707136018756224,3.796931552002163,4.657445453393062,8.436032403716528,0.7429484846460843,6.199206784378447,8.41729166877005,1.9016290936435163,8.009049653788415,4.7402728474423625,5.863884482904323,4.591209683963815,4.479881672121459,0.8427934425942123,3.7622913737188677,6.481853602508413,2.3560663285981707,1.255996427796064,2.7208527982115216,4.273635978609947,7.635814892466747,5.204956700424658,4.486272835230666,6.0833185126767555,5.957860082942481,2.1444181109804217,7.1163439700528315,4.262806423281798,5.600844075466606,5.511027790732758,3.270232209908463,6.230502015126204,1.4573957642179733,6.836209521915514,3.562333169069153,1.6780603508792349,4.507636407805326,6.480292901847828,6.972887288664412,3.254930502900214,5.299889439858983,2.1234710466152706,11.044063720882455,8.579894404508085,4.704069099382918,5.111047781925059,1.0826494459948357,2.4133053192250733,4.637239772675632,5.632412274489276,5.896467095268961,2.8961599450731472,7.279143787235243,5.07441784315399,4.972318502624216,5.910876249468603,5.2096505199558525,4.0099225912447025,5.3907302036679425,4.980345790310122,4.862489547291405,3.5108189472877553,4.193491726313626,8.420454240503986,5.310077079789573,5.094964430987516,4.993300100594076,7.5723898803487995,2.911003566704475,8.223913077262223,7.136166290854458,3.775943100965038,8.922073938204726,3.599000806503866,3.810949312424296,2.9831010192801575,1.572212131076391,6.7813549812861424,4.819810126078305,3.7912779305521975,7.631707126735423,5.408458745636386,6.775517410718675,2.73246019312104,5.871271148124747,3.7610509537144847,2.622001744064777,7.492802578747636,4.088594237957516,6.422528269259447,6.827725882328283,6.739518790311935,5.553283321105066,4.257282732724909,5.147334458520801,7.635682868871414,2.7678799033173584,3.970645073714226,6.386295483617421,7.236205329847095,3.7170475653107315,4.801230078307718,5.5793447107160175,2.575017221773179,5.949773767451015,3.768020332901365,5.0239944769342255,6.104735445184515,4.620079438174107,6.778410844086858,4.854999506226058,0.7937234640834427,6.074825332618378,6.5166135751803616,4.150951437634327,5.304251085101497,7.709277932084449,9.274231835752133,5.446467318362431,3.272562458380424,1.8779126976384837,4.863670946152778,7.0928638795884185,4.776767954913166,4.012364774613422,2.7561477949281694,5.047319523088956,1.868534329677582,7.927328055419395,5.452439721745545,5.437429728790571,2.5036222061237963,7.164247647431232,6.855185433490739,5.744677065912682,5.168235692684562,4.680298025254345,2.0790278031637803,4.522797357502394,7.621796631576118,4.798585432413115,2.2954610427316946,5.864776623577281,5.806171029486185,3.262603655287868,3.2129426513984156,3.2119406335750265,8.725920533751836,6.779673109981494,2.2953596986817875,4.119390720244602,4.524099868382379,8.282042203454747,6.254781045843069,2.439789782247164,5.218232220730034,5.628535744614927,3.0969128082665014,5.404042950549169,2.8150068716345658,6.173798175357367,6.715631552443123,2.553535252094428,3.522221093634898,1.8360648312540677,2.453503505644543,5.356951683861943,1.3341272227614964,5.844257752101652,2.1052320144529126,1.8743138209642463,7.599341266175898,2.371712795786433,3.4325451274068604,5.267113795527883,2.7192229052447607,1.6866033065143822,6.255327281483639,3.7204535735456146,3.7655374498504197,4.7510990867204415,7.942075280950947,4.881299356253944,2.4450550122983037,3.414473034780567,6.880579105505829,5.501368736166191,3.184583914419682,5.2045392924647205,5.2728766472434,-0.0014326526868924105,7.9974698911158,3.6008459632877194,2.41119076960558,2.373658032449877,5.087809108373458,8.71574207205617,5.26405192330906,4.461780674382202,5.576476904498588,4.344128847653899,4.398612916236495,6.19123611646679,4.365077285742183,4.437369663198661,6.933503790881232,5.602276473023226,4.83537846908782,4.589227024400857,4.401058372301792,6.944575517731065,4.161062806841218,3.186903949669723,4.52791059375674,5.873722024317361,6.369658542443732,2.316602700788568,4.663960612219807,4.146134314785298,4.990580881915417,3.1493988786256546,8.754326152007373,3.477761956001496,4.434355136665404
52,-1.6357051036972357,-1.0096638546780194,-1.3155957258421074,-0.33127699635381536,-2.2836264745292905,-0.005572658143587428,-2.6392545152004687,-2.1495496939282672,-3.090542724373706,-1.5392096740116665,0.0643599533393151,0.604857371692149,-0.6939254611249602,-1.597190648164283,-0.5079031885972259,-0.892165153588141,-1.5261487194969328,-0.6686217089172608,-0.23059483320656304,-1.3251082050407275,-0.43524457930786775,-2.689027192185457,-0.5223925633650035,-0.6896485193908699,-0.409594328912235,-1.6251799340396471,-0.8533688811293291,-2.4628358122481315,0.3166270505248079,-0.27888575719762787,-1.6116163636699896,-1.0702373684297364,-1.0448825535563981,-1.2715153152053489,-0.32477208896363774,-0.6801259990892191,-1.953930308833137,-1.624996566274959,-1.143198594246855,-1.2875952307660958,-0.3856250660602413,-2.561555883777504,-0.27037492509419625,-1.2689964718793203,-1.4919813104822304,-1.6209405681856321,-0.6256990564786897,-1.0427792059181058,0.2927058629037822,-0.7920788101927388,-0.2739608594583264,0.9191033878009913,-1.3290960684810091,-1.9988188842316055,-0.46860389479260356,-0.4979818251255248,0.5159959473261866,-0.03329404934096836,-0.8880515535798641,-0.7120450728531256,-1.169908930891602,-1.1251890328018217,0.29625581754011865,-1.9989918912430822,-3.500769518581278,-2.3561192204603465,-1.5079802933664617,-1.1936507628605448,-1.5522647272334273,-0.6363872356964816,-1.1811891124589509,-0.42748293118585423,-1.3650217721982618,-1.2449406451407417,-2.422805945229885,-1.6124643448596139,-0.25204557660967186,0.050995506754792475,-0.15688999841861562,-0.3661685543668628,-1.525194025815245,-0.708032500477094,-1.4529011185335068,-0.4447035302443556,-2.1568346140174004,0.999865520607824,0.012447331572726927,-2.131499624496243,-0.9373287578433733,-0.376755716904974,1.7600405722321866,-0.8419643857166453,-2.0661995680986665,-2.2716256024363792,0.31840465463659795,-1.053812868086031,-0.21530461995272765,-1.9565957871552955,-1.0371919702969996,-1.8675176675429799,-1.0858141963008683,-1.7494109997703426,-1.4100537375111024,-0.24771234930006336,-2.2226774140430994,-1.865988937844461,0.21370791076269602,-0.9184895007242148,-0.7840447061873084,-0.5310828077462312,-0.4381468471154514,-2.4163776551675635,0.195517721341667,-0.429492317381451,0.01371707490409979,-2.7276201507899853,-1.0034654985492466,-0.9367109990761385,-0.6784289864437689,-1.5224285226943297,-1.4057538263814366,0.457027800265565,-1.2317513430497546,-0.7083004841274747,-1.0191275015093009,-0.9376617826052464,-0.5489188296247731,-0.6847452180193687,-0.31274419511600415,-1.459790902250421,-1.3910536041913948,-0.7159617585959139,-1.8043728305461375,-3.502961357905208,-1.1821460640117585,-1.262949341640267,-1.7592639584332106,-1.6473843766923526,0.47931289540895006,0.5636699803869747,-1.388650091694267,-0.44840234311012206,-0.8310802539192919,-1.453419152320937,0.10436564871932719,-1.8278354963013106,-1.9438384455432067,0.8079497588626952,-0.508901033189893,-0.6967138461590618,-1.7156182916864076,-2.408271585469883,-2.7311064056182883,0.4668239423010465,-1.1545001420660148,0.6668908856357159,-1.0224315069091094,-1.3018899181413663,-0.4271560349158223,-2.119513981917506,0.21439899960449194,-1.4105190892873873,-3.06211490884429,-0.07224728074326725,-1.292437079101047,-2.1795900794733027,-3.0754884736664154,-1.2695997624138822,-2.007223668218321,-0.9518773802408595,0.0274698228016661,-0.8791631357305345,-1.6305597127772646,-0.13500605512663544,1.0333823066513754,-2.107693473519366,-0.09397386408261088,0.04585795496494072,-1.0001447550721194,-2.173961720872409,-1.449430543296364,0.9666940981318202,-3.9478312602226326,0.255535443602777,0.5126234467129818,-1.9442355988419995,-1.7319064669674198,-1.4588034667793461,-0.8099445186389094,-2.0532176914767395,-1.54091546072683,-0.6041369037065123,-2.31295231668304,-1.7322530403424126,-1.3811015446175727,-2.8772661183567205,0.8481261032671976,0.5638135488007321,0.13810440395154355,0.6211230931798621,-1.4267794196581087,-0.7791075399718977,-0.07176446949269988,-0.5260667820878162,-3.4810473807859386,-1.7571042126642493,-1.0964665555309174,0.47702941132659293,-1.881697500428821,-1.6056833804559527,-1.0628679996938168,0.174109018029885,-2.776464851018149,-0.8156751894592125,0.29416558151768313,0.3749726501151516,-0.5609560180109682,-1.2858668586026094,0.07720745232097537,-0.8461848896060189,-0.7406606042302397,-0.7856133358196891,-1.9222093299711933,-0.7615479313656849,-2.19667470727108,-0.027730513798265632,-3.3740466962592164,-2.987108979567383,-3.025102719232324,-1.297575604817966,-0.6334181275286961,-2.2292874832777967,-3.232002544484995,-1.9598360292955603,-1.8605806251881891,-1.8890135408320838,4.9241682671114555,5.702704005706606,3.3135417582176587,3.7310834756368223,5.489947859799486,12.200594575541245,4.827636154913156,6.1450643731854,4.9382534764898045,7.581864746905072,5.383624570685068,4.979061993993093,6.126386848108758,8.087090204713876,8.564975224850315,4.199990021716502,5.829744271722449,3.0267276935179677,4.671240371541357,7.578666327551897,4.748814429335616,3.451185908243608,4.4430971326425865,6.852790012324526,6.386881176208069,7.006835310242486,8.440122382392355,5.93271836247479,5.5728206912271405,3.202904002876367,3.0520158432488396,2.6137712412702196,4.2809124123321665,6.230861915822357,2.427314972299024,2.2524832791273006,5.532309036966502,5.61924827752066,3.1359179099777297,7.317648129892525,2.9046430741201346,3.999362242755059,2.8994705241006606,4.349648972805299,3.3501880119931524,1.1603529613220664,4.048803709667256,5.027441561336959,7.227344250456168,5.45004916563622,5.257932070999055,7.354536344816639,7.96319398697997,5.725325658759336,1.7952216715335787,7.948479163361267,5.243384815825109,4.3819401706015615,4.174897596900135,6.554353316418821,3.567168279480284,3.424778869639843,4.698672537972535,3.0095264732969147,9.507281086716501,4.351627705684512,6.914915078302328,7.618639210342344,2.804852243810793,3.521901014844203,7.483452064494939,5.908489365073906,2.736476366428321,6.5626870709121485,4.49302792482177,5.080480935282255,6.732606375799531,2.0439995587884647,1.6638390698271746,7.926340794750882,5.738203960379918,5.932653648776483,3.8198796854552777,5.768766495594713,1.9505454410615242,3.0699135147769923,6.052739272619565,6.943555697027471,6.107885781800502,4.057284134981267,4.321838291296539,2.816556603832086,1.9876148478062614,5.7467635623642135,3.9675894584024114,2.3733578380058815,4.132371081354312,5.18292151839858,3.8669871263614044,1.859186124262155,2.4042462570026766,3.5530205386230023,4.9221395187808605,-1.5820572273227302,5.423166055574987,7.950113308444711,3.7106008209922097,4.926379909606981,6.586601335679804,3.3971124797128676,1.7858088915786032,2.7761292002968143,3.3446972686423697,4.543952042614355,5.2617308180948505,6.963934206114259,1.6558362222037082,4.0582353872887795,2.63232165451896,4.449490694990901,7.877733127790689,5.723839261371968,6.386274021527552,5.216239097755754,4.553125115040116,3.3234792084636116,5.2990201583373535,6.553767852468432,3.130793898740299,4.433939587410323,0.22425708356046936,3.5532484220229494,4.772663409470164,8.043481595900825,3.6903745432161457,6.001728540269943,6.207311904530103,3.404907717694365,2.145734541927629,9.054288543235744,2.88387263510583,2.91295016883493,3.4776750561584784,5.2893179031584285,5.513343358398509,6.865915879324973,4.736256603512052,4.207696041296192,6.2005323130457795,7.6563195076813955,3.7572211296227183,3.389856321859046,3.5449163112222863,6.752845644863485,3.905859482394382,6.2068010428891425,8.048691172508,2.7835322940039537,9.597013393053107,5.557449558189417,7.49324485509336,4.554817153431138,6.999743235900693,6.456093669556751,6.006678814449886,4.383468700981892,9.163377704215858,-0.8452411068445622,1.612136957607747,5.5446369566930676,4.904750681168574,4.322704267144081,5.671491929581259,4.274943444424965,0.7698582915186609,5.676037504356703,4.393744607381851,2.5789618594066157,4.66439070802184,5.949216369729276,7.485749966126487,5.737210786620017,5.573235381660182,6.85984801708808,8.372694077300318,6.312813697562959,5.7939909126134514,4.8279410561849145,6.477413861171408,4.781865206701117,1.7440780121086998,7.869758007368633,4.25277516676873,6.87790590567108,2.5875960589827596,1.2572588250408443,-0.4357102802590367,5.509131736601486,5.823268396317279,4.000239682098067,3.7737663312429826,2.65760746508866,5.530242037717909,6.4670869217168026,3.6998735386195083,8.401860786809817,4.409044493931091,6.45464911553295,7.64923231379568,3.5431319207821863,2.226923463364226,6.447335015957265,0.06404355621895874,5.553992545937046,6.334626245253996,5.256337072655999,-0.512238197642553,5.930776480978677,4.97032552878814,3.7974730861036115,3.634315767144301,3.181736827780013,7.826622369365879,6.071140639583819,4.165987873585443,2.652225843463459,3.049369196802788,4.516102734192266,4.525538985360735,5.167513962957334,5.368556852602342,3.7775371465998755,1.6032418762967842,5.709668714173704,5.59231719525754,1.013191394551182,4.6613124168694675,5.826204551575646,8.925132453588619,5.416251827115594,2.978517025933793,7.206837799016752,3.3201434538016565,5.843274961265385,3.1686443595535723,3.183742928947212,7.675575652135536,7.656302492576766,2.067602385083087,8.605256378281538,4.330516724640023,4.697130116530017,5.86375199202402,4.812530153401548,5.9399996476329475,3.779335509799859,6.948504101911655,3.814626905582011,3.5182235898908782,8.4896028668172,3.244323990711032,4.49807234404292,3.650631966509377,6.4274638632671985,2.259419983821559,4.451060605006171,7.376290342708126,3.736082968263739,2.5531661718825442,7.14899151069609,3.9111202696729763,9.923261358569695,3.187526696188991,6.424532789310921,2.441503608657787,5.985157910863496,4.469146997382259,3.9116170643741843,7.872260286015454,5.641273545393324,4.243078746547651,7.583256514853764,6.429016873047754,4.01902179373436,4.77341181422394,8.095594757990185,5.335857250891086,5.1168538820850715,5.121671609005735,3.8602049845410553,3.8306603685909177,2.82616870486213,4.684387192098805,7.852221324084432,2.5204004851530253,3.127399625069497,6.209876925953715,7.253507141172564,5.922295800551836,6.9035053518083265,-1.0623772988921587,6.7604808528287155,7.506446615110395,3.528457208449252,7.397532231931371,4.595925322416769,8.429580115257869,9.432986537511649,3.070490385356025,3.758175033759953,3.220543368615953,6.437819872861088,5.300346427275923,5.214719872425361,6.380496631613928,2.771356720098806,2.507615426355522,4.41235323350976,7.4433157408090445,6.656116788961976,2.1346583766713354,9.519163412804785,5.0751499183677735,5.801117776824875,3.661820094230708,3.6063336721436965,8.665435333071908,2.0243593826402604,4.324060575307178,3.7567293510931252,2.9556658557694417,6.15733175472889,4.9609751617853775,6.8335343821716785,6.9626290534275395,4.24530514761189,2.982191137443348,5.6642039639519135,5.33565645020555,6.631838336580468,5.6349624743602105,3.8123752530400767,5.312899475834698,5.667697075663216,7.382812820961298,4.391516776678915,4.66683446009061,1.0506958694463528,4.067572318227404,6.607447663944933,5.669058323002137,6.535826125806561,4.918423683000437,3.501593230446259,3.7629090791561595,3.3060694443332057,4.53129845818224,4.275969399124807,7.520015233088163,7.313317392691934,4.467945370834346,5.078095248901544,2.4320723850410855,7.10665814811389,5.506979329233706,8.916064159399184,2.6876256794914757,6.834952052862246,6.930617763540647,5.610279000558109,2.9881815886436227,-1.3883530402912294,3.772350293569872,2.4400285021545463,4.286578235355282,5.085682592339805,1.580727232331998,5.795291170320509,8.344969510789719,4.1745140471909705,4.313469458703636,5.86830912907879,3.240835434108143,0.4176952547772599,4.829483700606302,5.513960197209897,5.900279204918315,5.826889168186407,3.2073723846095676,7.969327351146086,3.9517884374465773,3.9856386788911244,1.6531760880082063,8.162608266396386,2.4221215717923235,5.494134613905924,3.172867782561759,6.716546055343361,4.083705884379883,6.039318706233165,5.5486482481513715,7.658112544865629,7.152512093832604,6.139492692646888,1.2181982009178953,6.192533248699421,2.7020275422748687,0.9610241417120404,3.0796925783942966,2.1726988011553527,4.703143754271385,3.8329356103487884,4.4777544112244,5.216660071648518,5.51990549647734,6.874043178055976,3.3148964702544497,3.622479968716961,4.402408508444333,4.487030099145176,7.01275867600562,5.834075463918204,4.615505958745896,3.9522280677543282,3.6955206322105383,3.5169541112747895,5.213357812803663,6.1350296266917965,5.425333797483451,6.658416857475234,5.13442703661919,5.560453904810779,8.140471158684052,4.527661487945561,7.079164195524092,8.383041957441993,1.8610884676543042,0.3315758408176528,6.632264318585905,7.675803171923359,8.13905483950603,7.013265584277782,6.822093184923327,5.176656040716692,5.2518494096438415,5.587579338954001,9.026911562932153,4.554203221210079,2.8282270306537516,9.497453644035158,4.322579851557593,6.091686114406061,4.595608215782623,4.562183264780885,8.85315934102604,7.74325691313865,6.758191356250135,1.818736554700394,3.6881272968467567,3.0962192596954283,4.531342902354287,5.138709605356946,5.09687050409912,5.623581421222965,5.856202708151946,2.4850381042191794,7.949923319577478,3.6785281990868652,5.6868023817861655,3.7121820688985694,2.361109918509004,4.422351200494661,5.751227876850912,2.681916439708075,4.780088536754999,8.315701085166097,4.1322129062540265,-1.3299607733394394,7.813572481162469,4.522928832172969,7.253985937534919,3.870146266422994,5.844588885320109,1.954920231405124
53,-1.225616708895296,-0.3176202872365995,-1.4613545715592733,-0.24770485623323268,-0.6694156839318521,-0.7783806101340314,-0.1664389440802222,-1.5557656262948276,0.037256021395312144,-1.8406193909700432,-2.2191746178658187,-0.8034242358642255,-1.915749003960844,0.3472713353207111,-1.6159630438617465,-1.2567057006874536,-1.173016907926334,-1.432716364384286,0.2153351131665593,-0.9674105651763513,-1.3871843944778637,-0.3788729443319234,-1.490641329636364,-1.108389130935933,-0.3763135899590314,0.3007253401847769,-1.0395834025135267,-1.8674352534977237,-0.6415479880013926,-2.4698833445182737,0.1929079082706795,-1.1141879848641332,-0.6174438632635513,1.9043229485652255,-2.2844577075747026,-2.7749203017307424,-1.0904783141434131,-1.00462533923497,-2.7708386833346155,-0.8723389113550895,-0.6070706565226875,-1.8924174719435325,-0.3326475322574476,-0.20945493581282493,0.8617940734466931,-1.2264946004980628,-1.1546749883434722,-1.9427281550080968,-1.5640991173406236,-1.069566154127316,-1.265123077770045,-1.9775956636441934,0.16986984752172107,-0.9114652662827274,0.9953261810510663,-1.9277727011186272,-0.876333332994013,-0.7930809353541357,-1.857913235655081,-1.3834794566405904,-2.0997467088072432,0.13005050633347026,-0.2351260037675168,-1.4405501480829195,0.919309547470833,0.011191784150786255,-1.4832424282509002,-0.6822851301620265,0.592647736895278,1.056494230008708,-2.471966224718077,-1.361348238040598,-0.45181047264689744,-1.1974200485777486,0.036153365053334774,-0.7146495179802439,2.6884573826247675,5.733814911351471,2.968220305157596,6.902219333225189,4.539450020741824,3.6451923102816313,3.7679073214651746,6.1389258557454465,7.194026250291292,8.597724585447642,7.870865635703526,3.4639513273817046,4.347095414913441,4.495257653425856,2.5232504971191263,3.8659108042176635,5.287165459724274,4.9511395540214895,2.6091869383988278,8.018989443048763,6.790279459193717,3.384990135508831,6.982884237675992,6.747532051981359,6.01874884684207,5.764412203259592,7.424439327070182,7.0094698280509675,5.88949505783734,2.2066549399034887,5.5461199213992565,7.32197831297537,7.000904970746779,4.144000972714802,3.6659107240705824,5.55600416109078,8.533998187807779,4.464255898557464,1.0197176915099715,4.848379489113053,4.39575772052814,6.651561914205042,1.9354760082877829,7.2032110191809355,3.2652084756356894,8.524076916383933,4.50361494448724,4.514278828190124,6.022957440901869,5.023761225663612,3.183127100634616,5.744069039481664,4.493615000500079,3.0275713298170346,3.3747703906500606,6.3512510322325735,7.349326187217851,7.376485096900867,2.539880558372762,8.427343556304436,8.481041730550922,6.852221665616346,2.7004567913657,6.46697215726365,4.909510247189115,3.6032967559568334,4.757709459887,3.3543745136654177,2.1351529376334364,1.9340246059165644,4.531024044691595,3.4981426151607535,7.022216432651712,9.774310419572931,9.05879751856606,4.451021301406785,3.5856583479029895,4.135574103263496,9.661853954964146,7.830763359092071,5.711505324797702,2.9703505225028524,5.191438303234059,5.2243743962123155,4.369833788291005,7.724121878775639,4.327579903393916,5.222297151064151,5.730033148424749,5.629978472468802,4.316187076857356,4.846163262299102,5.397652661170293,4.92240772896982,4.955203769547043,3.926365569347975,5.395975830061285,3.4425615041804987,4.530400791846319,5.721444560423787,0.2520577513565918,4.158441693380643,4.645146365471652,5.88766964800553,5.309560081035294,3.779321263872255,3.508193086534624,1.4841160744573445,3.803132527614082,4.402226045741246,6.893049098946075,7.870863675625257,5.136157579522787,4.028887502979979,8.44342931606779,8.228038833018152,4.739783153978804,6.328937878255704,6.2262447722561935,2.6705428789040138,4.62648288380641,6.905694911461558,8.100903519664174,4.191983799749314,6.494247186935048,9.570325923064864,3.4412158428438993,5.779781978781556,3.2365942741257143,4.80998847420904,2.3651832428801187,5.480266962562465,4.053625387840271,5.248182087421843,9.362033362976732,4.748977502036417,4.483452726407037,2.2746624233151467,4.686283518102538,4.513049319752081,5.002472009353538,7.93946721930641,7.6857661023516535,4.137075175026559,1.6263606190064586,6.148013069425836,3.3121059603273393,6.30146903768213,7.459603146411892,4.038193182291677,3.1127097739481435,3.413578804370606,6.060133377159853,5.9551148861577055,6.560266578167625,7.2565621739354045,6.855378355780705,8.715204996580368,6.118442440619026,2.7902248495110573,4.059826825483403,4.008438469935502,5.207016347660469,4.113175629242199,4.938107668533225,5.681304596729652,-0.6711985643278782,2.4569526233929584,5.862419881182346,3.6829725580936867,1.7374659940981756,4.704450500036636,6.81790236870596,3.9175202821876516,6.877867163375532,2.660494101675751,7.6757846770066145,4.897159862872692,1.6110316767459145,5.803043437830822,4.733710438136799,5.862670246843566,2.7779318963211983,4.862591292414186,4.242505463199946,5.004084557107557,7.4846839756638825,6.318239338987883,4.713770749315644,3.6580370222009724,5.352191625313474,3.3160293866854413,3.3956412735914645,1.8155138723782263,5.647718839022749,4.727649491862832,4.2420669871631045,4.142928332470884,5.707008330479436,3.2533620715533167,3.530602397284574,6.059256398682935,9.647933340241188,3.74377531310681,3.4934228873486495,6.769803405057139,6.867842271267163,3.823392026463602,5.016852552264749,4.5359975735136615,6.492315690291388,3.3677595414012247,4.422200462013135,1.8719198451829784,3.467635571508563,5.154180241045347,4.0775405992785805,3.017451282328043,2.6808661011976986,5.710493408491905,6.812014238204404,10.665909876216904,6.215417840735619,3.384482324387199,7.002583094046106,6.453479539909653,3.947605943384342,2.9844607657342697,7.066583591559109,7.467805776693095,7.513032164325742,6.047057907081556,6.705506484879402,4.415635548577036,5.397587036119274,4.419963886550248,3.113527716964359,6.044020447893922,6.460637439779666,0.9587125505635603,2.7294305261938065,6.377395506751441,4.845803647784201,5.020786662713317,2.5658042857331327,4.341450354056602,4.133695429470814,3.896229580905202,6.989974873320255,2.7024628391921426,4.037391982187871,5.044629174332886,7.831526290289703,5.206783791596632,4.829777965785913,6.770266050514572,7.73085164527974,4.0498641384282825,2.64507539160473,2.3944839540283787,4.944837023016487,4.048215048514189,6.04903879776324,5.435401204832954,5.411015931369963,4.0429245539673,3.511521851999971,4.733472038515841,5.0833586642799915,0.9262071002610783,3.9947762691260014,6.310007042535728,4.301652754024228,3.891419802038828,3.10823127667665,4.989590900146046,2.7585585768346537,3.552288381499324,2.9799598079805962,6.718987313027315,2.882494049581417,7.9975076175884,2.311989582181795,2.431581397778905,3.5649600537005055,5.951738014246202,3.4868943829500196,1.4450530741021916,5.817031769612108,5.5670220458707735,3.681865032186426,2.074227818994043,6.8148768627698395,3.019583479343523,6.81140039310532,5.219341253399816,10.70647646103798,6.951860216042119,3.1321550647700436,2.673380201752911,5.925318134395432,0.884356612999067,5.506849214993916,3.0641215982658947,5.154175897626979,5.773260618797173,4.369229105694306,2.95013999259976,4.267052683286257,1.5434049262737894,1.1361995678319308,3.906448038258344,3.5920135695225324,5.33330014991027,5.92442510458509,2.0791964525654114,7.408975125816278,5.24967977368966,3.1815246191963364,4.9619398506770525,3.4322256657799652,7.019010263286766,4.108814714825631,4.943312980275068,3.541066049824407,4.493877491513635,2.346091121093197,6.362597594522234,4.298206484399375,4.1414752267685655,8.060726015348948,1.128011005361922,4.141353918507829,4.572228851198392,6.9316823574257995,5.678017747845624,6.962588796264544,5.8125772618923595,3.5516408819086145,2.3045480053963274,10.63980698112439,6.1589398060859875,5.602230619991226,3.310201687705316,4.256363784896591,3.1229828766537553,0.20577068221347883,2.748807508576207,6.299907588256971,4.180411133322248,2.3587844619700875,2.5504534455856387,3.6477782644343404,6.815730050795637,7.09526606332542,6.251498336511889,2.7280487792970747,2.2891715070486627,6.417585595219531,5.677183481554736,4.102956238991038,5.16034772746616,4.53384572008745,4.508815100205451,5.409848456486124,4.63650839135009,4.342898127642529,0.9357483635493082,5.9955649579823875,4.573712306385762,4.436073397681021,5.935331157751934,4.493919466205188,5.7517168380648505,0.5661925056549109,6.8518445062768,3.0146813164056354,4.961094029911355,2.7755098104172506,1.933674727362508,6.482948914826652,6.097585926048321,7.211835971890331,2.6669562160016858,4.422380186154176,5.141101114101453,2.1390788612360225,6.201404013972985,3.2954559559001995,4.695432132702311,5.203834278310127,1.2722304095494419,2.0315734068311033,6.06993497432021,10.172192092005291,3.7636554501408437,3.4894099032102988,5.974401572267229,8.481377687419068,5.198870410521697,9.902453024065093,2.5305122530282733,5.266254612859984,5.227817207810435,5.997964669817691,5.644665604930858,6.175039387171331,2.517591331011802,6.001154016151915,6.663890063857288,7.255773736943503,3.278466884670771,4.9609880723199655,5.691904690791373,4.683389101306334,3.6128096298342065,2.882378046282937,5.562420314772426,7.161474755582226,4.037713150697763,6.415629052328981,4.101934523194632,5.699212108504182,6.309413270457575,7.892219327274061,4.017495172441663,6.504421504857476,5.179270830414805,6.80220157102904,5.844424160289416,5.3122313020724246,7.5623785144928535,2.7857376570447174,3.5369659421890463,1.0883935630235575,2.602848001167212,6.019990986612497,2.6791942790554897,6.35151522209986,7.571589656102734,1.930216375417634,5.829864835503218,6.897264079992315,3.28225425920348,5.531166589108331,6.333817987785005,3.4602711080877717,6.195533650231533,8.3231214298967,2.9767070349148494,6.446624511857016,5.409556563415133,6.681768963515372,2.237015793446764,6.887814995239456,3.3228116585623146,4.318980843479965,5.876523832453966,3.957827707963478,3.8283077974856763,6.870527460538246,8.248276083658105,1.2658331500352213,2.11344711982641,5.800087687419504,5.791485877542303,7.98296971730054,2.6889652832488964,3.4548476745687893,3.9993192430856306,4.651025178923187,4.008874133662708,5.5350014619820795,5.919577707506671,8.254716847957834,1.9309672089103245,8.073003240785045,7.625129213418129,6.254295748035945,7.738068676185778,3.296034148297237,9.883123570312605,0.844210201753941,4.904328356715129,6.071503153595547,6.80261610390242,3.0340486425164626,4.134933262912933,3.0557746518214763,4.7474248643604735,3.9918360769148307,4.889625849696855,1.721287706693115,4.5724861631048475,0.933120392107047,6.578986707678855,4.448351462843058,4.41508892412292,7.264010396555083,5.926163506631621,4.004578569796227,2.714631909161041,3.4810915159621874,4.406675604049086,4.26751358323309,4.501404287785919,5.275319275684651,6.540011776771996,2.546602319746408,6.982536043174896,3.7305660835739936,5.562312088089972,4.808817579674749,5.587058053149438,0.30761242042679804,6.621465766463825,5.789190084307725,2.9856440119276124,5.3843732406140905,5.766837235276305,6.638844752486796,3.5700941005666404,6.025599722776089,5.919514884913049,6.1344924190947125,3.951430759120181,3.953287102445664,4.453192289114625,3.258480048026149,3.7813279420287182,2.7038809216320825,6.1234247136401425,3.7752700606052967,4.721339953395596,1.4111228214655438,3.6273774298193615,2.2240354036676444,4.096889398790521,7.146140523688061,7.335822291173535,6.480585737356009,5.214079125705459,3.199174888038631,5.786241671126451,2.858469639856884,7.919904958928706,6.260901753669391,7.941176474332455,6.431695257182626,0.7847130044203308,4.010379921932282,4.482901452324548,4.1527972488727745,5.923365097017996,4.54148950824585,3.5441446195100794,4.357255672959092,7.601909675416003,3.9167979361131464,7.333756889365716,4.996686900932546,5.777789579085727,2.272569734142271,4.90682594272578,2.8069679494607187,3.7770902815223533,1.8004937237961602,5.501373026924013,7.484619014333219,3.306639709796601,5.163300825741422,7.495416817239866,7.257043007577156,4.484977342199106,3.114520811708798,5.3338884171796614,6.386626458101873,6.240536023358703,8.447692215727972,7.159177045876394,7.70664648234218,5.07882069525836,3.23668368180394,4.32580214285125,7.417072058226428,9.6721743626031,3.9044001787349196,2.716028087399327,7.089532061549712,6.790828087387731,6.420643221960115,7.038359639809292,4.304140494141344,4.786071065812069,7.903166416319489,3.28580945390061,4.749979505357425,6.990653000733079,5.304203327017985,6.622108174336459,6.7959434704466615,5.972278189111664,2.0818601293004955,1.8326989969968728,2.8118221465578674,5.7050279517022675,3.8731279410936708,6.319232613927495,7.529429542989706,5.542828294696079,2.1567866461984013,4.991331995774674,7.342318252835717,5.172608990961993,4.398828037323598,5.027240378722582,5.720723307979113,5.535759851479884,8.1804112999445,3.6129674143814627,6.431331918686157,2.5026334251400644,2.619629630476277,5.240745148945904,6.851024768085227,4.213856288810471,5.338819440794374,4.344850016134387,4.604140144045331,7.9019367332019375,6.503463957617367,5.565695435113053,7.964902351216198,5.1164542858427975,7.173642659718043,4.327789924898358,2.523479174572888,3.6468419031105475,4.785975866461081,4.762471491324094,4.306644587091044,5.518981639699371,7.253695769082501,5.922729131645354
54,-3.200748500593832,-1.3062537507834855,-2.528387704408802,-0.5413508192070041,-0.49071249249328064,-2.1992662232982036,-2.039147881965576,-1.8176072312016482,-1.5296603039560472,-0.24866729787979225,-1.131733446948769,-0.4525906079418959,-0.7118097207578744,-1.2580980659354069,-2.945444396929071,-1.6872585505099176,-1.7093892954634087,-1.1435540781590683,-1.5219526765188687,-1.9517238607946865,-1.1863576497246742,-0.3746678226504202,-2.0576796795018906,0.43622222731483373,-2.43017077371436,-1.2302400571115732,-1.419327671640963,-1.2484267737598085,-0.6517146170902505,-0.5439763510967025,-0.5263369598571545,-2.066369418195168,-0.922033311992856,-2.5139980481708735,-0.7004718252280573,-1.0372400769634385,-1.173856678990668,-1.4643510581078836,-0.9497443804063463,-1.5030672150938602,-1.2653297407860045,-1.286343823306382,-0.5187056302274587,-1.52358068504433,-0.9160703175635845,0.3076638108503431,0.3156527431799423,-0.4734120172875884,-2.700310155245918,-0.7981734247037195,-2.4270647802719325,-1.5935731829587392,0.2292625778700963,-0.8611004165792154,-2.884459506790141,-1.568232585536211,-0.46870981685615887,-0.35599772064767576,-0.9023721595453753,-0.4041867469024242,0.5807567803166,-0.9968041706821226,-1.1095386384153199,0.3530035018824793,-0.3840139833034919,-0.4666411871065834,-0.8106940785873851,-2.015088753499863,-1.398773463327348,0.7748317311418231,-0.7530384465937257,-2.4251338615134657,-2.813515507318906,-0.5600362140767898,-2.578137807303367,-0.6216184854968403,-0.1580820518537016,-1.0101816762458091,-2.4209451059093676,0.5234672128044702,-0.9415082183424154,0.1355822497302801,-0.7431599398834962,-0.6541512143478788,0.42274657898237655,-0.470257645770625,-0.49262948378580707,-0.590985789925931,0.030596944430570705,0.5753944666485367,-1.3836628743870818,-0.5670163336648116,-3.2448023707708495,-0.14617231902921501,-0.9816077091893258,-1.333495482555913,-1.4258075895468882,-0.6024708502671576,-1.2828424985305784,-0.7906759881579022,-0.18039855412806938,-0.6273262279383398,-1.6832170028768458,-2.3841316748916275,-1.6476953465400097,0.4095647670995213,-2.327740589354881,-0.9448495529963926,-1.0298553452331543,-1.7031030317179265,0.42936830128159453,-0.377302394238313,-0.7049940158263779,-1.643838198047808,-1.1093081605003428,-0.7526180373474404,-1.8390827461646546,-1.8199226860272124,0.2655393300733595,-0.9725993379217923,-2.466575473238792,-0.750762130378854,0.21212656595943913,-0.6342167853740901,-0.026631272143172957,-1.6805431241940263,-0.15319047399190955,-2.410290844832655,-0.6361597850590848,0.8298929890967148,-1.0600230651203384,-0.6928457040419485,-0.44989544990312946,-2.056152307166507,-1.634363290712447,-1.5338673632488806,-1.0127014470591433,-2.5660675395169057,-1.7233947598757617,1.3807650750828655,-1.1355286007011784,1.7349416655433467,-0.5373963811756122,-1.8520335684655675,-0.1280665365414505,0.0539226077889321,-1.6208860364143844,-3.0465393188149967,-0.7534488240439422,-1.5768247918574738,-0.7932550880347762,-2.2358450644939727,-1.0248500543323034,-0.03787139872099743,-1.6382542171111996,-0.59439944944309,3.4747412332487606,3.431875983052778,6.3806429761305505,6.163942126779595,6.624732278369496,5.975717294024126,3.467817773971471,4.370490141868159,6.090854152694281,6.900209746203663,3.4312441008552756,6.698048111958253,4.928123776663255,3.861205557041087,3.7938089607974637,9.056975628880416,4.43861078552008,5.956868262800585,3.7802124841069054,6.147307008858236,7.827226039212604,2.136870861028426,4.6158405040394435,7.409114775087549,2.61893178230792,4.223162187353653,7.339982259848393,4.373178506480009,4.607395347783428,7.670829271881702,4.46827013960449,6.677473957624013,4.1093751600189385,4.556754865135262,6.245502709201219,1.9016578727562692,2.5822245252708242,2.7507688941585893,3.2941239206341963,2.452778770383574,3.9678525702450953,3.7756621727131536,6.643599070238161,5.42068584696758,8.083349530454871,2.968768406328569,6.881623443127262,6.563184051697023,5.511490762174401,5.914332029887761,7.945952607079018,7.004325095055986,3.337045522505789,5.352176123930788,2.8108607471452376,4.262036766754676,9.167204916878013,6.05900195514374,6.788238558996671,6.357963929142821,0.6688683577461472,4.7535970588293655,4.249945819801344,5.925167392037474,1.8983908311234297,2.8365940640460403,4.870062191656767,8.827418780201205,3.5519563658871602,4.487468443660995,9.001567456619846,0.6532679894695166,3.557716531334438,6.227719755350212,2.322172631060098,7.64329081286348,3.153053409616751,7.360031366007521,5.759585632165974,4.182795607561163,6.98186631608583,5.50927857578548,3.336263792298759,3.7446464096664767,4.265809503217126,3.77181395768041,5.894144527971059,7.630880037419778,1.9509845258757088,8.759066456588636,1.133919549152901,-0.48742870962544327,4.459067827886063,3.182465210151161,5.529936968377559,5.907955660664205,4.091567373674921,6.028263044087572,7.684194845201517,5.453810817132685,3.330777170343773,2.1064996547909187,5.46952394661396,1.9596894696275866,0.40131305769039205,2.7522929315793396,4.997506735252994,5.178134216936487,2.344538745605284,6.438499412549097,-0.5503949991816173,4.877417239461117,5.331698451610611,7.756106044644593,4.656224614813963,1.55878517560258,3.740930496345723,5.654104298384961,7.491435468006189,6.892807263611726,5.927035642822443,6.55052402609757,4.6917827177726705,7.237557688129987,1.8908536847071562,5.316569765630209,7.72215927218706,3.7869618850475018,4.811972333465434,8.569265233509576,4.632516917260739,3.3607577217245908,5.994419934575329,8.572959292714632,8.572444345891371,2.8466825593400764,7.854677460546496,4.096155126989623,7.878322060167317,7.189971361000316,4.093376531037213,3.540120683864079,4.558397797564978,5.042205455759009,4.021828206436905,8.891214718228017,5.337148473826003,6.384665600128864,7.222344106056266,3.949281572226294,7.284047775953207,5.744849688037992,5.87981872595725,4.285776708281876,9.462440259324916,3.9161128152205418,8.674761735690552,5.440264637585436,4.163682022427827,7.784186924846187,5.89599430511941,1.0429042690417734,5.496654299633356,1.6074829049460164,4.205186674305477,5.426763950795757,3.237537546026351,7.571381721099364,7.256385954961271,2.3336464102072023,4.259349462475785,6.234983786472138,8.586520229586304,3.2839013815315075,5.350932893401566,5.089424262927533,8.623249239796799,5.772127394404803,3.328431122510787,6.267523003424337,3.8081366838922968,4.290759278437276,4.012039733671154,6.395138360118735,5.060442679249326,1.966575814811423,3.1353226159001477,5.935333706769496,5.060499086829669,5.337990724710865,6.290088934090047,4.445968294436083,1.9937978348236411,6.760429635470737,2.0507957840950795,6.308935211172991,5.893470057094752,2.9174243535051283,4.367764179224524,6.54265052805825,3.6897833002815426,3.09657046871898,4.83859489055753,5.839508780781041,2.3111343277556053,4.6381640526198495,4.070873075446267,5.992283218799491,4.990641993140046,7.4575659745247105,7.587308792646802,9.51678870192422,7.848364718157976,4.493346416195957,5.487702621482571,7.610546709415878,3.367235362231904,4.793455220964344,8.51012153952328,6.661076876073409,5.900422604045387,7.621383209087089,4.065761799351914,0.3545129181248381,7.658660187277241,7.427420776455234,10.456210786226773,8.177351062576305,-0.18983323691711895,4.850004953824434,7.660939190185712,4.366639013778945,0.35920636804882733,3.678505694029246,9.336818653312136,7.237654178332265,6.972736586996607,7.347101106907304,5.912666037202933,4.7791364877319,5.875168468314371,3.982750143088087,5.500571252288819,0.4015395814094198,2.0446126315385786,4.3828160574580215,2.8452724263500304,5.718637402731374,5.77220534492365,7.452482092237782,7.857150326676072,6.075590074421367,4.02557463463936,5.437212124335826,6.373223530695044,5.321350515701628,4.7165108578798876,5.634415159871873,3.6267593281417874,7.010462907762422,4.828197783541919,4.460903344320389,4.194093969122465,7.379932167503158,7.2410893367680185,7.6499110996079995,5.813981447444718,4.874203984544528,6.378294613551093,3.7305491023744297,3.68092572421558,5.338994441708218,0.32866238682945514,5.099959315426374,3.02617299928629,4.553098865851673,4.154102919405971,4.2446952398191975,6.528300639369247,2.6309212092783123,5.7929302363054855,8.797978106744292,3.4594856895712165,6.7629871909296915,8.158754254002002,6.871712289979508,4.885816516174335,5.781369672508022,5.769996638169725,2.8636164078727173,2.312752398887857,6.306696534119313,3.594447113382194,8.698023798562286,2.3852284174134595,3.3394542492454784,1.6126196288142713,6.963725459133489,5.26432475237304,6.745177553091966,7.0118994871534515,0.24567107560625168,4.991514211502454,3.3550028119420032,4.046080055063142,3.1867852493172832,5.426318275235104,5.4300859315575565,3.9551882592031644,0.5007171636322996,7.985901270991409,5.206769341016556,8.623606993180548,3.5961276181213853,4.006810565189268,2.167480763085272,2.2037221475718756,4.782513954829941,7.125217141159208,2.818078286274799,7.5819640961930155,5.4364876830754945,7.788813655168076,6.416557983498104,5.3461659416221865,5.854624634915886,5.92503673046005,3.379503363170636,2.8726653416061385,6.275804864170336,7.950923316015839,7.6829020743884975,4.427625740943599,5.765804111759207,4.7048915360417505,5.460856276402456,8.222343340445567,6.555763223840261,0.6241683021862405,3.547783205143845,3.999285365995946,5.205254293801241,5.568545451746782,2.9251159044967197,6.023666648948156,3.4680052096813094,6.307898940525362,5.385111017807245,3.7728600112429307,4.999119437546828,8.301105374922022,5.094868382015563,4.970709165782434,3.1601755225457984,6.1887306904747685,7.215646132569342,4.863013466728489,4.791167459478406,7.063145525626563,6.882135385937586,4.108787404020514,5.550931563899084,3.505119275458442,3.90781808574739,4.771628408418873,4.621542397306626,3.4929552925423555,4.738628109658936,4.093593801460336,7.592938328210155,3.071348959576853,6.8569462054367865,5.160905554819381,6.854231335888658,2.0684253031699944,3.079114420261318,4.1344714704539065,5.602413256195146,5.377729291173355,4.184598039358887,4.980675717010092,3.9782143880836545,6.463389510068599,4.684414981491767,3.277716504743617,4.886077667941972,3.2647982704854748,0.7412235852625777,3.5349236485164686,5.265762628919751,5.642732028419376,4.295227565202903,4.271774394400304,2.2640642321655036,9.553111793173958,7.956775447941171,4.802245271222229,4.29926073116966,1.0721202242775036,3.1956276789073126,7.989842956509939,6.230387753109946,5.054787455363601,9.146785534740705,6.901815579761063,2.301498176242646,3.020211982405508,7.2140327756925355,5.419819266193416,5.25913870316043,4.030269749204938,7.105499039795671,6.017959704548939,5.98411408239576,3.284136404722848,5.941903733057701,9.236817477744886,4.490701781143251,1.53911511448571,4.096343300254468,4.9798379649288735,2.156623842850055,4.015517214428396,3.3547042680844346,3.961469001967993,4.721899842542954,5.941569985882963,9.588535081506837,6.10546203876309,6.709708440136354,8.13850311792327,7.07285458280394,5.714458226062055,2.730672976096632,4.87325389832716,4.555885048067688,9.475675935930692,4.72294989129273,5.191877641555284,8.39366020290573,7.11792748881245,3.4080102048807186,4.07669762080127,5.110696024323416,5.122409831317958,5.655057349884158,6.038561181799962,6.204499297482343,6.656268837481895,4.118938064847882,6.959214774944368,4.776524303435713,6.290050771419979,3.7448839407174583,6.9359560282010095,4.287078588664975,2.4012227768652625,6.470829694874918,6.152132955328602,7.731450456848262,6.810759333724519,4.088238587896004,1.9741043348538319,0.16242340535003752,5.528444361582205,5.545190866929999,1.476871042592919,7.427550595279904,5.95000021738075,3.2070727270703445,2.0717134915469217,2.780532733690512,5.69735358528689,7.598934467587988,6.176146448418395,5.234394938658026,1.996226123443845,6.7664977550331615,6.2300184805311565,3.008522019483018,2.86046337360051,6.445164333033538,3.8794177702121893,3.7942340301172304,3.3957148957821572,5.416423485378694,7.5374721809993535,8.617338852886359,2.076545837737905,7.367468987049879,6.238249127348771,7.479731592233252,1.187214292635491,6.577140914692974,4.5835924437364435,5.788081903224063,4.828014587220398,1.122496481665657,8.255226135666502,7.16863725053004,4.2844261142317865,1.139853546662346,5.009771623178286,6.789259374748019,3.626761130828024,5.773559792845394,6.547728825333346,8.451567908064321,4.634048536719252,6.021652195411722,2.8048726946349993,4.82751533485434,7.50656361640303,2.672082772016185,4.95423048882115,5.263233248509237,4.167364287939159,4.876603761343641,4.45781058939604,5.1668005491632165,7.178625557502954,2.4340613490677896,2.7024271167372094,5.18875244085585,3.69055423260862,4.257113567323348,3.012725876601017,-0.4888449890156288,3.7272169596820293,6.03139541243387,5.088175667016094,7.577872503038925,5.697940632853622,6.803494312245674,5.043022228831366,5.064471762220994,4.385161670465016,5.2631141553039855,3.2113013314668457,5.970853195548556,4.257667799888757,3.883896845617941,5.59294249915323,7.188932187297038,3.7357895879006895,4.832863569109251,5.506967802913858,4.533212584644957,5.099474127040832,4.969139051815719,6.749026418728379,4.225048869821711,3.3173119232846915,6.601170414731546,8.37686510948361,5.203957574765058,5.451638096470634,6.286586735594561,4.954206240853596,4.2220784561168045,6.747922341270852,4.010363203128368,4.994251400047277,7.826124160507607
55,-1.8605377544218848,1.2659652776561763,-2.2133732933002985,-1.3499643264240273,-1.7496870900929156,-2.2618417997195897,-1.712244692266736,-1.82788129187265,-1.263482736521055,-0.4096904054963797,-0.32209208464975225,-0.23257970253954185,-1.2456921983637532,-0.04271668683024543,-0.49330694869752123,-0.7088445842382383,-1.5873085084734528,-2.2655186012450486,-1.520553078921664,0.05137170947413394,-2.6823576502237305,-1.7516445818208777,-0.3076821238605889,-1.4348771351724727,-1.7392235077455425,-0.6812870602012939,-1.5574135535040492,0.0820842949367877,-2.89185861248625,-1.9062082132700149,-0.18954063787744546,-0.6755707004094811,-0.15399671452418118,0.07097079931214534,-1.5926671502442473,0.6458602249815621,-0.6004037246494509,-2.3813448327242046,-0.5492710606640328,-1.13808654311124,-0.7353948645977313,-1.4379443973790134,-0.32003974513758915,-5.058293847719865,-1.7274250512116964,-1.6145945681836382,-1.7068138027696418,-1.661336203347736,-1.0437352853658968,-1.4304801152022577,-0.16998156174285428,-0.5412132772464429,-0.7144306887450645,-0.07453476275880944,-1.4023036631727779,-2.8131774096143634,-0.7472140494864996,-1.5324409921046551,-1.1899467977170164,-1.8500069494955667,-1.4148411352621526,-1.0986633791295188,-1.958094093512917,-0.7546613559318445,0.21818024915048162,-0.40203054523246595,-0.679881815466409,-1.4333624797591957,2.2047992632269615,0.6808673135891237,-0.347693343490451,-3.3858541952783376,-1.2078788281368125,-1.4850905684149152,-0.18054699908371463,-1.0467684390419152,-0.6599373229651395,-0.6362874629771114,-2.60346725720296,-1.5301165380710944,1.8066321032559456,-0.28613174049098267,-1.2701850581267693,-0.2532919876348231,-2.328398157553406,-0.6193097304437309,-0.9154120596829834,-0.9819343318667151,0.29903799579174284,-0.6392937401113413,-2.1831859381495633,-0.5033721126703794,-1.0861943843309085,-0.658444432731431,-0.6314894533801545,-0.6312972151664178,-1.3951809774048205,0.0019302851135198917,-0.0741713141572613,0.12823161717228015,-0.3299736682212322,0.01139338632123188,-0.6094385264991605,-0.33971158004174995,-1.6257086495061013,-1.7195817393881265,-2.461091135229469,-1.2697720534856336,0.32721475796249644,-1.6465648789565335,-0.464644385092314,-2.172823408271073,-0.3997641635895862,-1.6017227374811889,-1.2390074759176977,0.05177178616039635,-1.3143844430143066,-1.5492383880214455,0.2637357317204374,-0.5224434146545551,-0.26174039101433433,-0.6894704068837317,0.3568444669952253,0.7219220282203545,-1.4508779199822655,-0.3090416730906529,-1.1647625348607258,-2.4584593074451586,-1.3260960175488208,-3.1399244352664377,0.4073372771655288,0.11433403291786282,-0.6351126940016059,-0.7434782013349502,-0.48817133682026026,-1.3793073252003947,-0.313573776781629,-1.5736026452353609,1.3768740774419763,-1.1112007136190745,-0.033760790896911974,-1.9083462398439623,-1.1443915965680835,-1.0722463029551652,0.11295172242922802,-2.38262457392449,-1.7645401557156033,-1.0837398819141877,-0.15621197426005817,0.0047966745220022755,-0.22464808232694233,-1.0775487281987457,-0.7994415563972536,-1.4383843105242493,-0.22959231043278483,-1.1587544277476927,-2.0866886137595224,-2.4731434940282133,-0.34910343156624735,-2.2017576724878225,-1.0833604170028506,-0.1959753883757248,-0.8070591666681292,-0.8619510860871937,-0.7383697597321778,-0.2738150850185379,-1.9183478593053005,-2.953385522278436,-0.19958054170539663,0.9519706529350793,0.12108959133871644,-3.577179097052949,-1.4963048806332835,0.33949480993193704,0.760741059858822,-2.3905775403089207,-0.8546942128444867,-0.8654155901110132,-1.272889462526157,-0.08110422279602592,0.5498533609147696,-0.6084204912298166,-1.377301044742458,-0.48648305878720954,-1.4579839742432885,-1.7524825427693997,-2.013410306339031,-1.2408109775036724,0.18756766879324105,-2.525452088193241,-1.7259612809727383,-1.9925811597824272,-0.44496184370665726,-0.288562724950025,0.33502211545086835,-0.10565024351142327,-1.042919786703821,0.07687318180934577,0.0979727876517913,-0.05264922638820546,-1.7449694103978597,0.176202544716189,-1.1169756995386986,-2.5158718442725214,-3.37002412560352,-0.27802217677682317,-0.177309151186693,-0.17056089318505663,-0.3683972863247642,-1.1465755691245643,-0.7139092447543225,-0.304121972786321,0.4657750566421588,-1.2583542887366386,-0.6161524394579196,-1.6680003920582758,-0.29091642399647255,-1.0172583085693574,-0.28635592950374755,-0.1464362983287878,-0.8571489539454747,-1.3624951225854933,-1.7148817703468193,-1.690820883904082,-0.7481342017119026,-1.1686804883594446,-2.1259473860784954,-1.1679313887278213,-0.3627782748244164,-0.8832123697081473,-1.7201149345898543,-1.7919290563409818,-2.8952572503304537,-0.24182465384819274,-2.209343371161202,-2.1489757022356133,-0.48757004561082884,-2.908609402911753,-1.1964179945503677,-1.4395248584900546,-0.3558305562960329,-1.9212150184401726,-2.1311811615519387,-1.7811585760303663,-1.8322791538428427,-1.287439797450122,-2.9431217104143546,-0.02941165359962039,2.505518952699419,5.940593305952537,6.21132749380746,3.0837834336801135,6.911185102615803,2.6016953394700213,6.617218058187269,4.162100013174002,8.512322136878144,2.2856923610946724,5.096691517143997,3.1823501423760607,7.262643680918856,3.994176527749916,5.030356743936996,5.59255658155314,6.376214901674363,5.3906308586477865,6.943168176646335,4.382184887505392,1.0499174024300895,7.384997644759107,4.708964980716305,6.15427264479976,8.592016128018054,3.946055354808308,6.902153468709098,6.078103257875783,5.4660264829285765,4.8481608267626966,3.874226359022158,6.683296203838635,0.3183939095640902,4.802075986103086,6.3511291417135824,4.877970596335649,6.480790439967665,5.583735278071394,8.489033221162893,10.15927551675691,1.3594512978032327,5.048820995580611,2.9122088596710762,7.917866936062488,5.352266370650852,6.4982731492220065,6.0202343135343614,4.072875074929828,6.732573304560387,4.715645607435588,8.373088488763177,4.5279915759299785,4.758219702540886,5.709223962908855,3.8892329962776477,4.296073321548672,11.254394527798869,4.9295878377553315,4.6182812835576605,8.097393940610212,7.051399768115211,3.71737218679117,5.165986460086379,4.568978227311432,6.730979141155559,4.973317721420259,0.0417296090677679,4.212781780543284,5.801203227552433,5.1821563713340115,6.386527982119993,5.2235964701819295,5.360438184436162,6.287587951497271,5.944293619794595,3.513996965033746,7.167153788209612,4.710447195625824,5.785597100573597,6.491383922149769,5.906161116340829,3.5754055698538783,6.352348007355769,4.296312253368996,3.425717868988148,6.537783897469048,4.79865344200618,3.0722955838411012,2.8290778674233996,5.61829535065808,1.7208577807734704,3.4365350135239354,7.616968936653486,6.026785736545355,5.944767580421285,4.840922372580913,4.326093286936795,3.314444924566201,7.89579028186791,8.564686828527368,4.805851591685769,5.681123856702317,4.14275795064976,5.027650724058035,2.9632245147033776,3.960573133974665,7.004910017359569,3.317788482172599,8.203113679056132,10.291815412417257,6.327373392269752,3.703575667974249,7.63956686234218,2.5768030639210786,3.879678192114271,3.971178914917874,-0.5728325779722825,8.304753464078601,8.347518017940855,8.334990120606653,4.195683572262048,8.607981981894069,3.245021497219123,7.728957089434193,7.6154497483182775,6.2083597016716165,6.729007200989091,5.219451007905596,6.455339575284221,10.42290002857478,6.2479241327696,3.90521635350932,9.503761616553398,7.650771584079733,4.318635303310924,6.35300016324032,4.407426382302035,3.800763962273117,2.999612104425432,2.9489438043056313,2.3168279129306866,6.778208228779631,7.000074785481987,7.006442601091637,7.913582175967858,1.2165113772624085,3.576493537706165,4.474425210030533,2.0361023288118485,6.460776323197631,5.141040101072174,9.315353110002889,5.326366255215501,5.248565429673916,4.185865470297369,5.943997536450428,5.438386078590595,5.924933986901212,3.3432101267321523,5.268281480436371,5.899068471725851,8.532748594168831,5.20836726589336,4.098035090593964,3.645926599711157,4.0924702032249956,2.959539811060086,3.8543444804721725,2.4629948648702267,5.808554190498077,3.442257154664749,4.955313286012898,8.75413765146839,5.50208014694576,5.431128235977609,2.590788447418933,5.653637323947546,4.383950462240623,5.92154780128916,1.3765460029823342,7.269216110954058,4.244439946434496,0.73739796203221,4.76932711975793,1.5359767511047329,1.1899552280012178,6.043746870963517,7.9039029711121085,3.6205936984555898,5.0707749071380315,8.073552200648118,4.560978640009116,7.844510887780736,2.6547951876112763,6.65155400792382,5.030660848323967,5.60051980368303,4.932200593276566,6.50842274508388,5.70576208922369,3.6196201247308175,4.16047229830425,4.352990496027146,5.0488004542881475,4.7036202562402805,7.243994123595737,8.451167887656387,3.352892489247891,6.483500001869864,2.496247760144177,5.477959515870732,5.362874548336463,3.578443584910725,5.3222101864381015,1.6386517632590043,5.233648753348091,4.402479122154475,5.999441734785416,5.536699829191621,4.455501046764437,6.84985976131869,6.826917934123841,4.724932953408171,2.922380455772711,4.227685110963107,5.731745092835357,1.2687077656478496,7.64123624902432,6.236248509951549,7.615017813071467,5.825992525276869,5.4540994663411375,5.887593088734193,8.920523749676999,5.840941692206084,3.754155901303981,5.052233372650693,7.128724348991911,3.0245274677768554,4.168548321976858,4.081819590421838,4.673340094313402,5.282273528939615,3.1826669688400626,2.8234889678035775,7.504600873698276,7.432707661213787,8.262747990497122,6.213648973701213,3.4504075668367467,5.511009834186321,3.3596463550338864,7.067300196242986,5.254106493845363,6.42321938648981,1.3122926618445394,3.4424397791032226,4.035292131989808,3.2658162956226677,5.273546544135032,5.573170839236703,4.895101785554901,3.4353879019845586,3.7788004461431113,3.15383857932785,0.6286193248340695,4.831696551609131,3.901242429278271,5.460905287298566,4.417912576305602,5.897750084316661,4.161396354360432,7.835389672177936,6.530789685928925,5.225708677808556,6.229223250082735,3.4153141926768935,5.186426510643125,6.981038843333666,2.155530224066432,1.8994550103188068,6.162226722617237,5.394128537941286,7.155110192751195,4.772811359809485,5.141269266371287,3.768802885525738,2.1783938353853918,5.536750278050468,6.101816325728698,4.876801704553047,5.302975731138943,5.152484010924898,4.9762065719335755,8.515665339607047,2.6466312345996115,5.348618999417109,6.356202396184244,3.662099110155956,2.4186809050050564,0.5895717565657552,4.300528779553333,7.26638107441924,5.377798019473186,1.5753587666826352,7.803753199457407,2.481532572018438,2.890902847322493,4.7311481840881155,2.055968860848805,6.177249392056099,5.471097863549037,6.358850474045641,1.7466521756450368,8.901325909587882,6.467678956591802,4.216322657364139,3.8543592875584993,5.71253349100057,4.792325928355279,6.761852199514232,0.2204959948582932,4.976400704630832,5.3680366275543605,1.8599725788346548,9.159952179294539,5.87512086968722,4.187698773083649,3.002811915513545,3.9130001494913063,6.190728516985991,6.386319933063378,3.9571337082585867,3.352630933321336,4.930517077892919,6.984718366944643,1.5262463958349692,5.1565762179558075,2.5104155451459564,2.750995227199192,1.294946233450272,4.358231071073567,3.8590723648858685,5.815455966538326,7.313190083495757,2.4867964787370602,4.880733853867274,4.849817751498959,5.424687924192525,2.766343232530892,4.000366654131716,6.793415182406487,5.121088149445659,5.602532748343007,1.8040075041375037,0.5769648376563472,6.647720600098175,5.479120758543676,7.936963166413696,3.0550736526105746,2.7417548747331493,4.084276159668377,5.050116560471792,6.7728317323150105,3.934893668425498,4.235537862421845,2.4793082483278073,4.21515733455861,3.3366005158287466,5.640925367323215,3.6449554300257176,5.362632965420569,4.843463722655237,5.633837307589115,6.494554605880265,5.628425934582657,4.814165955675164,4.1815540975657175,4.5867229058839944,5.9760611698715,4.793868465473466,5.7869110612607475,6.689001843714865,7.261596398627848,-0.2646408178537323,5.497644222140733,6.702728912016159,6.989999974912713,2.252922139780048,3.5089645320743985,3.9618564100637683,7.915776426308954,2.3909305917993664,3.207056625655212,2.482168619701173,3.9025797154719024,3.3993080145573833,5.529605484922704,4.283532940249778,4.4486491649717514,7.7445221851060495,6.198327409555366,5.30091892398966,4.052620235260651,4.10088536364579,7.916078489731879,4.8465369210394575,4.047298776257929,6.259324472344739,2.04369551738928,5.520942865792285,6.69861549258551,2.649881800840917,5.060039890368013,5.8359398442120405,5.584828320123491,3.6294377277033503,7.80741878577976,4.496335434395826,5.530530921166632,9.141597794552382,6.227918603065704,4.739433711023535,6.658709739405297,5.2576883361791324,2.3814401621881136,7.956139954167998,6.549587220336443,6.000733750269146,10.049797324544564,6.443685226001402,4.878811206776798,3.737094525109825,6.85693079635028,3.9555495575747157,3.420575035919309,4.397126143469266,4.2407733553860405,6.302650352892265,2.795017189546443,7.390817908657162,4.254143364551616,4.724961501215107,4.442279532106362,3.688182717059916,6.919129450658012,6.710961035322479,5.726130598341739,8.424099941530889,7.56454996582217,1.9006286160388837,1.6573180005160157,5.624051755487034,1.9646682555114552,2.2559770287023864,6.890214467781829,6.305935457182878,3.73628088755601,4.8386787440964065,4.972652067994327,5.294123723495594,8.16908283705086,5.141168975740751,6.942893187330875,5.618143279956737,5.061140392047271,5.897391633561297,3.661091663176313,5.928652383160555,5.003525112679525,3.561969791547214,7.756359513585156
56,-0.7331625390657657,-1.5338191413054618,-2.171115850922795,-0.08171252291290854,1.0246470275624895,-2.156447980318694,-3.4204734266912227,-2.0184914161032443,-2.3578472703631066,-1.3320003831901253,-2.195915826688425,0.5177477808118878,-1.704192726421688,-2.6425771126646884,0.5398752484613074,-0.910989273039115,-0.49336799242928653,-0.36531922330837907,0.07160918903751723,-1.0142181951444404,-0.9347924641496922,-0.6725341098686208,-1.6596916052379314,-0.7767220951960876,-0.6669335622706829,0.2631191434173996,-0.5732184817329747,-2.0109867849963834,0.16559787558345085,-1.7868169114774175,-1.872223270768224,0.2979523584965589,0.4192168038744002,-2.3233896331014465,-1.6018674262303751,-2.428778184444835,-1.2352768945912176,-1.568350109567053,-1.236822351473778,0.3212286891862255,-2.166442794930097,-1.4559337408126423,-1.9361846390902457,0.2292044229970016,-0.4577291719202794,-1.6667864948371238,-0.6974121961378117,-0.36221136069505544,-1.534878335554407,0.45624691796196637,-1.3803737475817275,-0.7371948119829448,-0.941708550914605,-0.46156102980735336,-0.7161917981885431,-0.47971444131556173,-2.1519435907242013,0.18837222014946753,-2.735181181721469,-0.39467942151264224,-0.977823120421721,-0.15511767501102636,-2.786821685134292,-0.17123949879966016,-0.21027630475667913,-0.2386530053151471,-0.427442413853806,-0.7007999001051575,-0.40042183956159594,-0.7142156657716852,-1.1452199619905705,-1.4471562948564962,-0.2032754958737053,-2.571711112329378,0.2467259344034365,-1.5032176895025098,-2.20186711394009,-0.9720938684073039,0.9253536119532744,-0.9386931872643182,-2.0993544924046104,0.5317794529064417,0.2598896831345998,1.0500876098733989,-1.4852101735808336,-0.20148131174243822,-0.4955567712403439,-1.0039500300113617,-0.9576730616020397,-0.10485656953414013,-1.5573043284847696,-1.5317111014925704,0.24418893077720694,-1.376576301003462,-0.25509718925902447,-0.6685621966020403,-0.9362005302868892,-1.2279868254704502,-1.9624363926799855,-0.2759325535850805,-0.6582328797511812,1.1925933027361824,-0.13356254141787205,-0.9203333414416793,-0.00663950868008778,-0.9614603005883583,-0.5191808695398683,0.1742038648220714,-1.726999981292336,-0.9636514523625355,-1.4561030448370216,-0.6288740487589908,-2.797521105486424,-0.5940446744137451,-0.6412270414652481,-0.9653544919096602,-1.0722527333288836,1.5186507600620875,-1.279972442025069,-1.8354644437269183,-1.3287995295135002,-1.1043940736700364,-1.4537004226190393,-0.796196830008457,-1.251605393527528,-1.6298221175836174,0.3946013617865707,-0.5900090887690259,-2.689107428423193,-1.6753409300296145,-0.6711006968312005,-1.4883383454298218,-1.5038732000381512,1.690920534289579,-0.9813718623246784,0.4563595987688005,-2.5977945059782486,-1.1546851901272728,-0.855315757059375,-0.7078659434405921,-0.9377776414823011,-0.45777709702358793,-2.06660064174536,-2.865007049515908,-0.7928477064929419,-1.9099429822547127,-1.241156906227915,-1.0350812517317198,-1.056802735330392,-1.9897297203279807,-1.2003172002919325,0.8151717405365932,-1.1457242482719308,-0.8846319725658354,0.24637570141707932,-0.9102858233033155,-1.0051479805980885,-1.5027224762556397,-1.873804819949573,-1.7051272152495658,-0.34790471775440723,0.3158341173825452,-1.4848442440662868,-0.9367721741663017,0.0331406792944533,1.6506941651003002,-1.1677007599634277,-1.5397034550576945,0.15350493526479547,-1.8882857438548708,-0.775477698654243,-1.8486825659839266,-0.47328860771738557,-0.8197123023924899,-1.4128659819947733,-0.17654943183051885,0.7695003425780773,-1.1402750994193274,0.17187106283542586,-1.2971647927884387,-0.09859538169068294,-1.2012503863204533,-0.8599137503876695,-1.7933331123558418,-1.572728783532497,-3.090749717385477,-1.0259155947493626,0.2771079563509391,-1.4730869287378874,-1.8771597760357803,-1.1917373961785689,-2.2399059735728164,-0.9256247652894196,-0.8132443188429304,-0.7873331789219222,-0.5176328651869619,-0.9843982075950046,-0.45209413167895607,-0.8675829518338787,-1.4971172395736618,-1.8327951111817482,-1.420480412910937,-0.9344928396271038,-0.6211996896052995,-0.9068432331864332,-0.7052993300470509,-2.115773770253931,-0.7939109095173578,0.8109480358289409,-1.5332802148090863,-2.5439417883659887,-0.15139546600986808,-1.5145227034688928,-1.7081333361452016,-0.7615757022595367,-1.0616278410181956,-0.6799176963904401,0.2394615610933548,0.9876359833114676,-0.24863394805397476,-1.7646922111805088,-1.8155987807663125,-0.5860191839776083,-2.0902468917383787,-2.6632653525162455,-0.5478594191380517,-1.2886279713727729,1.3495131409146945,-0.37876209460535104,0.36054504813120114,-1.9792377791361966,-1.6458503482754712,-1.3359383370413436,-1.0239287631270555,0.6132384118931644,-1.6165379396404604,0.29722502210115453,-0.4398609715154893,0.5102008541842342,-3.20098380222281,-1.8444135672723192,-0.48878461316214805,-3.827379533168288,-2.600079773692462,-1.2443286729688907,-0.46654546647965844,1.0660381616631738,-1.0533033891336958,-2.4433509462802796,-1.952456917473445,-1.6333252038392572,-1.29447627791931,-1.8463897377839364,-1.0590449260721193,-0.9726706368622886,-1.9599994890655552,-1.5470293732645604,-2.821767462400838,-0.2027430249747032,-1.5287941436465435,-0.1759832568358385,-0.47971154891624934,-2.0686660624177886,0.4479593216667188,0.14906447275270596,-0.6198392683590734,-1.530749413817829,-1.1223822713466918,0.12645155301409572,0.0424806880448827,-1.3860321672034608,-0.26908448523989115,-2.822049408143273,-0.6637091074629266,-0.7440320046796678,-0.6267476125794353,-1.1075168661681716,-1.286463788444225,-2.4479495649062946,-0.8841160823312483,-2.3168241139529284,4.747287244237619,3.7470470495287556,4.788354487227386,4.067849393116823,6.299853032515677,5.089683800387328,3.6377215128750935,2.0915740911375704,2.9727986565643296,5.076439229338465,7.271826900671391,9.56409402402154,6.810049066980683,4.452359097497842,2.9225455085496295,4.674512027671472,8.049276219615987,7.210239131627097,2.9197901779790665,4.476078728575201,2.8533658497358254,1.7975635360843483,8.428148025270566,3.967912009537873,4.760612992901033,6.99949572297522,4.294822845419177,6.059622960946596,4.461285849230292,2.6345950087551917,6.465644144306154,7.028293388113651,5.881913662929886,8.111231912645856,7.5085610122096025,4.545736870792165,5.738309333298203,4.432242886413056,2.7485276236475467,4.20356935270292,4.764268804862604,3.949817121129052,2.7483050711781742,1.8076698215643416,2.4718186633824484,7.483008962635803,4.322278698184504,5.730649933208239,5.341516214972533,6.147919412627795,2.6292404316212976,3.022413331238169,6.859315761391619,4.133598171046612,8.983217890594595,2.9201983422117803,4.0089381618308515,7.296336271527251,2.1876048915784105,8.524858861191248,7.069218538633276,4.784254706689832,3.5903471125013673,4.716169891915185,4.8280623045208655,6.214412973326534,3.930056017944124,4.336248734716212,3.8788593412370727,3.569639956955013,0.6833530839840254,6.24575620845188,4.970839799494328,7.0005192541214765,7.372092856672079,5.915351874638413,6.775148649704132,1.4013228344676705,3.7881916523860006,5.047275516436345,5.791342590541015,6.165822232960218,6.741927153098159,1.9858039764288642,4.232790513431267,4.799524579920131,9.696341886080159,5.9674625362138105,3.2584744188030683,5.011502287337831,4.268147810561967,6.577977812433848,3.248632446186146,3.015504120748637,6.210264215566582,4.885012320651893,6.859148674967659,5.913518295033578,5.524702968470812,4.451789544797616,3.950733846082213,5.820400050265526,8.677198224031228,2.3390336052919443,4.260981273820424,6.341238413023674,4.744011306341378,2.2260971673085375,6.816776694302199,10.921243106350158,5.898440253113426,4.610009602830896,7.676834406689586,3.6783205570277007,4.655942542018401,4.898962732479162,4.540641728049795,3.838740280488872,2.9422777939438327,8.397375261587623,8.341242624682021,5.926307736060785,7.450677836640418,3.48441232514597,4.505188938036715,4.2395419202287,4.731613326562885,4.384819612406982,5.705857393806277,2.493392265047366,5.475874782370438,3.465582942102825,5.819208049317147,4.474625700911645,11.077378566752085,10.008366173782274,6.990472028274009,3.856502001848191,5.300402558522711,0.8842129993057304,2.2005751973083676,2.8346428142622253,3.814967415980713,5.757628167392731,8.447076224887489,7.253530577637953,6.765650132476708,2.273903525812185,6.869070081024598,4.2108843995418015,6.168420799150788,2.525453439703004,7.611816489325911,1.8534704549742664,4.830811195989437,9.382772982790485,10.869449992087175,4.71035871914177,5.488324633807779,5.4775020802277,5.609196320706845,7.3664272855247255,3.47812237642742,3.6963460591873765,5.807694062190894,5.834826425876907,10.747108838130977,6.090372439902878,6.378593660275769,7.014749805957541,6.151561207309849,4.035053240483124,3.1839140082507225,7.349246222889068,2.9745759605620448,1.947766365120382,1.8125665262014845,8.077030526542663,2.852882880605582,5.625915200456878,8.34669428888177,7.714036656596655,3.7302579639238167,6.554024380249868,5.240967958607115,4.4463497398785625,4.898464871836926,5.263205990670237,4.77718643225249,3.0051317324785796,4.728777863994477,6.909353126863332,6.147990334157896,5.106294389187282,3.1479737392438305,5.836067433578339,7.6043394102820425,0.5332382889643537,6.133015807547366,3.956280837352912,5.253210430840215,7.362021824833212,5.749252511874591,4.021812117385102,5.791344665274582,3.8803993984245055,4.739863578616283,5.6059958875263245,6.867142707447041,3.461640587735827,1.8298300796764448,4.563725951978169,7.430330240040027,5.14006816977999,2.684926281788338,4.886638453687328,4.200382169962897,7.789614454214574,3.960057175115729,8.779313635567757,4.607459966153271,6.7851724508541675,4.961508587338913,3.2867780249137697,6.410374297612556,7.146495302915758,5.345187891351922,5.1809525235294505,3.257971397223209,6.179544272907537,5.554552495032709,7.699831188764827,8.441470390788892,4.34633689963219,4.714246428381996,7.313397308455426,4.280056968188646,3.8762277960898306,4.081274021883415,5.607900259922322,8.086878792708518,9.720853780269106,9.172394922081622,8.045151783733466,2.9745230086438483,4.386507191039003,4.688790284372362,4.904011990677533,7.432761086955401,6.516585360486184,6.85265960125784,4.8341363009955245,4.497365245493848,4.888995474485288,8.372960574088344,4.0247116299728365,2.0414544962330794,7.888651413471395,3.545303855975612,6.34106990599498,5.620232429426964,6.704243628543216,4.1410114503607725,5.278095488307653,6.728690258063628,4.95749422997569,5.4044989050745,4.175446631841568,7.491728736739836,6.813414353643759,4.5580051045053995,6.094571918552335,5.384870409776708,2.8154150103344815,7.496997629114157,2.531999917175282,4.682202716265276,5.66568234005257,4.409369132936901,3.961800015258617,3.0177310687908614,3.86984083823403,4.711640134100106,5.236904780374541,3.0452732837660754,8.444779436207128,8.017323683446737,8.532392811629508,8.016478757955584,4.712831761231374,5.779977633688712,7.266277573003348,7.840102337363884,4.231668219817532,9.319579281595686,8.314334940226027,4.050053962050038,5.006720204860601,6.100925063681693,3.808442624019366,6.328962567073363,6.427486904403521,4.76659915782964,6.0145339268439395,4.3740760786791775,3.0471158968607943,4.4314715592490295,4.378178027134815,7.767250989733901,5.846104997210057,5.940371576215204,7.399011426916522,4.099054511125323,5.847129032715806,6.699844053215365,6.063200594912204,2.2599650333038057,2.7208214976508067,4.442988277664044,3.228077212069839,3.2203229777126303,4.586102087563986,6.213292391338853,1.267642574108824,6.047464040401523,3.8129111957413633,4.668145203374276,5.177549096204276,4.892815058218429,2.75907613504649,5.54534977061283,7.6382556813687446,4.341032684648932,8.433572126421353,3.197163453260467,5.152447976066927,4.593889318319691,3.487148046561404,2.872857863291462,1.3088419605090564,2.869519418706956,5.133199355119374,0.1818855653636593,10.217700520371679,6.555665244593764,1.5804981319454465,4.383230732287341,5.276135407142944,6.429077094899029,5.603779494400087,1.590537331146888,6.076994632656078,6.282164407339421,7.1819713441313064,5.560433575512034,6.0873076012278755,9.533569538773463,5.05455391953614,5.039736031877418,3.0713868424144426,5.7430604003306245,3.514898868312573,7.410950675082837,0.6493269035260116,4.30674806716697,4.5065958945081634,6.824959739937137,5.327791253810812,8.276377277202213,5.417436222393322,3.135386715367581,3.9536109767279983,2.7415058454308903,4.453689147661174,2.764928782235127,4.723879602993705,5.93562802485158,5.520443510508359,8.775837071215673,5.831422897153273,5.5102160103794455,2.236730981125834,6.120054755623978,6.123507178761522,3.2460866057643685,5.5263477512314685,4.8642354921407325,7.7373255029368595,4.809681503737515,5.9786405855806475,1.6625917879483207,7.109561012561969,4.494566210180965,5.116336049133333,7.994151611458035,6.650749549631113,5.7017356333188465,2.93855784864314,5.920412337823647,7.989062421686958,2.955587567586311,6.801351834402975,7.414220396390407,0.8107637660275175,6.156749915284175,5.9313448738516374,4.223524978606462,6.036727052547864,2.392747688707551,5.091320040137065,7.178015599522074,4.670349704758593,3.1842474540554795,6.811932236754818,1.687429081908944,4.027935974897274,8.018033284724755,5.23619224062208,4.669586899949616,2.6030169661154576,4.99906305097459,1.2833699013797606,3.6275033560103855,5.66426545551398,6.171092982455363,3.74401714619463,6.320082017046023,3.362145268918918,5.2406986635039985,6.5393267885489585,5.230758386387343,5.007250210091152,5.559590866231811,7.481468151380757,2.349804495146134,4.564596846604859,7.120461464421904,4.026524631639695,6.517080051933489
57,-1.3238242109910603,-1.7783681837605299,0.10299827736956457,-1.87847653647174,-0.6309791419833553,-2.027061777107731,-1.4689007746357223,-0.3128283482584763,-2.094076666744498,-1.0432443859772051,-2.811088288374533,-2.6193279260043476,-0.49795495637897713,0.07689304468366864,-2.3360415547100377,-1.5072255871391989,-1.2536886038591883,0.44991017586661064,-1.7154137461625618,-1.407756154734593,-1.710591058660353,-0.09701839601412565,4.9843452567460815,5.929408567299758,1.0504428003915103,3.653079280612321,2.0541444899967023,3.7400534190621753,3.7381955245693423,8.471127823302375,4.338693418796293,3.7420304500662964,2.4726463619186934,0.15403094679865248,2.5075073256216505,7.04747781045316,3.2386367990530314,5.999930097982396,5.352510963667354,5.166843965958687,2.981112033637722,3.6917713402477914,5.815727262479989,4.223378645368182,5.035994573374969,6.599585912255336,8.638806685863578,4.72915618624888,1.4294120211802341,6.856880090572874,4.412945332479326,4.725800087327599,4.720185627233048,7.260375258149248,4.988855773236129,4.533705922550116,7.361684100242551,5.752389121338239,3.200778370337712,2.228314206527452,5.921056586513325,6.478889872310969,1.1988441576444453,2.8925321846741796,4.164734010268444,2.7390825372471577,5.072267279193407,7.788480683390045,6.17457973779265,5.119701878689343,5.561487716172407,7.9338080084355465,3.4378499003705842,5.077819829692915,3.020611818046464,5.767035927887987,5.746710674740212,7.09222057498046,5.870058434851432,4.6382247350580394,1.9786189151684894,5.365868103471997,2.443563299720456,7.689483816860078,8.069553417121226,6.715150053110106,4.505861746608364,4.2832450217687725,5.888432006008098,2.735416415276674,5.163230640932412,7.595534137981241,4.3704304170589285,4.001651999097217,4.149689597013552,4.718833495877791,5.743571279582727,3.174899985581627,4.821703169997303,3.86792615333787,1.918354992401757,3.267507081091219,4.699644170130618,8.829349765867548,6.565800317150784,6.9603168575428445,6.463906058741959,5.89972306511956,6.178559817978832,5.000305935604867,4.5655532880911,4.434297253165418,2.7201211937807037,4.279061597853891,2.9557288695092185,1.44266388177883,3.549700091149248,4.444560815990165,4.229794147214519,4.552008058921742,6.804815571018825,5.239487515840543,3.8770657426724675,3.40846027017308,5.778560988101239,1.194183874751816,8.521181473126312,5.167098045864872,4.16568616092773,8.864071554237674,6.52841266504011,3.735958705791339,4.646757872203682,4.183872391738088,3.7495546549750536,5.702997131884769,8.24203958122149,2.3591947788388747,4.783640629211947,3.8391510100133956,5.380320954274612,9.168983222185853,4.519845195496486,5.822717351404595,4.015935748841717,7.550712192036629,4.299832855099791,7.998502668990183,2.505438516221531,6.213390918810891,5.901848083362228,2.2806685880558795,3.2001137849314176,6.621696267250656,2.9822791991844353,2.7698224856627656,5.4626303999876,8.64688034071463,2.9837414281075225,6.315810453602589,2.859136956647082,5.653755052002713,5.765136140652104,4.512123655766007,2.4120764722439003,2.9255053488712868,1.83688978677821,3.9810097072020376,2.950793338947229,2.803030325003276,4.2076848110567315,3.668978226569921,4.055903665527977,9.200685045569998,4.902051021932068,4.80815001317337,5.648318384028331,7.828344674881305,1.3456490667112533,3.5287092739479755,5.326848445469081,4.3493465716773,3.023407049691662,5.8617494589920565,4.474515887997305,6.0209150407031276,5.593340125878605,3.1093028208673137,6.773694766191551,5.796375928363515,1.280460797860505,3.9768147110172585,8.499021700431458,1.4922899708124624,3.9453182375368168,3.9744749512767052,7.66976378298262,2.7462915493580735,10.347028579555401,4.439960980701973,4.574343771350685,5.457344428989925,4.332383490283373,3.3320075380964465,5.760708181190397,4.403218899207491,6.894053285593948,9.657741767871471,5.982892106284934,5.376901779659561,4.910904754877365,4.182407749291837,3.9482321837361956,3.1535314963525005,7.101031207262178,5.628660126491302,5.407969347950095,9.530276622238919,6.110005751877018,4.966310161851789,4.853326147127453,7.616800060786065,4.569425835734163,2.530486887977769,5.959589547203541,3.864605005043221,3.829130673950893,2.1640970113260614,5.7235603476811425,0.4608689653110609,3.75971493277831,4.485811786455026,4.359706236003337,5.4742579811956205,3.462707649784361,6.391715307828788,6.843487340059058,6.559468608908573,2.8857155856191437,9.19546116655644,6.2729713602406765,2.3949493798880495,7.153007302193311,6.215471702058319,2.5374169273361695,5.348268697865118,0.9263514654831413,4.290115886502154,3.9388805042735635,2.8582450037399356,10.975645630013496,3.577371006273829,4.821989932744119,1.679861935269701,5.958337286989386,4.44169383119486,1.4915158647151485,6.073739671265024,4.9518808148300195,5.257839452953935,7.586566213416495,5.206752555252968,2.7508195652372356,1.801346558683726,1.693673429815326,4.222832559735131,4.990018494209998,5.256827935748795,1.6217747530260636,5.25364978962025,7.960808704630662,4.820633221801169,2.8830788395333915,6.325185436696309,4.178983029668664,7.241934773792132,2.6599894146740684,4.7188686833238345,5.253584696996257,5.041948481954422,8.309029623705246,4.634530038136619,12.28585578283389,6.117807526861368,4.83305539048167,3.2128558259535387,5.140138867764717,4.793811857189122,6.6868181323024904,7.391516826087205,8.794472860465964,5.775772874839147,3.9625985775803674,5.1255395855168135,2.571369691801586,5.519531795389974,2.732255109134879,4.390420202677903,7.2246997621234,7.076702359012441,4.020953811880118,6.598478705500509,7.410830743391231,4.394931286014916,5.0319402953850965,5.155150862944183,6.909285850980301,6.619663120948447,2.4574215049149934,2.111526987213419,3.9916328900479723,3.614961477639415,6.758029423124049,4.318028183829962,4.190018775691127,7.35857735743247,4.685231620854398,2.1450595671356303,1.9606115760546277,2.487587671491874,4.615906189552459,6.348548624087148,-1.0499262212390352,1.1521005278166663,4.151501286798462,6.683829686430731,6.876640417333989,5.367934781031763,4.279248439774778,6.8517190797171175,0.06851217108631147,5.099990594935791,2.9158526033933607,2.8794361597355267,5.651762483724668,2.781591740119317,5.356948891236362,10.849550514072535,2.604932504391599,5.311858316225929,4.978321107501085,3.7032887703264494,6.403907372548851,9.165595988368583,1.5003118774746182,7.484517894539473,6.969931645928262,5.716715630946088,5.993594370590409,3.953883992634741,8.595382363873712,7.053687057510929,3.913342070758543,8.651387818591717,0.6593301996867735,3.0616202336162415,6.346204394172258,6.699956171282361,4.811695896639195,8.461640007605416,4.883212312894513,4.341740806324975,9.835184346721007,6.959267246638464,6.690956875087546,5.891299457547308,4.714080603853736,4.589257473162678,6.859749925416581,5.200466542926468,3.6739139831931937,8.122951848829478,2.7230747735074736,6.273791814856143,3.411145129176009,4.9937486087619645,8.148827253860318,5.683561597298828,3.7434968610156822,4.8334131568257215,4.297733176835477,1.1738674108318108,7.630265468260203,7.582027025421822,4.7221381815736425,5.7636961316928215,-0.7634368282563155,4.583895102701423,7.065316283232039,6.225559901789014,3.2535515347363435,6.088399861527783,3.537250427446348,3.5826864273040773,6.841166625901862,1.5538902950234892,9.935099835627437,3.4521717968772707,4.528558565189154,7.440442290663615,3.339951082507003,1.3515200117617994,5.7734966274801325,5.808266556429001,6.081369231264941,4.283216672121983,2.8320833552480074,5.4651857430976944,9.449674763673826,0.6363327981348776,4.751106595092005,6.773735462761222,4.533761708152966,4.041258234806643,3.379944384767123,7.908481524829867,6.860207448936411,4.630488751071636,7.175488115291303,5.051696190494312,8.272582414356245,5.575393689802523,8.407035483367846,3.8554974901609773,2.852573913030524,7.050121647460869,3.90983445411472,2.4167431888466795,3.743040353020363,4.394129408641093,3.5559383298618856,3.630283303572952,7.015383449744537,2.5301033155231267,5.208153437894105,4.641178580527948,4.363163637549331,5.065612779422896,3.8372049167691604,3.3179251374788006,0.8745543519376495,0.8180610354731401,3.5689426232736032,6.130727193660338,8.656141740771856,8.066493563617314,2.398008638773787,6.589577041489504,5.8868152374057585,7.773960846266958,3.254220430638167,3.6638344317476754,4.386001234206231,7.419823133398993,5.5323756403990485,5.478978341704112,1.1690850142935036,4.298747164664054,2.7450914064256695,5.89268075212218,5.700788632353992,6.221521179080936,8.130794036514267,5.429538739247197,3.327724537930834,4.782260878910077,3.7538762655896356,5.235890889589654,1.6942539751364958,2.8582511714483094,3.8162457970647328,3.187847483662865,8.369608715739954,4.4040270222650575,3.505056999493349,1.2016646324281655,5.68696468670378,4.650293659442723,3.7645147398188703,8.530961103608174,2.7204313923582526,2.9905747717351914,5.817813447363629,5.9977111432911325,5.752900387984356,3.0816250755824885,3.399128540609772,3.192640842958639,5.819488120052183,2.9307712678978413,2.0380719444729367,8.532839475500802,5.67406166573527,6.413709425814519,5.51296764203192,1.8926843123809864,6.083077271880698,6.560717490610003,5.173808646395285,5.969090605436125,7.9128141385338795,9.501409653228793,4.939346455509999,7.085377782491715,1.8854884995137704,4.699610083546387,4.56228082512269,5.316025223492506,5.772681234868252,2.5564816837698325,2.1479976643537686,5.890976455388278,5.574512968813208,3.570089523421375,3.573587387820307,5.384133675384652,6.607663072289503,10.582865807564776,7.166929317209053,4.42298255827047,5.153737518922866,3.5880452143204176,5.412693175392189,6.803434955185629,3.933860375465016,4.575257651911557,2.190348507944814,7.715621569174077,4.0886120813751585,2.827190827629506,1.1895280579167418,7.433471102654053,4.338115055458587,5.78729366688608,3.647778175138831,2.8072302379487466,3.937713024494446,4.290622645904961,2.1878658773435387,4.638828393242185,4.330136874354381,3.488742064419287,3.8394627923413474,5.41888376900262,9.521251247022093,10.125972115589462,5.797853525938858,3.1972757745079665,8.583859542950485,7.204258893476428,3.9511900589650577,7.527393678729087,5.729671555836818,2.7911578475115983,5.029952134298918,4.3766188625597175,4.544585642635432,8.370795388989585,4.894656585854205,3.392646495703395,5.795509124397987,1.6084445260950115,4.936026653757004,3.965344938821927,6.87553734906645,5.590707158718311,5.048432671951792,2.559004146610699,5.203773274359203,4.881926813589236,5.669103581044941,6.017711512004637,5.7443139425693825,9.024791486533186,3.777430902231688,6.163745197066497,2.0577946717987654,8.169891835370047,2.9721377363285995,6.035132725993368,4.857184738762236,3.0774507335539294,6.495236702435475,7.439059543838469,5.582395518741276,7.22641053991027,6.9733958407936765,5.012760229214042,5.866935715201586,8.24353903471521,5.329212353738633,6.847281149215722,-0.7560650464864338,5.516750014611482,6.243154197641284,6.38277495609966,7.719402634317809,9.381768371380257,6.980120722218021,2.797469875405317,5.242235555561519,5.09432104418789,6.18152995189525,5.111713903026671,4.869532062200476,3.6327486214652733,9.549410000078737,4.302768861397336,2.306227693498951,5.657339480568228,5.245941244176603,6.6888964237378,5.466916901204159,2.481399120597511,7.419584100229569,5.479148388181808,3.5006347953921106,3.9888466658907826,5.355396589554443,5.914778465423317,6.660282193758174,4.773339185023293,6.4586276888021406,6.391400463738556,7.298635340604254,4.665184284925753,5.748317190540464,3.7468077701418077,2.379871931612039,4.63218650731602,4.014202568420084,2.344528621648225,7.493963331727111,2.522686487960929,2.225832217433117,5.282013179173886,7.203270765037787,4.345296394697752,4.747485904958393,3.622127061665032,5.28965808521686,3.885852050034229,6.551168180226177,4.086696454744379,7.22267043938368,9.424097573280036,7.850402790370767,4.980591916079104,4.512716961601159,4.460854592930478,2.8275196814028916,6.455591224041778,3.5323392804319873,5.790525439828278,1.6028598678457975,4.376581178904354,5.349171381823562,3.268235640454808,3.997680685067888,4.42974733865208,6.882353248576237,6.45935420416152,2.0396839883241764,4.094402438726561,5.221747888541957,5.380035131092839,4.815083443524742,7.9212364349137525,3.383549466350693,2.7734242374557905,9.641581267914901,5.939200450373276,9.327897057687856,5.277996641995927,2.9150646520700145,6.5987379554780325,4.581108914358561,4.756256064624711,5.535343752964309,0.12364374502771014,2.604490264904398,7.271082543204628,7.675325366941667,7.138458055046556,4.795699495882261,4.654755119386398,3.2897341131750206,5.748857366196888,2.007187534012882,5.807516955479117,2.6981319374840265,6.628118419192298,10.921463443110984,3.1951567472369016,1.995200186656156,4.760899153220676,2.693890897137136,6.962738893975264,4.823743020791566,3.0991916253254033,5.537441518318541,8.08647368848595,4.71620445065844,8.19028520615763,5.688093108321776,5.312729278253423,3.7408590630160417,8.354363819517715,5.854564763094229,4.554172949503039,3.100655207557342,6.833273852453297,5.41655052195999,4.566473927168244,5.394529459516991,6.724274926489142,2.844146578324139,7.132432659948083,5.3344249873175675,0.44303189053632597
58,-1.2480550125649952,-1.1711713623975275,-1.98275583696848,0.26469679323879003,0.45238851359653154,-0.18881831169365826,-0.8734333272641465,-0.59862199893213,0.46301524802946403,0.06594516645733073,-1.9421963377097649,-2.174891484811094,-0.6995417035470191,0.025412243817848346,-0.9708373689945835,-1.9846739119794536,-0.01942479483257764,-0.6846204980995465,1.7447092949366638,0.2613306099195982,-0.5571841253473142,-1.0485886839952447,-1.9851289560327139,-1.570421600754543,-1.4431389635589338,-1.884302210345998,-1.0185946943769724,-1.4838906029539798,-1.4015296771624735,-0.8342511933132896,-0.8766298793891216,-0.39771729516929244,-1.1394529178404076,-1.4994801400406117,-1.1881418297263442,-1.4932666961711774,0.06573152874232946,-2.001948459611978,-0.8710289611719916,-1.443596176663437,-1.2572828016310384,-1.194288458606539,-1.2553207537896667,-2.0994105517865798,-2.463969042216533,-0.18224956473958753,-1.0586692663461914,-1.940878775314678,-1.9223740614289233,-1.322564531155392,-0.18374667580470427,-0.7921530443005954,0.8971458074074021,-1.0746987208579948,-1.9937824049252182,-0.826831783156592,-0.7049696836098169,-1.9855581046143307,-1.389994414712659,-1.6661682329607395,-0.19340808976780743,0.10337925225814137,-3.9254016543190735,-1.4295399570746725,-1.919189425744145,1.0410919390312832,-0.29484765284060355,0.27850176521930226,-0.8467127679597742,-1.476408254928309,-1.871309701999684,-0.5799174278345516,-1.6936072973458591,-1.7548825889738668,-1.4070201085469136,-0.06348116626912093,-0.5855167649814362,-0.8484589626980048,-0.9008114639971946,-1.9914393486037087,-1.6132239570564424,-2.0416546042587074,-2.137155589854571,-1.1000323353160857,-0.19520096862765968,-2.1651927337764985,-0.8765244523833328,-0.3400940317517923,-0.7285343861884046,-0.9058289256673293,-0.871360563115992,-1.1922740855928824,-1.961771487515891,0.06647035200360052,0.9313767171609786,-0.2815580727313862,-1.53436930240618,0.07467038307292495,-0.7496895184141195,-2.8889106210724913,-1.6382475538232666,-1.8625098314757431,-0.4304435389869109,-2.032783404060538,-1.5993271472403914,-1.5680956198381377,-1.8372868504988673,-1.2357302863146635,-2.081280777254533,0.051571275853886656,-1.4021559325886304,1.144396728187182,-1.789126833974275,-0.9797476142162409,-3.0862205986854088,-0.18695988934552454,-1.1015301097784154,-0.8994267603808818,-0.1644165573913119,-1.2845249853659406,-0.4198382032746002,-0.20442128357869926,-1.3473285904135963,-1.8563674464643505,-2.1995979494039366,-1.7456910352553885,-0.23407714199450902,-1.3203727376493077,-1.5865472896337751,-2.655600136100396,-1.0500803104321945,-1.868661523110569,0.2914676639072089,-0.15206494035984186,-1.6114609886922144,-2.222195003114744,-1.2418319595368117,1.7775094781312233,-0.7499612756107348,-0.7070003947962347,-2.51106393341619,0.2212551500992872,-0.7974370892557753,0.778358832977956,-1.9538090940806256,0.8705479604829063,-1.589457518847854,-0.7924820960023428,-0.7942124379209412,-1.9133589492962155,-1.7630272127858302,-2.4410332425541057,-2.195117271678295,0.3111248432847382,-0.23601992759404578,-2.1533455769641314,-1.8363955097802946,-2.596138187551597,-1.47401417071122,1.6525069376869168,-1.5825311563849054,-1.559515396842833,0.4200087656437319,-2.5831637144096398,-1.267744094042684,-0.47057707657259684,-0.19358201657785123,-1.2088606319968622,-2.0992748863673487,0.7129193493189787,-1.556310677746698,-0.24635914463571518,0.2820746898902764,-2.0794394222873276,0.3046281971205973,-0.30383181018144123,-2.0839314218320877,-0.9600476335713456,0.6250174178477885,-0.2203653526757513,-0.9212533116645877,-0.16439613661761132,-2.0802912348528033,-2.0979379016661435,-0.6466184852296335,-1.1342923551477484,-0.5294646970384743,-1.032180525831702,-1.2485780472309123,-1.5177152288825608,-1.196454008825586,-1.548701923247504,-0.15951578203111505,-2.902649623398517,7.962960441375106,5.347694306368936,1.706490441255963,1.04229585694645,3.1462746327004796,2.353383367144639,7.602237579995887,4.109855673926036,6.9399883378370975,7.908865179698476,3.6236666969264517,4.736591903772572,5.2935802590238055,3.82381501693287,6.128944238505992,5.414126345690743,4.808017103661985,7.094275208130002,4.4662865062322386,5.64194698479305,4.15845755579886,5.9627706236456905,5.637976951388156,6.380470295673314,4.217885910375652,6.875517176066177,7.550147679495847,8.448026721527867,6.627570597741149,6.187723068671217,2.9495751367216183,1.9244466139154617,7.00848829642595,6.291547826416303,6.8255621291781985,6.908741324985156,4.884925583050465,3.8848762338489755,2.6602918159842566,8.82385677389167,5.143771604022168,7.8046956755377455,5.784902863659407,3.685363894647603,4.05429932484494,9.864703573611783,3.2859077369822147,4.284695755220734,7.112402475084913,5.504692829675759,5.852346301593698,5.564905542564845,5.592348544969037,3.946970553983081,5.701395465358081,4.910352221396409,8.360236388214092,2.0116992577249326,4.487860327713648,10.92068383695133,7.614757293898533,1.2441339415976915,5.8786262985882765,3.3099052961615154,6.702932744144904,8.19481173496165,6.260249974132584,6.10992261978548,9.66118598529716,0.642279000999058,4.82466588128002,6.037373051991655,6.14635354299109,7.156856657702625,6.208771744600741,7.511413514613019,4.688578214591666,5.202883623591715,5.236803042199179,4.058693433918194,3.924356826722157,3.7816931746969704,6.616200130382545,4.864820302531737,6.10912601786851,4.169266491943473,3.283989137218515,7.4061381674486455,5.056078160543602,7.612221704675152,2.669866125875139,8.599398453363786,7.234652239231318,6.503277277274635,6.96767089940078,4.966166028962231,4.122822029124713,4.096612158310863,6.684954655632994,6.135582426432021,6.84889306999135,3.6342326819038746,8.30445422107799,6.086463227043923,4.351036217594551,5.758345604946222,5.4473266106308085,4.400306256548772,2.4887062113331644,3.4741008650833347,6.9575182207968895,6.308969110981797,3.3742566822689035,4.419538273218875,7.00643681592773,2.5419011551161925,2.1628424945926716,7.7888294844138155,5.121288479311368,7.059531866557426,4.710563790430684,7.161720907928995,8.84068389549704,4.102818281358592,7.1300267571557505,1.272260800185622,7.509554270569445,6.748080007335166,6.81957168241582,1.3393907566424903,3.995754589120023,6.61062397961409,5.396703644257353,5.527824815261878,7.80143007031431,5.585773745158349,0.7535755186159419,5.898317059949354,0.6526797597380094,2.9142761951783025,4.676824354654493,4.970202488494195,5.509807088458617,5.8054609567140085,1.9540153943314844,5.945915675600451,2.6322896530102455,4.823635397005849,2.687058420758034,1.8560742229515967,6.142844867974065,4.637660217907253,7.292148609077204,9.11701578013085,2.740985137899353,6.704160595987969,1.63164084918574,1.3546306389615932,2.7997879406141988,5.696140328241032,6.7407062412139265,4.895708954585838,6.925056683363149,3.368142749017103,8.942329935712134,3.366013271598359,4.417392006970081,3.7957056289013664,2.0519773371662824,1.4058908441675841,3.741614319688418,7.6592964988207015,5.592695067214429,7.174546067243929,3.955363146334392,9.2898636061577,2.2254166988556965,5.7517244322297945,3.5119331415059905,3.5183443468272677,5.64676408428346,2.4761005444761306,6.319632445036284,0.18915467184467882,5.546991144651349,3.2448007383521293,7.968185165910121,4.689801150793589,2.8294094616269545,2.7939526260626164,3.584574968986769,8.468504010944558,5.4859334770955845,3.817035060372121,7.199508212580936,6.529247336164023,7.6961150950491835,5.081113947977696,4.12737813979796,6.473435067296874,3.327407267327896,3.8714290999783403,5.464724620368706,5.737010945327507,0.6812135286034922,8.137755221384879,5.894870780712626,6.764208265923536,7.533214784772362,5.328814634541912,5.262977082464525,5.088267999208975,5.223066616319627,4.195727489261236,5.1182953843785235,5.314891085945531,4.9748143626177415,6.922002555469929,7.9223169597824405,7.855591672193021,4.93077437865746,8.572045625351322,7.240502941881788,4.301994096230525,1.998498518617521,4.800824710100483,5.050559772963072,4.5608020764936805,6.117823331246005,6.566096569002045,4.705404856000528,4.496731499554909,6.247395724723495,1.8769338271464142,4.017086375345702,3.724383354082775,5.955512196644203,3.6946095309070834,6.966655785724453,6.067893847700789,5.212281522249989,6.547004414811656,3.1581999690280704,6.395721589610109,3.035206499963202,5.124206769065421,4.633455969046441,4.5448805696248575,8.88164460758118,2.749408310226266,4.674027017492206,0.6226217011726911,2.1587568858477653,3.60765342104422,5.323403289774804,4.854097947624981,4.388215607863716,5.194787063023757,6.922781611162365,4.563129410240858,5.484454701574112,1.3435770142798993,6.507539133443488,5.951326522404077,5.532931370241442,4.226634349823133,4.499693449517996,0.3901299282877213,5.551676559966234,6.216691037090264,1.6227051559805328,4.114152662575748,5.740274515763455,5.806598382010206,3.821232971856647,4.797086377893968,5.7984427086445045,2.9819870694826487,7.0847141828362545,3.801716795636085,5.9005780365093665,3.633163227760587,4.472251798087564,3.45434735262595,4.328941067677416,3.9600859357831606,4.085897124193557,6.703824883987779,2.6757535985622396,5.904003232730058,4.438276070030293,4.814591167890511,4.023555882867101,4.103964245772707,5.392749136043978,3.3503138029624493,6.089353749203477,9.198022073521951,5.858592111833281,3.1347742046869636,6.500425370049667,5.557222505693185,5.376009187221664,2.272017017240102,5.541051491279536,7.63484085860291,4.179592673402329,4.2273996195119015,5.445013923672942,7.6270769394044455,1.81205307507174,3.621158625989893,6.598967373783255,2.3020863454429517,3.4816885611270187,3.4577766813694666,6.490126651786442,6.994297251440406,5.539306610673656,8.399082723927261,3.6788173875534924,3.270471618995479,8.963091264357674,6.62253522320416,3.563335648344365,5.557163129767508,5.003933742044752,6.519321038695536,3.3123094219252236,4.31187257252984,1.2111764090540191,5.316791406820535,4.903647463373883,8.176804938569903,7.044555022329224,1.904294848704589,5.731438035793212,4.673575949212897,2.4237679982779143,5.1035230712768795,5.985200996608635,4.2839183000889705,6.0820965211776485,2.558188181818551,4.379099780104946,4.919718303039617,5.153370072451462,3.9067157077104353,7.833536756786532,2.8864117869419474,5.540844143897958,5.938247113455735,5.054193709341435,0.3190880825355551,4.250355579532543,7.398324637308557,7.982934568512254,1.5842657833537155,4.467301797987531,6.567676874152372,3.226811537457383,6.746670455452195,4.806123820172798,2.460421167381607,5.728830736037231,7.883765533214552,5.08170925314181,4.035262353057536,5.656139363815042,4.236582501884193,4.881570283718385,6.242704660769325,1.9460510610867736,3.611168681927407,5.663334066071253,6.22412521314669,4.159673466885903,5.250980034297556,2.140647240272427,6.2811114247770385,4.451854304747583,7.168777185450205,8.392593410310822,-0.5426076842810428,6.765374497841839,4.876766255673032,4.08735167091725,4.309807870507717,6.8804348211621384,4.221525550869735,3.4877816144353186,6.590215361912404,7.892956168696872,2.4233847117162055,4.354905115723126,5.861000850280072,8.11293167359625,2.3700642461341888,1.5715540652024873,2.8644235729150496,5.572537480070579,9.941683405012563,2.568440711262165,3.979313565134743,5.376078604197799,1.2347490698787236,3.2504464497548105,2.543077530489704,6.901268673188579,1.2842016033649117,2.772712661442536,1.8636808614384477,2.955825379324123,7.029750591468035,6.3218584900767585,3.0398090329170477,6.2610508851736615,2.02821227217617,4.503783770176362,4.174367412265046,7.103262268822249,6.899816971781238,6.3239253730725835,9.580487306919405,4.558500433583184,7.662062222079328,7.7173304074290385,4.293671103258229,6.326580372934352,7.378064921646228,5.250200900614406,3.060309856717079,5.653420343105709,1.1393714585323056,6.4017485179205575,3.9182179328620936,5.739445915700804,7.721114629174588,5.410899350649813,5.080555146813191,3.5588220927159657,6.858448156415059,5.583722757869536,3.854535196517203,4.678590956752434,4.512147882010366,6.340753935976252,5.961878402292113,5.5342182096078005,4.968520300233635,8.289588431605113,1.0847153952413553,2.36894182681976,7.947696980361364,5.841133350550637,7.090357355850092,4.004339203520756,3.8577567471306633,3.5755474912599237,4.828851449273301,7.362797685385298,6.3824659092928835,-0.8757436100518561,6.554039351786585,2.098152870121825,5.555861228367104,2.179651951429038,5.32422268804304,4.855842078938473,5.583284681829022,9.673758213395883,4.8029151258819445,7.633750373276929,6.230810936075427,7.741648689811754,5.710629460026096,3.5147902796625865,4.517552810536491,3.1373893432587554,3.4601675316997325,6.362344978840995,3.6024488314520946,2.432143094929886,1.3049926643968717,5.725890982224071,6.351908898662019,4.5530033538675045,5.450936346170915,3.7361596591731097,4.5681558756300324,7.386371422807086,1.3418978686809466,6.880516329185163,6.0328137127550026,3.3310205422936883,3.0969106505844692,4.204458259074515,3.382036455089032,-0.6893546225852942,0.1939916458350197,3.61601273030449,5.165435009311651,5.165841496570435,8.879573044952537,9.286153065908326,1.3092809212005503,7.130503233750392,2.611910087528768,7.833145498837272,3.3502357882770166,4.430230777629439,6.086857643486473,7.479873952408241,5.035666234471353,6.096512396496803,2.3570542916607464,4.207963663788563,2.2365555726263544,6.472488979440392,2.6732022118170753,7.54360486349105,4.607903721751491,3.371410693924477,4.626213669042719,6.076502733983752,4.41577781664974
59,0.04679222242401515,-2.1259304938943244,-0.07404593406474436,-0.9311615814089724,-0.756480650158419,-0.8255092924922167,0.7938788923895188,-0.3872427106533465,-2.1100210664531227,-1.1391219465223397,-0.33710074937352863,-2.871676070827113,-1.693475158462558,-1.8372260488399066,-2.5372169219317673,-2.791179103119221,-1.7152424578622236,1.3542307178874813,-0.4512552784385577,-1.0560556423829754,-2.347318999034068,-0.08437727457730504,-1.5975573644386272,-1.362519536588263,-0.013027986293665639,-0.9501095823780094,-1.364508360314741,-0.1489374525705417,-0.1660258148459307,-0.412698896053837,-2.402574345788973,0.5349472001266091,-2.089967727798772,-0.9067174227578344,-3.2694387102339193,-1.3252390902327698,-0.3971641231569558,-1.0110532476035137,-2.45098550963771,-0.052149249239081374,-0.5820806332838555,-0.955885042262057,-1.3175226073964277,-1.8695384128564403,-3.409810171602836,-2.016706812162118,0.8531947909430548,-0.05475223041565802,0.1464676968387688,-2.661368640446282,-1.6961286366149915,-2.96045518489115,-2.1601342966840025,-0.2691402155237408,-2.487533204793368,1.5998595365355928,-2.1413484333420145,-1.1644666095444411,-0.2717560208958443,-0.45695373465348865,-1.6981746185115942,-3.1592733192380966,-0.5556254160025835,-1.7312207268726398,-1.3116338937349865,0.6546425751847114,-2.0382192100685765,-2.845880186535836,-0.30275200615970477,-0.3588478125168494,-0.9352182589545973,-0.33021920402630156,-2.1404872227243104,-0.3012636472330167,-0.36142051865069413,-1.1508849398990926,0.7638133981197397,-2.0696568437908303,-1.8761789004811054,-0.7666599353101603,-0.286266474204916,-0.8317841443409563,0.1386729667957518,-1.202610021956127,-0.43286765999524246,-1.6752800874431497,0.3810106759921916,-1.0207774668295884,-1.8981969621853751,-0.5416958029921308,-1.019431036169019,-1.34478951612379,1.5845412544043156,-2.2225707641361825,-1.702954753977795,-1.7211055536418023,0.06799358832407543,-1.812322951879521,-2.065789835780424,-1.314728137113648,-1.7663907494352,-1.014464456933129,-0.7944664281632936,0.316371769235295,-0.7647739091663972,-0.6194605562951442,-0.6463709453468798,-1.0579451312777803,-0.49715033757150995,0.45912546806652155,0.1592202525029307,-2.6687314777225906,-1.1415134477054982,-1.38526058981638,-1.499017159748044,-0.6816115219061537,-1.279893888762571,-2.066282974729467,0.302912762482731,-1.0917137928104412,-2.513768353500687,0.2406859547727609,-1.823950240618072,-0.45418935612738265,-1.215819538134867,-0.7437240923994393,-2.1930676338801565,-0.18380413138370355,-0.5536943786209927,-0.5307516013877391,-0.8033433285401232,-2.696349428065602,-2.400097105725928,-1.576151668123911,-1.7508245669404072,-0.2211309560284257,0.1900968796827438,-1.6118979031986453,-0.06970536959416651,-1.9446696674250918,-1.0491303445188713,0.19589185790121455,-1.5437376482159955,-0.85415214400628,-2.5014427853792833,-1.04370940737738,-1.5806881117970157,-2.224513360713105,-1.9620650573568594,0.34249999410241294,-2.244726077514873,-1.3796104305387058,-1.869619032562998,-0.9551828108899512,-2.846116051727339,-0.44943232407485856,-2.00905222942042,-2.1032701364037405,-1.411234310970382,-0.8643328966701365,-1.9157665328089897,-0.44535693329795045,-0.1296745232369979,0.3691263513994685,-1.116861402106994,-0.5674374406528229,-3.068075338891307,-2.8503728801196275,-1.2065237556928925,-2.475530923381748,-1.0185414092521226,1.4695219734475597,-1.298378748933516,-2.0815179460239115,-3.29843979954704,-1.6746440809175913,-0.41089437198069345,-1.2103695719091823,0.12361011438714042,-2.154871439407115,-2.602736452231645,-0.8102093941211006,-1.362307124594326,-1.8471438696312332,-0.7881334364455577,-0.4004476545156408,-1.115696285475106,-1.8365685679508519,-1.702064532860117,-0.4582487889884397,-1.5530701252496724,-2.102042560186762,-0.06152848513707532,-0.8813188517626858,-1.8574752000187127,0.6313094028967445,-0.7082921860538403,0.3331356883121743,-0.989767158863776,-1.2617781866389117,0.9051981118488528,-0.7948182486421034,-1.2810578611208798,-1.4137090490555213,-1.3168928529547341,-1.7098059482342678,-0.7938179909802061,-0.006498126008552596,-0.7725037034560823,0.07633276768883213,-1.3618263430438322,-1.2122683670496377,-1.8344387540653355,-0.9320329981607482,-0.1151876881832854,1.1935519854531207,-1.058258630487607,-0.32409332471341157,-0.16479220892965707,0.4251095096531732,-1.2680869058160564,-1.3494960478916271,-1.6701358004977032,-1.2864148852238586,-2.6874133506895697,-1.0873986009197913,0.0548844426864703,-0.6485888834921572,-0.4323261004669293,-0.3140449530655057,-1.0639244623080462,-0.40222480895343626,-2.2045902760941907,-0.1586527036148334,-0.8463583520922615,-1.5242443255760283,-1.4249412502349053,-2.1301273295021836,-1.348027264137312,-1.2677749726226,-0.11116374271975415,-0.8158892664944987,-0.5344002471309177,-0.10949306186401508,-0.2983974744916472,-0.3056203151711723,-0.10001622242269426,0.11625802251149264,-0.9214183801752629,-0.38769211077756394,-0.6109147861924584,-1.7776073660303648,-0.7873178989060035,-0.3476393542602765,-1.8344981278853307,-0.7327679694515568,1.1216856831514685,-0.8170982611539583,-1.806182636233944,-2.0101846960458323,-0.9272037414349026,-1.6792560301959076,-0.0686938696438768,-0.5715854075090213,-0.5551688402580708,-1.342655397241411,0.4396422160205753,-2.556837017972156,-2.2866697479890394,-1.0776115887320974,-2.686190804358885,-0.593512807571135,-1.032013220885502,0.0006734865066413409,0.44765352201251374,-0.44259411757605216,1.24167523398902,-2.2170604446982844,-1.6116568621093699,-3.2338389588017344,-2.427015872486537,-3.02103452845193,-0.592420079539689,-1.9135808959368168,-1.717420422514671,-1.475807100935371,-0.7997825692077839,-1.3689613371833016,-1.0453103157418775,-1.9088903574981946,-0.22748298652359333,-1.9452567788150081,-0.8274195607285598,-1.1567216342261548,0.5234611229886845,-1.133952922129765,0.6709400810782176,-0.47021178693517973,-0.4967732337113915,-0.9508166619666628,0.9708429628477016,-1.5622177955870584,1.496830508885577,-0.2583721023235036,-0.8055982363859151,-1.4340732161761074,-0.9902298850587279,-0.5796231246769068,-1.7043580741415725,-2.189959690523369,-0.08239063635596189,-2.297637130346106,-1.6337944055492946,-2.161194820808581,-1.6513084308253012,-1.6633204291651773,2.3104292972951233,7.161311906629967,6.385702148240365,7.9588683598271555,4.0075108137110504,4.928262233180443,3.725081830771262,6.434520659712678,6.865958896443964,3.2583143935487238,5.4122763243988325,5.416992250936299,3.2759259163877035,8.500353088735515,5.806453142750599,5.943463958017681,6.953203753799494,6.722132719117136,6.726000602914562,3.2577849404000068,5.442960801546392,3.274788272782268,2.8502906692898087,3.4277265239603256,4.158715656025378,7.941377120224417,2.828748673077933,5.669678632341771,4.833855444150178,7.737934058365832,1.7615348717601251,5.31828690642502,5.826734024016345,6.807537107714702,1.4621116001172503,6.7180293853390305,5.104692601265715,5.833553670281259,5.330298185668211,3.3504930947193463,6.146667857077214,9.139723269322864,2.8087735146284416,5.501790697690495,2.6198875748042196,3.8303989984364706,4.126728151412833,5.839344091883537,11.82596277774312,5.033417451589057,1.4850210060465887,4.2169930404990446,5.423484186985976,2.9476747541022004,5.077081428925392,5.806105554992063,7.992884231652713,3.9191828614694058,4.940315854967475,6.550687723183743,3.65491027493277,3.9486355367742965,4.910321725356982,3.581624382882369,0.597835586720727,4.961286341828973,4.671441312887454,6.551297523768027,2.9000824315324616,9.177126797922607,7.738013842872297,8.054387851540797,1.2978218861497113,5.638138891563243,0.6697711385051592,4.597165944629286,5.601479249672691,6.397544356064879,6.180631698872222,8.483783340767028,4.144751629447357,3.916256484547652,2.3501337277083465,7.775144478077686,1.4930507480635562,7.54139881380924,5.2710026660122935,6.589481090398571,5.866058776441394,4.285059379236672,4.142442872108676,7.163474362750515,6.602935234829939,3.887259780402733,2.9036285078129636,5.3963131645310884,1.634346501112974,5.355077903782255,5.319423710776063,3.649371094026379,8.303779581200537,3.8681759393017154,2.3678840743566116,2.860174956883381,8.740106305333246,4.990993688462829,3.858702858449454,6.648028524021066,7.107237039731422,8.977879396800871,6.1800616822477465,7.737606374017331,2.244030420154754,4.647903406558907,1.5436344894189182,6.936109155806251,4.962608780662847,5.548387221249959,3.2032846601824803,4.231030476905511,4.039444047476573,3.2860786642492785,3.2120527463092126,3.144199548794006,5.054371376467818,2.4926174391154365,5.90208346593304,7.208575614609485,8.012856443526903,4.949481021613787,8.623324773945395,4.575340752136129,4.9428442362279945,6.494830658803897,5.116046429690192,4.364993632826668,6.105945740953095,4.860439013254634,6.18481802878776,7.331140907951111,1.0061373314826443,4.6597910388300825,4.201047076941655,5.944406979034498,4.335771834921418,3.3274653579634026,6.23483043693001,5.7994446237608575,5.765540097233473,3.9315750089495136,5.416752312588021,2.9244621472647214,7.943542766870936,6.529854065602924,4.87427956201822,6.2064567962494435,7.3672450899328386,3.6930428000003994,5.232339483549773,4.5146300098970045,2.0323863275776817,3.103323158062119,3.6791950226466197,4.663918225068611,5.253202188897044,5.723229029326167,0.6141591114655354,6.79297163983826,5.423845898431603,4.1101143987770286,6.47106920762206,1.6883633243301555,5.92803368976871,5.06259549988959,5.665322853692231,3.177317038859001,3.4068545289935153,2.342325159854535,4.715366304950129,5.595821585499763,6.200904451351371,5.2869469924390335,4.905849634878927,6.696095425055917,2.3179175078540317,3.7127989539936124,5.786670635620526,2.8205376936801443,1.7923369526606212,2.01200543644893,3.901108280371659,7.108703513053305,5.330624297367051,4.830328528365554,2.581973651683177,5.4570210113748825,6.27618784570617,5.024644380278155,1.3777461888386155,2.7176903891959157,4.122612279016017,3.216212107088563,7.942035688171114,6.114875991014037,4.282316661044027,2.1344568459287983,1.4571551868070398,4.410860862472025,5.4290472665211515,1.4226440638527982,5.126780881329727,5.909105418281048,4.00382753521657,3.991747882217904,6.909699534908112,1.9477348896598645,3.9385625298753535,6.392912993340707,7.039326644552973,5.885376624667305,4.720125409219821,5.624741592498473,6.01397205292121,3.4552696730427845,4.0374623711839615,5.879331366179868,5.086476133036803,6.108937094298239,8.250466765285685,6.966863857110244,4.306057667174155,5.790276025699786,4.587404248513948,5.961623619579684,5.202136337727724,4.093601471920449,4.382446054821394,6.088328187758842,3.6159487859052257,6.636497339908531,7.300639700587981,6.390428374966247,5.097429506138623,3.7574867701315924,6.311357248841064,8.728940744082614,4.419456725712753,3.3979439167653354,4.8836882922011196,3.825871478539426,3.923984284687071,3.6997197054973268,4.925408295055537,6.5030453029600315,4.726469808943486,6.287927025538386,3.581531925017103,5.612278406087093,6.378410640651526,3.471337462871722,7.237703343150477,0.9335009118332405,4.091948570798468,5.757047149636809,2.776883426529382,7.559737210154317,6.10482009548223,7.16566581402507,2.5418415151564786,5.326294320217372,3.089723484835507,5.519693012975298,3.58958177421486,3.418006772202765,5.2325901744358205,3.0635662175604885,9.664715618329309,3.368711871022742,4.467697698359214,2.6011901065947964,5.944978250449542,6.626756141831496,6.260255224408929,4.514711816655021,6.276079718630914,4.74076196988112,6.845405617907838,6.388175814880146,6.1258394637516425,5.501864941171422,7.849729888569168,3.6809493827895006,7.6830716176932325,3.0927311950681466,8.265841595691604,7.304912704642785,6.705136594893129,2.8296067456976433,4.5096064574102535,9.19624116213986,2.7641080259002426,1.3109535895906195,5.094327661503496,9.239399147067838,4.1968193637342335,7.083095337490515,4.025356295212271,4.780367519021422,4.333692418608209,3.1466084731644104,4.996578476371213,7.011695400839265,8.091133527095604,8.114517507446479,6.4522538851439295,4.321500459099023,5.717482046770478,3.6955377004793,5.905164273163934,5.986128730415404,3.5880609911561514,8.437280121310723,2.3887767472278454,8.808536085275929,5.0701399848346265,5.220340013812239,2.809235105268264,6.5399010144868726,3.261297405573774,3.2981304290888582,5.243785447142549,7.0861958059054135,4.554351201298891,6.1298655835890195,4.613027963105564,1.881044240234826,5.143364430760398,4.994176425634962,4.436393540227453,3.812507839207791,3.550713718197092,2.3165126297423764,3.4671778496935186,5.348686851179642,2.9620686704800487,2.575095597653852,6.149842065062904,3.6860002951980935,7.291701901876589,3.943261556457415,3.675265829595191,8.10832680200821,4.2553130382404145,5.062209272552355,4.366462815246722,2.017810139651203,2.908761745404431,7.414748488233842,4.08957725623113,2.9194379023160453,1.8537821766421239,4.921912082141358,6.336742313092028,4.6595920004477955,5.939052212505301,5.232839229066378,7.185637436025344,5.810610890513222,5.296166386266004,1.7756639078574197,7.433205393040888,6.5384740784254465,5.909458079346128,7.061970437209412,6.538443584367281,4.442441758580222,6.458046816075412,2.0786707350814644,4.725756832761159,3.155258269143027,9.079457385537998,1.894653599194247,3.254696717741876,8.642021160760896,3.8825651894022553,2.9053466536297794,6.855048498502391,5.477143050770883,6.1444483322777526,4.82825128046878,3.724844606519502,5.471355293840626,6.845368969145609,4.0199462686645315,2.3413426733344016,5.724353575512387,6.154008308956646,4.195229550968797,3.106107748653337,4.831378284587273,5.430516203339548,2.046621079059169,4.230513712800374,4.1277985041466705
60,-0.635087950029608,-0.5887219892471702,1.2162958886888218,-0.008082370065041089,-1.7026598627745881,-2.6001899638975137,-0.9899120806026618,-2.8361108922238722,-1.4443116015182214,-1.7477613880702272,-0.6151236239912913,0.6417833640098496,-0.2248344679814267,-2.9476851655237306,-1.71655245491038,-1.0531664749288343,0.10646916073245438,-2.165267838351446,0.28048268528510434,0.014712389307742546,-2.0520913849440694,-0.5457523763951131,-1.914600965608678,-0.8255975515840562,-0.5908507541150957,-0.9818731431630466,-1.5585124830042358,-0.2549387928312461,-0.812003740930536,-1.6540670304203147,-1.28047753900923,-0.19684167317988965,-0.3834992097293025,-2.122306847627236,-0.09225472142778224,-2.484770806963562,-1.2239989035038155,-1.3584236476989713,-0.722250678287517,-1.4650093310119114,-0.9023904819640662,-1.7311819919712361,-1.0388518591097042,-0.502883635704477,-1.1916015908042235,0.3485182747072888,-1.5251920056810784,0.811232035976363,-0.4828050491325594,0.9733243440574422,-0.504843919883041,-0.49534408800491947,-1.9723400383363172,-1.0264656238548036,-0.8238460793171689,-2.071016133468315,-0.4166425604594438,-0.7556017380450861,2.354668270682232,-0.2972587691945566,-0.6006528902188552,-2.600811828314368,-1.3293858186056844,0.9468742902595986,-0.030576045186794687,-1.9118204265854215,-2.431130649644351,0.16629399192435357,-2.0365537473861663,-0.01839886879701047,-0.8916458496720805,-0.6311528370949504,-1.2735809594579608,0.8913998971061234,-1.140240913420342,-1.09452970997945,-2.231343348308303,0.15645259626285424,-1.174640634456221,-0.797767687599259,-0.6510755180331659,-1.2718276898167147,-2.2305821252239895,-1.1906186884770062,-1.4263574715999985,-1.4229747070819505,-1.4489758647387805,-1.2422883733993662,-0.42642311314276093,0.4284480312992778,-1.8648576500293705,-1.3167238900183253,-0.42186002096489494,-0.581550959291941,-1.6712180311076437,-1.8892449906809317,-1.4307592586523867,-0.4546682757025824,-1.5053942349103255,-2.211036906786581,-1.4483128170247388,-2.6939488937880913,-0.3794019787337728,-0.27988494531521246,-1.8990305710643636,-0.5160341400773134,-1.0139154703189373,-0.6800084094608341,0.320481395026186,-1.7828311252972027,0.31452244902647974,-1.4553546872084633,-0.4796271874494694,1.6835066276793609,1.5046002515656092,-0.28510876935886276,-1.3594093516854269,-2.325563218419481,-1.4453536013122126,0.5903774062747116,-0.47416470298805413,1.4944796520959587,-1.5497852948630833,-0.19653257895475307,0.5723745855956006,0.13927471996396434,-0.6798110982475096,-1.553257221666911,-1.4038567221510496,-0.48892498042419175,-0.6441718146221478,-1.3027839007755102,-2.357713983217146,-1.8375736312498163,-0.6943226434871231,-1.4581635221184603,-1.652437625995674,-0.09124791462649073,-3.2607934543357553,0.9376904812473765,0.33600892731276777,-1.8553854919744157,-1.0914352947485064,0.47694544568457675,-2.079956017071564,-0.058216565054058145,-1.6660648684039425,-0.9204917195585149,-1.8568425326917142,-1.0865661308895769,-1.952402396026869,-2.37494745790349,0.90827196589973,-0.6444964332979395,-0.6225722883432788,-0.6109237461267141,-1.0488118603564982,-1.208983221340892,-1.1190063234606646,-2.8073792332037306,0.9725550652580981,0.20417934079273303,0.04253449017858468,-0.03268730654526353,-0.22556957809550293,-0.19958077194636692,-1.1951349298042244,-1.4395077960948863,-2.317243708599501,-1.7352804248340359,-1.5919551180332525,-1.5953132901619247,-0.7465535379366973,-1.231561014593527,-1.6043518243810304,-0.055614920269391965,0.4203534007948422,-0.1342495746141268,-0.08874499973484973,0.6708159920467933,0.20451086002405017,-1.0417770123632375,-0.9557588883092131,-3.1685891979490775,0.47745378392451987,0.04788851759775836,-1.0804227533710846,-1.64240065496503,-0.7409059768523613,-1.126982559621294,-1.2938886355117485,0.25491918565063987,0.03538340769460402,-1.0209612683529536,-2.473420992906658,-3.215813010617299,-0.8342028488481372,-0.7306038527865271,-0.35858773772598507,-0.046724688741180076,-1.0741675290065296,-1.4798136627828717,-0.14953020057948496,1.3305160816286583,-1.5196984402831901,-0.6970055751558596,-1.4899154198666005,-0.7351699950270045,0.6233196879983718,-2.2323523171741897,-1.2484271236724838,-0.16827515737259524,0.36643009062404563,-0.18500713806075952,-1.2705004801794881,-2.150533242840946,-0.564742651396547,-2.091773208523343,-1.1357938928983062,-1.8327734338163917,-0.33187655622521683,0.7908893176274203,-1.2079141386190309,-0.20879513219008805,-1.1781842987166873,-0.9784409367127478,0.7508859821747731,-0.9803997766119671,-2.2468816285732935,-1.430508705686341,-1.5898849914963793,-1.6629281663700315,-1.0909482063859295,-1.163978493260631,-3.5855452271513686,-0.6546274794640738,-1.8180196100441943,-1.8948776951410329,-0.10563455010718437,-2.7110784623919004,-0.840863372707834,-0.46925028791081613,-2.2603167810538087,-2.5393674205851218,0.5317809945272938,0.4186288349441867,-0.7076444202183003,-1.031829715075408,-1.828298965829982,-2.7742677084810734,-0.6450913682152486,-0.4523618667383351,-2.7093369842928556,-0.8002337855260115,0.02859768984844968,-0.2073961328716748,-1.951951008751998,-1.4092527736763363,-2.3170387373695864,-2.3840903209482915,-1.7790067103455682,0.5366662387386276,-0.24119105406170416,-1.529782800531943,-1.3167856749228748,-2.944897853480275,-1.6871801795305328,-0.3260700509691513,-2.692841964637793,-1.8898898140782001,-0.4278914976187733,-1.5928270291406772,-2.853338731714362,0.48536181377112997,-1.7180721216687842,-0.4833057263438092,-1.5214051820761707,1.0685913960452607,-0.9495826503146798,-0.5808997835192258,-2.301120615962767,-2.2931149919734644,0.5641091602453323,0.15040972286737841,-0.1952399259444323,-1.014706087749135,1.1302783216287868,-0.1095560332590767,-0.8734510413471641,-1.284839566759925,-1.7729843950822026,-0.9421485299094478,-3.1879570353126088,0.5034564004853757,-1.6149832173716963,-1.4746815943819558,-1.5762131774034072,-0.9739917131677872,0.029931892476291244,0.16563764293697458,-0.8477290043766523,0.8544397936070127,-2.593102321892857,-1.420945092932798,-1.5764342915981844,-2.316083845398359,0.5243956790384741,-1.5136646326669823,0.6919747123667823,-1.6603596890595775,-0.7535801295808277,0.2188774280198278,-1.4036692153188066,-0.9569898676388099,0.29720245029495684,0.1229614077658212,-1.4363385873845878,-0.3988753659187607,-1.0664706554088574,-2.0426022764115297,-0.9128887365300268,-1.2966645901492755,-0.8586792543942171,-0.1121310077569051,-1.1029350991954028,-1.2240510853753703,-2.2933847137257866,-0.6898452277923557,-2.8206420390580753,-2.076397746325457,-1.9919496836414021,-1.1696829259396695,-1.3815341056129073,-2.1440243192740134,-0.7581540372800508,-2.6873675299752513,-0.09506937110014113,-1.699098789608604,-0.1448267597007976,-0.9145852418936802,-2.13906113546976,-0.03629579511382597,-0.6677200985395766,0.012759812876820265,-1.5455731756321773,0.7277645919738567,-0.5740871302173933,-0.2890617972171522,-1.200881412723695,-1.3169549816212047,-2.5717137031802633,-0.9044726564197682,0.8029112970494368,1.1279936113073834,-1.3541586020231988,-2.11161960796809,-1.884044424618428,-1.627724698007988,-0.22217656073621372,0.5490841827233826,-1.9214795297873601,-0.35161916261013826,-1.7019077892705234,-0.7142457659490402,-1.122720070666892,0.029236249770926204,-2.2263315640968986,-1.6922023194328855,-0.41191163170041734,-1.193222818737712,-1.8716823260701578,0.9364019375996335,-1.2331373683004871,-2.4409813562702136,-1.2815485578020687,-2.2026194154335927,0.43867408795764073,-0.306636717454175,-0.18910786250536515,-0.8440839489175983,-0.29496739963413643,-1.5967640034733188,0.9867755285082545,-0.3869864612349939,-1.8818169464951109,-3.8410495514897787,-1.158232153047013,-0.7591936845114581,0.5785977509092246,-1.5183711850030586,-1.766087236467678,-0.24732929107237378,-1.5386790796072145,-0.4033636888934946,-0.4358091274409075,-1.025251813928927,-0.18619078336104788,0.9388393077289554,-2.7617634877245907,-0.6478480791283157,-1.1313259560227142,-0.6843438702948685,-1.2310350027539496,-3.1427080655172666,-1.162040841940961,-0.5604344989766799,-1.404769624164811,-1.2318588472597716,-1.0815255834537763,-1.241306745097999,-0.690761079940245,-2.0454443301857985,-0.9752215352024783,0.0699463015032713,-2.148828968235469,-1.5924051727642607,-1.9065893528262272,-0.1485998785017586,0.2617148486393135,-1.167708973616779,-0.0028003857790980247,-2.8679225604437883,-0.04059223210007401,0.3444727907655676,-4.79790066764026,-1.8828186897647694,-1.5257946421981778,-0.7554335890799939,-1.5772715878703694,-0.6579991386805526,-0.7198495120842688,-1.6626476568704347,-1.5279217734933146,-3.6198530072416117,-0.7402631761081284,-0.7858258794764474,-0.9014572678226956,-0.8115066447574272,-1.1471060187573454,0.7764621475693383,-0.7072692055797452,-1.0055232976854982,-0.6081263302180332,-0.6640972356348204,-2.571913963780919,-1.7186130710755316,-1.8684936381908064,-0.0401448071389493,-2.2130070496929424,-1.5918334762217072,-0.857695586920853,-2.4075183631637422,-1.040651949560243,-0.5662704513166675,-0.8797125813959852,-1.0119050191929337,-1.2662383062230576,-0.9729585363247644,-0.09431982032121378,-1.9657507393162388,-0.14080594588395323,0.37252286590011985,-1.3172615965354613,-1.2337650099941757,-1.6952143818860739,-2.298591516394716,-2.4882702035101194,-2.403223364913444,-0.6266248054564052,-1.4108634161043758,-0.025666392165071272,-1.8933485030061035,-0.46428104079470955,0.3569271156067353,-1.4749354585617371,-1.7897765655310907,-0.6260766068441528,-3.0223595508609984,0.9629636376834643,-0.46652811616198364,0.5185286626903685,-0.4165544857495489,-0.4669300320637704,-0.4621201164027112,0.7896623497855237,-1.4688377101946042,-0.7680580776902481,-1.2598883299834602,-0.8845080336067173,-2.1811380579514523,-0.9992352308536573,-1.6507517134793415,0.014059912544297504,-0.7376428295094196,0.12009095143058146,-0.752581699929282,-0.5636307033627344,-2.357670429309436,0.2543495673105489,-0.781892352276897,0.16877653090105604,0.5502740123201715,-2.2681958090946273,-1.2625906316408932,-1.3218639962899392,-1.3731759289835617,-1.3943535907169484,-0.42121868325414946,0.5084031296361771,-1.1423583174442349,-0.8293792087914393,-1.6018159813135102,-0.2612822433169517,-0.3872915780727736,-1.4922905389272674,-0.05263717743486784,-3.535882908688603,-1.6776919442956506,0.9130337598570637,-1.723421464528607,-0.12044593690395089,-0.4485785321505972,-0.4125734176066673,-0.24192199676242576,-0.5613772129066773,-0.6989191681296122,-0.48046029578838123,-1.663232264894529,-2.1887606178460457,-2.1483408351736872,-1.5171929683410186,-1.407794997737618,-1.7136509040839045,-0.5472765889894702,0.9742357329243374,-0.13991915069119187,-1.424605312805451,-1.2184606660886907,-1.4070514803509298,-0.49289372962059363,-1.8931584812696882,-1.8823490847905409,0.8073304274254924,-1.8379215358451046,-1.727709418053634,0.08236882459872463,-0.08056528056505019,-1.9485114121417149,-3.3639029293353016,6.808864318013094,4.269954348258933,4.377285471321607,3.267193347637934,6.947000749621153,3.5614994005125156,6.83612223398565,6.550986368723567,7.4812113428969145,4.743444421430159,6.110920016195387,7.00235830739412,5.567096575287294,7.922168289406079,6.561400923553948,4.011145122496561,4.557090281909312,5.098140643836867,8.710675091737713,6.66254679724676,3.0215758228014007,7.421980046104951,0.13468235534899797,4.8644881596102225,3.1918356428142927,6.25069164472651,3.5042133506241147,4.171199810425241,4.679001357664215,3.7555604797648563,4.216542651614273,4.98625732910529,7.529966170586901,7.240112282392243,3.8660436044432966,3.6611839570248312,2.924170234389565,5.533359189125386,6.079787847740382,8.597373485294867,4.102845170829077,7.045430633873212,6.130349602616813,2.8606133682808794,2.1252261012300817,6.535404167723234,5.0159344568922855,6.315783340669549,6.738132552065228,1.8063479115103322,3.1794495882238927,6.516985844769401,7.026777295764385,2.696138895925517,2.720977039097379,4.923316500609623,3.8859135872409727,4.423588559387951,2.795042526533981,7.119669478959905,2.525653449629926,4.096994112243252,5.4172744857414,4.121914523381995,2.660301798695061,3.2609733875679163,6.2949602802180955,4.517181631682818,4.807973343879095,5.794100115147573,8.18341219935563,7.1535481573949475,3.7457690682962355,5.2671264046039665,3.4209134437173123,3.641837483700255,0.5007350029971898,6.817769042730051,5.66401391115444,3.086296777315737,1.7727471992135713,3.2329540192536603,5.093220794934652,5.508952887999599,7.088818647830357,5.672260859297694,6.043151755375136,8.536642738175484,2.68020965096812,7.598195664103914,3.6479497597273474,4.019611189887136,5.088823606691493,8.181734168557444,7.220993589802509,6.2358553006800745,4.034022207332651,3.9171992388446997,6.1585044738582395,8.027490738573567,1.8605142697354058,3.1773146331972573,5.242496596907615,8.656143269891093,5.615302373100131,4.167267444740828,3.653686673658253,5.702267343587553,6.311129725805313,4.199691258386933,4.878327186241739,5.259664831308837,6.315517448576084,6.374631133373673,5.406831772832205,7.941445968224821,6.337447924907608,2.985536523858511,3.700078226442505,4.846797925276584,4.0752391156491,3.280454100520763,3.720684989970926,3.876511169820472,3.53017284114606,8.776298374722225,6.640034693883816,9.824167304519708,8.998319491249125,3.586175411183473,6.426534280208872,6.120614544605653,4.12765878571149,1.0784934829878914,3.383062418275949,7.96085930346738,3.8037272223907954,1.7824230082311545,5.6161119043667895,2.608535530724817,4.721502238977433,5.574672398840249,4.516390064844807,5.2924845691977564,4.741171873557249,5.611684018551816,6.387584667771123,5.599761068759692,6.913105571237519,4.205442628942838,5.996211315008942,3.4514343037522526,7.542946002052921,2.9983263104630535,5.350281443487136,4.618291540247899,8.065629702081253,6.6454266937083935,3.789869795264575,0.18980601524614116,3.9304531310697897,2.853030431635608,2.5892515788892605,4.141766325873403,4.307193047351493,4.437963922529576,8.165119121366189,4.0258618142244265,6.478569121834256,2.2450487442375007,0.22122904884597805
61,-1.4234795291701439,-0.05018190907917752,-0.8523293538797311,-1.1304114040948705,-2.475040175127652,-0.42901674096492204,-1.835901661493498,-0.4741645264630835,-1.2150513315870637,-1.3342882574834438,0.23001387341302193,-0.6542511684198029,-0.9395057688358884,-0.5212092918957345,-0.8947108778569736,-1.6746080582607903,-1.2137578290657915,0.03535719298826945,-1.4836450565877786,0.7432633430209779,-1.93097456377981,-0.037526792920792085,-0.3229002736978268,1.087020695128206,0.21880788986133348,-0.4241133992250715,-0.3456175705255714,2.7519351730285297,-1.849825479904266,-1.911373694323438,-1.2566215697384733,-1.6204699867374874,-2.292381745295935,-1.585243762610764,-2.249618754243044,-0.39815099499786744,-2.388375839442014,-1.3892747728897075,-1.7520483267455145,-0.39994659281239864,-1.4080706943528136,3.5794042554910273,6.132240743826439,3.42772466964676,4.8780026531735174,3.3958640462247915,7.489665615915368,5.381956180690148,1.0600605847787263,4.548208398334125,8.895094695434699,7.604762510140667,7.383113994797377,4.297850388343068,2.914105656007831,2.1818067496441063,6.760832875021816,6.264099494172791,3.277677216145454,7.03779502682584,2.3318984292054354,10.410104116529395,9.42914963402852,3.590186884856865,3.0149672148672026,3.6081710412946104,1.495978691686017,3.735930587886457,7.8997980085634225,2.2920212532740765,5.856218018840241,8.880574599728941,4.183064972466319,3.21126125686535,1.9232702840742708,1.812811708974837,6.638499164961663,1.9211726142413594,3.661393851715655,6.1570545284739975,6.456955275212401,6.727976363773987,2.858207256011516,5.88259498244087,8.001829889072884,2.276359420782599,4.297427963404016,6.654977401695228,1.7230330320960627,4.109553374917985,8.3348109980084,1.7368139464633376,7.904484599989104,2.150922712120273,5.8811163345519635,6.766421591100107,3.9356663741604665,6.285567672926102,3.664273826995802,9.175128753741054,9.011785712299245,5.721025560157063,7.856413721280557,7.136438994909079,6.902395824055911,4.213097113312998,6.045998649826692,7.532838077114638,4.483083477173922,1.8374888175494095,1.237065855595362,4.678821337741768,5.400861521843147,3.9742943008325176,6.498520432665062,4.7855316143463105,3.5205428097850033,4.460388905757581,7.90605830483744,10.001694706170698,4.366582403721059,4.449640158606853,7.882274737126252,3.0892023851245685,7.921045567395292,2.795994346984222,2.8456244042534284,2.511868513471358,5.696929080850976,4.80871147099854,5.708185409910584,2.242669221039306,2.0654209066010343,3.4021432895403443,6.475729277323092,1.2011270240802188,6.855574847276045,3.7041404351731586,5.25424835018588,3.96759841022575,5.50288472662805,4.3105989870473795,4.971289224837014,8.14706921128906,-0.2891503103826354,8.412452365368614,7.494819220558778,4.934481779506803,6.62002606032258,2.690750566513222,5.790747852201705,6.829018219516952,6.894887664546337,3.937323399404296,6.30866314098271,3.0752246501039036,4.143065336682587,4.23235465941412,4.419864034492326,3.6702731601122407,6.5094929595557325,6.746057915688536,7.1594911675916535,5.5606902401378875,4.824220487709054,5.057316062724962,3.03699551447448,5.5862640131214,3.714501221055253,3.3358385925441523,7.659089005516185,6.961572171313044,5.851776420427665,5.411015073445195,8.338820266059956,3.171225199442328,2.1878968419102467,5.722812222808576,3.4265854709372143,5.778529963165945,2.706741512043458,5.439332581717033,9.092032619574738,3.829080996578064,5.777589599487547,3.4693624089343924,9.481496309461374,7.075991369638649,6.883648676765463,5.628233939262632,9.81279191493221,5.303569798454183,7.108796577736111,0.8418437648624222,1.6771405409118234,6.723490994216501,3.221038643474764,3.9810499438153855,7.126662810227194,6.011651933737709,4.518563164694385,4.597218449414478,5.664701136197524,0.9587740023080853,5.8352101302045805,3.6383668063495826,8.32232078092865,3.4464205003345887,8.009063301682817,5.3073763096118585,3.7716559753700256,4.4458385291983245,4.872747433860786,4.9544932318221955,4.89403064833226,2.588679044673499,5.94617981035697,6.180408310590273,6.5359422411150465,4.107864171763678,3.9254378615240175,7.765218590271873,8.949947094624065,5.593149749678503,4.431750671593795,3.7155565389238276,6.359555568482892,1.0765746526540578,3.0441473164402693,5.7650561766682324,4.397477337268324,4.440867673380915,4.954751192128966,6.62336461173401,3.292485470848211,7.653843548883115,2.8512758153920466,4.753365641238652,5.032825902043343,3.440476597689985,1.4693927053873281,1.0197610828386505,5.903009802110254,4.993307756275714,9.159896494028779,3.0812426153506305,5.60507502688273,6.700207816175418,1.692544523557471,6.691683882521893,2.7883832812532523,4.4596617126594404,4.7313384906784695,8.616486067291406,7.214355444481955,6.651168313459662,7.335537212415955,3.1360942700663816,3.8232425347106638,7.089044664902613,5.771373974774583,4.569666381775755,5.02370929639475,6.121262918273057,7.462194277981343,4.987298600309496,4.857556427021703,6.707743931687755,6.002118646016811,5.538612276051923,6.480406998694475,6.175550828741005,-0.15654860046023433,4.989782011497868,5.083241699168437,4.644237178505596,4.34552586441143,6.706910498020977,3.614469334690213,7.695341729755727,7.599574003011793,7.664395863182104,6.604309041137764,2.9792268121530925,0.9550825992030036,7.930164767495359,7.74798871125164,9.240491162795868,3.638218656532258,3.7493273482342797,3.136116382389589,4.124179597742695,6.684344234250168,3.6377587693948437,4.8868118323501255,7.322298871844488,6.985365241406671,7.199105097471823,7.0250653851880305,4.517085846863287,9.700109524351014,6.502032054123502,4.256947286493951,6.023697228608965,3.9088642821739263,8.249062904312161,5.360856368979503,6.355307232607295,3.291970820204998,3.281884851147719,11.217279007936467,4.670538748457299,8.688595283322922,5.521291401061878,1.191791897033256,3.580442517377519,4.735714570803922,4.7305163703319995,5.4369640691871925,5.898647957882323,8.321288491514338,5.620222862429004,7.77130216821363,6.184047520348254,8.03924648624373,4.364579555456506,4.369062897923368,5.726539148892591,4.183279581018282,5.174895747812061,3.7606074305980317,6.719183468337578,3.5660326583408897,1.6746297588049863,5.995034680292487,4.002061520329732,5.585391157632555,7.060651721186655,5.380265460022175,6.769310203340179,7.144707847024881,5.019004556483204,4.10851138113925,6.344677379793482,4.571521994680649,7.0620227416687325,2.6005832029726137,8.185683873133826,5.925289370744515,5.744300043698413,6.007216347051969,5.237120702607428,7.7103925807762295,9.327076896016282,3.8599772175250067,6.791320471714491,6.328180324291064,6.40973395054127,3.362484387280264,3.6578137568985687,3.9996944582324003,2.9305895969558033,2.309656524328113,8.926044641678915,4.331610744978702,6.6446017209985895,4.570210587112998,6.0571528150751,5.148878885862307,7.305812740804751,7.098670449274878,5.743153560010858,5.84671993677237,5.995140884769233,8.83525025525675,5.189730673714254,3.743485629535252,2.9179020061161527,9.403924135086555,6.994825092322926,5.867330140266467,2.1591920030407907,5.458907079939509,7.521318607120367,5.240249978774571,7.231906228337862,7.616762895004371,6.2447005589218225,6.363615452043755,6.908304179414211,5.908356564467498,0.12518052026518234,5.468282608808288,8.047903353600818,4.560911755071368,3.1068139441898333,5.416912987429227,4.804583353758192,6.008937926646657,4.947142074667199,5.454148577160081,4.672204753915182,7.3219989385568365,4.397277290251005,4.6403739296533875,1.942928883354325,5.1812941469428795,4.631068649950344,2.1908272348955373,6.399620661255517,3.1949189611846944,2.5107159800709824,3.7750984554803066,4.127623541633126,4.93596599935867,5.5360688433078185,3.3283062370378413,5.694548879440602,6.682180859580048,1.711410139449054,3.555083848300031,3.013762868780127,5.562147252632423,4.287802721562841,5.255801514734192,5.007793917974957,1.9598600077354367,3.648553512945622,7.059649974928754,5.0141859135698414,2.7494242232205237,1.9760852225463577,3.9512343909314014,9.976263329436556,5.489830682438966,4.939229294463109,3.3317235460943064,5.91797473471819,5.588439390690698,2.2974560221408438,5.904765751123637,7.539759610443039,3.65141568174704,6.109314458768994,5.473590007569967,1.0607223203002079,5.500798007418339,7.842750338490305,3.7210380998737884,5.233549760563422,4.539362469605461,3.6524087439550623,2.379127297756003,3.857579362303375,4.470545258716927,4.515516107172977,5.132919736346928,5.950175596255626,8.408521390732712,4.905454586295976,5.582733054646797,2.8520777334970773,4.634410586513538,7.8092894585379184,5.71435876834417,5.588653041084576,5.557445878606173,5.793767420809882,2.1602529530730514,4.354076500016621,7.632360560240107,4.055088188881694,6.778528034040041,5.17773357293679,1.1993080729106378,7.443762253259136,4.174502240985502,0.23830990570084243,5.457554674074285,4.415841380697095,4.876159713695171,6.083401409288636,3.8963141818542146,8.367381822095838,4.493333671941789,0.9754958739386366,-0.1419363413920287,4.887228041817659,4.277316342090234,3.8988846582183987,1.9753830853954568,1.549705273885777,5.947145741431761,7.560395497391264,5.391860076308119,6.041209044164521,4.915264846321312,5.776568552224499,4.9383946893967,3.4999670467778143,4.924750856289735,7.4439453470712555,6.994671028432651,5.989277790394761,5.277271896500277,1.7399267529308156,4.163895214926644,4.652594219640777,2.628559427440405,6.482821882252953,5.758536599213351,1.88552057434981,6.828585302683774,5.059464875038734,5.457560540003397,4.964613549925851,4.832849210997126,4.797318700974818,3.6730974191144083,9.986193030763232,6.702534559560548,4.0172384802153704,1.4331634467023027,6.283447892558475,2.3755746151236545,1.6376006791185982,4.7285364070868,1.0598987605190158,4.97322173932104,4.764378615678633,6.573225469237457,5.529233302962239,6.657645683612293,4.445549176905257,3.042203011649084,7.670234635117591,3.0117274904539904,6.308737433971912,6.587843902923085,3.7122658649959273,3.248339927635902,1.69725768019633,7.352430613348011,4.7134428774911425,4.772072500362748,8.051105611028776,5.767739582852833,5.8869290110063455,4.843177654801207,9.294722940665501,5.125504589705382,6.995016288374857,3.556421836062388,4.626859217080429,4.462485147286516,5.39207291908879,7.008260556696257,1.1216019223992624,5.8970671387424884,5.273917849970319,7.265186040495957,7.087730713891311,3.2374805639536475,5.3960818359703335,4.2711380253742774,6.4030553698808745,5.126972230438244,9.612575997535046,2.1567410827275935,3.042361312266851,7.911769189523244,4.129664982791924,2.9882814867012777,5.973319396740415,7.780188948108761,1.6135899405753094,-0.4767497902004312,6.758245117965249,3.1355270783049995,2.2074536579075152,7.05508694914678,5.834199858128226,2.991814624235633,2.766313290313305,8.550367951432408,7.840893316096562,4.756430406325471,4.743611049977438,7.194958448182371,6.257226651641055,4.525626855067686,3.6342355578032683,5.640070065026456,7.227135968094932,3.665713544604174,8.075089123031633,5.709805859939499,5.254879514782184,2.648512586852832,3.29126884891828,5.981461941126484,6.392758625687863,3.0954799082215145,6.534530556771158,2.2314390839371816,7.664681623867195,10.115112195038584,5.170720957785728,1.248042921696951,2.107679909411813,5.565801401479002,3.0935573776838297,4.733942711081978,4.937357904782128,5.414440938886248,5.030430558746921,8.525227167784529,8.259908437647223,2.245233342265155,8.17140646243478,5.136459062056755,4.787798753827381,4.175159895650456,5.763952585150853,7.483688558208581,5.313851015856328,4.733675893312725,5.168846269811111,5.878745168922257,4.578324010813174,1.1611746560269052,2.371980221688931,3.1184675287896515,4.083188863531138,5.214862435839828,6.52360866815801,6.32801536892742,5.1913848616217795,3.143225406636236,1.5354319531255087,6.3598217879380865,6.2313133643336664,3.8011127401617504,1.7450548211375922,3.199794411495512,2.824497677342436,4.261279022826272,6.473079671665785,1.8840346639228596,6.63501901549109,6.766941325572965,5.717512768514608,8.016298230673868,9.737184610357302,4.30731420893534,7.365086269733922,1.960296690437347,1.1330047828815344,3.2616423577584652,2.1219112359741787,7.087753723458368,6.249005832066502,1.4245480388432474,5.347449606307959,2.0772077596697054,2.1946412432809166,6.832267684665075,7.045317667376158,1.4691960563809485,5.130052865368482,4.411893241743395,2.915557201276905,4.372798898303731,2.537843790639474,9.190570669258523,6.876352829287559,5.912643557030808,5.888104313544146,5.953682139739316,1.6485476606881235,6.97615633677084,0.9424643434216629,5.645398697983327,5.417714827997253,6.149080637739587,6.0932592418956135,6.3862957871582235,3.3234928174871543,6.20867707471334,3.0472392520715745,3.5205353169242386,4.633867191259524,3.539388985738678,4.530151980477386,5.053300264144942,3.082804150843515,4.966670433986781,8.19700751128903,5.6192937290053395,10.749063090263789,6.181695210765546,2.598269450603675,1.7186812496023722,4.228032248052861,3.4994869892705567,7.931212305270675,3.0366912733987936,3.307044440419917,7.735913256928511,4.804991110027885,5.99837711239767,4.702138055212068,2.758485459357783,1.4649278454839618,7.238806198395255,6.607197863851107,5.893166585413701,7.251832864942054,3.4188189683288837,6.126870711886404
62,-2.766533101182711,-1.8804647754204624,0.3562563448882319,1.5089039160231459,-0.8745985190615471,-1.586524712010102,-0.9588617141864318,-0.5972209215210729,-0.27851156914846975,-1.8736736589487677,-1.3603905798783276,-0.9626779501223884,-1.3092419041184835,-1.0160972129157448,-1.300596742839724,-2.9845998632106068,0.24458475734378515,-1.6971107434138706,-0.913821700814518,-3.1415283302701855,-1.3647239460066254,0.2688320422339434,0.19693748295174496,-1.2003578522066507,-0.7983023456876946,-0.06703627326131234,-3.8138352041356445,-2.9429841353708186,-0.6555592811788131,-2.2958773120405316,-0.9505173142943273,-0.2960612193335258,-1.6313175710264152,-0.054082822932712604,1.2774302828882598,-0.30495029359326054,-0.5051862652066986,1.0465173247426636,-2.7733052980356176,-0.5258809593495419,-1.6315406955307932,-0.318640016408303,-1.101592744195237,-1.7203199141752967,-0.48833285016681827,-1.6690659265423493,0.30130103589548596,-0.6715779014343608,-1.0838731103296966,-1.4377882969111218,-1.2103592943761021,-0.8684618295894105,-1.7733145006441333,-2.4034233254849635,-1.091178667546678,-1.6723100096096095,-1.4611694673913178,-1.1429640939454677,0.20577180498106729,-0.7655516876613919,-1.2926515385370392,-2.3034191465503384,-0.5967147248634805,-2.9262823981318506,-1.3180870664098907,-0.5406551213372803,-1.497786807124113,-1.6037792300945592,-1.0976871166410302,-0.706462678069741,-0.20139869614002082,-0.57065964679478,-1.1949572683594238,-1.3923319466073545,-1.1341892785443386,-1.458350803993064,-2.3724247443036943,-0.4723496991971272,-0.7878984152004542,-0.9620954134848494,1.3905210637342456,-2.948747701938059,-1.1727859027523175,-1.4230178491466445,-1.0415241452326547,-1.9117031736613743,-1.5688010835848951,-1.4015722059497977,-1.1441232848747243,-1.7358796578780953,0.8430752872034684,-2.153636372133477,-0.5371712001815987,-1.3875424455268428,-0.7200972132837347,-1.1938297122875237,-0.98084555440297,0.1868704540857975,-2.046793406521669,-2.6769212271271225,-1.6341424466916106,-2.6871374317313537,-1.848325175539819,-2.844005485358455,-0.4398659595864852,-0.681146823187448,-0.8496629258187371,0.25332143827398257,-1.5291214891250209,1.7678209327493795,-0.7734218580354739,-1.9930031746910575,-2.8291476449427986,-0.9653755767829817,-1.7741339454643694,-2.902082718944655,-2.4977465275618025,-0.9667411389704293,-0.3562816492509535,-1.1662765905860035,-1.0950192715768308,-0.41046292067751666,-0.8216460978794953,-2.2113651056993833,0.5955100056565374,-0.1976954827697467,-1.8767744661245294,-1.5869631150895236,-1.6754419809623367,-0.086556828114701,-1.0789596367602343,0.9096435673061005,-0.8409784472130433,-1.4275006101654784,-0.8677431651423368,-0.7633652900825544,-0.8193649581149399,-0.9121423319337465,-1.4920585139057552,-0.869006742881968,-1.3198573857540883,-0.6108286715676753,-0.4835396478731272,-1.4967125156098995,-1.109811812500143,-1.199071698884231,-0.7426247837093447,0.433685021576377,-2.3622010201405867,-1.4540952119494412,0.28499331141641737,-2.171810960201668,-1.4747415327077147,-2.2630865080536324,-0.40419328248215847,-2.409537935554274,-0.5186055069729236,-2.121889555896125,-0.9951470632475832,-0.8892824120590194,-0.32523425894743707,-0.7962999816313544,-2.263711236550363,-1.403688224368517,0.039062526142108034,-1.7760097824407053,-2.188334786105199,-0.9597722877965296,-1.0835190376223196,-0.7651948480870714,-2.490722720351763,-0.351642725859284,-2.785340983181387,-1.059419916323322,-1.4721631340172243,-3.0852920883164603,-1.040809324250835,-2.3630897593264244,-1.7178499651480228,0.9118411098662156,-1.0960970729861466,-0.26490069473241085,-0.5502453936795988,-1.4365508928436177,-1.346976983881813,-4.068114240101266,0.056844916130230905,-0.8375589529060787,-1.3423383243368787,-0.011311972535517745,-0.7252951380204803,-1.4237228408915112,-1.9377948293973501,-0.7309979376788345,-1.94938859502131,-0.8007961394215141,0.24244819970423537,-0.3315663205695476,-3.7751735527712067,-1.4774065859705439,-0.9049832915395744,0.6031208033172026,-1.7912586272997186,-1.3050034654189653,-1.9603600719714778,3.4654142497895104,4.20847257263056,2.570962745752518,2.402751488385895,2.4066113744853594,3.3911080546558265,5.977223816709311,6.672350884827443,2.521522380341982,5.362519734125448,2.959301538379646,5.015184576439147,3.325250961167364,4.7877384110360115,4.850001652448913,6.3256527990246925,5.68451908066342,5.656015413585385,6.3287787302651335,5.821867572552449,5.557647618210216,8.295364975037579,5.483132426019209,3.397993824464046,4.009724863386136,4.232914042201056,3.539611452529378,7.520975159401266,7.624380085330609,4.12976832118275,3.382495046675124,5.35045488714833,4.102247823619296,1.2214019445528495,6.029789330763421,2.320835807094819,5.930876459849304,2.5735292020846314,6.503988096200439,7.649664031127359,6.081693357233917,5.458565042891602,4.341625960296791,5.792067903471701,6.934187685269585,4.338616587449346,2.988819035288267,3.527593724679772,7.802173731966447,6.252734607707894,3.0912257060941934,3.986984991052555,5.260997361831878,6.933102859052535,1.3222553904076686,4.258272510866458,7.371530276207569,4.623055432394478,2.5350042732540077,3.3238080370194574,5.495800092963463,6.85211906613915,7.0936910597348,3.8526825141718377,6.262731712757769,4.964007704878101,8.32526946734321,5.918466201283238,4.3996133303840415,4.004050082990504,8.709140697478347,3.028672439483959,5.838484078884881,2.9217314251145887,3.6471501681993947,2.2505130662274846,3.7849142351815543,6.04070869125349,3.22073193987846,3.288269103965084,6.264261397229133,9.237623402157256,4.637518832413859,6.374761783114695,6.865471222647823,3.773340525267429,5.294088760930458,3.914301882641717,4.650817536888879,8.649295198990934,5.702582105682766,4.633153410591136,3.711040394662123,3.3766466877690218,5.834571118620749,4.668547303834495,7.779123414701768,1.4027578619363807,-0.6664562749835943,0.5015133444468365,2.7976678542297395,5.185212077334774,3.464025427876637,5.205168070017565,3.4029284117069043,4.241691185709765,2.778401572371503,5.99340591610487,6.073928140498288,0.5900120626294516,5.903717853512194,3.67947386745395,7.82645965362975,3.44972495103983,4.7052018303859775,3.8376235644048435,2.4255217361373864,3.1067779691608752,4.178778397586672,4.615210585569485,2.7655693459293462,9.244698009614421,5.788888405213081,6.666606868616163,4.708106155892634,6.3307103692397595,6.032431797134883,5.306527893761369,4.250678704456155,8.06753411146283,1.4717665508735762,5.691980259520305,5.519209080858772,6.802062130750691,4.66887088506537,5.368996778624945,5.731558595620297,6.698975866504911,5.756645821771661,5.145545955969434,5.90472722374348,4.227261044674084,1.5763991388408858,4.450564077056261,5.765544042705761,5.3650977516177765,8.449186193554683,4.492709421646663,4.558931789189078,4.547195176218491,7.156896975729329,0.9754766030135684,7.543208185078978,5.506110757339413,4.660293828290008,4.863282550313086,6.894805452428286,2.006901927773939,6.244062927045979,4.499953411133079,6.893103935345665,6.841744334853272,4.8302673157073155,7.652613626385832,5.2735027641582475,4.0842563447858,4.4296871521666645,5.815565716461032,7.737495905512882,6.346905814688179,4.317878922535782,8.759163802457298,6.903925321017736,7.342361565425209,7.597051875430666,6.849800119453148,4.418593290507537,9.529315770488065,8.420847401817769,4.306105711758174,5.4208340219755335,4.92063289799984,6.501844670931875,4.194487306158381,6.184514378388941,4.421361560357679,2.278126142117752,3.932283641994802,5.420189306690466,4.665497291938886,2.273896414595002,7.75107380948756,6.104089067778016,4.445472032535533,6.6702260984543775,5.316829640184489,2.6494743054406924,6.191354567893502,6.471331005819209,2.9491105442412113,3.376394606226847,5.710412310309187,5.7562823936046295,6.307315780426891,4.138916504389949,7.565028470808965,2.200412313298813,3.7483550965209353,3.9622674725747773,6.515471218426782,5.842140300903932,7.168880456768749,9.849495382061832,2.5476459467726027,6.082285140467418,5.186578887751719,2.934432049394449,7.431538637595401,2.843410244353058,6.78046748842095,5.83567462465572,5.06128580579909,8.225526453774943,6.222296795916465,3.749439301781763,4.540513371246556,4.329631830572395,7.5683220578954895,3.002122694503938,2.6392821601557994,6.789714706119367,6.641245263966303,7.002334971128262,2.5795057556777894,4.883786118453611,5.0734075737427995,5.138243805638566,3.0428416929833486,5.107468692969338,5.807080371002679,8.338623139664593,4.107250366378505,6.777043636198763,4.280534374270968,2.664995596496439,5.708603420711784,6.4776093645512915,6.7356598272977415,4.432675754246378,4.8187503533996345,6.707468996962152,5.228970155204179,8.276292759538963,4.102181834652245,5.555722453150356,8.360691679869097,4.557327800168399,4.685427453595284,10.065311586059543,1.0290260447275617,3.4595355426813104,1.7922801784162536,1.0949784531446354,2.5841412103393315,7.163280170723206,6.297894791900025,4.659269436658494,2.842294570784076,4.877863578414079,2.1466430169972632,5.3824006471965555,0.5172961205518529,4.031553604613324,4.777598012198535,3.3211637010466855,5.36028755443251,7.105368075776358,6.604853336660331,5.794298088521075,3.991736961980506,5.568338888475038,1.8693733819592082,3.4176335829062587,3.1172196486013823,5.814923409378536,5.036732579439002,6.690381607014846,6.659848454278845,5.479371987821008,6.46042234692161,4.105935668490362,3.0683045893943683,5.164794839611588,6.509163178106437,3.871249789757514,5.8870696518439445,5.8192870666285215,8.660700260105349,3.0677472147530755,6.818712418585358,7.931474333137482,5.952342930621135,8.53515356129599,9.408050223334794,6.380990101286387,10.767396190356497,6.620953617725878,6.45642015530539,5.3993957892724955,3.4343593522068403,3.7110544112608848,4.297434066664264,5.329185327508786,1.5115357147300026,5.803906171198219,7.584749988990408,7.767651155744928,3.6923440328186388,4.1762439088370655,3.2977693849086105,2.6340830586433084,8.897250735579018,5.232062669047116,7.943550551138435,7.346878728970948,1.0758667527443104,4.521315868161187,3.7039886360895187,6.215888609937477,3.7523296432618323,3.6702829418346354,4.181827423496951,5.7576403168865875,7.049603692996884,2.5295040263444113,3.8373431665781585,3.929889964502304,0.8871352345848704,6.295127272873725,8.753637722975169,4.1880697798168285,5.8568249722338175,7.08278419600018,2.8269059649491814,3.832385530529491,4.801545915753293,7.156827837685547,5.611248710417366,5.401625254235204,2.862938632851786,5.900448752176704,5.140274144531714,4.406961934543126,6.150478121723008,4.061405337810621,5.772884130905104,4.981928893794574,6.390742444632623,3.381500306798764,2.081635341519639,7.076070575739045,2.6606246193868692,4.518491168991871,5.44962577020581,3.646332516088073,2.7319395418191084,2.666386199759933,6.122177574233919,8.1071978724715,6.534731196170089,6.593154118947508,7.806391347868017,1.1798737647914446,2.623283914335397,1.876934670602199,5.490332322632978,6.90906332393747,3.656276051702022,5.44205995764121,4.173651822486616,5.6255209094034475,1.5294257995362295,5.405772209648375,3.689097541172293,6.836840020675822,1.8110547152603793,2.3018747354983025,3.230303853188432,3.954210285663062,3.5576786080912166,8.849121655542097,8.383273883998292,5.503165344446799,5.802466440389938,5.748885815544116,8.638276703416482,3.9009415364165747,6.87320920609009,7.5602181243837965,4.775112931698036,1.0297216537476874,6.267927142211729,2.726489559194443,3.7033145188349397,4.4819359481451375,4.480301328375279,2.779877214248751,4.879119491212563,10.536800151608098,6.90976545045239,6.527524315401179,8.704927763850153,5.770409395508411,4.66111557420085,3.645157838021619,3.0938116766777357,7.1732382226672815,4.874144770120042,4.039628834675511,6.150574689068916,7.368094403263864,3.870485599032066,0.7593752125237705,2.349159065284992,4.919278840746287,6.2557805941463975,6.547276312610716,4.226619435771889,7.175214151869848,2.966485973563512,5.48115030586011,5.165619270411326,5.796177776930691,6.76133668153399,4.052829510108833,2.580600605676172,6.035809432783821,4.973559177198835,4.916465720162338,6.435875132505007,4.588878698401068,2.1918973870311453,6.0709463060056335,3.2036204025759134,3.613216669787023,9.289457973294699,2.9074382260596927,3.918244010178787,5.555845527809103,4.741575751348883,3.711497664329163,1.8703689383923647,4.18053190179996,2.099516756478367,4.592326086226768,1.0958486393794105,3.16424463001535,7.709403121531036,5.0786359069296045,6.953447589867378,4.402860328670558,6.8164077865856045,5.556342222685248,4.137281995920393,4.384050700618184,-0.36815950773678274,3.8168149062576884,4.5226968139916,5.645036694020776,4.287135172473275,2.5285661621944775,5.698400205586656,3.5758069491883235,5.423820596154331,3.1124824199216654,6.04975580256607,4.695680300895154,0.7666153166385179,4.492500418601566,6.5923993955722375,5.383428934097609,5.963768145857091,2.9330923839066747,2.5245898144124874,6.197188586812539,5.110569780829345,6.30158348791032,3.6332536267526736,2.456325352232395,6.416921840860418,2.089790853944763,5.904827437597683,6.15691531213834,3.895791969910656,5.205677670206148,4.332412895750456,10.373979016001767,5.028831170762509,5.501130743533501,6.162751088267453,6.228655716519845,0.5998864486382445,4.78077192984974,5.9196176502029445,4.122548142353022,7.325160695353958,7.315595201536595,4.342391769435735,5.235593350823749,4.120704308394578,2.742150589211154,4.82135790132182,1.3689953293566322,5.774901651569901,6.627729533283086
63,-0.7019564717370117,-0.6529802445956264,-1.4309320259752711,-0.009897524626802268,-0.740678986490998,-1.55187163481289,-0.18865982158688066,-0.08471841647634293,-0.8515973443025767,-0.08713364383847289,-2.4140178428315195,-0.8113533595229638,0.9938919186870752,0.29098722284677314,-0.7057131593965529,0.17832190200478903,-0.4633324978316913,-1.1975403390018275,-1.8538117969543468,-1.7582566043952177,0.1806964191838858,-0.3203453852383157,-0.6757997839226446,-1.812612172019831,-1.3808096692763567,-1.8495192262211986,-0.5713304119932545,-1.0715177983480157,-0.7195386315610157,0.20337337160885083,0.1300738079485373,-0.862443451837557,-1.2262023925594439,-3.048402477051659,-0.8204727456808723,-1.151973768267562,-0.7159145065131746,-0.8562770644133137,-2.214347166140426,-0.6041110213736731,0.19726349354057726,-1.1839874482295984,0.2998517295456169,-1.6496718150530776,2.564411343455598,0.6013401907787708,-0.14229218223155282,-0.9125470749935267,0.2517532529874589,-0.5605820234647985,-1.2886196582813705,0.1090128752680688,-0.5726869360090101,-1.3996641775754861,-0.15661772432519372,-0.629607269963242,0.6130382556925875,-1.3356760137605055,-1.7080190346458513,0.006179214106619035,-0.060497192980821235,-1.18540049456844,-1.0632326476011742,-0.878618861173315,-1.0350147001542662,0.61472659246588,-1.266173565236526,-2.4627082772482876,-1.7695201467174773,0.07116740756556039,-0.7231879045827414,-1.3289621724632887,-3.0595078863102074,0.5650150205479527,0.2348612318090031,0.7582813706066824,-2.4502444973193733,-2.0852090311437887,-0.5517132407497609,-2.3140885734598617,-2.0331465344449042,0.14624288263850294,-0.7209952277084741,-0.29011307456068725,-0.974491706646652,-1.3777477631036366,-3.144638128908347,-0.5589048698364476,-0.7743209103196298,-1.7121684915159077,-1.905393896579795,0.8337707032389594,-1.3018756327907037,-1.0665506107807514,-1.4214678269720495,-0.41724645844759534,6.575158395837316,1.8392318064294098,5.422958771658353,5.949479374329945,4.839469521726647,4.737885571928043,3.236858571763708,2.014916240269809,6.07181233819813,9.614762459534692,2.4470407908339085,6.210499567732529,8.005350625695819,1.675036741623313,7.767806502353596,1.418281072821192,4.611353651128963,6.689819373673969,5.663347263153567,4.058503702850551,3.776857333100156,0.9918312713840054,4.1258448978833595,5.352611138358105,5.319634745616331,7.154341807747828,3.4447883491690083,1.2479110339682467,5.877379848548393,7.974688244311192,7.408996861205524,4.39577417708325,5.4377601347711275,5.1894745308333485,5.084146928195977,3.6587143461977565,8.089836731228289,7.113142571971268,1.1582971894199794,3.3906807024304264,8.805362821722015,2.1758732662978484,7.11598921924144,7.549791859059679,5.889671288818964,2.7865267673531466,6.915679006117595,5.452383391971286,1.4512567643392686,7.008359716699502,3.980621251211543,5.089670525155716,4.986758048836424,6.9497553577462226,5.7479772182994555,5.649221545184291,5.492094828183767,4.49136555741143,7.860503577528981,5.882526073663132,4.219845797794284,4.629059121319006,7.872422148470248,5.400981616817074,1.9373857746886531,3.6867307024192155,11.015823023175255,1.9593535323896996,5.2737196025923385,6.036288602355734,7.148336236908333,4.945435031994267,2.6432303172707425,4.827524908039882,6.578579212851952,8.20320140513856,2.9095193526631102,4.050954205972977,1.737575657169368,4.382447486829888,4.8880834908680075,5.001383202628463,4.38550597452132,1.5357610865895213,4.471335674501709,2.705016137982498,3.239912380154654,2.3523445224498016,3.0071909157375236,4.442325916105945,2.310170614482966,5.639721533828863,5.086603320079276,5.604765103551911,5.170804070261374,7.8621742147252505,8.142961042247313,4.796537550088585,3.2250866766386883,7.6327991327047275,3.3245360735392406,6.991439252889258,4.530300667238604,3.6450931556383956,4.577735008438628,4.670721768108918,6.1281425844021955,10.557998473522765,5.174750300348099,2.824017029495967,5.133831954147246,7.599239380761493,4.836255337926597,5.992591069595175,3.3070406762562836,2.4992060754187997,6.390930180531404,3.9535961663083548,4.436976418363926,5.17138739793536,4.308470938290362,3.119289010317289,4.868072787932356,3.3491312344213395,5.37493405067182,5.344473874257588,6.559769172433159,7.158314989866783,5.87183088352896,3.181916824166384,6.220691927683818,2.1120076952901092,5.153114081104062,7.738085415091204,8.13375795172021,8.180548971822738,3.375239113858524,6.738113488703715,6.594410052760252,7.1747327189744095,2.2007666777398374,5.801562166374357,6.493050358480528,4.503841645161869,5.0360285993906695,6.5544573112806095,4.282224078831578,5.216381871180487,4.107016148723803,3.369222766552217,6.088575776670462,5.778686468375721,6.997391081001192,3.2039004294806954,5.444094867206261,6.399042875208373,6.8394675486879795,9.074858944931801,4.5557685107451436,8.829877179951431,5.160585025149601,3.6000206657493825,8.3980680527552,6.897879876331237,6.599823223248296,1.2201402332283644,6.131057199657079,4.607515788019073,6.639563800063678,5.453020161058024,5.198605639856611,2.8030608725920043,5.6703810751272075,2.8433996064456433,4.3187056312727385,2.781441736415404,7.695516899885334,2.8448369115309453,2.2309887617029833,4.719405186076854,6.67608290624574,2.996857688375551,4.3757968847734485,6.3460019035112145,7.586036739225902,10.066371660347446,5.778514447641363,4.438134597437517,1.3855875307085492,5.190510786249213,6.255509304676734,4.15012512614938,5.106314381192178,4.891303573118369,6.749593328453414,4.127920598367904,4.552848634311735,3.6329587233851433,3.8584907839928104,7.025695505244213,2.367880231486735,7.887139683508419,6.174567737196089,2.842245605860202,6.505505419375421,2.7000509402708244,2.4560087776533304,2.257812645683395,4.4849934161033875,-0.765818756446154,6.614026838811185,5.00134659396732,8.219816951260878,4.832694292758259,7.013305785054465,9.372751767124967,4.763660146245412,5.341773899683026,7.423120555125682,5.065606553948434,8.621914294243508,6.483900901269044,4.1503917952899565,3.8764209477632607,6.399589327537285,7.324791257753293,3.8661376928026088,3.6680115023886257,4.60219745832184,7.250354236978671,2.048932201490266,7.400224360813661,7.478990131873786,2.437681045338728,5.583706048716877,4.649854942854996,6.345119556543711,3.797125151417787,4.994890746962827,6.661910074410712,6.64891880334407,7.559873148731787,7.935517254785138,7.127466828386181,5.131840045780852,4.219214675974876,5.786718224590302,5.2060743077456495,4.654862819296332,6.187342243332378,3.2042934282731075,7.450438276310416,4.894238611145013,6.520664493054436,4.19837141176742,5.827112025017064,6.544044531309784,6.705729003713793,6.512870737488387,4.372681410655716,8.713094902068745,5.8836860516342675,4.6280278843373726,3.948133327582969,3.208875559045838,4.714736133470993,0.06075774199872974,6.71568741764658,5.262082903158753,4.103819089503862,5.757243405341068,6.207350141831418,0.011840836231387541,5.244120148689817,7.994345920817193,6.644263484201031,5.386899515538303,1.5315554533822069,4.077429602288909,5.993806564445166,6.566673384416024,3.6228725013624006,7.644142306623733,5.57898714652261,5.5092001009948275,6.145900459251973,2.7538029183157375,2.0035668201918044,4.528516884230002,4.597902995479327,8.822397627072377,7.073835896230658,5.130633264766027,3.986978678421841,3.9777838477466085,5.478612339484118,3.4537596049787345,2.042004325249691,5.96359667523594,4.03498109502479,4.009533400600715,5.059989524355559,1.8202487078625573,7.598280072783602,2.802973692244476,9.986811787135572,5.0685105243821225,3.9395798510392313,3.424130615239207,1.218237715043831,8.455482786093635,6.299118066167497,0.7886523538252774,5.502003182434774,5.704321416420627,8.729646337754007,5.6252726448701305,5.106965679768141,5.311282429382076,4.928579620655523,5.423627208332368,10.226171853827832,5.38386277215552,2.9296114373688646,5.359673087731638,4.061570386570115,1.3292772663487544,5.065827717639698,3.426939282035154,6.425155154723857,3.800320683299094,7.197283185502764,2.4265810816616384,8.68354517089025,2.7346649322227625,0.801334559078617,2.639077659256922,3.1787461236550976,3.673744366707762,2.3275639745220835,5.613364874794537,4.02224458496882,3.879908008324562,3.647735536025296,5.62308645695225,4.09571743946769,4.637743997544463,6.0587471834406665,9.063179352131682,1.619559646076103,5.475679966509267,7.004662681700154,3.0753756089733644,5.953956346087952,4.253632422653951,6.213809025671972,5.190654769406168,2.7754120808291605,4.770153875733314,4.9515949790059,5.456970635519684,2.818522700498939,2.7392298286499828,9.177523155606051,6.488711070753061,2.712517066003187,4.558264037679627,6.715122070160518,8.350948391198925,1.790025905332009,3.5901485599032723,3.1132187417536374,4.304662527662527,2.240614357553059,4.13996243561444,5.8364026564872935,4.286155079850068,5.118503902104657,5.135797723368006,3.21927352240845,7.736804456779194,6.542420866481069,0.025737705928466248,6.697566098202258,6.58938091990662,5.317189005312802,4.621823086484685,3.255859330977411,9.928305154322643,4.169611126299832,7.118699991491047,7.248865323528381,5.005411239547616,3.4012559498099932,4.614354008127224,7.1166944723821,5.24662269820281,4.95092399170025,6.929075702123666,1.257742718035685,4.894244780900372,2.2052859200835497,7.712469008914454,5.652257142400246,6.804481102269103,5.083312657153698,5.359441653579771,8.924214064087941,5.224911315475518,2.8450253732065,2.8180290547599762,1.7444979344658855,6.526014095789633,5.41054127886911,6.27535851438294,5.078005475801626,5.855538131548098,-0.7797720883450037,5.571622631038474,4.581708648869524,7.433852206367328,6.508676338754292,5.421285732729176,6.624672065066351,3.981481021023993,2.1580728366930577,3.3038988083177294,5.024953182331737,6.83476694824281,2.838729400987087,6.313495724216811,9.40717607720219,5.3495977669334795,1.3639483778520107,5.725855083213934,6.750926396113595,4.543004527321575,2.5556092986015853,7.054104504721579,2.5932198340818413,4.596267531323457,4.719581209216163,5.257624646708404,6.964306711420916,5.661959613359431,9.068716427938977,6.191648619008442,5.533877490914337,4.246667013564008,2.3634034422034103,3.580470001465623,4.870565956856816,3.6076242353938035,5.432821188929667,5.322692745416712,2.628648713005866,4.28455556811998,4.885025116640803,3.331396505638163,1.747063434207623,4.191479508993746,2.7307627423343876,4.251057448092241,5.919716277098496,1.42491181759585,2.857568426830151,3.2200014167390414,4.300471223277606,9.221717364857689,6.44375430932789,3.5693336606702033,6.0067090647251575,3.045060187209851,6.548721417452032,7.788570623700523,3.6009391500719445,1.9431041003902156,4.918892042414965,2.697610053861925,7.456020956812534,7.85338342023098,3.770630754810301,1.5454274064790123,8.001313141324317,7.742665333333809,5.002216455832269,3.158909704504974,4.293984345051712,4.096023907617861,2.0841800700835402,3.5804272849873424,4.31011627925739,5.869319763335152,8.38667489137545,7.4111334361728165,7.326702945274835,6.216579753714657,4.77460230252498,3.599956124588191,6.669251229071481,2.0969553469034508,4.846628063013937,2.831135258357763,6.3550271378133285,1.0224083028245783,4.5096904101106015,2.9902959143743533,3.629425185236097,4.891790053796009,6.059893544210555,3.5659978991098145,9.173718520057873,5.662437969133437,5.961621010459206,7.701454600413284,2.784455645659748,4.145515995354163,5.8938811044620465,1.1105713790153682,1.6329518260914986,5.361514454793715,5.703616902978654,3.1956590599545263,4.578278867245739,4.912677466540298,3.814482496661447,2.0019475952955004,6.925266014821365,5.179149104697606,5.638966589482177,5.59791919569632,5.87990414088508,4.613547033279504,6.255672009193868,3.3718881078599456,2.9044515026631443,7.360837478083555,2.90247142268584,2.3122959255267563,3.326842540611826,2.7777404141104878,7.029936616173906,6.694093754316269,4.838046418197125,6.466257713240085,7.422692143126947,3.3546893007357914,5.83518900211429,6.511579923001922,5.778698813308802,4.459721628842038,3.974017341182791,3.19799879802572,3.357877792958395,3.638766965022216,4.4854506372136465,6.157420885007375,3.815399569344388,3.8679661010758712,6.32313355921116,1.9793181670667366,4.5802335544750825,4.4435392798365525,8.103493824555189,1.5295008991062082,2.3765669050463365,3.5144253568000012,5.8355358758835925,3.73242087374918,4.945995239971616,1.7626817784023787,3.3093718619821964,4.66131894879656,3.3466259421739917,4.717354990796114,5.7059468411511896,5.673599726458483,5.514570237186623,6.012144112810661,4.442658252202305,5.3207971471120485,6.555496581906366,1.1262697915754334,4.264885169640939,5.576837517342615,6.9851046540822,4.621945161447255,1.9579771996058617,2.564964172147278,7.173737075716836,7.198627185837426,9.473526284103038,3.1621221640842396,5.072528145332146,6.192918291083348,6.513828776920468,6.379930682746005,4.0826566311602,4.269447371245446,2.278361952643882,4.104173169075787,7.996676633211003,0.48580574219763495,6.13387643740671,7.660572454293188,6.716042541319989,0.9306703922923285,6.785328764438603,4.08982291661996,7.532143945857686,6.82814465813506,3.2117682183064784,7.487014739198688,6.661358487629538,6.387094320957988,0.37032210343457983,4.578753160429593,1.7827291794800026,4.70156215494433,8.10802108501556,5.16660957780139,10.051157162928869,5.758549109799499,2.868379751349775
64,-1.3547514860400602,-0.7895662675368931,-0.7186537159070598,-1.484424053031774,-1.3821403332700515,-2.8962053870773965,0.24789031213896084,-0.5679462912396667,-0.8659120939647175,-2.0177863244174343,-1.680365466139963,0.07578958837094563,-2.1225777948128384,-0.23728238936938262,0.11044712641833665,-3.11333002898784,-2.9500129022654624,-0.9726737586999296,-0.4665991875860559,-1.5514380758076314,0.05787203112761419,-1.4008927139406866,0.42415091321178355,-0.6272437651325076,-1.5426496928766356,-0.9788276419478894,-0.2645999672261229,-1.2932224220314306,-0.6855676103641981,-1.0452168486512752,-0.8967529336322896,-1.407003397763749,-1.0355967545091782,-0.17296844353952268,-0.5220065993201733,-1.7293178672080611,-2.76994814353886,-0.7480615798314492,0.520540995540711,-1.6274062367768005,0.8067961492704565,-0.8318254801531825,-0.36257194458799,-1.0475955057625284,-1.3515830318291722,-0.9443927428032957,0.27594205128986227,-3.017721978805581,-0.9784008337368774,0.5294044146091628,-0.9463087004925612,-1.6253204037674769,-2.14073017470145,-0.9767739533457112,-2.4749763409356724,-1.7048161750317266,-2.6364992698545553,-1.4662388379870483,-1.1503969916247871,-0.7829854840223055,-1.6507389752064485,-0.8206826579211951,-0.6003641328964311,-0.20543311350986837,-0.8397708010257647,-1.0061056110168138,-1.15286296378452,-2.196132964008866,-0.8236164450871769,-1.3580551616827097,-1.8645316230805884,-0.5065714375654764,-1.2097483370758118,-1.4723248421453148,-0.7153446469902267,-1.8258603886830402,-1.7819882338459858,-1.1851682956001786,-1.6842366706238527,-0.9633219508009044,0.1462452749791594,-2.0277494408832144,-2.1546192923252727,-2.4597508639280843,-0.8788961630789552,-0.6823490023814014,-0.6840923714508069,-0.8360983960457118,0.29467959136123745,-1.0360983108548438,-1.101664482109655,1.482006027841554,-0.8194179091732405,-1.4330449843021018,0.3072830078103894,1.8507834636091482,-1.0245101389623226,-0.91166313277593,-2.509694695534537,-1.685966440419417,-0.5481862015414796,-1.0381325774819428,-0.8503329073215884,-0.17829668223271722,-1.0177592955913102,0.5904050795236124,-2.4815121115091308,-2.259789492484741,-0.42037505951231313,-1.1669371043968866,-1.4864685100819783,-0.9213289322909435,-2.387577992948355,-0.822630103769428,-0.28269947670426154,0.6609904931614876,1.322865405448923,0.009395117590647928,-1.419642560041612,-1.176511440637372,-1.4963792129263953,-2.0905821715578616,1.2714146158435744,-0.21705557853540447,-0.69468625904498,-0.14786014262970648,-0.9232477733140347,-2.6176747630617214,-2.41212356446188,-0.8617867380006072,-1.4309960161043451,-0.45657571162733757,-1.9320553946168033,-0.924628058591749,0.3193780976819365,-2.259919681403261,-0.4079902291896683,-0.8281026327322438,-2.0252974926957243,-1.9046583263477816,-0.2829555204849953,-0.43164016579944986,-1.5904990778143202,6.3235647070579,4.9410735384420095,5.473185010499268,5.854272665000224,7.698486253660463,7.150278754583876,4.4344659493575165,1.3443501031189227,3.2666097959660654,3.1940136886800703,7.957525276728049,6.987281691341036,6.374741466606638,4.295886554309859,4.370372447532212,9.013446488519765,9.280058778327914,3.70342303781414,5.35815464005472,4.957994809394091,5.864134314379873,5.6102860446366085,3.814551175445808,5.464687534887531,5.521427493815409,2.6419934578151603,9.058515379353071,4.0658491652469575,3.6925301695444235,2.8260410281677637,1.4650196271419742,3.0263045195204574,5.9420169894847445,4.134345579295722,2.123097468258652,6.837104672383943,1.8481633644347744,3.249903681588039,4.358139799222846,4.302283448290653,6.538548548633843,7.37949160905838,4.673693352636668,4.609351128885886,7.992245388661764,7.426086737129606,7.761037712145667,2.986345968738961,4.56841491317608,4.745114961549536,7.540155774185063,2.5805540559027316,4.21835246498632,7.08382879500577,4.333710997243768,6.108787720899251,4.168561756859233,6.018234869100338,6.4530210215686035,3.96677165419235,4.455638611983261,5.33736377853952,6.087213985865684,9.023782690200301,7.38518564911527,3.5827837749097595,6.585356963139867,3.6428814387645945,5.222341904867441,2.01283539461299,2.2743746349400698,2.7144649370139344,3.9588063178813013,4.794233764643989,7.0477005834602835,3.226813630611451,3.3229032831035417,6.110897729190079,5.242717891441129,6.662358736041833,3.5191048542651417,6.621576683535593,5.334300529688443,4.260419084957434,3.5536665332996265,4.72686083236722,2.5837950437946082,1.345265190403222,5.9076424593790575,3.5905122022286564,5.196776944247673,4.8789303981952825,3.9129590850376843,8.672263179088437,7.893030865061228,7.021071787705203,8.142684282889556,5.009800172397313,2.354277502901946,5.7228132135778065,6.703605654671797,7.549525951463863,4.765861160619587,-1.6594604690416332,6.470873983478509,5.603754893286793,2.395038029000687,3.894986257302515,5.213475655990605,5.336244460966156,5.650812639369826,4.757763711738034,8.37015844469701,5.143239649095345,1.991821987663339,6.905461736525977,7.91010933524611,6.0689487652691785,3.998656568368277,9.116397189133489,5.152747724759016,5.996574480813926,4.312294031066673,1.769358328304091,2.166481442852342,5.219492191379935,4.131645139446101,6.648681901672171,5.852624940660995,3.528150015053252,3.9196233586364198,5.522126838254317,9.020532233418642,5.841555860755865,7.008314381918451,6.060869236733955,2.28523608373755,4.537195241880324,7.085225295174264,5.936199542951467,4.3111255586469985,6.633398314417104,3.3413418305551286,4.4785507941980836,3.79194125554352,1.0616146103018527,7.178651785073632,6.410338622260675,2.4363141289257744,7.9447828367159445,6.268430286543646,7.075478378912438,2.877436829692258,3.8573117682909634,2.0189278965650423,3.476610002639494,7.244193446290657,3.758350083129621,5.837814645347252,10.657174848984749,6.142337716731079,3.5810158751672123,5.401011808269271,5.819034425964595,7.182451915861228,3.3083158322063833,3.562301170651553,9.210515006121703,3.269975548516241,4.669555805690262,7.953351007321524,3.115428077927575,3.1246972848355763,4.978170001347312,4.640840167158884,4.903775957366345,5.374397170524058,6.927904356115773,2.113185008075129,7.0819307796154725,4.5392159545560755,4.07233012402318,8.663575353309518,3.4742843737113285,5.579474478070136,5.850448762433618,5.952270002044902,4.093991531391559,3.8094883216928332,8.371941499905894,4.348924658633637,1.8622047114885176,2.929196671978865,4.235954809621952,5.733284756447758,4.214632143178735,3.9005350172004247,1.1888898332164168,5.838869608174747,6.7141872641209,5.117264328108771,5.169403202236497,6.705805095578701,2.573574667182792,5.851130752024041,6.495845152050379,6.112752191219492,3.2780633167868856,3.0328099689666175,4.386138073522459,7.918685771635016,3.7894657816865056,3.9800480337278374,2.880121595976729,6.07574134116628,4.743251017406403,4.196728170713463,3.5609292432347015,4.204279790463579,4.533052220488457,7.762996068485119,8.675018871384166,5.752684532129257,7.6694626964632695,1.1250798389370011,4.830092880983717,4.132067838929294,6.48298105162954,1.0392760073916216,4.888427807008871,4.1583128869625625,1.274053151215159,6.259975937430903,3.5584359544725537,4.022752131862409,0.6522193377806156,6.7866306857931935,0.2778808947058984,3.585178557211826,2.915649681119889,4.227030891777734,7.934232413173468,2.9808418146987203,2.051213900263798,4.365854963851452,2.7181968839335484,8.852867902688697,4.639817671448326,7.936689181521928,4.207269957546888,3.3834245481491143,1.871255547065981,5.995533023226498,4.698279209932424,5.146363017764762,3.546669250223528,5.009479297271254,5.386751972235954,6.3826276606085575,6.224419416057451,4.976683865321957,2.9554049447037336,5.599182343302812,6.460223717112052,2.069071961677812,4.937366309904413,4.172871977329878,3.9170440728796114,4.15154346774014,5.437071458227441,4.280389736739066,3.334294886118264,5.832301344506365,4.933797176649638,6.442982324718491,6.702879930123894,0.8005830084091308,3.8219965227509265,7.015745006660724,6.201333523458001,5.427898039832904,0.36204352686044583,1.081252482402903,3.610820200309165,2.315182858477196,4.102944236122441,6.627867509008146,3.908270767190223,1.4071228450138578,5.784010353268963,6.6765311765644455,1.3247155209942578,4.247266204445767,4.87587200738771,7.051878324077061,4.970099205910646,3.303004113304985,5.516822093587356,2.078545630859579,1.3012437365049592,5.036749344944164,5.970584366859644,4.032620700222058,3.8046363442848348,3.8309950610937338,3.653173403628482,6.277008589324511,4.806808383517279,1.481225958717122,4.89030018671913,5.684596562129781,5.847365218368773,4.77627977178338,5.6372809180427526,2.0964137002678034,4.479045827300501,3.4132660373084067,4.16113193509685,5.6640288913069785,5.372310994762419,4.542346330573529,2.626985045836929,10.837033668932975,-0.08606408143894839,7.228907111761382,4.535767266586122,6.312407555065053,2.8118411406788395,3.9337059508145042,7.519095861301533,4.5896043853661155,8.245996178130335,0.2691816685903632,3.223462281315693,2.835706516845039,3.9066788024844294,5.452798098476429,5.700306359420706,3.7181967759073977,7.077468326489165,0.5633927981808515,3.933404626960921,6.439867656678002,3.7513021936443254,6.2289424248447975,4.4087762824057775,6.886219602233439,6.673436715373524,8.180799588432741,5.829379030344855,5.101129121674327,3.4830257341715574,7.965807439358109,5.3751041780557935,7.5321691284422645,3.0019251656731583,3.8069341810904476,5.16138023102219,6.934099559183336,5.394925012448797,2.6739273786945748,6.136007588515217,4.220929253994824,7.9581599674427075,5.640510184251073,5.299458191741201,6.966491175145073,5.297476843808066,5.358718008179626,6.678779559001782,3.7821362335078748,5.909800701893732,3.041457449875067,2.3739145468420855,3.8899684940143264,7.299383945712735,4.227822505122242,10.052486406326237,5.422790006037025,3.46897804584355,7.603835717237444,2.446910586673451,1.905812453507608,6.253460835774016,3.0604741497833703,6.804556711577214,6.9189289079180725,4.744442715276619,3.919275160381386,5.653442137191973,7.623648930383972,3.089982314864761,7.814969008540382,4.932566908529112,4.5535820469451025,6.74602326181975,7.920744883333326,-0.22473534171907872,3.4929456907047154,3.1625281954878917,3.5204364746351757,1.7302800166632641,5.863683538470769,5.622789259721433,4.69157902467783,4.366088000837955,3.0367951786067753,3.686378541639507,7.897650815769175,4.576087883897523,4.955885050257578,6.15577998581209,2.535057485083774,6.112328181071549,7.658262471941022,2.61865063665822,5.755881837776152,6.883980357035545,5.609026938761996,11.685123114669153,2.432619468901843,-0.6974211903784386,3.6184650762871797,4.5137003411838315,7.479146822680544,1.7350016849809764,3.410123206076923,3.1751781754122756,5.127361773125929,5.532050039553013,6.236729061029841,3.114208001328584,7.445704122432017,4.944911847223876,5.748484975922979,3.7681812866306172,6.001517278099226,5.548928553100167,3.4011685941269683,5.8587561684232305,5.952007989133879,3.9193015151210555,2.4762030743224286,6.5109977395619785,5.436425963084019,5.147242487578169,3.6159001082310978,2.3754286131122835,5.798677445605447,6.46035445406188,2.1924350717070467,4.467341903861738,8.638524176435682,5.515433027896772,4.123812450216907,8.124393127949034,5.6516114221700455,5.824778404343442,5.38309705482722,8.48283854597653,9.044690640150904,4.825475369363884,5.072685247848713,5.652556464381861,3.6171461112403493,4.728447990584983,4.496660497006414,4.498990291515293,6.310319789044939,4.976018190333478,8.642651188557878,3.4889152398873673,3.038545906481051,3.756195906182501,7.036009890015109,8.527005194904186,2.7929739005709258,4.833931864255863,10.57250433950114,5.5621253340755175,7.08192837986735,3.8105174696994943,6.572917215409741,5.181821506109841,6.4843548690852435,5.823526534110086,5.041573846380479,7.853549835953618,5.31724343415264,5.7250810212762016,5.129214421239934,8.349835788895245,1.2702281587989366,2.831906082010823,6.2034150740434,7.749204159836753,3.67443154145491,5.345321226028963,8.651142156134354,7.290056734525734,6.327982105461061,6.987491771488347,2.1588771201133468,6.416744198595131,-1.1839016531296194,7.380476302003036,4.414719622069508,4.235737924938596,5.208888286644214,4.638151355381494,4.537047437472053,5.46963216619063,2.95912197151185,8.328262112036189,8.051450607938666,1.3550301072287603,5.515481902826006,7.615245055149435,4.893171062640279,1.7355331159663647,7.589348265226109,2.192011024180832,1.0004065015244739,4.3211369139310785,4.3116099408783,9.130444244878955,7.2826428677949195,5.360301610989501,4.557691343062713,3.1121452453723446,7.0555973215905095,7.141005436210952,3.960125182637122,6.156001793061228,6.2651489596047805,4.797709531680774,4.734878051286067,4.810464518603642,3.619087779849517,4.609165395979971,7.727077234407696,7.2094030762395676,2.3469581637122476,4.028441056669205,4.327488438742817,5.487777249049782,1.9876565025249602,7.188626381003756,3.9539377150189967,3.1351811947151624,6.438823284663742,4.980897769546802,1.9693848870406843,5.203355820780764,4.4577258444166885,6.487115563879347,3.811508519285634,7.246216944462842,2.7964694167251296,4.242512900024078,6.0702227579710755,5.949999716939851,2.6082785365696783,4.637281774482437,5.605249386840184,6.956878249911833,2.028948518751952,7.444529559144675,6.65998446862395,2.4171355939688866,6.090014871113624,4.707383600998324,4.831514445291022,2.1945589214011254,2.3685293664384504,3.9191173595192326,7.8255767801538285
65,-1.128879271276847,-0.045049706793517386,-2.270332730557195,-2.594541644951437,-0.18754296827263528,-0.38630757290738105,-0.3268806074572448,-1.2157218039003557,-1.6045789291318169,-0.9860593762249825,0.9300321266326144,-1.4534162744616475,-1.8041682249574953,0.20046022558021992,-2.273930006113168,-2.47402857846307,-0.5615687451213855,-0.7429273124171591,-2.553223083579617,-1.8280382109530122,-0.7102897523451985,-1.4445738424751708,0.4807426882031105,-2.029781840918527,-0.40081280721381984,1.037266398551247,0.8044653608503267,-0.4053765139545289,-0.9527785086182126,-2.5322262238226605,0.018825746689957956,-0.4759440207944262,0.4337225273781957,0.645221977654377,-2.3504504495388896,1.3155475523034585,0.30680891605445004,-1.9078228284069132,-2.1330898704383188,-1.4810657512846155,-1.9986743375467713,-1.1647187389353093,-0.23167725233147551,-1.986690494829733,-1.818711718481374,-1.642543927993125,-1.6582346749048136,-0.8173812982397144,-0.6342330743270248,-0.28681681224877265,-0.9919597543738663,-1.0162454502762321,-0.21787761021552143,-1.3422386465907505,-2.0612010513610457,-0.9009237663935082,-0.6277150376700088,-1.3530413577875344,-0.38605800827879366,-0.4050929181781716,-0.7193801334026573,-1.047003326894196,-1.9223006161749332,-1.5369091379632414,-2.182706328379141,-0.03998556504076112,-1.419873083730628,-1.5430143336209303,-0.2649648049856008,0.5419731537763648,-1.9698282647369019,-0.4097113632008381,0.6466899256974077,-1.0224587699494438,-1.3726794628666952,-1.9933574035293207,-1.5454224104859642,-2.696384308566407,0.15244890095969676,0.5033986836338824,1.3118503383126439,-2.568637448785779,-0.37821538988259573,-1.7182842907787643,0.2500378099659739,-1.487226113361937,-1.4818192220481632,-0.2861230882082686,-1.8853088316788034,1.381243176223455,1.2842762271045203,-1.4362328445311254,-1.7771032555436692,-0.5914598391567689,-0.33902569725285125,-0.9159809658056817,-2.74187447286237,-1.611485480004541,1.557603636807968,0.26377871447794177,-1.9733236259490337,-0.26342110779483974,-2.0439880264955765,-2.2439069172150745,-0.5929898559883711,-0.7492569799635499,-2.2499946677035965,0.634716753259116,-0.2107916043457203,-0.8316363841467523,-0.09681943071371968,-0.7694496536405206,-0.18593263689741513,-1.6447378423185954,2.0097060775426727,1.0260325600192601,-1.8967253356684872,-2.12646782139259,-3.111448823108065,-1.8963446324693025,0.12179693338772801,0.7491809292102989,0.4159808629900621,-1.7311380789328812,0.9392009696610037,-0.8617068151514031,-2.446398933017044,-0.11951668402096649,-0.7440601051313004,-0.9000256800215637,-0.7472396706392146,0.07452762315747097,-0.5401746985109541,-1.6428473269794464,-1.803637260723026,0.10405979539229193,-0.5616365636219076,0.7375229636699305,-0.20457665670354652,0.19377155240325084,-0.2629590596955512,-0.09027186145692434,-0.4725112057675539,0.3843305432610915,-0.8722465368368283,-2.659205342263412,-1.462103573882103,-1.69808494720434,-0.9953245423163182,0.24432843149304717,-2.896386098619761,-2.243510169915642,0.4155743787349002,-1.5717771212798874,-0.8916744335768425,-1.9095856911560278,-1.6427956782223876,-0.12217506187070348,-1.8775055255927242,-0.9964830984582288,-1.1950484968753983,-3.810605144691499,-0.42898588357097056,-0.9473046227510216,-1.824710338476566,-0.818881916684188,-1.9235597213222717,-1.487173762048394,-0.8907644878960852,0.3044113676076585,-0.7274817281681378,-1.9309855335114952,6.421456303455056,6.866090963161088,4.120474084123838,7.281317014892488,6.388720046296132,3.0835055932323123,2.553604104973701,5.012580773519653,3.6698479667244888,3.633425716512656,7.9407163198439425,5.898183090273892,5.430432819159793,3.0297926842141094,4.122558975048484,5.970745620245316,4.769349149669193,4.20126690869532,5.386495525859768,0.3438767103898792,1.8984736212055364,4.611881402851967,4.943367850362166,4.787094059585285,7.190209820637749,3.6708930064684027,3.7106534599149077,6.587543864607975,5.747296826468174,4.753806746822451,3.824085795709504,2.829763492345194,7.486796130255312,3.0383257330666362,3.2210667045541035,2.65423495510441,2.889286762077225,6.431401371470107,4.080303995561579,3.4519129677186235,10.794469870490868,4.8013963955086245,4.462555555067393,5.73633344441657,5.28670389509266,2.572197480220463,9.293478059814863,6.712074927926773,6.735897588468406,6.944228103522017,8.699599324041827,4.324410591585949,6.474343015759548,4.378291608839226,7.59643547212588,6.553342697883938,4.1851328756187565,2.332136680709565,2.804713297402317,1.5584732869764912,9.704513427853648,7.280704492767667,4.83443103216581,10.920975791852536,2.627677768969781,6.314102006133252,4.83748873598504,3.0676709938880102,6.249115051532059,5.141037333571751,6.0992124831384205,8.647790021630808,8.234688639397147,4.055656070832044,2.922956590257521,4.503894547017545,2.6120718169180663,7.012968590206735,6.984490272417972,4.122428879848611,2.0752163701167965,3.5092091503961806,4.3184617913894865,4.145004640947178,4.369726357594217,6.430788326576057,3.8483974319492193,4.379273576871642,5.548811299493618,6.250948005210864,4.385139231307682,4.5361422474324815,6.809676236135303,4.084594203805151,8.216628593241536,5.636897690484434,3.0269710783406163,4.185493462361205,7.937788426233818,3.1179699214843493,2.8000706411801093,4.205790105748807,3.2276076209253763,4.583013726807396,5.414892611814896,6.598511302508098,4.993413413561086,8.541244005158964,3.0703193702000853,3.8350992190292814,6.184357642263216,4.2415314989502795,6.3551125107671895,5.7037836578273655,5.759281976598009,6.849223468145274,4.141646486346753,7.093080566361905,4.992094420761338,4.999775647724406,6.39217581533225,5.443032351355505,5.2755571411201485,3.4275333528496374,4.638999708059701,4.653259249272053,7.065174446201281,5.105383002290302,5.537754487609682,4.5346093363215365,4.7922978540793295,4.005234183918816,4.959962878581806,6.578666123189638,4.949006944747277,2.533426345254017,6.82660795122462,4.740144318147736,5.266960313179446,7.841581281915035,7.99938660507919,4.375308736273974,5.950794911644451,6.3044362426783795,5.260835753785605,5.108163341964628,4.105432971940132,9.927170811578316,4.3472087324050115,3.6450061374285894,2.726359406843351,5.361561246417687,3.9948253410935823,6.130658532482443,4.932749022174517,10.665408521121375,6.618463569001709,3.154272640617007,3.9440297073909862,5.445407040802046,3.7451636113752302,5.872232179310929,2.726152079895338,3.317198523868,2.4843978840990144,4.5525455015640794,4.073386054927097,2.214487129528656,4.852978736794937,1.8150877014928675,5.2042871095041745,3.9943810397958894,4.540818270540619,7.723793407127344,4.805217177616306,2.3188681700140057,6.008397156953055,5.940989303670778,5.3555343843330645,1.5787368632772236,8.432986066277314,6.126454988422514,6.474080772733199,4.223596380487639,5.956778389498205,3.8396627265711345,7.481886052141719,6.821435112492161,3.9739378212945273,1.2732240953967744,6.641456780905155,5.77509688613719,0.7643648550887479,3.834429218535667,7.844485635461503,4.888424958022298,7.241321481354598,2.434780771407051,4.959702199338349,1.0184318492611668,5.067055777413184,6.000434139720024,4.683272716393477,7.625025201585755,6.356687833885844,6.641874643953647,6.334990580980628,4.415940145524765,5.885527637181507,4.767232461876157,4.4654956997922595,5.016412522474198,4.643938176265376,3.5901497011904078,4.711639167811476,2.9379118088083604,7.111511950595075,6.468161445336487,6.767718936150836,4.763983398531466,1.0015247970088241,6.247898807289934,3.220086402056,8.546364889321069,1.4612807642266157,5.222586067574624,2.5987048941604787,4.916961029089438,3.0795546660730797,8.123535477355272,5.332049145616525,3.88306369940985,2.6584077638523738,4.015911549857394,8.843070356201608,3.0315829303422532,5.734569208579704,4.936008201434756,8.675215352070758,4.368784123903226,6.831363204153074,6.938306468863028,5.284385422765327,5.764091643855734,4.418539842029588,5.005169934056415,7.333992704824125,6.622276614902342,5.86346493958262,3.0062842197221156,3.68063251342335,8.12715692135911,7.533492014722456,5.788933998727805,5.44674383541706,4.4936467269902,6.0251806397105785,7.599570109775614,3.0667046252394097,7.3513803317278175,4.834595434746951,4.030335298815885,5.842660161036603,2.2424307889180572,5.888362874195673,7.469224862777126,3.9118275095384796,5.165031618637509,7.033881496271119,3.9122005356746703,6.010605472181364,2.7008390365980044,1.4822278940051157,5.559039585119448,7.863583354532652,5.456177488531432,3.2387759077409655,5.9369150214057935,4.713637402178087,0.9225898326244906,5.441142956167102,3.14457933329522,1.7404647498529062,10.578515213008775,6.056705499204969,3.3550114852644706,4.040128528193412,6.339368248039577,5.639792934335249,3.5341518664761757,4.365707953525947,5.7648122152442,6.6930184690765815,5.681495619463493,1.3653088791817063,4.14127813521979,5.972129325609799,3.665441265662521,5.377633349828219,2.9966767151802967,7.501234635339873,3.662400356745202,3.0024664350115606,2.8349980159179458,4.991506066510938,6.864613352774629,8.789719248986938,6.506737968225666,3.2764482375621315,5.910742387773951,4.668435039449758,6.141608831462852,6.225258212354163,1.230728523662969,4.0960901063950885,0.009185921422962373,5.194983419251941,8.268297120854232,6.480995709847844,8.981650009098423,9.287199985122392,6.064939479148261,3.1818449194856546,6.412770104777441,5.0631339175559775,7.710188157095351,6.251132548257268,4.7039631395897175,5.4173783147534635,4.604417921717124,2.7367254077385255,5.252285475998217,4.146211931110941,5.666869818518367,6.896216666833262,5.242393306342584,4.279793475525324,8.027324781309689,11.32562582400217,5.330452292385778,3.7879880670495854,4.901703770174979,4.905438208874287,6.198846871521788,4.732996756102092,3.7885484538152046,0.05279372669110316,5.398327325921059,5.05792237764129,6.838264589235253,7.0717651181038415,5.689465345116372,5.442653606788525,3.13404934602093,4.543722322403315,5.201994679835545,7.191655117686792,4.193125341293953,4.321680649117467,0.975303462787954,6.838717954365395,6.75037372133538,0.6587369338819808,3.717900111289298,0.34011211725009804,6.8016021778676174,4.316337687337026,2.9112419818003814,5.199575017644889,6.197294351379579,6.269027108855648,3.983373130204707,2.7160795964323228,4.928884619668553,2.249948611135507,5.884198943184536,4.862580179107923,2.156189021585433,8.029924803711205,2.918079456180518,3.6629410462036316,6.512816847390247,6.659582811312912,4.938039269062433,5.950147383789328,10.347514809755957,7.149557547357574,6.306062199109585,9.58386324477046,1.7130773476494983,5.94903425442968,7.704361011811511,5.265043376970317,6.525510062512569,4.027946012783293,8.596488077552996,4.013816551263162,7.8517054297070015,4.295453424791714,4.146325845400557,4.773325971595935,5.651558817486851,4.02327824828442,6.961885874359121,3.6782825611299383,3.1131696491230683,8.629043667679586,4.505943917988107,1.1466975499437808,8.287612776218092,4.945552908638691,2.5981190903030877,9.682236670980476,3.690504082468228,4.222587446041879,5.344259195680335,7.08757046082331,2.353816348857062,4.636416938483334,3.728616541208858,6.4346213261089185,3.3771653560158628,7.8415487515556315,5.2920241136210215,4.524101896948407,1.934436686066308,3.710556497373405,5.317267380698056,2.822579089666677,4.719242701549215,5.673588193474083,8.571826168398257,5.872681586238705,5.357729588099597,6.152955932923895,2.200911265105571,3.639559018927247,4.217095008575492,8.090673925572773,8.384590372928642,3.6524349050259093,6.258917761953363,5.310482587592532,5.396871438772349,2.510162940936577,4.767379211825591,5.9621791627870815,4.112308820024831,3.3466540009783166,7.560436732056905,3.0448444349035544,2.4907419018857464,2.390508252892287,4.649224478765124,7.009121798806809,2.6998660629524154,5.1509420735158,6.90569250997005,3.8296359627756984,3.6935697285914983,6.388339508246743,0.9214385871947393,4.563799397953572,4.658353309310422,6.237022816665089,7.293846755914025,4.371883038767376,3.1059908828799427,2.950375391742125,6.096850439092617,4.58720634117149,3.967852533838961,4.986010067753108,5.409009759256492,1.550817984775645,4.767978292152257,3.0498958023898206,7.872534355208135,3.2676063277228833,5.165522250179772,2.968312777932342,7.890280233561796,2.0464261101601,7.494398686116097,2.030174442670498,2.6557589968110533,4.975357371943106,3.3126255316137594,3.1147818615470353,6.050287709867918,6.318133708342743,5.502332846861253,6.363722303068324,6.156102104869383,4.256784823497217,6.248002749892923,3.084220051267145,3.9756046514507735,3.619969567392786,5.169063161860562,7.1268999369087584,2.8657622292734652,6.006317932619931,5.107787157219748,8.043641610816413,4.387942157564044,3.745771156726877,6.426391981059573,3.8369876643638197,8.968040479874984,5.1887063667215,1.2106578102185899,7.141181869672128,4.078584422689964,5.890874010439917,4.62773925607688,3.829202152944206,5.322545004347727,7.910144672104574,6.298679952047328,6.695545074001409,7.737712224789824,4.396440164566076,7.891432428420497,2.998425955210664,6.326805406082583,5.728937687864576,7.40397462177182,3.100746188413563,3.7003244951918823,6.7898722948122545,4.073247223264747,4.161902042850016,3.4080087976081046,7.981672608609628,7.174861149201043,5.757676732433656,6.1280241802904225,4.856642093765247,6.953891403558011,6.305526029632348,4.386709934334173,5.366493181245347,3.5497988270195586,1.7349792419120629,8.322758028140898,0.7522045834005455,5.088577510436137
66,-0.9917721463359408,0.24807857186730065,-0.9838980532567696,-1.6504411682730882,-0.4096312517925418,-1.3170926502243168,-0.9158211819846471,-1.2156049024059026,-0.6998638548212506,-1.4618483595561207,-1.7438752993872164,-0.5928751856211899,-0.6770326004966086,-1.229590508397161,-1.605491919788526,-1.6298443029618606,1.9624057376016721,-0.04959641734918341,-0.6311021316839652,-1.4478430700961187,0.15230742576712997,-1.238563155888916,-0.904935253184256,-2.257824116079596,0.14648996940279413,-0.5430834576928978,-1.7614725950633874,-0.8082451518460593,-0.9899579673020872,0.6535680070976968,-2.2292309940969153,0.06437981908536305,-0.0044102503505308865,-1.2641879907803306,-0.055640062101197874,-2.792566402595484,-0.4903349196935094,-0.6709243537904609,-2.5791651951598293,-0.47205165593257814,-0.11532063316764274,-0.4226947163624447,-1.887390179785593,0.0835877540333938,-1.6024625624169118,-1.1263859964335274,-0.9640737630164612,-3.257108142180162,-0.383006764217688,0.7470624567372588,-1.2472443205705388,-0.6881814539555142,-0.25614365060267874,-1.1690978226300777,-2.7362895037578925,-1.1889441450261653,0.7408990849345329,-3.439565594852512,-0.5547980871684639,-1.0984375219804845,-1.8403507550198341,-1.115024200909163,-0.5036104400767405,-0.8762414154181732,-0.6333179952523171,0.19034318245533544,-0.07609961140921151,-0.7292739191141968,-0.4785949498328502,-0.9015199982159648,-1.141732744435889,-1.3390587444371949,-1.5575562682372783,-1.1711265480284705,-2.312573462696352,-1.3882989814378535,-0.30044298136761205,-0.6941423618587854,-1.311210772946036,-1.5773113164799673,-2.8350220617114665,-0.3933854017352607,-1.794970207784285,-1.5377857348175885,-0.7719568604249918,-0.4401492515803169,-0.6748461486647696,-0.6776049443176153,-0.7596575796896334,-1.3585748762322556,-0.3263652331228646,-1.2057059234008791,-0.7812779266840639,-1.982544498403178,-0.4299860417477738,0.3902108139490652,-0.07281365549734564,-1.2208769900833165,2.4221378755044087,1.9956673510581662,1.476610878950019,7.974615067599739,8.681998194097465,4.168615887083566,3.8482319429921623,6.057722484220568,2.0632275837737453,7.6158022131622705,4.657501768741624,3.281623594567523,3.275422412366179,6.7988191507565015,4.4699180937965215,6.001793690737461,3.555185988883225,3.1637678948336214,7.032149275283157,7.388493535592907,6.184963435195975,6.041106435962426,7.066463384005274,4.293458365184693,3.5939572152386834,3.7670545108624465,5.1812752160013655,8.679760102225115,6.9563546877034685,4.212132191111859,9.548284028719017,4.170697298947419,6.786460102164143,3.6263597612664924,3.262362356636447,1.543765974554808,0.05113924011637305,6.193846305797402,1.6410423292760377,4.7993200979711155,7.001857235274731,2.732284689505415,6.834976922249084,4.424392361425198,5.816821240478177,2.492374042009466,5.745472034850129,4.229043204519604,4.161150358918194,2.112014746717164,4.425980788656014,4.611767624108765,2.607590789929849,1.9180396198219567,3.8203487754558147,5.963527757949258,5.2185438534613215,6.378218429499554,3.4638095969773315,4.5158542452214245,7.384327217748925,7.345496895141224,7.147032953786635,5.368202002170678,5.097609281498122,5.820196744071354,3.377535418867537,9.212049503237628,6.286048022085774,6.886410643762913,8.361284858668931,3.3986034699903405,7.030851241399663,4.472674179865322,4.9565753430514725,3.139129150222958,3.9831428123266157,5.360248347099331,4.760636508336523,5.659893778368602,5.810274229672161,6.139659015090952,6.471991258500088,5.38998507839949,6.904991665566041,4.12892834100428,5.751047745887832,7.3098868471535585,2.165310754418314,3.75007044750756,7.098294767411055,3.0082297273218597,7.920942926568326,4.6619088272700075,4.359053960561224,4.271617091321602,7.871848751596103,6.294268139094722,3.5868432183241747,5.876258238710302,7.807290576173516,4.525465417339632,6.5698152985518234,3.7984217331297576,5.136914488500598,5.218357645828151,3.4873299367573796,6.251689401905065,4.092321586442768,5.594944276861954,6.512648079657843,5.1497997684160355,7.103393193044877,4.684877819997727,5.900538097448936,1.7154560257037819,4.544355002669204,8.03115936204472,2.7555820797880357,6.700728560616277,3.126784276169408,4.909862944163284,7.873860198801037,3.5385627778190427,2.4182857556530477,3.664390135143388,5.76508068735135,5.603368521864695,4.067595807339069,4.706064728932225,4.046273052295779,2.5804425827040762,6.100883772720128,7.803532044508206,5.744529530447965,6.662040186528868,5.267987156606077,5.436745245063973,4.708636836288372,2.159529214570547,5.424542610968319,4.171534030868332,8.850595301474264,5.953231605976688,5.967732920540701,5.031382856527197,7.62231233203694,3.9016750536237064,4.468623789837492,3.3601033872905774,2.0244261408050033,4.612975244915411,8.058681720662403,3.614290340187856,6.920718939870324,8.356368931926049,5.912663948072679,6.437906636161337,4.291448830705218,5.449760442573483,5.349485938878867,6.5647866100548775,3.72143317468073,3.28114007779063,3.099639098946059,5.906600834874655,4.1656173957308065,6.09280427915316,4.873705377313446,9.964352635900209,5.925375376001933,9.016642927902943,4.138377891589806,8.173452955194366,5.653879742285682,2.1046486475600514,6.479177536986571,7.462349726474553,3.6908902241842743,3.0683822747566976,4.553244466464871,6.849907216984851,8.132759218185083,1.5170208349571048,2.6530135321464545,4.75406500540284,5.643974767927634,4.678909814612937,6.8854939139199125,4.95031448722036,5.325281563392719,5.228147253666439,5.374007148431823,5.9771300278457575,6.10743600166127,6.14676603508347,6.8909024139307595,2.9966361648572137,5.282309118972078,7.735409614297979,7.571658541890762,3.535176173486547,6.302210485577991,5.355588820221283,4.721871442539447,4.110639960980297,2.010190801718357,6.3193232208702685,5.237888178575492,2.2155263397268152,7.360863310839848,8.015210671508433,4.092221928535631,6.187597319702993,2.490964155410687,5.897312567388331,3.0740695686029724,4.22699330988679,5.580659842325298,8.731740239259032,4.5155636794948695,5.751354010289374,3.0680805158276856,6.026339951024771,4.861612208767382,9.613118838076126,5.397265295329679,5.376428798688472,4.888223848812258,3.566832413745206,5.129675353830252,3.421131336437279,4.555151277423777,3.8015792498745204,3.5719062782379685,6.1688899435658495,7.633645411672496,1.0522500663739311,3.9839824288460495,4.818055293368191,5.198736871130358,5.02343620474686,8.96255014852038,6.588722212948244,2.7274536766220216,6.00089437464512,5.384846281639933,6.855158645389441,3.2181756427321804,1.887138161410964,4.662908873537209,6.793303012081285,-0.10475422829803271,5.46453562416538,6.278388504975236,-0.14914191978873337,7.3544471752397715,2.416404611107657,3.3942282539654176,4.810831777444363,7.48212071289151,2.276290471621093,5.417526578723866,4.9901662989523095,5.616501666670798,9.982120252431727,3.8586394430928115,6.255848522941252,3.063834050588531,3.963105169369466,2.3983911818506862,4.428668466157234,7.214787259488546,5.800879978240359,8.406981063009587,5.324072390545303,3.257561186078896,5.479355744294254,4.830418583540738,8.914586442067456,3.119431315526911,7.249885793362463,5.31432944858113,10.190068059106034,7.526166633200299,3.842855552519505,7.688592628351088,6.5560084071140245,7.210577268347566,3.4555790986489034,2.6768426919156303,2.363820235828808,1.5608832776560129,4.029201360233817,5.3566744298824815,5.594771213792087,6.597508113615557,7.306115203380497,6.6761570396422485,2.0410879818905148,7.630943229023675,3.7687646899333136,8.128256992559562,2.371485975172974,3.522221527815061,5.693834126400609,4.483748426454165,6.517144521796057,3.5413831101446416,5.295016486653882,5.074507904922289,6.591791777576925,4.298945641064952,4.178360727643078,5.858908455026208,7.0958933959899895,4.8872721316942656,2.9181609118802436,5.3846181523070165,4.680875539664249,8.6044084263377,6.010521366862332,4.25375445702739,5.303951512028123,2.869209724744661,6.403554827210925,8.799720070647375,0.5697548303483995,2.941803479026725,0.2070004352353365,4.542820483939975,5.758693935697057,6.709084570085587,4.280755564060267,8.955493819890851,5.161731924191098,3.1091045218114948,7.605965219088818,4.226407226469573,8.660205047971033,5.708754188495506,4.87167789694142,1.0338011718367235,2.081487956038213,4.128903169227089,4.045144258929513,5.676569749776192,4.299410242884345,3.901516113449883,4.853013979723274,3.943343797914028,3.467228767304433,5.036965177773728,6.724443255064449,4.70440352242934,5.883541860682585,6.746512239644396,4.81778172247062,8.346901723980366,6.866285262019269,2.935755319054248,5.193606737622831,6.328715432017496,8.410534636393555,8.796431573155827,6.525876673417452,3.8074701606883403,7.062951375278918,0.9729141372351773,8.75234571143897,7.355716946919775,-0.6360041039054227,2.3814601216527156,4.0927337030275925,4.059759871537083,6.620202354450051,2.8067931399366337,5.666301015421582,5.626314270915378,4.026273653028075,4.381581873209883,5.6755228082410545,7.22677745059564,2.8102845419274525,4.384928687599542,7.870219901488953,9.526927959040133,4.201457364836676,3.501632416531037,7.341026397185189,4.030859062599266,7.65886632599807,2.0200988587488977,2.082720624855619,6.42031886850407,4.584050245908237,-0.15086551192853292,2.0443603187541273,6.394172592258963,4.842105031956527,8.586430477487813,6.423295078262991,5.6729941251410665,5.442601255125216,6.133472395561217,4.247247737319802,8.103835942280732,3.088901183319804,4.272694427644657,5.655999367882718,8.292571501759019,3.930472787461787,2.6630796622087223,3.263237992412031,7.326419810445101,4.0892845521753705,6.285288730989178,7.386194508594087,6.671408300893718,4.2684627012020435,8.084740913199946,2.9887875705790985,0.9152905486084189,5.2896786708716474,2.9263435070931503,8.080175247778566,5.488638910551923,6.254608662212861,4.976028720914303,2.8735640108971623,7.939499101167534,3.7392772419145124,5.149928675081481,5.732536683951295,5.907363300324122,4.4409617308716305,1.820443829464626,4.126662398109603,7.245148746473797,3.899426098202865,6.424254612079466,8.593802030223403,8.48024680108777,6.40486810080187,7.354250537354767,6.082602580672524,1.2968317698946281,4.222289884734647,3.3773729399239665,4.592920377853129,7.592703159585673,4.388292563853124,2.6955278643972367,7.71782416856789,1.4874517362973703,3.3020953732793794,7.816709142529641,6.463667718797554,8.045704072778662,6.8027590494842,5.9218796670661815,6.364132937634906,5.21509208915036,1.6977133712366692,6.564608450572447,5.854909395807459,8.882469379900465,5.347173147284613,4.912389444621403,1.0592374402484652,5.116325083500241,3.699396635348231,4.91222409382234,7.482881452793878,8.95729547067641,2.379895622295847,3.6209355484356784,2.4299363432882903,5.837100938334057,6.4773313340992775,5.761224853250868,4.446428612109432,5.008100941019124,3.7939383327489296,3.378407300532518,2.4968596995897205,2.440608748496123,4.245461000423671,1.0379245075452475,9.034886328567598,9.411168897195747,8.214723452741342,3.7341565556997574,3.006576653156407,6.31688128257407,1.0867187870579076,6.403669119536535,6.6307510524493605,1.3515219131631775,7.947603295881388,5.981727547402246,5.100266666175239,6.887067639860719,8.88534167140035,7.584752323572721,7.21248367767817,8.372787667695064,5.251290749349372,4.986395039859101,4.9422933755615315,2.62772947214973,5.967542336666788,5.756785005022746,7.415528120033605,1.748748337230785,3.773336822235416,7.229833659957499,3.118768535841265,6.752576466110237,2.5455517776339107,4.7189855752616525,2.1152060902203234,8.26437841767801,3.9877286854051306,4.355692857086443,3.704663657935011,5.202573377564188,5.09945564979012,5.796065561656084,7.46791998501125,9.06056530483787,8.203097162461047,5.795230749583175,8.560669171980521,1.3748362830688259,3.380313377550314,7.757715565220023,6.224914408988312,5.4916498009361465,7.945683308348064,6.835015560648842,6.522798922384602,5.585198319576964,6.919605401971209,6.598278828644645,2.6117848779374757,3.130536080158784,4.860145902158413,3.932810988290972,5.562799574853567,5.340441831533173,3.995105099297581,0.344540160863934,4.76818279160335,4.895547785504691,4.646681148224927,5.4764143056414625,7.215808542659049,2.96711555289109,1.8678744628038784,4.293373920804685,4.136768586507312,4.575626714995064,2.305134037479656,3.647139854258884,6.661024102933561,6.149569668019748,4.4999124057273425,4.874172502960576,3.449728211676052,4.9921894984327935,6.866167701413844,4.65809410145313,1.5584124021232055,6.946875206348104,3.1948636740445426,4.990849529220964,9.49881938545808,6.759104649015778,3.298929963393304,1.020119971288973,8.447525042719684,2.3835123139674694,6.116797684132035,7.481994805669451,5.4750376266831795,4.005050614140894,5.160351625274232,4.469238911484639,5.2394140503850375,4.132736977437715,5.416089871771179,4.413956188077127,9.377093810780782,3.603527389762513,4.1213973714592145,7.666795384035975,2.5330199875171586,4.849610461365507,6.458289541183213,5.09166812674459,5.818582112800566,5.231501508480633,5.7127375046234405,6.662674468621534,5.54105373241617,3.6215229369667785,6.408847729150434,6.469214685731636,3.3961396178974166,5.239941855896929,2.588761928378023,4.492623717861782,7.6426596905970605,4.932419190518935,2.002955949621712,8.254120884018771,4.6515926765579145,6.015158093249436,2.833035913054258,0.6664308719047831,2.5585416048788034
67,-0.6816841800531583,-1.8472501502268992,-3.3044612373437148,-0.28698206906182555,-1.3893082389989124,0.2606302051326346,-0.6305889621204015,-0.8534524181123325,-0.7735057827671352,-0.7410526639946531,-1.3062203724393084,-0.7065309421052156,-1.5552979341046274,-1.815752846496642,-0.8437667140614036,-1.300359289768986,0.35086287934306926,0.32817393445076903,-2.102872543923363,-1.8347928561545204,-0.31182779928929005,-1.0076932580749027,-0.770882892673758,-1.0650207336454023,-0.5719727321609291,1.8546664172657068,-1.564217502540759,-0.31195939268068174,-1.6976566859405144,0.41738118174199523,-1.9960523531142464,-0.38598347584560344,-1.211462649634512,-0.5875521208619647,-0.6990919675319862,-3.0806557906857837,-0.08939474365910671,-2.416915108310915,-0.5480980125011775,-1.7100382963077796,-1.4621892467948234,-1.0459508694984399,-2.294751187330076,-2.181444365605125,-1.2609146718926034,-2.4021824498864977,-0.3094946045479813,-0.6367601994949594,-0.5178013743348042,-1.022665617705557,-0.665296082986301,-1.0631790110863533,-1.3998519494632973,-2.0343373312774125,-1.734429092694482,-1.4480461991672655,-0.07123371576319226,-0.744221102719067,-1.6263580596420728,-1.4782761378840386,-1.1562940021702504,-2.934028502545887,-1.2199876969753274,-0.5755696391746516,-0.9068681851984739,-1.0590549036487544,-0.6721329505992562,-2.2578531735914305,-0.5844956281607704,-1.2559697115408444,-0.49672306918564113,-0.3597592622020781,0.3671909029579683,-0.7914228639695617,-1.2990096578693109,-0.39098451180101224,-2.215730376794512,-1.3238277498479143,-0.7995222811860312,0.06120703780800629,-1.059334845366553,-1.46554722630933,-1.8236426406273183,0.2544328600733792,-0.26430199286044964,-0.6353322502000787,-1.427545237085026,-1.3937728685023123,-2.9225528120554074,-2.0582260084516024,-1.4588328673072026,-1.7384230398487959,-1.7100854405045651,-0.029794482446558135,-1.2509877549169592,-1.0006014768920497,-2.83027176414904,-1.4884691782718213,-1.6402567372210486,-0.11242574080807466,1.274659746114287,0.8531745775318085,-2.9742269079197845,-0.5152656573619228,-1.0587537145849946,-2.066736110385801,-1.4593153790829883,-0.4770105804274195,-1.024875418022214,-1.8235917550092822,-2.2272532078741927,-1.6039317089012934,-0.04325990567185756,-1.32501231711288,-0.7035997956922063,-0.775461042208138,-2.3041950137694553,-2.969834894586903,-1.9672594354427784,-2.013662240456493,-0.3087860709075725,-0.8719736357018486,0.1616297751454423,-0.7728316293399611,-1.2295693201417879,-1.6807985498232927,-1.5424063025540757,-2.4029289122664172,-0.6083376262960682,-0.44599861398505936,-2.0107454243035097,0.05475786975197572,0.16941934610568876,9.316948844808906,4.672049680597752,3.994033004445705,3.5654132191946477,2.139355621904574,8.450565033097643,7.248852799614431,3.1481936777400366,5.4412260204085765,1.906016825982174,1.7053949952602028,10.021720284127946,4.825567165570354,6.087664888078631,5.891504559576703,4.20444100217947,5.853699425975879,3.6887838827182637,5.799783246242983,5.693508607833562,2.1724405690910684,5.460768964248826,1.9444303015301787,6.331090930584157,5.16109061089311,3.699831342110338,3.5906868212846477,5.087054207287944,5.840160454005605,5.351276108012544,8.515232221401753,6.509044409464316,6.525129171021363,5.018463825052147,1.3710053925233296,6.5797224249921005,1.215396463318867,7.649538525803748,3.4652629768661947,4.050234578518202,4.590634988674465,8.169478362199332,7.572872528113422,8.96766233669231,3.2249130385860076,6.626352056904216,6.2990106840312725,0.8734780706706688,2.9298812349064463,4.956466837038634,7.1832455373748285,6.103506701977986,7.718734588686196,5.2515338024512594,7.399933144530199,3.5955929159601894,2.750101122519408,4.348412085863213,4.759835050371935,5.442454964978522,10.269308089108074,7.346590230339276,3.8111068956834573,2.643461420427676,6.724141880319891,5.161067314755345,9.252090513316821,3.401662305106062,2.769073496273402,5.854437061638874,4.357409892880718,6.364475553382164,2.1594111835506955,1.863733440256381,4.439309361944135,4.459957448581163,6.9484546284714614,3.7058542241042467,4.54520042093124,5.427737791960901,0.18947627352327956,4.79304123514008,3.7838129793291966,4.097334049046995,1.0011793544034129,7.079617232204557,7.541475295664206,4.371725287169186,2.333376417918952,5.907135723639353,2.449195599437379,4.640923326735339,2.2559012017250275,4.608845133802482,2.5577830381790507,3.1175093214818697,7.594762164801397,5.391963423067545,6.250261349094523,6.617877037574068,7.9200072394239545,5.331351011863481,4.855771746703035,6.598950277739844,8.508088514223353,1.898538176438644,10.26724496587233,8.4919795248006,3.136948392208554,5.161437342779674,3.366204814664938,2.0215139936867375,6.643244551506477,4.940511631714,4.135511458608979,5.524441632700206,4.226392732268282,6.080662797733351,6.1821735267294455,8.886484848851788,3.000361934653214,6.202208181966903,1.117239881593758,2.8125244234456863,4.090973220128865,4.644427074804517,3.7367390597409877,2.5484961195093727,4.226022487253953,0.5015918829724306,6.235709136303525,3.2118216995727495,5.89220080713284,1.1087781771755196,4.916643949607027,3.8696510313374324,1.4729148891369452,2.9396755896318125,1.7874269144734014,8.83929255162505,7.135279677961604,4.549021698833288,7.982526117146824,7.909475433926035,1.6303379403679275,3.914308719975028,8.044762529150628,7.67636337697337,5.119778604273325,4.4543530599192955,4.942518337110838,5.059892380527187,5.471052173357016,5.535384061222596,4.1083732855391855,8.357016605707582,3.4007663833942967,3.8564701719120364,7.157346830332043,2.9156146446377904,5.500010177657921,5.2134970204533415,5.640379187995351,6.8200404538460635,8.994147714381942,0.8098125418093325,4.427901960500607,3.6243963024674386,2.3117799783736714,4.6941930044696125,4.015376249963078,2.6827695762788704,6.309834996812604,1.431051700959698,3.088335578186567,5.42606882239849,6.080618629530142,5.099224381930171,1.8412870748251096,5.906479532931727,4.833680672312201,5.1448848125925775,1.540278697865146,7.074689870232863,7.122361309759739,2.6589948156832373,2.0502913442011828,4.181836119361826,2.702313025503767,6.812235799630294,5.659673787714629,5.007356515307633,2.0362427571024284,7.022603265112506,6.010223662152843,5.013080463000264,5.729272535875727,6.336378379937506,2.5520430604174673,4.435710546788829,7.950454163617675,3.723939706785213,4.649308635044177,3.9419909639620405,2.2532680529081435,2.0376218780931317,6.230737416221653,5.501121088373874,4.965457191953534,2.0648412359154538,3.967569508905343,7.8786244700615935,3.5691346084919804,3.5884352208804398,2.8194115426810584,6.104952680782448,4.739089439104168,3.987680702416203,2.2256148796531963,9.50635593461803,2.6146113560448296,3.8064005498293993,2.4351097897616953,2.212156122593607,3.1302064904886078,2.2481654907393542,3.0084601933154005,6.850360279963833,6.599285472163009,4.781188857496825,6.577549194721209,1.997391378992842,3.0855369037012896,6.033684054554518,6.4620846704552175,5.8408020477969345,1.52986741267169,6.0400803444718125,6.923586126352263,4.160402887487818,6.899421173049195,6.611450442335871,6.122591735477701,8.369429388502288,5.153144298785794,1.700824990262403,5.659444476014275,5.462353662522538,3.687793185682682,5.939714695876209,7.158183210953794,2.601151986478172,1.226316378021477,6.78206624835292,4.899288801338511,2.532608385063545,1.378123459764792,1.7870059915095986,3.0715638251776314,6.405225875775615,3.8989116634413934,4.086033164448005,4.745874090316951,6.839714432114423,6.507959728976533,4.7770210519050975,1.7514013612547568,3.2892650978937343,4.470576340902726,2.8220336235314396,4.907675710931073,4.346888562077239,3.6822175264900787,9.471738936985664,8.102555128069497,4.702678345570069,9.236578546244111,6.695117132908627,3.3742617857100945,3.8052236399745754,3.082958560518033,6.342938943243112,5.230190846361971,1.953454502920125,3.377975403375726,5.801989478194855,4.796933173152753,5.522411845872287,5.132782353456007,5.763858577913371,4.705495432167506,5.892908474784753,3.6645983710616123,1.9622389223785297,11.347241677556958,5.6683834938433115,7.300368997577403,1.0363953374550152,6.952495033640041,2.707120263952188,7.422147797567502,4.876711735846161,6.212770152538425,7.740495457945281,0.4074485183690921,6.9832029695468885,6.02484135928052,2.033531923912721,2.939925632500569,7.549374514092406,6.985658988643526,4.329946734740375,3.5347447996036774,5.935059436965841,2.107276126141764,4.436737003588567,4.4785221365420025,4.316738232205271,4.265697062131496,6.2333878533981455,4.902239930927625,7.72248078164216,3.8779536026732035,5.318181752919329,2.1335955963212396,3.743166224354587,6.134745093660657,4.385416159187816,2.430937569247161,6.7646848824453345,4.821232645935604,2.306331284924671,5.94046830875568,8.02118126281944,3.457986643765574,7.216687312902257,6.118637078104564,2.8543589165252397,3.9619564744972435,2.7500665823206925,5.438594754699217,1.427964640792259,2.178392545687925,5.117590185509421,4.776282700284467,2.804608230039976,6.5149613031342595,5.727122627137822,3.6502621830059323,3.0973240727126443,5.662606114907031,1.316404088818663,3.123882908266318,4.410947356901116,2.107494003775195,6.884290451427175,7.3320837467792614,4.388670682799191,4.582437072599699,6.218502271501529,7.965570364106908,2.904503140953607,3.4789512855794857,5.162429467794072,2.655201032054824,3.550479927894231,1.9174459262244894,4.6493262046750665,5.41630210104906,6.719793535614905,6.020891399193972,6.641292517406418,5.527552464225761,6.219901324957114,5.913752977045014,7.537100423781212,6.169028328697005,2.053345851593544,3.3524318329908747,3.7772371293140754,3.8257619037464226,7.567885308477637,2.531204097124289,6.245811690659087,7.134604456262548,4.386598168387417,6.9866455061505714,2.161442061747477,4.474556838725619,2.4375877149603085,5.063007737027896,3.932190856694193,4.3722636547230165,3.793467130987285,5.221741716590504,5.15821430773499,5.675468618451659,5.362577254987432,3.50309780883211,-0.6481847588133283,7.593169900711487,3.3703085593354474,3.098291791771758,3.5832534613567226,4.06413216887815,3.666431235798241,3.7403156414186807,7.613802573497187,6.542364388499369,4.480653461785117,9.473536809659144,6.5042693884812675,5.1214497582892635,2.640157725780019,2.287656501488154,8.467999444646262,6.049892236154103,5.856674260383611,3.094723504043297,6.975281308804743,4.111798591476523,6.5560787560948555,8.341844331053657,3.3349754507369322,0.43534129041662784,3.825090997887136,5.487569032390485,6.1368071185534045,4.487714457826996,5.63526142053228,5.727708554497168,3.8689763244772477,5.795616809827725,6.950125602181097,1.9887599730681886,8.657171129141002,2.272754600793085,7.1948976495412555,5.997412731423304,5.961932461940977,4.5973556716299075,5.364320670471171,6.005404389105625,6.345033238287169,2.3506168919661126,4.341411306583881,5.560830434239139,7.96993852481694,4.8708610337284535,7.006195466406845,5.520978608873941,5.882852507947208,5.828041793395107,8.734948012508523,4.628668340732801,2.9816590591563155,2.722411061256897,6.961715346875489,2.4427065279044724,6.448030540328144,3.8835181469073126,2.46098388775809,4.449196480266684,4.0854250891766295,6.01751860403397,0.6034962052331423,6.73014649064165,4.8812866268692465,5.885465616486866,6.827241251167036,3.652001637927817,3.4677762368110443,6.608876275904178,3.664230862201776,1.1164714913814628,4.9195565933104,4.245771143873239,3.068521015912723,4.462678532579815,3.8384512489900517,4.28903092481796,4.9369804117683636,4.009526854597172,8.275930789531438,2.1446506746315794,3.652962563796766,6.481035470510578,6.517056324644225,5.758987847783816,6.417930193066457,5.726339159972006,6.674633320454929,6.172754290196082,3.8126027535134117,9.560509733894808,6.042927082190264,5.520731111565236,3.0307194831314392,5.997587481152339,5.422522942736937,3.2517987444859244,3.745483938957901,4.648020556469755,4.018740183584304,4.196223895921329,3.9151825226091805,5.356977533503777,7.648828559290438,5.7862975956994696,6.030170697339301,9.681921364382966,6.035539776729285,6.351138752197491,8.1020629000203,5.398594144403225,5.953582503449928,4.595172146391235,3.6138332463907186,3.2079193494526894,3.498469872294142,6.848660928861326,3.169924369656604,3.560538785706802,7.2665140070230665,3.195798071066958,6.901985000355726,6.713423414710748,4.344271154584678,5.624762313130466,4.748086171050701,4.437648826454211,7.0914636691067265,3.079241720622166,5.47054014643393,5.434405995675736,2.773739363625616,4.325610711166391,8.418577159686127,8.272027327806484,5.291449207916721,5.068009430266054,2.719964322670411,3.7998975691988353,8.594330668031654,1.6458239286509668,3.6831292116261802,4.72028843242638,5.7046501814141175,4.84158476946471,7.190522243683086,6.454697343012742,5.897403329123978,6.720847363724588,4.019349312475672,4.847257502653791,8.748661044685493,5.254899272196355,4.106380906293971,6.20165965610111,9.075371726219718,6.164247445527883,8.415972373421235,4.267779627209723,6.653347082108996,4.135129357445284,1.803852535661981,3.6838636132168716,7.427144104988255,4.208271488812101,5.5179755267534905,3.881252218754858,8.16312710492517,7.864178816965179,8.304827920844037,7.622821908889045,3.8471252645677834,4.535816257892781,4.618036015659416,2.782116702729235,1.3567067923855394,5.7732525667133645,1.8985863404200911,6.23989971976056,5.9191489912739925,5.103933782037676,1.2188327477665828,10.159264207581293
68,-1.5515327761730153,0.7530313088432177,-0.43576233035230727,-0.9391383558608342,-0.2259472903688825,-1.236069164565944,-1.9979074854806107,-0.6038045982613227,-2.4510139677835943,0.40543411255435235,-0.9185352215294614,1.0976145044022823,-1.081397905301002,-0.7333980138077709,-0.7091935363082716,-2.5403136940394426,-0.4294367777739404,-0.5997881215949826,-3.241559984903867,-0.5038295842435292,0.06668030057017948,-1.901507747679534,-0.6402033040121995,-1.1230615327798978,-0.1280997511460068,-0.20750112044987368,-1.5121075945962321,-2.120505641924172,-1.1966753148896068,-1.862040448095758,-2.3632997164715137,-2.5071384604117952,-0.6790879072872074,0.13193402985493186,-1.2754411831142267,-1.1907710490460608,-1.8462175352766925,-1.9966089516563017,-1.5341359480503098,-0.5894617338336954,-0.7614342035747088,-1.5754662656024845,-1.712156201474859,-2.2161447646389854,0.2227756671905441,-0.9695677737048268,0.6876229959637645,-0.9993361818115848,0.6337794188732246,1.364682830077549,-1.5860027666439724,0.1620355962854776,0.009047085526716847,-1.5879065207064045,-0.8340334401137943,-1.4269835732278267,0.5693497848458577,-1.8399922396005857,-1.008774120190162,-1.2146635589835317,-1.9876787612061209,-1.666736838639769,-1.3036757863296584,-2.3120496431797166,-0.4751429115372202,-1.168317240393993,-2.080440900546662,-1.4679465894389774,-0.9510929491043398,-0.14268094560906663,-0.9669281231690097,-2.377574717095169,-0.3780094423838428,0.08179185552056278,-0.7039285237562543,-0.5392756659552691,-0.6944229824739236,-0.9847667007220536,-0.9801234269353049,-0.046732601684606134,-2.3548044393570606,0.135415624951166,-0.8834013699547576,-1.707301338425582,-0.6004401416973051,0.48510273398625303,-1.2864579466944608,0.48032544671093635,0.34397073538447254,-0.09664839503395362,0.02472604029835579,-1.4038242107544392,-1.2464978720674913,0.059363263468429794,0.24925869417018132,-0.7345242327278252,-1.62120977333741,-1.3154807626907856,-1.6766461176836642,-1.0880787101908251,-0.6514386406752276,-0.643532748721325,0.23612677098466506,0.49487260037456715,-1.792285885338254,-1.3223000369247027,-1.569847697671995,-2.0754400616960833,-0.6578419543811422,-1.3114088353230504,-0.8443798211894686,-1.7318657849354606,-0.8634828335352157,-1.605532856358954,-1.9671565067455958,-1.795192031341569,-0.9072230830642392,-1.4380437220302582,-2.3697357409319277,0.6571283193936319,0.2946228925308314,-3.2972599116921226,-1.9237455826205645,-2.875356910540919,0.05780072738320374,-1.7021543429846258,1.3301315290186229,-2.4764833931137993,0.0018892833894628147,-0.814904313849443,-0.9133567435476327,0.49192945838862534,-2.8186716985491573,0.48446127381253823,1.8386190088836054,-0.7366511056966393,-1.465396386127128,1.2105551435081887,0.7172934549991579,-2.3685937861480753,0.966358996085322,-1.0282325388112084,-1.8296301381705735,-1.2063654332137472,-1.254596365385824,-2.844417556674466,-1.1771718188736437,-1.9795534383594449,-1.2354021711522623,-1.039951208035373,-0.9090309791964106,-0.6134558659086917,0.5600748836342622,0.10325835304178343,1.3119930949807301,-1.0770558675091702,-1.672727302168206,-0.6620681912689836,0.5980453283184173,0.6243448432204939,-0.5718216426731801,-1.9581600143223037,-3.401556704055148,-1.7584867813804914,-2.0330526330600858,-1.929818865848913,-1.3478822734740805,-1.123387838569494,-0.7679407554464892,-0.18830595155542673,0.05688764969057325,0.08604404349036088,0.45260934677002473,-0.9665340789713213,-1.5922424629334724,0.16036271548105496,-0.23697592300184767,-1.735089132969096,0.6719911268516501,-0.8080125958921931,-1.930317653179396,-2.133790727155932,-0.8488732423027225,-1.4973862225374446,-0.3913899609416702,-0.4799933160568258,-0.11022291944159679,-0.34521677899254455,0.23429116541128248,-0.3921209913631688,-0.317512138597991,-0.14381149374108237,0.8773653200924105,-0.4709440362520064,-1.724880605957778,-1.0600660743864732,-0.6020639219946287,-1.9585950031870052,-1.417343355177771,-1.1432810897717336,-1.8008391505681378,0.24438526776564262,-0.18743933951933633,-0.6220071306809447,-1.4329028702275892,0.9820304797761226,-1.44223913334707,-0.5744049506430444,-1.8716498973016165,-0.3293239131416752,0.027814106468226685,-2.854656322508857,-1.768290398624305,0.38770131628780513,-1.5890220957410615,-1.6435433808942355,-1.6396412656889643,-0.5572333484914933,-0.48076838098350216,-0.8055844610386675,-2.1257849358183387,-1.7333613714247613,-0.22691449479935977,0.1396346650215885,-1.6362182340301787,-3.0316866540144174,0.5741158923217577,-1.9832181317531514,-2.838954787901169,-0.006911240543100328,-1.970570598227293,-0.17101056878288334,-0.791393907891208,-1.4384110840742117,-0.017635735936093022,-0.7034287379674156,-0.8952533618969026,-1.3024264263827166,-0.7885595014611797,-1.8140858618088713,-3.014094939647396,-0.6191699526007055,0.81917570977203,-0.9999404529360025,-1.8446476997795704,-1.181598053445776,-2.738143823302379,-1.9143875207662475,-0.3808115534916525,-3.0005507166590424,-0.41297075785933146,-1.5009219145106503,-1.2157240259821145,-0.8160574839956257,-1.0880407906809406,-0.983800828790262,-0.3619692592244893,-0.7201570221782794,-2.3880814791136302,-0.5570956633838139,-1.617787145130397,-0.7456051363720599,-1.8176203570723497,0.6574905777235507,-0.6279319731254578,-0.07495117968793219,0.4106608248617043,-0.8861106000261728,-1.0080400506937917,-1.7276580966226034,-0.9085447072683228,-0.1765475708719666,-2.2234344405643895,-0.9199104614116668,0.1626464630594049,-0.2597182284635151,-2.662972040356938,-1.2331768765635014,-0.9649954799982734,-1.3659837998503275,-1.9488004307240234,-1.6234365959346133,-3.6659885161332935,-2.0049011504903733,-1.7246428662813467,0.1864072210983383,-0.9365566149631338,-1.0666857625885058,0.9705210941315208,0.3017979754798008,0.08523329092296872,-1.1375393807503067,-3.2958268627217113,-0.9724960305012302,-1.1313072123059196,-0.11775878761316783,-0.5232546545596755,-1.175352828224447,-1.096963564145287,-1.024587637867691,-2.0214720779664033,-0.26927218725722213,-2.225507479908983,-0.5103606907465561,0.9033909831362201,0.3337215478844655,3.9926084148797747,3.304726197749611,2.3320230797226533,6.435295402288971,6.993551650489055,2.823816520365669,1.2439099648647356,4.075956223235168,8.421944941926911,5.177944458719126,3.5945059366855627,6.766453863526433,1.5967880010293176,3.4454293831959406,3.444969057655884,4.179514788241695,5.073905776764752,3.683614146050302,8.6572689807732,5.964261849372327,2.382209131964368,3.5454559279964784,4.456558645196902,6.1790832207133874,6.301892917064597,3.186154391812486,3.311913388161548,6.372924036387466,5.854341179385879,8.431885120682699,6.501972253978553,7.139167327108801,8.432189268183789,6.8661255963445615,6.377711597276464,7.485626816580062,4.327892888911696,8.54777205152859,3.768263432132475,3.3511341431159734,3.6248595276175357,5.906302938904983,3.526189656602959,5.615708063060497,5.970193349793799,4.280873271562773,6.664259638984143,4.432180882176627,4.908521376037894,4.729726276022564,7.88677980704888,5.484257217496199,3.2649498036683218,4.679080596980857,8.144522421635202,6.274803064940737,8.284598451454231,6.331166761524849,5.930953853093362,5.242550064182722,3.366768142576919,8.177401411213749,4.022405067203293,7.091023263491938,1.5635484007094576,1.2659874454770663,7.520728629693495,4.374645516478128,2.178493156200669,7.201982308639312,5.001615835021473,3.1698590948221996,5.801997309948909,5.534928617391884,4.549884143755763,1.900748334606619,6.2115790949143666,4.6471876083918655,4.9474393180274285,2.2501136040644965,3.330907071492586,2.6249206259933895,2.9626618746802755,6.9538621971711985,4.404879111431339,4.421357177001937,7.5448539888898285,7.997369122540939,6.032626809554465,5.560339132360238,3.6343595639699062,6.213385114694171,5.367940897637003,5.427432484354961,6.361881112785019,2.23346504629571,3.28286979564341,3.964284166354761,3.140476778223391,3.5569253562469334,3.974043614717782,8.034476971179451,5.411576314627395,3.937783932362387,6.602189357486505,8.741742913323181,4.7662896041380955,5.3582003696902065,4.737916056540398,5.757235233620652,3.9717209058677483,5.714792507897764,2.6633238598325986,3.3933627776065123,6.028883446224745,3.6466449316014717,4.68741829981168,4.402557989480452,5.933390167557344,5.298253791398347,7.442070080086815,6.420260403945861,3.2926105172984252,5.6769370146924425,2.452360552556539,4.578446545126656,3.530564757089201,4.878803047870682,1.9921465015775395,4.924594927449019,5.815423291864724,6.2802483682920816,8.49958520603845,4.524886069758188,5.480571674184692,5.193705743123308,3.344398265408466,2.708891309360084,6.4656311114787295,6.110028014545494,2.5805521460451,5.253082292436979,5.541034878601948,7.674762924390705,7.346666468802362,8.463927029531906,3.719125863882305,5.599523830178564,5.371341855893727,1.9750612312291813,6.440917724819429,4.848895593304064,0.17448704255268677,5.748736569967178,0.3160938121488437,5.367576931833602,8.065625567954285,3.6796438445728823,5.315170918966701,4.48105290842001,7.894251949964555,9.776697442110446,3.921461365843528,3.1603496391299495,7.030090635433345,10.44147640665842,1.732617415579651,7.821339342978714,4.824284302486009,2.305325619627644,3.224685682405015,5.9527206587786505,5.5375271880216665,4.3919432295004945,3.2893768030138526,2.194200466029227,1.8855729426914545,5.330411416072483,5.582540381207911,1.837504660371649,4.297883044497917,1.6099740914216683,2.80148004117942,5.091667194728967,3.0008254152821867,6.496150561534546,3.4263496714477535,4.535514663948344,9.101089181418088,10.166775639501687,5.62651227650613,4.505174958942509,6.463542110624352,3.798849142489604,5.043496201557482,6.5826541743982565,6.602127897610384,7.1186423722332925,6.11824516955644,6.209764918990518,4.796936038078149,6.8671551372155335,8.893683948739525,6.491413467053766,1.6421326338285556,3.0896928295257116,5.098150283806717,8.729422035297429,6.183300932090499,1.7149462793993862,8.025444555883109,1.733590321420405,4.384154075392248,6.093399183293025,4.934159999718428,4.0019169857728265,7.319991151005048,3.4334334507556754,5.872263400798326,3.0100987359305336,7.278135555181431,6.221139857237605,4.607279003119954,8.526041080965966,4.010778160964141,5.0402616971572565,4.398855866397752,2.051996075747011,6.226920320591905,6.2370095398278576,5.463608528976917,4.732567267544002,5.323739504461273,4.969635012757325,3.3345274643793004,4.409922103946928,6.80846996412706,7.964572246421153,5.836035177564753,5.586552657843385,-0.731970140128908,7.34982663407702,5.18037191775345,0.9751050394647702,3.9527843368706463,7.47348998281905,4.449537041765392,4.505159993726727,5.524767252339002,5.259967251490632,4.986829924275943,7.269109366520621,6.749296099503256,6.823202314045863,5.186333317439922,4.743851141473294,6.733510464091266,8.028397249110064,5.436330432864456,1.6848204227160957,4.339281073726911,7.413926200070924,5.778737872601996,5.031416169191151,1.9848794182524387,5.982862347935068,6.80650775603231,2.815803076801454,2.1643920369849314,3.4453386696063237,1.7795935276818602,6.9380136552710585,6.507670425206371,5.367934433991197,3.217464489014974,6.031464369760083,7.70773143524011,3.3896488520200903,3.8251851168112765,2.0015233652401445,5.4463380197359585,4.540787862705067,9.458842026923271,8.972810903008657,2.5353409945119125,5.143611173543694,8.525947044878077,2.642213298845178,1.2508611068039732,6.09142912510013,-0.5811000287012158,1.2657843056110294,6.6683717066679025,7.628976790113794,5.734254038679895,4.161333274043741,3.0610686027342027,3.0620303607825923,7.136923647372123,5.921006385766466,4.440115626154227,6.27716228663931,9.200050155736706,6.130720692073854,7.182131503987397,8.02633054911433,5.781928123000704,7.653299189499572,7.073687290067719,3.3852637424599985,3.6873810734374564,2.328172715388482,6.885578472623653,3.6469771843151224,6.604021163752131,3.767214990134331,3.9183571366707244,5.572376818830097,7.984955075803105,3.177361468439139,3.6305549326141597,4.49670283452349,3.711977010718342,3.925002260090314,2.7619142848362563,9.703522058007021,6.072822230426055,6.028575583491262,6.711585038528835,6.575017487680932,4.708392340380614,2.804926314435309,4.353572589030568,6.246983124081293,3.410442374238335,5.974608427601256,7.997059813479556,6.054431298282151,4.220252657418748,4.727536942840207,7.313536821212653,1.2693091849254134,10.04494896741868,7.242932212866531,7.149309291701817,8.020876840711225,2.6652794502319166,4.240914433561338,7.058676410168547,3.083362188709392,6.114486801978789,10.447519421777214,6.749482531252841,3.198593196545345,9.589577752888175,4.665991766707942,7.612785147421171,3.9908987077611595,4.56121283681157,3.4511506562713237,2.276940636045878,6.590809370054167,5.811762720202672,-0.5492122055911208,2.0395220949966872,7.1382655836033955,3.2599487920956713,2.8193887699106055,7.172026631596807,4.062748358799215,5.766185603383478,3.6277324684611285,1.5462338158857691,10.123751900536714,3.323683035985085,7.5131581779481,3.1870989907061826,4.273330799700054,8.739667880145848,2.4960821268462983,3.044880083461752,5.669480944415475,4.197716212013882,5.959624710570291,4.656337935898472,6.784983836731074,3.0441837361025,3.1646395147674795,7.718680324943216,5.108807060838349,1.6944091393711216,5.456185232404576,5.203274827868007,2.26728317057331,2.937960160783004,3.115687788242014,5.358009632847136,5.139030912076655,4.632573399514839,4.795957711047186,2.739188031659091,4.690753772775604,4.464700816900764,2.4572989099843174,6.071495359190689,4.966431253186693,7.30995168356887,7.583652985166341,3.8512092539808993,2.3653495546129455,4.9470353875563005,5.315486591366583,6.204465894677135,3.7079518099686726
69,-0.074451742894181,0.5921165705946241,-1.0462981226922219,-1.209777130758734,-1.8102710820465377,-2.22207392391073,-1.2198369908327262,-1.5358284917594902,-1.3866704959580662,-2.093962436455139,-2.0312447343387383,-1.3713601191999583,-1.0726159831537254,-2.067866184016312,-1.7051857109276056,-1.7275604816128094,-1.9096660742172729,-0.2791670853561419,-0.8658175253775476,-0.4392503628110115,-0.15140309131500684,-1.1820882077695911,-0.29086613337502143,-1.5960283109676676,-1.1949559016411853,-1.1712813247764475,-0.29545359399077864,-2.238669520196874,0.3561224764179871,-0.33858728887317513,-0.702444102558231,-1.5348860995681743,-0.170657347259917,-0.8800554542365702,-2.465723636884016,-1.3778397303656207,-2.612817931497408,0.04531729327006406,0.7102753862607984,-1.84506892002199,-1.25152054275791,-1.3661944620270168,-2.097474472433497,-1.9922922371131748,0.33321280583295687,-0.9123732628793583,-1.8371075680550442,1.5569502208346018,-0.30708002672356693,-0.7577200011646203,-1.0513583821944188,-0.33757252882802335,-3.5375430193363355,-1.2667517327906945,-1.0413779659814713,-0.3017014992611373,-0.5628589361771318,0.008849199108435402,-0.053918423503159785,-1.122518454758115,-1.6840442876847108,-1.0012088547968785,-1.6368579422134508,-2.3394893869833675,-1.5505899066485704,-1.0692066135592264,-0.3515165437252836,-0.169123797341577,-1.5121840923603167,-1.336940986220673,-1.200454326278679,-0.8463681105140711,-1.1746023478494725,-2.055469406220497,-0.8405427412019731,-1.4152825311788115,-1.4485883255249825,-2.4022065870603058,-1.215379262083209,-0.9540344092317244,1.613618226875917,0.530670412361856,1.112835836102593,-2.2012130352917394,-0.4550892088534374,-0.47666580161844696,-0.58370988603255,1.1301755264622613,-2.3074013520748236,-1.119176259124414,-1.2198301452086349,-0.9869244071143211,-2.4591750885672,-1.2000758094155561,-1.4796679396789454,-1.2075085173988456,0.6540568030659166,0.585245501981406,-1.1181078918468934,0.035223970697578766,-0.938028233373667,-1.7735991110169134,-0.9785196825423972,-2.0139301726028833,-0.8943381509161896,0.4492411020265601,-3.697707639745132,-2.176241260910362,-2.166727371464635,-1.7163840787921314,-2.1407020595656787,-0.4619030858457026,-0.8803537794144849,-1.8571020070596753,-0.6305588482009932,-0.1895819002480853,1.4069796334993816,-2.1890550239253477,-0.24252369469532098,1.9367340506861264,1.00735611789427,-0.019419530080212244,-0.5599114141261929,-1.6884885246183368,-0.13420256910252415,-0.986385584814503,-0.9566029003633295,-0.5196070576697949,-0.9774076977255929,0.11611233865798498,-1.1035417602012194,0.25194099289325256,-0.04654896863643554,-2.133067071487207,-0.06201771549410651,-1.4227855108405363,-0.8327590016740668,0.7247115350387352,0.05759022325180552,-0.2235390001665024,-2.2768941217527683,-1.3032843280761106,0.2803720404400878,-1.8261689148043276,-0.9188451596930188,-3.225524146231773,-1.0992466941943522,-1.188772176178618,-0.399278190952854,-0.8183091879689663,-0.30137046568144343,-3.02701074110023,-1.7657717851707375,-1.2561782830248247,-0.21921370938693185,-0.8963568661689291,-1.926323537069846,-2.5541973800221323,-0.5879012949322142,0.2728262009625937,-0.9624650112797657,-1.2503038312995516,-2.4973898413636335,-1.737886115554206,-1.1484624668316814,-0.10987995031383879,-0.46845432129659914,-1.6125232719763511,0.5995177208299609,-0.24159033135378183,-1.3763808837199423,-0.994097865553184,-1.598551652618157,-1.2355931278256869,1.1529649202689853,-2.5112206761455926,-0.9205250435506733,1.6194636916502176,0.6433041283452527,-0.9606164911560602,-0.9070324113492704,-1.251158229744287,-0.4958730944229165,-1.3304428831627653,-1.020154959121398,-1.0067047621080605,-1.515442635426492,-1.4814833318642933,-1.4643270626843523,1.1224827679786658,-1.4309203628158027,-0.3837396990107146,0.13921834031612246,-1.5753361763047296,-0.6362099369371843,-0.7516493886452114,-1.5365979405953323,-1.167080805218794,-1.0950430216347011,-0.09027316151088594,-0.26079628066118055,-0.7767608262253063,-0.4503391047384383,-0.2300192437972427,0.2600297407788481,-0.964354323289744,-2.299061820142182,-1.8911597580543729,-0.24910169583847674,-1.75909789128103,-0.3502523015256307,-0.41274433897652174,-0.9422845107734359,0.3686851041584085,-1.955051423714099,-1.0544669452178046,0.23196365158231624,-0.830791712260621,-0.856527075586155,-2.468352409049495,-1.1092356897033113,-0.4158192046196202,0.7136175818438211,-0.8242779624125862,1.572003462923858,-0.31035712317759157,-0.047071800399610564,-0.6757630316199723,-1.544144163463298,0.29385765022742816,-1.9220490269169848,-0.40004353005787463,0.27673403115967243,0.024934529437588893,-1.6599166638362202,-0.012214966622357215,-2.1412453610445796,-1.1862641761444273,-2.6643002360149737,-1.7822838948595359,-0.4469916465342212,-0.6196463221320754,-1.7202281649579412,-1.986286306803877,1.307576837863604,6.570540843818698,5.1588392956475335,5.423401486254562,5.73304756025783,5.228156155028576,6.81732479673462,4.169014115277558,4.998863171298092,5.880040192362339,3.599078625439942,4.2614813590817535,3.827678103678234,6.45754622937112,7.87957781242428,2.3609706130059482,4.961937227609751,5.321359880540264,4.037513964062332,5.090106414867535,8.357222466242238,1.1693751983046492,6.946886512148819,2.489000205820755,6.063606347585053,6.409951781192483,5.704981327600503,6.2712770351399145,3.506813886825464,6.849314781929208,5.695446291016149,3.112271433530095,7.944380391967502,1.753399732219247,4.6908408286015995,5.8812319983698,4.599054323456203,7.091421334044259,4.650119878063439,4.133521802384369,2.5741160147094955,8.403104687612448,4.587044015877698,3.5633650843700932,4.950271241093915,3.2343242160599046,2.366170021138737,4.26098681259197,3.2516778488119904,5.196929028350344,5.887662156264307,1.7135124449561103,1.3097390403470786,4.849277162153504,4.627977954870966,7.0375052230198545,2.2528227330030606,3.1691042784676937,2.454330262101321,3.1266976214096394,5.739022809607945,0.5747422208873934,3.824637813869903,5.45023665786339,8.276090424497008,4.171535067860482,2.6658255819423764,2.6174675470673607,2.0259153673377748,5.147806030691326,3.98953298879694,4.782595019988325,5.093680466181148,7.3416551910121655,5.536947574705958,6.330265405647079,4.826318888528275,3.9308617511317845,3.6819364476961507,3.2929336092789243,8.361741378813523,4.0401974821533715,1.5633364458699122,3.744925619661095,7.560236198948074,4.690312841767279,7.101063371049861,5.21083635084141,3.286834457560047,6.688781763680789,5.193063613225806,5.989708994455997,0.13063801096164696,5.433269955984507,4.077190878662332,7.135152973847999,8.525902935746515,4.05131307457081,6.25921593493248,2.237413491048771,2.070445699183759,5.853109231089978,4.557055450335387,7.264054126387265,2.7564345248509405,3.152568168623189,8.206133533316653,3.5248469905528625,3.908333905169055,5.583295472302022,4.629736254321571,6.29486593777966,7.945720583054741,3.38260303174727,0.9750960498778793,6.456034576387999,4.03265522899326,4.194395687031774,1.6259990136338094,5.328815757516298,2.963207574761373,5.916858234844321,8.27484351639053,2.5839975484558675,5.897805236595872,6.696746215927606,3.2879056807769182,5.6987396514170845,5.55874635510748,7.465455464822423,5.2544915471708835,3.2341973937508635,4.25411497005653,6.043273446093092,5.19083048321105,5.1693433287979484,7.2369177397955085,7.807873870553717,4.356079230162186,3.4184294170607386,3.7786653112958453,2.9829797559395406,6.022820866345059,4.238744888451348,3.2392941045531813,5.902755377984055,1.1084837458100822,0.2687039912206979,5.501124410624203,3.789578805361847,5.177014392656033,6.219911102736785,3.0833740987424174,6.112458611696433,8.528209930924017,6.062981927382096,7.760938253072078,2.679184768411574,7.288281894909037,6.150267937773954,4.06483251717894,5.07875933996398,3.730243945297186,5.237344615496646,4.756968926333662,4.801374121171502,3.6167058764778925,4.132879239879321,7.417254594299603,4.152862018221008,3.458183914943209,5.775602067232436,4.839142934080069,1.2152115609704506,1.222923083443495,1.292480595685853,6.966531209770915,4.865234337950188,4.245583182100995,7.578810573661425,5.667535884528473,6.6087576991553885,6.001488435507251,4.877386137226332,7.301626373191241,6.365485300359881,0.7797385400683572,6.4059045719441094,4.9627485920673315,1.8704491870131883,7.611466650649707,2.817491741320167,2.8591197999675226,5.410254868535455,4.613489270552508,6.965629633849036,6.1090606051126635,1.9054864549262107,5.510540990923483,4.2540964495281655,3.2244866254650004,5.635490113489242,4.529143792274606,5.350583092567056,3.8755762701771257,3.8025091098397628,7.191992686839365,4.439266895144539,4.126816905385702,7.1289189836017055,5.586030295825181,2.1232667551877027,5.886904796326506,5.408196327031686,4.572517405172785,6.068589026098621,4.891812092768849,4.573797928747502,8.609626506181016,3.6982939166258966,5.4389067317278394,5.3005566804283255,9.447678092864436,5.168328377696138,4.956835822366929,4.633888954106665,2.1450667235613086,3.427305810260445,3.617136517046231,8.045767615424532,5.520440890879167,5.818661415025072,3.0334642558335014,0.48764646824435065,5.921909777320559,6.748224671631132,4.9055222589194285,2.2781556868212185,6.608495233178543,9.549081769966342,6.698497768763661,6.709812423639665,2.2432203417726826,6.214440575489624,4.091737822657352,6.7572631201447075,1.088485221226971,2.7432754229919696,5.5860517340425115,8.048231331284308,7.333698393033018,2.2377533994001864,7.997364338310433,6.816798083302277,1.8543027549180429,3.284007659522317,4.977681989439042,7.250642360946184,7.320606150463129,2.5970992640979618,4.920628858214254,2.3273375033105688,4.353172770921046,7.761082956496978,8.301621149558297,5.974518767965382,5.51467723542716,3.251077063886574,2.6107883556020757,2.6970141323491097,5.48591460291482,2.994866426474949,4.207499769991617,2.1937758665021083,5.91936446368617,5.6751897201871,5.148448195124399,5.803383327027148,4.61032223702491,6.243743641882308,2.49629208036562,7.77038950436682,5.275777690076161,5.1133930638793,9.074046760937044,5.442250312363972,1.5389253889029875,11.637451336223634,3.5327485739623006,5.01538237413182,8.943136901139642,4.094820518964467,8.206990907867997,6.76712795520729,7.062767288243946,4.710012128513153,8.46947366276557,5.463865780106768,7.201921638517176,3.1557069158126514,7.917582824881345,5.947494388108133,4.148731255361081,2.1074468536179514,7.25440333918014,6.290564841015346,7.303049992325112,5.2965285895716985,3.8227406332906835,7.256883093250515,5.3546608273606715,1.3105479609400477,5.617862908162918,3.7438512829148856,6.482298081011304,3.601674980230702,4.731133845421064,3.654235237845369,4.309296247024164,3.4366298013019034,3.5747487670149214,8.632903097392568,6.933748352351915,5.304645269524232,6.339399222592695,3.6293328704836405,3.751798699930154,4.508221943210199,5.396200136041978,7.07894937405352,4.627558056840464,5.31208666008687,3.4598797895537317,6.4630619508678695,5.574960623343806,1.9933809624912526,5.1313151144204845,6.049294053021376,6.326592501463928,5.254500440311895,8.915377802651566,7.900535769364637,6.505798217958483,5.5957827579071004,6.054913195039572,3.440349977180369,4.906319553055104,5.483846896094166,5.652406327589496,2.8058500712055254,4.751392570765608,0.8171155951241271,4.765365896633664,4.417394814942365,5.255405419180475,3.756783393978654,4.214123798989453,4.816055857582524,5.55350199775736,8.082321234360666,2.843711625879907,7.963419697683439,5.282087432504041,9.475824136281544,4.105129367848592,5.324130845172599,3.6124374911419506,5.663658169851761,5.851077897144799,1.1546565086837282,4.900235317167514,7.338612522470598,3.040087645992655,4.102515885285117,5.7772385498916865,7.816034755542372,8.925807597663937,2.2507916331728763,4.798335188917251,7.072701902248564,6.890070611309991,4.818242583600924,3.1401085312224053,7.409185345077877,5.983649192687286,4.840825258648102,4.713758745919678,3.136918007860415,6.974262837727234,8.00786061998103,3.1925652930597455,9.186811755429432,0.6514838025507643,4.897524967446925,2.9645027026410156,3.8799925467917173,5.115701325343392,3.110022803582096,5.984508443539923,2.8935742662121116,2.201904679621515,3.3964723439252102,6.039556562499166,8.712054105338918,6.116105216118926,2.574004757690309,5.749655922066652,5.648371035522252,4.979562574355873,5.337898570701503,5.303645892293648,4.1096656624338195,7.340057866841837,4.000958086501615,5.282704378506008,2.387390073347923,4.447397546950814,6.2381346967847415,7.126605937891634,5.894110492637322,4.723024158825026,4.092359406084938,6.0415541327028315,-0.4400184693834941,3.5136071997506324,4.390501832019645,5.095886439396237,-0.4888047698427487,4.470790873668625,5.966127534696305,6.22530483135642,3.5657912933106894,8.657695813786713,5.779439022665345,4.5273258708755115,4.987363451564819,6.042013486806176,4.625359750530745,5.669668285378433,4.694811544180623,7.100602680443333,8.757120798825918,3.715266448499476,6.897994132222933,7.216314113142511,5.76152322805097,6.104590846983884,4.734496493488328,5.960756037273081,5.298770911684766,3.6532237421466736,3.420520321402093,5.492670135022112,7.480883033601508,4.230521013993563,2.6409487934007414,3.8669696687645034,4.31570955586439,5.69902750961937,3.115035623203169,5.7687462291377924,4.734855758696756,8.11502315031865,3.9392428261198384,1.8374306826226876,5.687861890060796,5.195928586223138,3.732691738238703,1.7832972386582933,7.553677802063399,6.775025417026676,6.794980740428814,-0.13255452997951078,4.706382035942269,4.6042903225261504,3.8182226457752058
70,-1.665854594531547,-2.0388929768535906,-1.1218067230895947,-1.1622692026093633,-0.960713797652208,-0.021524376348302954,-1.912632438562881,0.010491738821197805,-0.008827398307894696,-1.0922048542413374,-2.157511372265107,-1.141050884388693,-0.8149582283836365,-1.7049383485461647,-0.4473204916820924,-0.12860373771030364,0.2758225741308984,-0.21845837090256937,-1.8435488178882267,-0.9009108979547392,-0.5325977839249442,-2.3529559097756687,-0.06180944847413783,-2.4208996835161702,1.214070006333837,-2.0530008428993374,-1.230330749104263,-0.5704209817472456,-2.089932720476572,-0.07628141741580907,-0.31060983719674706,0.05073457566622719,-1.1391757432398177,-1.221387565004679,-1.6221328151975838,-0.5129491322223962,-0.11424338930928812,-0.9963941328875975,-2.020032761865293,-0.7949190652021494,-2.4713676266167126,0.15089703943861021,-0.7979058953169952,-2.233008285092403,-0.6474503790603521,-3.135730844972855,-2.2035772444076995,0.11337630920874875,-1.4877686099162477,-0.564779913121997,-2.9891365665926846,-0.7839180248965745,0.29068983288884165,-1.9699867503290527,-1.0745187449923361,-2.782394652207821,-1.111438996919075,-0.09673722118327299,-1.844235676435973,-0.6510467042417967,-1.7157251064502805,0.5215820180603963,-0.698288770457106,-0.003030345924241229,-0.13153869084274794,-0.4812608520378301,-1.6163759077399957,-0.495717904373255,-1.1990254527379973,-1.6072858065982283,-1.4124544139589386,-2.225024261594127,-0.16433733164482411,-1.887248971044695,0.2931344724789491,-0.8940116237076199,-1.4361464157369954,-0.12440883522774793,0.3203623572441323,-1.5766673927019768,-1.6911173730725855,-1.3189616071702153,-0.0433568505021964,0.30045689128863007,-0.37572008942092083,-2.8287632502792848,-1.947273589210101,-0.9767838310898153,0.8542309691225882,-0.6247709590705011,-0.9076472321203112,-2.4502071900313744,-0.8266048449743626,-1.0513354302387874,-0.36821460788342075,-1.230508132323086,-2.1963831424506646,-0.40981325669179447,-1.4782055733813726,-0.2767989164230936,-0.8114013397708137,-0.06325260234573804,-0.577198461859342,1.5415591888692548,-1.635408013704805,-2.0430441649241597,1.0668117818943332,0.1342724169860945,-2.1189795346968294,-1.3778855215560781,-1.8510592484899901,-0.8532429306463355,-1.0138926751566864,-0.24034478739577791,0.2931347067664516,0.16396159988656644,-1.6784923016494282,-0.7513195687842567,-0.143942075763841,-2.3936300987359846,-0.51392824400969,-0.26801609908146273,-0.7897623088804442,0.4842859898504399,-0.4614914920679154,-0.49117580196601685,-0.27985474319018944,-1.467762518039837,0.6256950882416958,-0.5735680894213637,-1.0172384208348468,-2.007219538399729,-1.2202185034973674,-1.6941344201676787,0.15847534487847925,-0.6158747151262068,-0.5696747179792381,-1.9895872014088083,-0.30414227062215715,-2.992815035728215,-0.7201481163089061,-0.22853613049698718,-0.9202843464292539,-0.3127775489520148,0.42795441087252417,0.34763967427850706,0.727789986292769,-1.0047653859412329,-1.9944572298731975,-1.5860737682838502,-0.9324038817178231,-2.32518465440718,-1.6507554588325932,-1.0938575531896468,-1.6062071358629006,-2.74303219838001,-1.8175001571139775,0.8951752587836164,-3.989727084406131,-1.0935526757081315,0.4205549426708375,-0.37278396340049225,-0.7279688564499383,-0.777337287463527,-0.6620981151297125,-2.03806735568208,0.03364572525705389,-2.086010596341252,-1.9669257968336606,-1.232383744028536,-0.9519732476763503,0.127241537520971,-3.4123551429828773,-2.9437444455139357,-0.37671756375471166,-1.817685950516906,-1.6598411861770286,-3.2081665061394498,-1.9373762317684868,-1.8641923070197577,-1.2409574091315216,0.4004991772985831,-0.2685635358928158,-1.0375615893862096,-1.592442927310102,0.550982852844907,-1.782457767914737,-1.6798511698887695,-3.046903843078706,-0.848854834377422,-1.6715502696608273,-0.7643360296216308,-1.6012621076796516,-0.5542897967404086,-0.3964204935988255,-2.0810061264273583,-2.016880627549429,-0.7696859207710768,-0.7568276948519999,-1.1877722197969798,-0.4020649645019392,-1.6711273100227941,-1.8266511556034704,-1.1963594060864509,-2.56420598559847,-1.1290231284925234,-0.6080160169723834,0.9384412264965838,-2.30142916958568,-1.2859527425057742,-1.3967229515709336,0.32647934906799914,-1.1636867350575253,-1.9398420184634486,-2.157207690537227,-2.0118400314274636,-0.22223154841148995,-0.8631546199998924,-1.419427513513548,-2.691624268392597,-1.307095385393244,-0.9467101150292685,-1.0045985163416387,-2.069337192541079,0.7295630644503119,-0.16742003635565417,-2.349494640629972,-0.35800680161010945,0.23699350107267225,-1.5664521989222235,-0.735075907679889,-1.759860305851824,0.5237028648851279,1.5141216656028003,-1.8338755736817953,-0.6440766883670865,0.3851287043953464,0.23794661319029475,-0.9264386629336125,-1.274930790956785,-1.564280567206679,-1.2593405745828121,-2.108357069311511,-0.48418928867125677,-1.6183428285772852,-0.9546560895506534,-1.3078202372101153,-0.25532704423233166,-2.4511799910057537,-0.22046222424330086,-1.516999926384007,-1.9795063292315764,-1.7629558993706382,-2.7644911411163937,-0.43813527509674555,-1.1461050316746042,-1.0323194946311538,0.5218136401325097,-0.8764322518957488,-1.4370338029104377,-3.454869212749656,-2.270199146817749,-0.6805902310157338,-0.3482183893737727,0.6790452959168929,-0.06629433232443904,-0.8242199736904062,-2.348224694979046,-0.4485695029343938,-1.4575664794295309,-0.2264560573446296,-1.249662658842238,0.07184324936732467,-1.461042150712315,-1.807885416976554,-1.8763218681529752,-0.7490339542638724,-1.9554441372843563,-0.28033677669913837,-0.0230571707044106,-1.2172328300979909,-1.4116330085744666,-0.2514180753763289,-1.5279631142821768,0.2882128496189067,-0.8844550700117234,-0.9649756615037792,-1.3023515687470484,0.20626307058098425,0.23608008474726705,-0.17588805883386416,-1.4973028447927716,-1.6853624436166381,-1.811939702671904,-3.3050428341638773,-0.6338354067255676,0.7964741739608807,-2.823168912204375,1.0362542915840165,-2.099395922000043,0.12897520966196208,-0.20418869109458937,0.5031152638597189,-0.6761927891659396,-0.4798721635444654,-0.8499133683890279,0.4548090913816325,0.5203798469040362,0.27560947626492416,-2.5406383589706865,8.010109923234221,6.8445953496029155,3.6910084632348603,1.9735707798231483,6.756548180833314,4.748935614186275,7.669273662886692,7.882644466177858,5.036828598565002,5.160833870446324,9.03120759023494,3.10370388706626,6.595027485727535,3.501195442542313,6.194587799546362,4.658946244700006,4.510815203870867,2.076987925848207,4.717794163164668,6.539107055529417,8.519582036606266,5.575584721393626,2.4839056793808454,3.390375838480803,5.769421584279664,4.794628064462675,5.996481491059951,2.201561417573583,4.0450285869694005,2.1651976212813033,4.568072860349278,1.3029712459331546,4.325354659814526,6.873786739881638,5.340445434884283,5.218211157512453,4.215978596039,8.09349601777789,3.9899183050859524,5.1303715306144175,5.594789918764738,4.423083792605495,6.899862351912194,8.150519422513089,6.522058961947627,2.4849951779434853,3.7679534400214405,8.457490059437518,3.563025328549633,4.438549446451663,7.104893949672241,4.782233086805621,6.9331252608406935,7.234447590797119,7.019298533205676,2.3965887932616816,4.4073300715091275,2.3502153073619,4.2851435777190865,2.9360795854740407,7.571079002908261,4.153460394987216,4.84447392682915,5.298497883701004,4.314519028478203,5.828936704662858,4.998186737201571,5.68329623874437,9.493099739820714,3.8715483009028313,2.981695674714287,0.9869393251360794,5.384361111884771,3.7321314197075224,4.156186731302508,2.32640843042057,4.6726632122060305,2.066482111841656,6.013059677002202,5.953697619948383,8.213820955262522,2.389122032257441,6.722638728991881,8.547711478821261,5.670349762256513,3.0673482902811617,9.336285734622418,3.007882263390449,0.6484626851796467,9.500756067144472,6.2395844135497525,9.754305971129021,4.848099395637696,4.6008164186668115,6.701689092172806,2.918872362614188,3.417991030332817,0.8227569458502,10.274696504129963,7.32691485047712,1.338838453929999,3.0728935485701943,3.5633298724776497,5.925999768337732,5.826483239731054,6.347472900987054,4.001754049358818,4.878294387664563,4.0264628565634375,5.132249129139324,5.104031455902435,5.775600874630561,3.448825211069389,6.254584675755595,5.796170427235894,5.764367327390679,1.8014485948018657,3.6349628898255277,1.2210619474767528,1.6334862211310823,4.4735462918170485,5.915477156156693,0.8651648947196158,3.0710869452480587,4.318543025392204,4.595467312427965,5.00853505542216,8.26016786038184,4.972712858381061,5.108730294799541,9.637045035021506,5.897940441199485,4.3343047670039025,8.480391284243076,5.260286976094326,0.7768794540941268,6.076983975100042,3.748527081981657,8.844874265466029,4.532144967017741,4.490558988950934,8.618344631164188,6.169182425386272,5.65837516387563,8.734982561768652,4.180305801662321,6.683022871452218,6.669002062357737,6.3849096806002095,2.619816755563789,5.4116613616992915,4.983276885503892,8.193397030299401,7.362807203270494,5.082056452556729,3.9080650029962283,3.977639035513622,5.022159479848223,5.032142121843771,2.8637641332577757,6.789060649045295,8.785262047587924,5.443747334353325,4.058776127520832,-1.0308344215995788,3.9459947987991546,7.7059201899897385,2.9686122781574484,2.7079182908747423,5.277450602158752,7.820712622640979,4.1619556824507,5.50782645318716,4.70624654630085,5.70124677459642,5.6208540793652295,6.952260662255188,4.930636055591238,0.37340352211762085,1.828801638391289,7.6374209817652945,5.9019994348170925,5.576349645141957,5.190467922054376,4.313762627824265,7.49236529350312,7.831881632873824,2.941185200881835,3.3024745076525646,3.262366585284143,1.0640853113583688,2.38810133060359,3.3554617289580495,5.473014307809894,4.4571381523632105,8.123251207386676,4.749452883750808,7.8023756787193115,1.9516289193285186,2.3998276741513793,2.899899411054775,3.198699718090564,6.33421508155384,3.8935052722225945,4.389669142923284,4.790237719722504,3.937690474202779,3.039064946962711,3.885139261088897,6.251015069768271,3.314930491695325,1.7655238350768063,2.947656905668271,5.257031447420831,6.633336318096744,6.787135925783009,4.45201581715666,1.0599616494861843,6.560410568362341,6.708687909917281,6.816349277218246,4.275802106170609,6.807533337686171,5.437105670514043,7.4472762423005054,4.255565377098693,8.416695704413833,7.03684570840422,8.094641021123262,3.091522614583691,4.238226675957575,5.017758164367933,4.503454893243855,5.300672443217204,4.0567121784087545,9.084507158732201,6.660571500720424,4.427947130347388,0.5139132068065955,4.055733460350076,5.533359735625538,5.824734971230225,6.026774839123266,8.077720072258515,2.3307777336335804,4.705478355117153,-0.004350818260411948,4.043422429470005,6.004108552206512,6.550272061373961,6.467848834547771,6.094641885757494,1.623370619706169,3.603953306827707,5.518856433859295,5.872533635056103,5.954006934842763,4.091735495325212,7.864496376510753,4.759532574135249,5.47942822107207,5.860970969216188,3.570302387363477,3.2549123575253014,5.495055677072598,7.240742519279965,5.932457485155911,5.080123387945835,5.226458809348486,5.2765282665764035,5.109555919484585,1.1896201680585023,7.345934576946559,5.6928041776563125,5.861505115287514,4.9159568987221425,3.8256197340231024,4.45491314094771,6.647341919437871,8.752968023734498,7.024750025159147,5.361807589917299,5.610474919181084,6.355101315093398,6.808179220826358,5.748695490508516,7.953345368141241,1.9174833399668159,4.009144213150182,3.5095821784597767,7.349375520863142,4.791473446685698,5.086439152543441,9.87382047855422,4.022314554814844,6.265215472027075,4.332974496625483,1.59540558670898,4.142982952222306,5.885661942009547,1.5368979157607967,7.257722729075685,5.083775602136759,7.538058179893843,7.239559035989469,3.8992052122260423,4.24555176172748,4.136923941773395,6.72408879072978,2.7392699186240606,5.058400818453005,7.463983287185785,5.159686845499413,7.199920815447042,3.7710330671143697,-0.19325332136675666,6.0162461158728755,4.962205580425836,6.666934231417578,2.451469131299094,5.8835583520210495,8.241041311981473,2.8583471778068614,4.1139073319892505,4.34951939508717,3.191922007339402,4.597209074978977,5.896446422614558,6.3421026030706145,4.260757314065357,6.707762619854658,2.695915960785456,4.149705826216216,3.539327720465392,3.967203719565317,6.437902401997181,0.8108059062438926,6.30788350028355,3.39061085961345,9.613216137964228,4.399676743365937,7.0499646092123625,6.652908233363271,5.91173195668958,4.911644533320375,3.5376308922420256,4.887126825970978,6.489279753515307,6.792224882179879,2.378129940683263,0.6633827333054434,4.989612567397346,11.927713636361403,0.5841530286904524,4.890543809803473,6.151390731233569,6.869303589144922,3.987312983217662,6.749573137455014,5.809449343118955,-0.08784039607203198,2.925644837129288,5.198113961111034,4.751475363180971,6.415911603637888,7.603486247707208,3.3086515934281073,5.187092372773503,8.345274737269541,5.700357145966799,3.2495497399369038,2.8497339499245595,3.2246154092649224,4.302616110316921,5.102290803393478,5.0983189488565985,5.403115386112473,3.590614838452686,3.863618142884129,2.444117038114723,3.629529548275854,3.412133489946678,7.203409694974054,6.314962746612859,6.557771583879796,2.511307178018644,3.396508845393859,3.2957327894847808,2.1105989303689086,5.506524164383127,6.665965098903288,5.0893468080039055,3.790645957386656,4.961480295158136,4.47519266994652,4.548734634250563,6.754655866946836,1.0585703176323897,4.46463740349427,6.955408806612715,8.057451247932002,5.395582850428617,8.6623269992307,5.772519783571699,2.012287274811485,8.565373311114472,4.258764845561171,2.4984259938161975,6.134674780264121,4.670241814254251
71,-2.3171804918560843,-1.2729652290955247,1.546374636360337,-1.1052303623006086,-1.6435316786193757,-2.1631900273011677,0.015993022785002475,-1.0323896765286138,-2.1321794820364683,-0.30343757370953284,-2.8818897189417223,-1.3983828203881443,-1.593217597259935,1.1139236035240052,-2.9629397658713033,-1.6417511002922875,-1.9618585178260735,-1.0021992864584421,-1.5097240758338177,-1.1887497627871328,-2.5858329113046206,-2.364111288707383,-3.1549034133446763,-2.3267713183158656,-1.0855093992403189,-0.42055156829611773,-1.8324831854687247,-2.8489282881624294,-0.27799311900807966,-1.0873613704164526,-0.41008927711983656,-1.012995480566166,0.038786121237827764,-0.05202187199003305,-1.2766765544071759,-0.28366901806479905,-1.6157813042529248,-2.7358419562442746,-0.17927603330863706,-2.2464059131104106,-0.8381000203645601,-0.1453544380637095,-1.9879351097577596,-2.480165032682521,-1.1818515225618031,0.946544777066137,-1.5998752299616932,-2.0459807643067425,-1.5904225624366557,0.5249278690471388,-0.5241371741626875,-2.309400163784206,0.44369633972900546,-0.2913695404322133,-1.9142253275705166,-2.215981485834333,-0.866300511204378,-0.49348401579776535,-1.2329925975949108,-0.09740031841371799,-2.436849689270184,-0.5140481879249614,-2.149270450298328,-1.7309951288226468,0.5445150574274393,-0.8081862107457461,-0.8998543302586314,-1.0730392284036332,-2.510498259639417,-1.501940518100052,-1.6215827309759354,-2.141757673521661,-0.6888971779694999,-0.18460428801014628,0.20517748332612373,-1.6494546229318483,-0.8833067110157405,0.09688606748569506,0.3750425683179224,0.9707116685731747,-1.117807978747361,0.24370841852416425,-1.522350972663041,-1.362412468072393,-2.0365734500881842,-0.21337707205448042,0.7053599400228987,-0.6943455088559405,-1.3274943653027493,-2.097922672483044,1.0108377007221887,-0.1380210074157866,-2.31952339680816,-0.032855013018419865,-0.5446736858036767,-1.2720893849561832,-1.5211052183913243,0.31104856681081783,0.10583386040344256,-2.1521879539847935,-2.172513063330232,-1.164299466870378,1.1686565648091514,-0.5718787813743542,-0.9925572041189162,-0.4824633341972008,-1.8080836999832999,-0.6029262110787184,-1.1824450308931929,0.43489206885872345,-1.0278059734982898,-0.5278792299936017,-2.7916886993205092,-1.8808571996137315,-1.7937393155473245,-2.6555288683570955,1.3737002024608937,-0.8985027812615073,-1.367989798582672,-0.4850743479743762,-1.023586732552492,0.2648496625503105,-0.8496739878854818,-1.2058503364225808,1.628540470781258,-1.9643419340885255,-0.30835625077521456,-0.4472190767276696,-0.13397979478296662,-0.4581216731976272,-1.170860707331871,-2.8212801323485195,-1.4590566435617018,-0.866201075125422,-0.4452960842232623,-2.239780643128576,-0.6023502284463031,-1.8776657074053147,-2.464469795656461,1.296632056192872,-0.6907608344742995,-0.6053010267975347,-1.178492575703965,-0.44389741465936383,-1.7218974123836142,-1.8995537640503,-1.1267063569607345,-1.865756574424429,-2.3283369114162,-1.6896417541445725,-0.2483781351404868,-1.3622974981278944,-2.4464723587652526,0.8424116857837449,-2.159963484807337,-1.1224326221512673,-2.088285125919795,-1.2236370898926985,-1.7857065587762588,0.24555230304512543,-0.6284797090840077,-1.5600621962255052,-0.7682696501279473,-1.490378247099198,-1.6015283403990284,-0.3380924197971923,-1.6319104763939842,-1.1294900930874736,-1.8522023403859391,-2.513530555695958,-0.3700086873640217,-0.5517193765261901,0.3250722291789916,-1.9907408981143164,0.8798957431420309,-1.3833514764091057,-1.7275582290179283,-1.243559245474093,-0.46809328011144036,-2.2329836632622877,-0.15738317521022038,-1.7881266087828211,-2.538293227816118,0.595907462158477,-0.5848565496332936,-0.022141333005403885,-0.9849753644446455,-0.22334121983047528,-1.3450553855563014,-2.300168193021136,0.12395601170156545,-1.1847497515074412,1.2496567667032998,-3.1332032319224496,-2.7001326698039128,-0.295107126990628,-1.610003828368069,-2.0864902668949106,-1.0732513168885511,-0.1648974573309121,-0.04628964722281936,0.05010271487583262,-2.2353311440680503,-1.4623196506558143,0.03341951639468732,-1.5230977019909626,-0.9258020671512044,-1.586512306889093,-0.643039403745574,-1.8014107285755836,-2.0045864781551352,-2.060127236169879,-1.127479716971499,-1.6230578638741546,-1.2056522795577826,-1.0067968504380231,0.25594273983761906,-0.5723692086586626,-1.1983280324132044,-2.0293620062398654,-0.8974980031603074,-1.9953547671359397,-1.3679279321116569,4.894868754186844,4.503144922314667,5.959107348647508,4.485865104209003,1.6345125536217995,2.181268680983855,2.6949407091522577,-0.07218801523325524,7.699003571273452,8.40987968035618,5.86007751927619,5.9501646185876576,3.922897382572478,7.212235375766811,4.974127982234919,8.188414713638046,6.187181248522301,4.9435597064653765,4.2821548084549645,5.7059881817427955,6.453673651361012,4.66333711951546,4.556832431820316,5.105893507734395,7.568138199450961,5.901408579655039,8.637366213627276,7.11557270031274,6.365313142540099,4.150355373682148,6.359619571520317,-0.6772350482116574,1.586580776390902,4.337297792312519,1.885247045776436,3.6252305738610104,5.717894418281449,7.459523649087011,4.482816698642182,8.569399585010165,5.409966879006723,3.95988188034574,5.227887498492785,2.577466084427534,6.7951739036038985,5.8214546755974235,6.110315422197513,5.143226207379312,6.430367687706224,6.299730477545656,4.478681710876466,5.481100974469598,6.879724004667447,6.338443512211437,4.715762313056655,4.529912826564326,6.673436355513129,5.571909186710932,5.597354306252287,4.6916985973470675,1.9064111627460876,4.410041698472803,6.136830923211218,3.6095774693138765,5.731443069828734,2.2154105808777884,2.6122195693020287,7.8114779854758165,2.8965220783118597,6.306844992472049,3.3849909591621534,5.783735368399288,8.447962372647837,5.348388275371134,5.422385514055559,4.881264345531478,6.0877700347065575,6.062303924547193,3.8254228373620855,5.96841708825848,7.282235070437881,7.0880218486413025,5.4795382361985805,5.466470353807345,6.63415340338372,7.727719745579154,6.926543086178311,6.285118751864235,7.647943614767451,5.050829771605619,4.309773768427081,3.9961315888371316,2.4582323313127428,6.210723742685192,4.350744552053699,7.798224164890176,3.5583295871374028,7.768250016438149,4.362282876147083,5.907274950770656,4.532017921938328,4.614822413582801,9.523650697359349,5.6263327783379395,4.276363067916968,4.430234939464285,6.562242408619421,2.969218708579958,4.584206337129548,5.099462820670279,4.928814305078965,3.458619685268366,6.515954978290047,2.9117098527159095,8.988530368358667,6.832827469839254,4.869603705004126,4.081392293060825,5.275409866792515,5.077834348067534,5.498502692632578,2.721220543912837,6.566145918815144,6.2565302152817885,1.8809564902896914,5.977150520950072,5.072998410785715,4.088467403513713,6.065224056837367,2.486065280550773,3.693840609122513,4.84012366641256,1.4934804099668728,5.674568254382349,3.9382360515639645,5.012720600280459,5.846784616722371,3.7083380797281635,3.3499356805346445,5.236584043129806,7.631896020058472,5.115803466328351,6.4732613478556065,3.9906452049316488,4.646729893794797,7.931452019012379,3.848248722098735,5.306330660643784,3.704624505804231,5.288978908861466,2.5527603698871837,5.05539846495222,5.613301562667674,5.203252821491107,4.840189111752537,2.427857169962014,4.6703664360089805,3.3494870710459073,2.592455928959186,6.344979139794886,3.597446965551564,8.318461096346448,6.607950056799709,5.0775870611229825,8.39170809257015,7.3184499131941845,1.67253584818154,3.117928642474425,7.239198171924151,4.3456233013598595,2.3230929302122796,5.058682296082745,6.198256768006778,4.027447979631375,9.398380932640865,6.386487802553326,4.96475813639219,7.190100416867547,2.048616652223658,5.415276875401781,6.9816752916449,1.8011900425829919,5.289171360321121,3.76499107186044,4.377078583120017,7.151473981022292,6.148720869066175,2.7474043444050102,4.107008629538936,2.9934914724076394,9.513681764999983,4.346479528753186,5.647892599058059,5.999060117355995,5.119747521710503,1.8715825309637917,4.276370536161835,4.709669549079188,3.5088046098821986,7.4718846695025505,7.745432849473705,7.5772007725949315,2.720611845004024,4.053910385377522,5.566659907626061,7.771488970095713,7.293620283067154,2.732933960298059,5.130637114561826,7.89271826035573,4.308415986139456,5.325480313447362,3.6466986076392542,6.940194221104237,4.264133329555955,3.714452364085943,3.5562157612375067,2.1681300456760573,2.9859645225879743,7.012640192191979,4.335589144454125,3.037465554746725,4.0414379402367695,8.326084985514168,8.221166128069349,3.6150663636297105,5.201246135533566,6.333501031011457,6.234850126807762,4.62796530671042,2.7433249514271423,5.118201102615209,3.9493403677138286,4.2083283665814255,2.113777690913197,5.073162259690916,5.2821682327494885,3.5059910016244284,4.690239598791024,1.7862780290329474,4.937172734482414,3.4606333441153647,2.8919223018408866,5.427760368679531,3.408258782449545,6.421338388611259,3.5683091513280267,3.605992510885339,6.167713188526764,6.482472555834435,3.299145805961575,7.678885398478231,5.124218487722744,5.42455464386038,6.51875346436965,2.1449197968385287,4.375475841816959,4.437834319870061,2.8724932099727827,6.1714885552039505,3.5775715477751486,4.570443575374686,4.0840157206102194,5.307880606449562,2.9828729284971427,4.720518902514881,6.025269102278821,6.591517924071944,7.825924143892759,5.688186393251322,11.20398186953424,7.357163477429939,6.369638244179042,2.4350674619441492,6.325553279491656,7.179208332401819,5.66029498485048,2.2798388628908253,3.332064184256509,4.313458673246075,3.6208708087038817,5.716934656542072,3.830266217662078,5.4062460880181415,6.689492145705013,2.218011466848225,8.797810295394466,4.030405370151492,4.064120163478959,5.869178356709159,5.642261379742725,4.2454157397133425,4.8217525461190665,8.027529678986213,7.9714960854270736,3.8694103785181175,6.104682174377759,2.444786686938641,6.413145713695975,7.4262113106691565,3.8351458739244615,1.3581059944910248,6.614147155688735,8.146136354690693,7.500325089888555,5.0692478461337265,6.983931705770639,6.944561621577063,6.85735446957755,3.8293640712377925,1.4133991719167445,2.2237720640989784,5.509800319809781,5.451031967155034,7.92134841496827,4.526919386932105,-0.601685986552047,3.642087125620817,8.830523961217827,7.069538969707644,4.837602845962072,4.759109215381924,6.902609044904322,2.457615111768109,2.3585679489760283,5.686552484222726,6.956631048943293,3.0884837718873954,7.770473379165194,2.596871770523554,6.08673944442858,4.513955454397038,5.892536730188011,5.015493040748439,2.4065531316713287,8.022900599163934,5.313309559416432,2.449906940657451,5.091850238573049,5.027947828297391,5.839056936246604,7.432371748141673,0.0679990294368551,0.6039255213761745,5.272156154296148,3.895427397136546,3.7750626423450617,5.928688522242231,8.5285486224582,4.544957291340906,2.7504394128276717,6.5687513071957095,8.665870307300981,6.3169019899309,3.9796608432269034,8.980505076952262,1.9949986387726288,7.574374115852142,5.355672425666004,2.804052781484065,6.855198149957353,3.257677855009241,-0.30494375684913866,6.0426864521517585,2.9063698920149315,5.301256750259836,7.131674196707361,4.455240794978814,3.239036197523827,4.416544005037522,6.453503038511838,4.613611639753805,4.291893882434635,5.414164907716668,4.517512195064963,5.7405675596816925,4.204154566911817,3.142321411939793,6.323929034117482,6.9974663973475835,2.479353264532329,7.0508317870913135,5.61012860445561,5.555136769749997,4.997917459785408,5.6381491365658425,4.440158845855841,5.994924242049114,5.46035395765616,-1.3418446410898035,3.7774163799484226,2.0858432896601378,5.229989682649424,3.9194860164991328,3.83438612499135,4.5989656038060645,4.508683972197326,6.58958757370055,4.489491473253023,4.506580203483553,1.3168233117027688,4.355083183038886,8.302257869079098,5.019314153595058,7.309705644590448,4.124265710478205,2.1728232931630687,5.45754448690871,6.208010593472178,2.9194301592044907,9.408406797137602,4.906306991314597,6.756926542658823,6.971387863361166,7.307121849321051,5.996420008133613,4.705652467332939,8.641902408306626,-0.18719071795893516,4.128368910821139,5.859889635855172,5.491900785642487,6.230972013280507,2.8121915516138385,6.116664226397595,6.830172879396978,4.467287282489502,5.086291330026058,4.323255918296418,2.506675851968226,5.660293221601656,6.182675982884708,7.200361507482404,0.7496030530969335,3.7622207067158784,2.1615635886709152,1.0682138703958284,3.462389800133345,0.7664559237267641,5.917056609161067,4.328145946068065,1.2818349139367617,2.53765145122404,8.891437051094787,3.4700391975296796,-0.017709741805330026,2.936831306316864,4.265377387508566,5.924098811773149,5.60908614555812,6.624545846559261,3.519328723527037,1.7892751027875144,3.0846511369758103,4.325185631432468,6.57057827767379,5.161741409636032,4.616181151397977,4.78888570427242,2.3327697340537066,3.999115018292011,4.038069877001467,8.82003276456926,8.828317600912285,1.834357717222323,4.99552166355767,5.481478278930308,1.9776268733353315,6.471456684426401,5.89172961131318,6.241175395782548,6.199193702611655,5.314476497604338,3.0541260072562024,5.4521374948759425,6.755639779059148,0.8314888053407978,3.8102359489775077,3.9682346762402956,6.082450692521439,5.430489714803896,4.958611218281458,3.0472861822336297,2.998998996531972,5.402654577950056,2.7289992585917227,3.3578387983517257,6.402060130256881,0.9677626277866205,5.827179069388214,7.294238720623951,3.9539555656873304,6.433255087693411,8.682665101426991,5.330454472398521,3.4099854226478046,3.7985632530138367
72,-1.6861397655878683,-1.4781144126307786,-1.3707039723736614,-0.8997908040083489,-0.9679950419770103,-1.0872518434815008,-0.2713445435158526,-2.47393282428526,-2.3414012227008776,-1.1613316131080034,-1.6607196558417123,-2.2115605710882704,-2.27459174445974,-1.2001177793481712,-0.7652932416983036,-0.9094816512593269,-1.0979216990523202,-1.2204859019556213,-1.673976082895237,0.7534692035215038,-2.315281418299875,-2.8927768265555134,-1.0557893469713382,0.1738081231674211,0.19007738212324332,-2.394107907544339,-2.184767376134637,-2.3120569730066745,-2.4739520659365852,-0.3907458191833134,-2.262411065114958,-1.1020086561729971,-0.4955231632083855,-3.8339292982101054,-0.13036915292602913,-0.4396162480675302,-1.012014718881694,-0.11169709780683468,0.23947649451619824,-0.3093957105557784,-0.10999248690128749,-0.8953800722119143,-0.20443054468225053,-1.0016747065310991,-2.4056516443469933,-1.453846524672956,-1.8546831969113269,-1.2115659573013595,-0.13877587851286466,-1.6687923716240247,-2.030680018952963,-0.9295804236990054,-0.7355680160721746,-0.7079034100460262,-2.8845580213138637,-0.5341721446672723,-0.1371970734912109,-1.8571258579220027,-1.059212762063637,0.15592056361847284,-0.1741985635610661,-0.8611318670196647,-1.4683040123414517,-2.3701601818697693,-0.6983390542327623,-1.9727745813267918,-0.4770318644450149,-0.28115715527397744,-0.7066420688685683,-0.6218855803828445,-0.5979798096233502,-1.268526748152628,-0.9509955712901116,-2.330089600339223,-0.5790299175672773,-0.8293346016102701,-0.19907231339147402,-0.1420330285829401,-1.0487134762450634,-1.6523828742683038,-0.31651486460659095,-1.175553910661967,0.2946917307150694,-3.416878886643087,-1.7015379033438958,-3.122498084870444,1.414971056471234,0.7011949916684714,-1.1420422628262163,0.8288780540097174,1.738812098280503,-1.0509415681756291,-1.1741271579265684,-0.7399687568245837,-1.7594565382274734,-0.9322377215428368,-1.1358880569973442,-1.1241629651463874,0.7628970356871843,-2.8726843784066096,-2.418702328659697,-1.7648492772708884,-1.953536496230131,-0.9298852093086326,-0.9136897122463804,-1.0583192896612683,-0.2435347137160665,-1.666204937075753,1.023420652559326,-1.4022304080358503,-1.2124435491990142,0.6717458332603887,-0.5104430534241113,-1.4233252857944243,-1.6284455955578387,-0.22973876674542815,-2.0773671027959106,-1.3154247625020385,-1.0562487587942972,0.17305415052698114,-0.9166337973773853,-0.8472335719868851,-0.7330422160101617,-1.758676024697086,-1.183512162926467,-0.8242991599792504,-0.5100262031816065,-0.7430771400534666,-1.5131087463906687,-1.2509833479390675,-1.2583604770813253,0.1867264776396731,-0.6212473901831292,-1.416618110743689,-1.9089656489443527,0.1941157662238655,-0.4923114875357407,-0.8462354947671459,0.47794559974318296,-2.0462309227990234,-0.040467217068215766,-0.49686240185012354,-0.5773966951187004,-1.3519407833243924,-3.206168057772704,-2.222211230778426,-1.2816736260096078,-0.4758048446564549,-1.2906834449061928,-0.21266762751739243,-2.3347365156799773,-0.40615819138086695,-0.7643192228966249,-2.510976997260211,-0.8932242096007218,-1.2832273676546513,-1.1815152616612765,-1.4958228357425551,0.031937596734198825,-1.6768943510923666,0.30968057480194466,-1.9476156020048445,-1.803798994353464,0.45810228305913103,-1.2479233606225308,-0.7747127461704303,-1.9205135547969094,-3.0677755224572674,-0.4609970904007925,0.09477547471231373,-1.4534756504786523,-1.2615336759193878,-1.3104571025335972,-0.683654389196038,-2.195992832911933,-1.592298472920516,-1.9650465177748873,-1.256143332730235,-0.9737164213114247,0.399615783485048,-1.5492787850768535,-0.1862483670192523,0.3436734024110304,0.3726404578591176,-2.1339035632535692,-1.0646459124031906,-2.1681787015402767,-0.25962734080196903,-1.7966759653018474,0.0596611282880799,-0.41168988894292025,-1.1691796978110311,-2.85167643057524,-0.5867967337736656,-0.7210362348645148,-1.3343106598919339,-2.0700136383204684,1.3176006710141355,-2.970942121921082,-0.36948497739561637,-1.7094123309425666,-0.19562497252700306,-1.931248805190012,-1.0724582160712168,-0.6718878931998609,-0.8534529796490128,-1.783633998602593,-1.374297811284438,0.3208811634286082,0.12411875440250264,-0.13874285113676355,0.09594335736567894,-0.29692797703865204,-1.7982089680485411,-2.673694130948962,-0.07907230177758606,-0.41334282825608115,-2.9249919468453625,-1.4599765064856607,-0.21303634377737335,-1.7905769570233436,-1.1618782746325567,0.26171831110379773,-2.734246810642291,1.5941020285221064,-1.2068642667850265,-1.3621243392340752,-0.986258349000617,-1.2016307594383537,0.4705590855118522,-2.0315804281718473,-2.498010504048086,-2.1486784710274414,-0.8668300469844894,-0.7701838932295428,-1.7975871571259323,0.08248638162356525,-1.7413225981173135,-0.09569584551537724,-0.6506758936966697,-1.5576392483712325,-1.6930127043532321,-0.7245517918853165,-1.3335709128546056,-0.2770479726225953,1.1477569673604533,0.3827061091778199,0.2006074640408575,0.3127116838631159,-0.6624440390400848,-0.061577228814282736,-0.3868674119293506,-1.2460024502121698,-1.369855512942777,-0.4760803018459421,-0.32113343001183936,-1.9194374226875957,0.05738356939650768,-0.8491183730191915,-1.803760969877524,-2.120583969213391,0.050218691200481835,1.02803012714049,-3.2393147656171046,0.2603671585533045,1.1452628190434155,-0.6304434912603507,-1.1948934445413963,-1.5126563740634729,0.5600912169431,-2.047580187593993,-0.414899764142723,-1.410770063003771,-1.3101779247993972,-1.800015352263815,-1.3324265631005796,-1.779024142572489,-1.7120982624329504,-0.644058398238319,-1.1639700398857724,-0.035614117848770666,-0.9320156133118198,-2.4335746560677762,-1.550828724219659,-2.1261333832903158,-4.96071518786553,0.8944969591153049,-1.028655251538559,-1.3642644525531025,-1.3703317594148055,-2.075425499302058,-0.22493712525427734,-0.41500063553061095,-1.1072670183417799,-0.5537732362583297,-0.8537411795152313,-0.7282964223317521,0.4231611415561052,0.250636590699971,-1.472292360270623,-0.09334747509957786,-1.4224524406795003,-2.4342687135094696,-0.608594835408994,-0.33117869481356943,-0.08056588492917827,-1.053893142399903,-1.910426881715117,0.39590948352218835,-0.6312662771413051,-0.3420261395898886,-1.6370869214009276,-0.7626295071394953,-1.3801381209904813,-1.1470250753847648,-2.12231962176107,-2.0243219336893166,-0.0259230841086745,-1.682280740633133,0.27587321148104627,-0.38821756896576687,-0.7832501052148865,-1.4573765298785522,-0.40357142407038127,1.654504246960487,0.08938118311990229,-1.4716794183096802,-4.878521251585651,-1.261914614063026,-0.2759294415799861,-1.3432345933979342,-0.13714645428022965,-0.80277066152045,0.024074705087841153,-1.2105685852670154,-1.637413714842887,-1.9188289410983717,-1.161039602177736,-0.9807740101873449,-2.3630655314668214,-2.927658425130457,-1.2252613944612327,-1.579773975670668,-1.0036638045871369,-3.275559176407461,-2.6306287058055204,-1.0658090470654247,-1.5487305921028733,-2.579052135866693,0.5582272738630554,-1.780332786817671,-1.2652346513122488,1.7489874718339693,-1.0685171705611183,-0.8649773567441904,-0.4570518155863773,-2.453746173163352,-1.0508734940957063,-2.1174864731535834,-2.5949482782144946,0.7536039529071392,-0.49585797283337874,-1.625212799013385,-1.4740934437834718,-0.5071029367750718,-0.06988651364323939,-1.4004450082563271,-0.6960229442737591,-1.1620587059800165,-1.5655575085545501,-0.4846275385571933,0.5806712120398454,-0.32897229311581533,-1.663520339110752,-0.7801968375447672,-1.1831125148249613,-1.1711584999323414,-2.9894815876719507,-0.6235452916346975,-0.605960895824414,-2.029508121519407,-0.49951530701397073,-0.27994219806503895,-0.4956258331740162,-0.22093929460182837,-2.5234457248959608,0.0885063629330256,0.7900916228604169,-0.5135589788377222,0.007273889267711109,-0.8490400224859506,0.8676296734367666,-0.027970185637842038,-1.6467504792770584,-0.3650833286279461,-1.3215643489982238,-1.30648358814828,-1.3473450163573963,-2.3531195795686286,-1.771000665482933,-0.43019187259838787,-1.2277189712117513,-1.4208708284277702,-1.6579043774712352,0.5267045984357381,-1.7272651305401667,-0.9877476877575535,-0.3105001149492612,-1.7871821809431725,-2.296967735355857,-1.6428588300386522,-2.2003736089384924,-2.173945469435746,-1.076962418736808,0.2199692170498242,-0.07811943040113023,-1.8154408979606904,-2.254600621223249,-3.0148573973979165,-1.2681650232562682,-0.08577785011262262,-1.8805910016109102,-2.401808360959498,-0.896501452977674,-1.4409248722452004,0.2614061983814382,-1.2718653619786935,-0.9037199293641089,-0.8704704212206615,-0.9383148110483641,-0.10760412763169191,-1.138701833897694,-1.3433133977096385,-2.258332487771999,-3.679466210410581,-1.3265954734862018,-0.701077450931797,-0.7070709543072939,-1.5016736431576359,0.2560162091665419,-0.23681255460456108,-0.9339992244245514,-0.5259906954407707,-0.644516066733053,-0.9636539058182482,-1.1186835552732266,-0.8590257070115811,-1.1665600989463858,-0.4323685929128428,-2.2129762643538964,0.5997891583591235,0.9358262420943386,-0.8148051197734258,-0.09369952505833024,-0.9914806021694369,-1.119589148119928,-0.8045564824663307,-0.6848264952000026,-1.4630838478513066,-0.4055920457003732,-0.032178673205668584,-0.5677118521595358,-0.8546940873354527,-1.2244921724438769,-0.9038521880684757,-1.4605178775753025,-1.160946484971663,-0.6999181779953423,-0.47990499110400486,-0.6229880181018708,-0.09804443900332493,-1.7842176223498982,-0.6421956100933367,0.302729697380385,-0.20743589296309917,-0.032460726812988616,-1.8679044405272824,-0.6154234114653991,1.8441185963592481,-3.2230351565062327,-1.4105597940651964,0.25204732399955065,0.35529345749172503,-0.1287652567615981,-0.01673200424624932,-1.4409575366164722,-0.24822506021135282,-0.6498715530154359,-0.7111001076990173,-0.8689767357370473,-1.274565267714959,-1.011667709156452,-1.077644817789732,-2.4483807571758467,-1.0020835870745366,-1.6650068785818992,-2.5705578576468326,-0.266533625780353,-2.121402065913232,-1.9688294951961176,-2.0678804260711185,-0.737422221713314,-1.1946943932953358,-1.7183539189374382,-1.0647342178102601,-1.1966672557491695,-0.2910311325970979,-0.6079311861924124,-1.9941848102467472,-1.0613398618228431,-1.261861771409158,-0.7745716302162545,-1.975211774688502,-1.2125687277696384,-0.5832370210635068,0.11536981064814622,0.1571318222747231,-1.7116660912272204,-0.4422769874697594,-1.0465138564628833,1.8753046317508115,-2.037939871713723,-1.2137072335954961,-0.8709709143462576,-1.1698376085907052,-0.46007398255362253,-1.0898912343181486,-3.2738694045987047,-1.6111749424769333,-0.15531774171561574,-0.21583046547986684,-1.3881742413528522,-0.3125394872869667,0.0250983010008774,-0.5506983743278641,-0.9727389194235746,-0.21786843511963971,-0.3002637219705163,-1.164202247245706,-2.274045240664303,-0.4198543355611106,-1.602872989330547,-2.8306199855599,0.2449573814830197,-2.5700795960023473,-1.6114593897226124,-0.7449643998259496,5.695531386894916,4.123155741240884,6.457049795492915,6.596476768011628,3.5871041782869253,4.443674120057921,6.134215825189292,3.2088412451879944,5.467468297547586,6.753775283896427,4.4732036523389995,3.8550943797932673,1.615881882541618,1.9561142602979706,4.90465809612884,3.021988385199718,4.763788316475731,5.613727645153597,4.999654271873741,4.324805009639951,5.964307385871607,6.491285173871927,5.4800248826145,5.575689097670603,3.0568731465374013,3.7402380540787803,2.5310221018715207,0.9534290215907726,4.291966071203602,6.829630205694414,4.460096886282453,2.667593333158833,10.578267315854784,5.048376362128863,7.447839689745905,6.5444847254922625,4.937186634893206,7.763290928604706,4.199545599906377,4.754838145905758,6.13847709704653,5.44262297033249,5.3116521723329075,6.60144349441423,4.855837796917457,5.710716645934224,4.725503018710382,7.1921570932479435,6.251958659655657,5.007941425473003,5.110829407937048,4.004400996687725,4.4250310395423424,5.683580216284393,7.788196920271195,6.025810694054327,7.649377176206185,5.088603952494527,2.402518687107887,7.750480341126574,5.665645107672404,3.376963033620836,2.1941216834554376,5.333697065020184,5.379475745913289,3.1877524083712308,3.479242913568231,6.196972737537636,3.6239206881148576,5.655351263050226,5.470255365498465,3.2001780530047137,3.682027428907302,7.2270218717592405,3.773674931001387,6.080641215907593,6.687960450591383,4.652467582534279,5.6703858179147275,3.6982750016579815,5.372579365688065,3.7088201954901283,5.915160124069408,4.057210581306819,7.415134693259459,5.558205344109091,3.7676480920054685,4.707694598625104,4.006953569545866,6.526238083892866,3.9736410661509955,4.822225918071487,5.6687517868260215,3.429439920535633,4.570003748596837,3.607469570992845,4.497033681036261,1.7736078997492597,-2.3028558185289283,5.789124406966771,4.442232597880043,6.665139198237462,4.920744773072895,5.288108507045336,4.582992818598445,5.114050119511185,5.907677549100944,6.078428269266171,5.145622329641104,1.2325977118775637,5.125239789339049,4.64605606077071,7.841232993402593,7.2452714533666756,3.8449625725834986,4.740097246986909,3.7829877473697904,4.374304194368395,5.704912842105832,2.5260787601738905,0.7193680475058937,3.331122848350197,3.2273466557918438,4.447761214470949,5.323356728086091,4.2512341672809155,3.0519352170304592,4.547349042387071,5.7799846561636485,2.7660128579724708,3.0848765614670524,5.621955342981906,5.2683954503809804,4.357339773903524,5.5855745906663605,3.9874074974119713,2.6795800580320557,2.968511182307592,6.004192474960162,0.9042442872580869,6.912524534272151,2.604869190447882,2.901715817246987,4.146879671458199,2.388705285484933,5.435902395180678,4.453268051970438,4.587857615702199,9.232078568789316,5.701128979327127,3.315045992240533,6.3205941227716655,6.942058358880487,6.075046580689802,5.814448881573422,0.7366567326947786,2.1529191551378903,2.1692383264468758,3.3601011911544765,6.54643210055303,6.622012063800953,8.09132139862536,6.6889758943250985,4.458220562522069,8.396658321896224,0.10249568132571252,3.8115743501077075,5.957427918139355,6.3934485540031,5.646929169029669,2.879837815272792,2.67675904129155,4.030456794181891
73,-1.9049018957065174,-1.190604789463776,-0.9623800211345432,-1.4006170655256966,-1.0918661868001394,-1.3244577165908515,0.46043242485564084,-0.5608255369822124,-0.6846369607372034,-2.3095408568668487,-0.46741314161826586,-2.287765813313868,1.2219694980755174,-2.00137755659372,-1.5228763955617457,-1.5289536721907908,-0.13978388573828515,-1.6889921609266902,-2.3554624369148858,-0.876617677668926,-0.653620720530007,0.04026895798173635,-2.8589064002415316,-4.00182324598298,0.4622790160162058,-1.3516750320012363,-1.1891183467587159,-2.7985529534245748,-1.3230624691870847,-0.5746418257873702,0.48374213707220926,-0.5511119136810321,-0.8158905313354462,-0.7180185216172534,-1.9666914140969316,-1.3784903663717345,-0.9399787080772385,-0.6644080907637626,-1.7013149657436692,-1.201567569294868,-0.8789127779228066,-1.130048631359469,-1.6376438513898541,-1.0374070858320783,-1.246853157639557,-2.025696276717985,-1.9055946109913964,0.4268516319266271,-1.631952274525785,-2.0375830878371515,-1.766477864832025,-1.4928582724794326,-1.6914770752829167,-2.1556016965862828,-2.363401183482008,0.2953726977068105,-0.2474501092125473,-2.101400843621537,-1.8174482304464954,-1.2818298762384157,-0.43250122975820815,-0.6410723733271748,-2.052364950886462,-0.6599256204858452,-0.743024733465862,-1.7002778738004047,-0.41975575333230675,-0.7081869834760152,-0.019004712720378292,-2.4588965176495248,-0.7898741465733708,-0.1907265214868381,-0.3208656042127156,-0.3228493445068372,-1.1966677402516617,-0.3522600026339219,0.33107237770405895,0.05830008297698952,-2.1164746567795074,-1.5729372499429144,0.0544473467450044,-1.9404667439705237,-1.6337455559087206,-0.667737554545599,-1.3978252954434585,-1.2458520225383927,-2.338420654177586,-2.7568980881608267,0.25744546948075375,-0.4285221901777646,0.34384601488800115,0.1415763932766385,-0.548002627066162,-1.3564904938111702,0.02057725660145815,-0.767321772082648,-1.4164003271042718,-1.6091447038397981,0.3252289886717574,-1.3828630141859422,0.10482318137588442,0.17997785415539114,-1.1415536742333081,-1.4583268125502018,-2.8171260175314448,-1.5514138706979101,-0.9785223231558966,-0.6954936398867941,-0.4448094603983678,0.6430763088136515,-1.1005842773299617,0.8348399464988123,-0.5989094002485381,-2.054662541530078,-1.2370479093464688,0.48892549426412635,-1.5193553485871112,-3.633887098888198,-0.6218139312458076,-1.5268288320626242,-1.4165475345845897,-1.3991907379630766,-0.33596557558702755,-1.0653712801535302,-0.22443880808814043,-2.0034838286129677,-1.0278605717474112,-1.7285101770804308,-1.3491644940450793,-1.8594479917516078,-1.5994152167249207,-2.040434901728627,0.5094936033265343,-2.724366569890056,-0.21470242264843042,-0.41231652265457563,-1.4712893010119994,-0.4952844868496711,-0.12646174970126645,0.3280880116565532,-0.5156769854486984,-0.43937644510179064,-2.4888223150079147,-1.6832151749219197,-2.1147616212921783,-0.9956474241989678,-3.3480888626698477,0.014703531029789163,-0.8734310069295795,-0.1536456003173322,-0.36413118668322053,-1.8785574906511822,-0.5680768536601943,0.22254185725574827,-1.439096147845269,-2.3336708865815,-1.2254320956620757,-0.08769423404280174,-0.5480237434437546,1.3248355685157023,-0.7076532425286255,-1.6549630312044328,-1.2406011763162423,-1.0333395165267414,0.14029028534219168,-2.632973739936774,-2.058770847587426,-0.6116703352743054,-1.9394161486469286,-1.737648117011545,-1.13261424290008,-0.2508346873945958,-0.34840496963545464,-3.046533406914078,0.8744598436648972,-2.1976636077911023,-1.996606257157437,-1.4275929540668275,-2.4810349899348703,-1.5520294977733164,-3.6879234550088547,-0.855392679562827,-2.898080191671867,-2.3417539506891227,0.9169363024124475,0.3685306681854379,-0.3174755437620087,0.6643648286449666,-2.708801514833645,-1.8965670688456013,-0.3822526013169113,-0.9216190471219703,-1.9337947966079214,0.4472733088806251,-0.3424878678190283,-0.7211696418723325,0.12080336106127199,-2.0483995852823558,-1.9482342304602671,-2.477096226923859,-1.0357006066443537,-0.7234301159131113,-0.07789728014069885,1.3687196001212287,-0.7798544133300125,-2.62175456021725,-1.6930609658031925,-1.430626516244666,-1.5863310871067846,-0.48549594445771005,-0.3721634513863411,-0.6797077069340296,-1.969012667319614,-0.9834770877595724,0.614447759631447,-0.5209031714993018,-1.3320169712793222,-1.1720077668003435,-0.6964538521732002,-1.4010467523931287,-0.15823358899755302,-0.2451767513562123,-2.189607380919316,0.4251107678343151,-1.7953280929329702,-2.9082975598262126,-1.1093654593694633,-2.5348651851126394,-1.3985123006322666,0.028139716424843364,-1.0963351658460685,-1.5745690009777156,-1.2924853650782455,-1.44001430314135,-0.6705332757573002,-0.8389904125768031,-0.4721976768304602,-1.5132726822664826,-0.25202925688741795,-1.1883521973513087,-0.18316135454370353,-0.685800327164827,-1.4532125356377774,-2.3529057461725564,-0.6427827637318002,-0.02099790912883337,-1.6815389912941687,-0.08893383739047811,-2.8510090341269363,-0.07365003298968753,0.4078304225267477,-0.7348200447788353,-2.947094777369803,-0.559049735236269,-1.9580666824912816,0.16474589727739275,-0.30095968598367007,-0.2797239175623656,-1.0146010140368755,-1.8813699358413225,-4.879614639418261,-1.6554570056152649,-3.1709294501581593,0.7756771348470235,-1.641226010481645,-1.2434134704625426,0.5440622175664209,-1.9967199239391569,-0.47737910587456944,-2.3530406750996,-0.6976431649071552,-2.1018540750504124,0.09941852729001743,-1.1190957489088635,-1.157795197467439,-1.7356636763713782,1.1883660226561,-1.9401218210600866,-0.24823109196773063,-1.4306569551752866,0.2735428332392491,-0.22880160817168183,0.8779861219190341,-0.6444952974253548,-2.003975540962271,-0.2472245995270248,-0.747458858630698,-0.6595433767258805,-0.2376633029228723,-3.39392321662892,-1.480251417740398,0.36782063407051235,-4.699614423798581,-1.539762111218411,2.8260730211890435,-0.550215974961622,-1.1827489113222287,-0.8248422678341456,-1.9838254497386125,-0.21413639023021447,-1.969342851346032,-0.5000552757122485,-2.381588993454921,-3.3531929172634176,0.5966449422000262,-2.1732596976916847,-1.507494725213548,-0.5284254349579376,-0.47293385407597666,-1.8087685974502887,1.1498002961570664,-1.1808098897330048,-0.11061670177018768,-1.718142848790301,-1.7076326505430592,0.2940720896424107,-3.127915364453863,-2.6768624036567163,-1.6292931561809363,-0.7202681191884825,-0.6871210399057968,-1.8898054179926391,-0.8616376087491854,0.10956808790467254,-0.7790142227173152,-1.8812379805713733,-1.445855055321428,0.36068199846005866,-2.184931266370986,-2.522729259746557,-1.8068782914412096,-1.452660602147205,-0.25698555624498953,-1.1517881600617137,-1.7824761123970103,0.32568073913125173,-2.1977366383062353,-0.3180400607045062,-0.6478291076213205,-1.1058916662482583,-2.16406300269289,0.08781934514695466,-1.1533800732618964,-0.24260345971181208,-0.18942255728538426,-0.7775330071356324,-1.6278678868408503,-0.79644386694129,-1.5289321287388071,-2.4395427056297017,0.7020012287704278,-1.0997776021589718,-0.39672357979745954,-1.4274532017621295,0.43422865528531496,-2.0329628349020172,-0.5298727478999083,-0.9852301227668544,-1.8836737636653553,-2.1272060955483654,-0.5294727645688446,-2.019347515130355,-2.772685588530493,-2.3642813798708024,-0.1777438450348311,-1.1576701686314468,0.24371581008508336,-0.1387169559452257,-1.901988303801259,-0.35002120859257047,-1.9456861491095028,-1.595967380927707,-0.6085422446469173,-0.09245667979279704,-0.3647291935672279,0.7471152061820834,-1.388378318120682,-2.00515254883334,-1.564407509374412,-1.2442356529488374,-1.3329171664721493,-0.8557788086060883,-0.9779323326170796,-1.4810146817925691,-1.773111468115031,-2.302602243014012,-0.46776247133303983,-0.5592740794669211,-0.9283445444426567,-1.5736712723761446,-0.9275285938841845,-0.9261165159631343,-2.3511251472566723,1.2849340158913694,-1.5265660934290601,-1.8598410537538368,-0.730948619088566,-2.3149664595575725,0.43699782344103943,-1.0418419874946314,-1.0288688325527775,-2.179805896727494,-1.0840202600277975,-0.7322875779724839,-2.4899032079564103,-2.7448940566021243,0.38092708712445833,-0.009212059657571992,-1.3820472493069906,-1.1569455258469523,-3.7215504375222084,0.5855441318680656,-0.7187501427382953,-1.368501866077397,-0.46924035097590955,-1.1242110795106264,-0.9151577062776585,-1.9045102956796418,-0.7881000968912459,-1.0175497455702391,-1.9442676916193105,-2.3934364995944133,-1.5711974664994732,-0.7303760606145973,-0.3602082427902137,-1.2678565352437716,-2.9172669346254017,-0.9946041285168251,-1.4422882830976242,-0.1751754192711431,-2.433153652897629,-1.3479794417795632,-1.1670652408364655,0.10706434755915262,-1.6727308386896391,-1.7169601186245522,0.47627240575476937,-1.0127062227675454,-0.826048072361273,-1.7547660003593846,-0.8197542270506541,-0.8240905564269921,-0.5847324887698409,-1.245896336610395,-0.784860155544913,-0.9195412892585262,0.7828280241412797,-1.0324815535427785,-0.26997542537712904,0.2469803544853768,-1.870479701676387,-0.42733133468822193,0.8625314581978967,-1.2675220748168217,-1.8096126711917049,-0.7497665387471619,-0.9183521906459734,-0.3725378029125259,-1.254811875621794,0.22914103432552846,-0.6665089519955687,-0.18008883913984464,-2.032825606720394,-1.879061737820515,0.3987829517400834,0.4441444360913367,0.8719425014959696,-2.1888834648557003,-1.5330518775460575,-1.9800049343339032,-1.527458399031647,-0.7938167256590182,-0.969909736785341,-0.8259894327421204,-0.7063630049948428,-1.118886810978438,-1.8279710838189578,-0.4128188231318187,-0.7772577719590488,0.0692353602693212,-1.3552411329152374,0.6673728129148664,-0.15011481272329252,-1.668557589467905,-1.0419333634046462,-1.190503173210985,0.25030709645582294,-2.8652508516509534,-1.9358620859146003,0.29885555818697207,-0.7484958274688611,-2.1359007502013463,1.6048033643324402,-1.0934742735559615,-0.14858998067946072,0.5880528192928993,-1.6069728541494386,-1.1201219860353235,-1.388256233981672,-3.311271622571256,-0.6736820536491097,-1.3970497543247444,0.4496547012989205,-0.6901811275380043,-0.12807185474919425,-2.6356402000434955,-0.9319460239271917,-0.878891340802908,0.0378250228193473,-1.5663070610838528,-0.3704319247008959,-2.7431686506444413,-1.0011683402287337,-1.4754558986059925,-0.36213435988706366,-1.5444143245213575,-2.6189825259343755,0.23376020240718942,0.4037151868710225,-0.5538075420201265,0.03912131872208224,0.6179494519149429,-0.06444489772144357,0.15854589021852994,-1.4262882631265719,-1.1821068918206021,-2.2816740224430587,-1.9846005502693629,0.1525951142298998,-3.3388071439626033,-0.8014359787665282,-0.6392261426680484,-0.7444245622465188,-0.562244481082022,-0.42135420287003866,-1.0705498001086686,-0.982239058755374,0.5125838296302963,-0.6377756836252251,-0.18137807510088655,-0.4229607409257451,0.1829889474951094,-0.05905648920754958,-0.441645418616211,-2.8530777914111827,-0.8162863002362528,-1.1329801631164287,-1.2714327613206162,-1.8692429337994474,0.31273747383565587,-2.0812657275917563,-1.5980328082716468,-1.6518608876800407,-0.0518863414644406,-1.0465523964860408,-0.5916195026209154,-1.01253611233104,0.3635335102399069,-2.8954895602674977,-0.3971477441792458,-0.37583091609649755,-1.1082475065102968,-0.15003062254480304,-0.6572388900462962,-0.16058812208799955,-0.3891157938172234,-0.28120044435834946,1.3219815458453992,-2.6524388531119083,-1.0515136493335453,-2.3805471358383468,0.5068807613082373,-0.8348677321427198,-1.3840368489924226,-1.1138291620913638,-2.1215153299989193,-2.086938233622452,-0.1875809289846042,-1.1230182180566393,-0.727817798761373,-1.1725817951823545,0.16812402508313506,-0.521783633354883,-1.9031019040365846,-0.22847492188384833,0.5166336564690825,-1.0478159477597415,-1.8495449211586588,-0.643560108209974,-0.8276364444388602,-1.4556984192290423,-0.7665743850248913,-0.7771846570792251,-1.9743011999122964,-1.3545111434282702,-1.4272603824021737,-1.850141283200279,-0.8609822839109398,-1.8227354119558732,-1.0799634130144715,1.0525850862633273,-2.146874346966193,-1.5792843186055094,-0.2671080673113093,0.495103302710568,-0.3354396302782936,-1.2487555674073036,0.4877597297148848,-1.440755954208424,1.1016956197756649,-1.3053288493188684,-1.0169498815734568,-1.9443342897450853,-0.5893035903371708,-0.33073831700922174,-2.932039327765216,-0.7771380322865524,-1.060326557231587,-0.31961466287118856,-0.7447507599258962,-1.030196000286405,-0.023129796156290294,-1.944965798561563,-1.0121065070060975,-1.540964983633319,-0.032175041670439164,-0.5492024168727964,0.25133650258520324,-1.0079247457617984,-2.2229651123325205,-2.3562753335389806,-2.055273485752771,-1.9669181711275006,-1.6372326023294008,-2.0157846683830347,-1.0478007401337108,0.2337973844574106,-1.841465972866525,0.6671106871934089,0.0873385034814862,-2.1112013295639915,0.04453210661864948,-1.6922937233958093,-0.9460851624041248,-0.6665204337213368,-1.6994816083772522,-2.3361369914857657,-0.9781340732174321,-1.0969787032389129,0.842678195616205,-0.21758301075213848,1.0512497612829135,0.14202613385123297,-2.928994838938084,-0.9426593761492345,0.7302050577987433,-0.2669878202611955,0.070112150439958,-0.7126492854373973,-0.9140986000973121,0.03155677508440968,-0.2802625885123856,0.4456745525588919,-2.162198980139238,-1.8914872057991814,0.20361413241903703,-1.040128737471701,0.975236174595483,-0.40351878539330466,-1.452857127808155,-1.651078490966985,-0.6705408301397339,-1.2903404637040365,-0.6364231281939869,-1.2025637770286304,-1.2316708830760632,-0.544554107877234,-0.5306065910568722,0.5171357007190962,0.389180487155651,-2.2697217330440567,-3.151864008485507,-1.19164011342915,0.23264534753367583,-1.0502269883360464,-0.7037528896770284,-1.8097062736063068,-0.4663367377205062,-1.9372888618348498,0.34065076316777354,-1.373782723211637,-3.1758908623134667,-1.9810291187768825,-0.8056075810104946,-0.8761707922513189,0.34860444100290744,0.7915296018082485,-2.2122255042532464,-0.7133330636333937,-1.001567842519956,0.21070626038721563,-0.6215723179345688,-1.8385818888804994,-0.8185455745795447,-2.490004487588525,-1.400142700188572,-2.567356002440027,-1.8243201735535537,-0.3726099177097586,-1.196275001202661,-0.11371450034412456,-1.7767299539586778,-1.9074756721264083,0.8232418126936505,-2.174720075855637,-1.2369659027268987,-1.3629643960579765,-2.0346697130502585,-1.6980866546931783,-2.0130482934916656
74,-0.23272057373726873,-1.3453286842822383,-0.4975804408397939,-1.1218484545645726,-1.6925245374815976,-1.0589889709934681,-2.632539560518592,-0.6968718274612906,-2.18758972760613,-0.5461485868739364,-0.3633803354112277,-1.358837301255953,-0.9648887584389702,-1.5578862456996665,-1.0131708612543844,-2.1782679148757134,-0.8994965625774929,-2.310086070687456,0.26385995945667795,-1.8195029000917295,-0.9159218994114491,-0.38104734645374316,-0.7719903996621261,-0.4037518695529604,-1.038361541090171,-1.411894544025278,0.8621875697930466,-1.7891510598505622,-3.0619208783379133,-1.002767521867307,-0.13209737346657002,0.13656495700120108,-1.1686732644995192,-1.2870421762328892,-0.7713248138047952,-0.5597552952926854,-0.4773871797276088,-1.7408851817812345,-0.9091889545337701,0.0786171857023783,-0.30645321566486194,-0.07155650854471451,-2.6098295582860205,-1.0573827096887636,-1.5636696380492408,-2.0552032056698453,0.3550051249156414,-0.5137969759387437,-1.1263689128596641,-1.8435101600400627,-1.2659750005980495,-0.8752827959688386,-2.200504350747782,-1.1911614246659856,-1.0676715621385977,-0.942142486274276,-0.09630224453065261,-0.6636617576034931,-0.7860580295301034,-0.6799341334599273,-0.8384010776061054,-1.4550074769489278,-0.6229541928686553,-0.1660985161504046,-2.7004437044270393,1.6550209006656722,0.26859827482860865,-0.06121767242859333,-2.5138402745418826,-1.2711813170151196,0.4536741399380799,-1.7231441919665125,-1.7064737249036148,-2.2781855704213525,-1.5268502032989821,-1.1981132620788855,-1.8260037487641032,-0.2215146617682967,-1.5569573956231695,-0.42230346243716077,-0.6852570327726712,-1.7237334644092694,-0.35866046215298153,0.6742286094156351,-1.5376950301579868,-0.5694047349205505,-0.5217556367373614,-0.0849859962872831,1.022949061734888,2.9280794556219796,8.249135011251331,2.7160661953717002,6.50273959558026,5.001132189794009,7.589345538923898,1.9109023325561671,6.346445728574132,6.068048553046254,3.705910441239669,8.998756060525698,1.8379051209124868,6.918397901538523,5.47197693615184,2.8208680395171473,3.639751428034703,1.9391915585592558,3.092313242859672,4.116516776892802,4.733424711182062,3.289124337289203,6.410513778473648,3.4866232155826182,0.586603189216456,3.370648246551876,4.102159905282059,6.643892838205232,4.711581922266405,5.596241029344691,3.7715730973820087,0.7991360700490224,2.3781868353330533,5.883505460798295,3.332848175032333,5.135717234595973,8.109489107286459,4.330868399769056,0.9290339818062838,3.1851696159545497,4.9216638311713705,7.482007685954331,1.0452348198045827,5.2736473717525705,3.107284259393815,1.6316850242743448,2.8540677655530726,7.400928568250021,3.122885408387712,1.923555958606085,5.316361698470119,3.8492511545815864,3.1846002471793953,1.7528991406434433,6.272073480505426,7.133106214258797,7.216583655011181,8.954415886051585,3.9399878284438894,5.715551952718572,5.445159298248174,4.847414667687657,7.2985935251698,1.7856489842893843,4.8300654368801235,5.350690126346064,4.921735431233452,4.9901810057476945,2.0796864321272257,7.954884087932071,2.0143205251750556,4.675079806208968,4.608566423977601,3.237852371813606,2.187198377600559,0.5463544828168541,5.40859678135779,3.261158061943327,1.5869813075230899,-0.800961185461758,9.697049154882652,-0.2547822288013242,1.1989057463665889,7.397409489964163,5.115105578503001,3.4436964422300536,2.4961376490751213,4.2441096428434,2.7945781498769033,4.4709711951685485,10.116711647165175,10.629716907321543,3.8484823637333103,6.863652157686554,3.509108208536215,3.2234974321816283,6.78549089174682,6.165436006129071,6.765929657899847,5.815725901839506,2.1887040680220053,5.197438217843503,4.246709739906177,6.256480744031522,5.4685064511892145,4.910947792461031,4.582102669494248,9.003233725816248,6.325994319555187,2.8778602819817385,4.132219114259625,6.672390137757901,3.076711722837514,2.8938694786571935,6.069905395842656,1.7158557513150496,0.8533027668122459,1.7952134157494286,7.102014804547666,5.272471108509642,5.567545430023894,7.51639288313579,5.852493186764709,6.717350148110663,5.7681137263934446,5.109809390219061,4.8251241704823284,2.82380490629493,4.676779629856773,4.676852471289167,5.070046404173259,6.265800709510094,4.048486884844217,5.58139464144903,0.48570084512787215,7.208489190053514,7.79554696524078,6.69390985031866,6.769931334855634,4.024026863030784,6.60189766837243,3.8168505711316127,5.048802990373175,9.81763976876326,4.200253566403828,3.7250781596451428,4.0945248139414,0.5570319636758381,2.994754975674406,4.707348173200642,2.0740596403439544,2.8039567534859833,5.0257728341565615,6.577695629521835,5.681161553238132,4.50365321833859,6.8301623289790045,5.161859311277719,6.677244659141986,3.0438434296820485,3.055089313873157,3.3396322945045895,6.853720637356971,0.036854121510322635,7.1985956110259774,1.875009555771911,5.9461083098321925,8.22229840273916,6.838040492366148,9.80338052243339,3.692508818200823,5.908672419306664,3.99661585880692,8.391372854328884,6.226231256523529,3.322852899587578,5.021097029721498,7.6351069645110075,6.540650851222699,4.744198258356662,3.080609284799485,4.034372717028642,3.7670422925134672,3.3169048668804706,5.64864757784836,6.331425490135678,2.5348446366528927,4.333998769184456,5.91558100420594,3.1468563294747023,9.787682902529049,3.9424441974126845,5.078522763352842,4.396318719725168,4.5054600669042415,7.938425947107747,0.13085353319992432,4.769335876827389,7.061792960076032,3.783016746112243,8.72545114835685,6.731083195335641,4.3976985185027555,2.061580884707223,6.773160695256468,6.431177831135403,5.121704015524978,5.361723550320779,1.5680858484563096,0.7021736290408231,4.754102988649157,2.3050502436506335,7.811765391786853,7.112882758029334,4.617321274314382,0.6690211014104976,7.247635514291833,7.012315261801145,3.9059444872968028,2.6641398833080925,2.3474813833543617,2.228517568576487,0.8492514359031738,0.21267384503635345,7.410313336266032,5.526732879854143,6.887668142070425,6.105048217131305,4.8948928103091625,7.277914772025882,2.1096580231381346,7.2172985803704615,6.475481382299858,7.747538399994157,4.708452026699895,4.500544258854153,4.409681283722518,3.7010126654258046,5.20995344615487,7.672079287543566,4.267910571102701,3.0885422114486003,6.68976967549698,3.394518674125419,1.4115570119489744,7.742999850548639,7.363916961410656,5.015661905478255,6.5913323077024035,2.771058764145703,4.793761845297198,2.87375834397778,4.1242103438888735,6.04760705170961,5.072784945046796,4.441996883680349,8.754591086498097,6.260071003357901,6.327526814940331,5.2155368999461125,6.939121417373519,6.595800477502116,3.9331203888188524,6.527148108711484,4.794508379088598,3.0865858333262564,5.011751059462615,2.783165095366259,7.3257230871666765,2.814847343542297,3.507968546731295,8.937663955373083,6.333632983531409,5.504236385607444,6.539225562660535,5.211138177210127,4.350385262052216,8.09700893894306,4.495039259993976,4.1784990962268225,8.980744216263396,6.900147686722061,8.64729715719516,5.390524211023363,3.8552481643118,5.170002619837804,2.712516718114204,6.998482917967372,7.90627955798438,3.0378760570125003,7.144600658486102,5.167192888700964,6.0843093247795235,5.137005490175607,4.239714997888328,4.507384020354953,3.093166179117724,4.094665654972452,5.791962561119783,6.8849155549799805,4.268235309961971,5.407887543614535,4.82970175552714,3.425204449685425,6.671745564953418,4.239850893129878,4.9550311494890344,2.616029153177317,5.115687884217026,3.9783664283131825,4.131315724102555,5.7450076287651015,8.562975581233264,6.471967632372347,3.0367903116928137,5.2212621955655685,7.03616183110338,7.4650935626130845,9.048853862070263,3.9149606679784297,6.355318552484697,2.9926279024986524,3.4603890673408175,1.1274592475759109,8.186235484852892,6.435196241473954,6.9840837994523755,6.2914650115485955,6.857258235831649,5.750919019747436,4.177799523135671,4.082611601317803,2.3984415694953976,0.7454841899735474,5.2077999258022025,2.8703124749672666,7.402427600602621,4.854574098183748,2.1422373775758192,3.7859673794118986,5.4902050365965005,4.496877267564972,4.069019368994395,5.9667247137379835,3.112443339382443,3.083629067721125,4.626094898435234,6.489233774450973,6.839255098817401,3.2640109425151502,4.673288582727451,3.263208094809638,4.83585616502879,8.908465455376625,2.740624687674777,4.226256520532294,4.825776352845223,6.600819667242979,3.573709091030387,4.227899839129032,3.78055029458099,3.745241298124461,4.493110588817212,5.817612191516988,6.324828085210252,3.639973242045739,4.529810738281182,1.238079705771972,1.522424151559929,6.658520949110123,5.538094435684064,0.6384974629155824,2.8949255546443706,3.3922972518572463,7.8991296522091154,3.5087282024464352,7.567333280172031,2.743924029205692,7.3581357512647525,7.126513853179355,1.7955022829555949,5.08620269060467,4.161218733157197,7.182716294917249,8.260551000018632,2.7537353801369924,2.898316963266433,5.152593368790904,6.9069412366219956,13.192226498059574,2.416681032667833,2.317862387492838,7.402057428545714,5.853267069833695,6.334384491140208,5.970171423451524,1.5259452397836988,4.588439436502187,5.27438765498777,5.713685081452942,-0.10703585072233945,4.5217488159527415,6.892386373905071,7.054797488298153,3.0591624358487532,2.077117071320312,4.7644023336906605,3.6950707751683876,9.024944415781416,4.789192526336035,7.9649514542302775,7.714629119624755,4.963068017630085,4.935009688226509,2.679467660846145,5.4233518694832314,2.417890249578219,2.36920800689886,2.2313000440569026,3.491182195993026,8.640513740092299,6.919186866967565,7.469511182025913,4.8121887794243,2.902818480906132,7.336310512436135,6.7589147847508,5.303895179762018,3.5792264115323453,4.833522100642258,3.351960246195884,0.663805402865405,4.202499432241372,4.650191406398982,2.4998992541449994,4.98657871293155,9.217286881726508,2.7037254035861227,5.428343667846622,4.716808743974458,1.7407588107475767,4.452956991116938,1.4920775515785043,7.706508700206907,4.566042122297005,5.735076349944118,4.199054295100949,3.2369324475766685,3.979755942109306,3.3945579857679515,5.0677177755540255,6.057370483568909,5.042966191797672,6.649217930925467,6.269391900707692,1.2384451682338251,4.591641843297665,5.622291842625239,3.1845726143232698,7.414651381336001,6.506039232476995,4.685511791425335,4.1115851726115675,3.99218370220154,2.45463668316649,0.9869224683690367,4.642131868917767,6.071489579767234,4.529570102745288,5.748179430243248,6.077308052251005,7.318608089877387,4.338750021926442,4.0439919188550295,5.937883000843833,3.7501040162784953,5.025696568759355,6.701659918341317,9.659064557373888,6.158948228903009,4.817837130423614,1.8792956091473298,5.796442112465348,7.005595586279232,4.500622717358722,3.848629857240101,6.645125232269755,2.99828870455017,2.395960654227698,1.7622579703378012,4.852518843748351,1.420690825173697,0.39235306296579253,6.272683643255226,4.555881816744878,6.170001107119254,6.421495478769782,5.261363966727696,0.5501887245237622,6.2891360542244765,1.5475919535445568,3.1419769208792214,4.554207301468876,8.258040799582883,4.1890469569221835,5.178414003971184,3.68838437653479,6.137555559936379,6.364927578177521,0.9886557704766261,6.7113196375481365,5.909458798971304,3.11627831915813,4.430318873693221,7.23582422177806,6.609175606466833,6.8138630145256425,6.4553798520002035,6.834194208577175,5.823749739716609,2.0875284289838953,6.162376016404009,3.314197626685734,4.012512666247127,0.5759142530955748,6.912362354650753,2.8612514666871536,4.5422113762839,6.7149711031349515,8.949092318882828,5.514565951659724,5.459751042277949,6.663037939818141,8.80595464867355,4.697728689861604,5.747668429667014,6.0013642056916385,6.080477975145511,4.672623221107304,7.579613054892183,3.839516127958415,5.623964207774641,6.300866083583556,5.314500586722757,8.167734664318044,6.410369703310381,3.9132956175218467,4.447488114117081,5.041630824716946,4.913746510429583,4.599694855732421,2.4488382886358715,4.861379939307458,3.8520173548898278,6.373559148546205,5.154821571427811,5.01958172175393,4.11101156555959,8.189461275399617,3.6654944449685574,3.1864714196792203,1.65547751225732,4.615199681922752,3.3881762899615184,5.172993447781474,6.535471595033188,1.4636615464409601,3.977494249201683,5.924607949729089,3.572303408656105,4.276552311459626,6.512272230111112,6.6730805343172666,6.859557371339197,1.6325877046220514,3.9693471230585824,5.654674148410729,4.2398990031968,3.826164992901929,0.8908489547220704,5.941198502023454,2.0309627940715935,8.26452030753758,7.472324308703863,1.5674204175250548,0.8609421610733294,4.736293744236177,7.327766003694875,2.9773305068819367,7.3726625464362705,6.143142311641285,2.2267740789450983,5.459892073623454,4.988679430994883,2.562273904934482,2.697076616538191,2.3623981307491952,6.112942051759478,6.887616606834223,4.990471709901937,7.386061717384729,3.053185760711367,6.248409109750023,4.3788614157350345,3.7089555080542898,3.778591586212043,9.1611678508057,7.9182938806561864,3.4806795285924648,6.11551398876974,2.071503628914555,4.421543453323189,5.863275379319702,5.620660981037698,6.826544056669759,3.94498057744931,0.6515493562157033,5.484915785455851,0.7791708962265167,5.266876235562053,1.4392083215939295,3.2500896097959515,3.236362817136469,4.106008838943079,2.190207015833735,6.024511755127039,5.292859273637019,0.557219533581911,2.791024821393234,6.648462884751192,5.625346875777403,1.5612170369980265
75,-0.5700677725681824,-1.6435973201653389,-1.8914972821370752,-0.982496667250359,-0.9652258156799756,-0.6427141379531115,-0.6081056804162639,0.5056164532187593,-1.509039327069863,-3.1058646727099775,-1.8068224881535708,-0.050710101258286344,-1.7698072792006974,-2.4648603834143596,-0.1785724100524012,-2.580905537494429,-1.0636389033070903,-1.4145187354270914,-1.7729881133723422,0.05495168764211722,0.5537676755737715,-0.1351158274751486,-1.4839536088434686,-1.5149848299661781,-1.2765476184494027,-0.57560661798882,0.40113444747687543,-1.6301600164110224,-2.603745616007097,-1.3933736686963405,-1.2175412238772922,-1.5312304347940753,-1.2601939567141167,-0.03453529086987983,-0.9489787558197654,-1.0510846332138164,-0.41688555636133096,-0.35434967776785453,-0.710124978734421,0.14065369821120433,-1.0531809821574616,-2.564510962153273,-1.5350752852633605,-2.4850791164974098,-1.405335415706745,-0.4273418173247693,0.6572419901109099,-2.011524121707901,-2.1925726022212584,-1.6428407325355687,-0.4305290753115776,-0.17553268099677655,-0.9178178703683946,-1.1108534781901325,-1.0191955472257945,0.13505023677765582,-1.2335947829258038,-2.4205544752793244,-2.8851222422200893,-1.9769326859788057,-2.594584264424001,-0.9453568296372824,-2.0469341009631403,-0.3765169299039074,-0.11615040249155861,-0.15255696972811694,-0.7733815854921927,-2.524118212663957,-0.810635392834842,-0.7996535095431582,-0.23828348678353906,-1.3338542643321827,-0.49137137788966667,-1.5686188888540764,-0.25962897786774897,-1.2834859113208412,-2.2149211905103092,-1.204565005259203,-0.2060312821931325,-1.405251796308003,-0.6144355521185548,0.006868450881406529,-0.19598122037947396,-0.1583122156357183,-2.0763774211338886,-1.2724080737137282,-0.5571881911773504,-1.0843193339539512,-1.4729987851551443,-0.7097784012259196,-2.8743955200186813,-2.288021280181433,-2.2066334521469937,-0.2632567205255443,-1.912409339521059,-0.3357878342072428,-0.2880251257902334,-0.4731380496390002,-0.47922213028490845,-0.2321586199477903,0.5183962820935595,-2.1384119713569043,-1.5900151228263741,0.19231410738009647,-1.4714705153083176,-2.07888337411135,1.0866306165499964,-2.7287419667750754,-2.093068760861291,0.41506978723508636,-1.4190718430653564,-1.6141552471232545,-0.8942865259770746,-0.26527279030360185,-2.6944039928205754,-1.6014463067533207,-1.173832510765142,-2.3504570249594723,-3.370605984637474,-1.2830555134935493,-0.5900151582411925,-1.8872137393987674,-1.2025126407876148,-2.316307283243086,-2.1974947277241528,-3.0923689098514067,0.6232728492557409,0.6144240219540571,-0.7580231326690006,-1.572222992314663,0.1127342505937845,-0.7029795529189058,0.8953999031414654,-1.2527636988231028,-1.7526620819406036,0.7715553213353479,-0.44277996104530537,-2.1757570334944756,-1.1837218314665194,0.11678040370403986,0.4476495010598194,-0.5123675317864254,-1.2449882407637207,-1.8860622585278077,-1.0179170662242139,-2.4993043159294626,-1.030082423512756,-2.2211820432944576,-0.2757436908320552,-0.4168041081388384,-1.032477625106927,-1.0043578911042113,-0.08911465593326462,0.13212145403548892,-2.492028513147437,-0.06017854349887353,-2.5931852504014943,-0.7852538327881111,-2.970916440252001,0.9342994267161473,-0.8010723173426707,-0.6824165769545333,-1.8009359668636404,-1.3999493143399955,-1.5381330327339064,-0.45723708392592044,-1.5731616906221626,-3.649566949350417,-2.072133931364691,-0.26044611263145145,-1.5362412684945128,-2.0409401768352975,0.02749898254837735,-1.7673906754935613,-0.7168934017246855,-1.4314410447717927,-0.3720122891827755,-0.7052258416372668,-1.6736121935817492,-1.09348568417997,-0.18451251719702477,0.3899465722541793,-0.2350209560050528,-2.303860865664143,-1.093764328844241,-1.043805856766784,0.1465890385621127,-1.1965867111249209,-2.1411629751260026,-2.3469609484773257,-3.2920571738508353,-0.0446683534683352,-0.028231697884487872,-2.301158712120837,-0.678577939579859,-0.9384532101298692,-1.3187693259789222,-1.3577960960930748,-0.7135152165911485,-0.8682174236404859,0.9432628307679098,0.4747327602781022,-2.4020956792954893,0.46788867290306846,-2.2218259272319845,-0.6320875312330524,0.014549080608815324,-0.759730275619623,-1.0220730163762697,-0.933472569902258,-0.9469975011771609,-1.0532681948980875,-0.7084871912439226,-0.4887635125436176,-1.8413461005645408,-0.4944064120540108,-0.4658184397669771,-1.2542720630397957,-1.3056310402256466,-0.26907420228593726,-0.9026890262237786,-2.365141251471461,-2.131259774710569,-2.321442036804016,-1.3842300635569473,-1.0264322623451114,-1.7567730101940446,-1.7940753319276461,-1.0241974261198394,-1.1046626289363637,0.10796568435421094,-2.163332369895679,-1.9288778115118048,-1.2171743288693362,-2.1770647181875873,-0.9992895043575442,-1.1810135943517082,-1.2559055771273884,-0.9539868500282781,-1.4211648940770312,-1.4782887976242187,-1.770247497449947,-0.22429031696311208,-0.9400694993599354,0.288140709740593,-1.8238464106359085,-1.5853669203454421,-1.8971705009136763,0.374292772587014,-0.31027257098791716,-2.1240602016421932,-0.3709720835692708,-0.7178922988392336,-1.8144371292496628,-1.2665902898156016,-0.9243979445547698,-1.6106953524680296,0.19021030148795037,-1.6809429777897686,0.4091106296172502,-2.5452496909817866,-2.27488709520699,-0.7688162304818849,-2.486379446992224,-1.2717382526905778,-2.263921104265569,-1.4461208058679205,-0.4419833891414754,0.5670495976832928,-1.6501092830187134,-0.9002346382290051,1.0205054586437523,-1.179048406860336,0.44624750568593075,-1.8175663732594505,-1.6773470106887522,-1.1059210397451242,0.5000801616260606,1.0045998655381192,-3.268168932478933,-2.3620997496014455,-1.8914295209883951,-1.3993037680949016,-0.463143681684566,-0.6622416743487602,0.6977076140283396,-0.41065684621273635,-1.5270423101959354,-1.6524933185127861,-0.4407160557497688,-0.061516609405247724,-1.0029081656158603,0.24443768767514928,0.5819350703481401,0.6326145652396544,-0.9205561062696369,-0.7036665058043479,1.0153822865914934,-1.1581370788060616,-1.2612783684883648,-0.4523526620049759,0.26006903311194396,-2.635825031543626,-2.464748604951252,-0.7412090271441913,-0.3954490472548401,-1.852844117549625,-1.845625514028093,-0.1810723562786466,-1.8610721450514744,0.5020750537960048,-1.6518868642059212,-1.3919518289945558,-0.4288401029201908,0.062136084521906776,-3.0281017408832884,-0.4391707544164467,-0.2482371851918831,-0.521313189355376,-1.7977355693365407,-1.0405367986802496,-1.7229610155303479,-0.8412177313129721,-1.5130973022253098,-0.8605516727445812,-0.9172239481803491,-0.6625393233209795,-2.0233783171965984,-1.6074688821052212,-0.338637911198438,-1.4455003879317694,-3.4358213498688994,-0.7417952365163514,-1.6529404024624945,-1.1583910862841291,-0.16725228887608767,-0.04754868280493618,-1.6437719164635292,-1.1131704866772776,-0.6131314003457019,-0.5473613559057453,-2.507246425236774,-1.6909630616596911,-0.9636568261242628,-1.2002751625227939,0.3473715470325638,0.2823482113303388,-0.32636744515977845,-1.0344500063402364,-1.1025340352517445,-0.8409710444230812,-0.9392462015113883,-0.7149226372358549,-1.819411648696029,-2.0750014244333177,-2.1314639867915943,-1.256368006863652,1.1557853852303714,-0.04549085295788935,-1.364745004711589,-0.7190810061194035,-0.9978526722645772,-1.2738506009188508,-1.0677722231758668,-1.2791398536244243,-2.0328048922894633,-1.2630108856956095,-1.979720810195615,0.5574061474926706,-1.577270318790382,-0.9102925875647992,-0.5441559185432661,-0.3443218944277854,-0.4428191375570246,0.6955453628651,0.24773156676190844,0.895610805139978,-1.208965487249264,-0.7306955086013404,-0.5618512544246475,-0.3925411784404983,0.3144920823235562,2.025193956047165,-0.4795399310962679,-0.3076454286515534,-0.5770358455352758,-3.510673733416949,-1.0243911313503937,-1.1985555970203494,-1.5159608260021131,-2.0836111596413143,-2.816470941521544,-0.686799944741697,-0.0316221328834444,-1.1199136148716258,-1.5115096887297659,0.0949837890990537,-0.9331474854326179,-3.6218381583707675,-0.932572727533945,-2.4236087045220787,-2.9451796449972036,-0.4013706581693569,0.20748145359202108,0.32647816608493296,-0.5796460942582047,-0.3213676006037606,-1.4746998767770232,-2.7164973918208277,-1.0496452606028654,-1.6837585812611384,-2.280533725698683,-1.5779916531725169,-0.5446007818946876,-0.9808398689482851,-1.738487179553712,-1.1508649135017879,-0.9884423287935549,-0.6973132230938686,-2.3922659349599042,-1.7338836342049524,-1.3550178940823292,-2.263593021191136,-1.991161686039768,-0.14492850779846134,-0.7213401682690068,-2.4694278661016553,-2.312863952012198,0.02146156548048128,-0.652170847669014,-1.1302038027081869,-0.18785732109033326,0.5944685132155292,-1.3402478313031794,0.8068030985273897,-2.5439120890260467,0.5861225317232821,-0.9913009994434099,-0.7524679307986546,-1.1713586266366827,-0.43134597865013147,-0.38030428512357206,-0.0389703516402522,-0.09739278612143654,-0.5576124020505528,-0.9760123692302912,0.8797998358443477,-1.391302719566205,-1.9016470157150613,-1.0794830980221908,-1.166026188574758,-0.9874480357477475,-1.4412413372921375,-0.566698014224279,-2.1385736326575295,-2.0323453221811647,-0.23165439166247404,-1.1106749575060155,-0.5532173509794682,-0.5978770438697147,-2.3961551742732072,-1.500846791586821,-1.0052830469450944,0.1644329992597886,-1.185381515998096,-0.6714723327647025,-0.22315530420138496,-1.0179804148202738,-0.3660178153688197,0.3773724932377591,-1.0274407788736302,0.33417036870303884,-1.1052626896666067,1.2027454339420354,-1.2005088793657592,-0.7977827413592338,-0.6620263910536367,-0.7683531828187551,-0.6918476072182236,-1.8752582718259019,-0.0677535226632896,-1.125646940710254,1.077300272241521,-1.0921131453824535,-0.8399311144160573,-0.1775126933585799,0.1549083864216383,-1.7898424782559834,-1.4373145933039255,-0.8979234059767438,-2.835687182976237,0.3490249647880903,-0.7863084484219229,-1.1041983236055763,-0.8498986420331429,-1.3315666397173542,1.088226317407424,0.02830424369305473,-0.5885799070088772,-1.1589712231720548,-0.06437882746885137,0.34865816502122815,-0.13495667466101113,-3.8698229439291887,-1.8215221890357975,-1.5993830561696547,-0.22513148387402904,0.40607031803002913,1.037077409471146,-1.711193012200832,-0.7555443304158704,-0.7043611995160628,-0.34668079735488144,-0.7282806548175005,-1.9194827352265436,-2.655280265620405,-2.310878168064642,-1.6220808532885438,-1.4409098812168035,-1.693301757218197,-0.2928094292325303,-2.8851866794207615,-0.7492031015843229,-0.11573214626833839,-0.4796727481480184,0.4204282784228599,-0.9093484574446934,0.6644557470432375,-0.6584623593777692,-1.4081785078900564,0.2654834167457294,-3.8244210127663734,-1.7817872967286728,-0.5550261662767195,-1.2788913057352413,-3.552656472544319,-1.1390738266109481,-1.4516391514289069,-0.9563034430063443,0.8243950811498826,0.16175063242992072,0.0191297562133923,-0.021771755167272144,-0.669094872392372,-0.31667352932536974,-0.6809957637098053,-1.0394727331068447,-1.1727902437277284,-0.6752009364662575,0.15914419388359113,-0.8201480867006451,-0.5055169013388356,4.178768497402602,5.9577124636819265,1.903241447735859,3.6131706673489,8.555361108947348,5.850193207131362,3.3146444019995505,3.3311652919333383,6.487067600841064,2.8029403733531755,4.608196467096772,7.195787544863903,1.778205705686649,2.6281623739240283,2.7804817881391664,3.248639745554666,6.004484416793593,5.1211049469404415,8.902531140130996,2.7828693356955037,2.8659409137320773,2.887478770576578,4.47525032124024,6.797277359277363,7.565347515037088,5.676744477717408,7.379705558544239,6.650230622653371,4.081630639044158,4.4470573704277605,1.0266582326027884,4.395265477187625,3.007401298521436,4.949610099828022,1.6991753590454328,5.0550838897126065,2.93487337488494,6.0955309248687195,4.615653065213554,5.800413655444681,2.5660658774288962,3.9483114240793045,4.936483409402908,7.740935760987902,6.530735251815059,8.1954270397301,4.2550999553165845,7.657762433681199,4.730603600446945,2.775134148454405,4.617404687222827,7.367297682639066,2.3504296242483305,5.162485980114756,6.954138036622263,4.07763172194096,4.902541004427801,7.259465856419899,5.154098550821767,9.698931683536067,4.939072180061479,8.71610094623837,2.901627975167765,4.118872416485573,5.31793085337729,6.652834781331715,6.210547210834784,9.761709055731725,4.794056276865584,4.735621151171586,6.359689804156373,5.801132764791814,5.751933543449013,4.191108850549525,7.13734903572516,4.076089141786837,4.013986022307467,1.3282326138438787,2.8153597091152984,4.272036522259264,3.7628499162926032,4.720502529991973,6.6251923872349705,5.247481040427887,4.5676238751521465,5.990880388919203,5.363535974336706,3.6849030480894145,2.880874230346932,4.182818237429784,10.002385708554286,6.718429809458496,3.1819364084923905,2.0893834306264156,3.964635447307532,5.340315184347193,4.470767543688856,7.101048712609554,1.3464379168657716,9.393536686116642,10.21431424886747,5.873964199154543,6.437304290997771,5.588837792325664,5.1551609275274695,6.966908672510302,5.202188161314948,8.234998793599129,5.681952418116415,3.7687529561032527,6.19167365226818,3.238757837688257,6.234439301864141,4.217862002729148,7.893158845243303,5.382768893538842,3.2314674394709817,3.394426545878523,3.1079164136453135,8.899409310451793,1.826369666390339,6.48109284331019,5.023661245639702,5.510019941542936,4.142586752973048,5.693608826094038,4.66633168088212,7.222265328259801,7.089855676247147,6.938740471829906,6.5573923481304,7.42431920637493,3.1400851878232747,7.364351544014307,0.2134029218627047,4.479095634454631,5.233249934359403,4.075355489156928,4.39357421096645,1.8937527083108514,3.476470548230064,2.8979393395359945,5.304603684151728,7.667045442270869,7.772030665092746,7.866023448839409,6.912133781107066,5.131434851100109,4.97766941997297,1.7147957712152055,4.868687608017896,4.449914947874453,4.406907525303533,4.5782758736583515,3.0695167358043296,4.0632584690082725,5.718958504400461,6.836182797967542,4.450254023306955,3.3924332030732893,4.0094129485815495,4.665948089727946,-0.07201399640526684,4.133786246648541,7.046331369748747,0.6534896873193743,5.8555742999704545,4.2200447131027525
76,-1.1103352454403068,-0.01636591801518672,-1.7094671628981164,-0.5076553591841249,-1.180983082297326,-0.8301570924064893,-1.5013405567745508,-1.9313487673060494,0.6575626427664396,-3.171487129242006,-3.110350282489593,-0.4508356008407144,-0.007519697505832479,-1.1595968321085366,0.816970758764503,-2.111092822684574,0.6574593797921504,0.3773430969278293,-0.17213068073758153,0.551681624321944,-1.3166155662183738,-2.505977809900725,-0.43001670915074286,-1.6791901393057418,-0.20317277711712523,-1.8407767854514732,-2.2923045849483827,-0.4259136059638674,-2.256171141403593,-1.193034794310506,0.49549798088642527,-1.7529964916855978,-0.8872822544938287,-1.1901862388006959,-2.3672822374902065,-0.8674720944816655,0.7536199001920338,-0.2988236164619502,-2.1615834745683298,-2.701886818737546,0.441805857257495,-1.2651364574384047,0.5788917957370601,-1.0528525298829372,-0.9558659717724352,-2.2213252715834866,-1.5164676402232262,-1.8163785166315813,0.003517735253141918,-0.3203548569275563,-2.635027584336224,-1.1070675622840505,-2.158146019676526,-0.9761770145797292,-2.411813943943378,0.19543209160160813,0.6399017587360072,-2.0820697271306283,-0.9838355498426551,-0.2609485514629629,-0.5403995465819535,-0.47659136604594354,-1.0470700388194198,0.07536562650306688,-1.793888385958545,0.3713705304250621,-2.2092273467387744,-1.1682282534320576,-0.7534798429364423,-0.17958464364400728,-0.44539731698951834,-0.6857212423193961,-0.9132552359175875,-1.7030956721139887,-0.9826170191992125,-0.38706669934211124,0.2718174589543545,0.43240489303670415,-1.3697064397627907,-1.133484945384595,0.9042395206651361,0.3124151463637219,-0.7768221219969464,-1.1283820866822978,-0.54880267941595,-0.8806956080121129,-0.3671487603780591,0.049645260088032384,-1.638151452171221,-2.2264008173825083,-0.5885060314603764,-2.5300854268790682,-1.1044308436634356,-1.5946946338728316,-1.3627157629215705,-1.2718304057488796,0.1581113983510456,-3.003068946469332,1.8406494639352564,0.43163834676812796,0.2873109237244398,-0.8415666155312682,1.3481723503717422,-2.6544570207654603,-1.2886507918785521,-1.3186553200635864,-2.1218544971007343,-1.1307267913998604,0.5260509373810578,-0.31915911581703715,-0.8654065146279085,0.48466236664438433,-1.5236414258491568,-1.6431334689705361,-0.6459167475197849,-1.54120307516502,1.1635354123399249,-1.9095496990513428,-3.08530066508949,-0.4925436502850622,-1.0786982247987307,-1.2820796753366301,-2.3526160701341503,-2.1962793527395794,-1.0995188268719878,-0.7406216338790335,-1.5710707348600503,-2.15542281179589,-0.690681271235416,0.31739660960200156,-3.775818608172905,-0.3800875743631641,-1.3296806394220428,0.329344718079587,-0.8337701116853089,-1.7622363621814716,-0.5859082762258994,-0.35156987217417823,-1.3884327120919286,-1.2269633633877801,-0.8915817496727801,-1.885612870920752,-1.108458382688964,-0.7297664176907972,0.026279498304792925,-1.747776324708406,-0.5205042297416371,-1.022410858957228,-0.3034960950255683,-0.999378542829199,0.5087666298376523,-1.4794074271952726,-1.4013576197746669,-1.057320867802651,-0.8562153448152849,-0.38601409708109646,-1.092097772141355,-1.4010137666578846,-1.8762052545106038,-2.6279907458612,-0.8536445290623564,-0.30440792139887174,0.3933902586365152,-2.237938867142468,-0.5735458857153226,-0.8359233642523115,-0.5519186470087638,0.0007504757243241844,-2.449908176396656,-0.8614202363911299,-0.3519990544892262,-2.3233159494390936,-1.5737283484381424,1.1619063598306987,0.13271880314420703,-0.3079542598784659,-1.2841995323365003,-3.0718242506206908,-2.033729144014945,-1.7764023028856801,-1.6527039426481944,-1.8242754213220116,-0.04096885438982367,-0.7879094302231189,-0.7116587684982791,-0.627654064688706,-2.2522206650160745,-0.6398522814183065,-0.22975696020910918,-1.6097475834173518,-1.0726944024401912,0.2619237896638882,-1.4484963886307516,-2.0486861787939374,-1.2882921955202735,-2.887740358658186,-1.3436745805533272,-2.0402251989626317,-0.4631188727819372,-1.5886140933358597,0.622813612753681,-2.2140851471611613,-0.22042933410557608,-0.7666084632706001,-1.5598847601030066,-2.2532618250781353,-0.11164654135935592,-0.5011850527560121,-0.38933835011668605,-0.45936042788502385,-0.3171378161046694,0.4046687953751369,-1.3989538466869371,-0.941024672830912,0.22964996666096993,-0.6796577783643649,0.3644072612516642,-1.633398973513975,0.36814799216747307,-2.6426959499480875,0.34109229714055744,-1.7934646074977283,-0.2513620129852788,0.21962116105315976,-0.5147367506006091,-1.1245060213030293,-1.1213744626065463,-0.026368830237022856,-1.618395416877457,-0.3401451564608621,0.09856293210826594,-1.8674292883896122,-1.627575355893132,-0.8451830590871433,0.3835981097511707,0.24026041002890564,-0.7482750331722327,0.09610334526676989,-0.5592166235325542,-1.714418050944198,0.0625065037447472,-1.8642550414820453,-2.772979984139213,-2.105601148186168,-1.5827065877308506,-0.3474005227428584,-2.5347792279245436,-2.609507054614025,-1.7954640046152988,-1.5091514148279592,-1.1838156224601766,0.2217349052378812,0.1672389965491763,-1.7871179150279497,-0.8739681311027548,-1.4838936025810048,-0.6853816666163814,-0.3750353680217976,-1.4836694336121077,-0.6077771135977245,-1.5000857553081333,-1.1623939549117035,-0.7040836036926514,0.4434765567678163,-1.9465372456696937,-1.8026428890367707,-0.33275483156368435,-1.854305492470634,-0.6588091042441138,-2.2759471365002333,-2.2108230506592843,0.04802720905187541,0.0653912719421057,-2.1335397476369313,0.8381092844280387,-2.153635931841439,-1.6332349941927298,-1.8288343877353097,0.21418096792979413,-1.0655386523352968,-1.3267368579476648,0.5071361989201921,-0.11426954860925298,-2.9589814408713018,-1.5550381193347542,-0.6154472459833754,0.6471674511704095,-2.072863221427918,-0.5245738924427481,-0.9817593863181541,-0.6273553035541335,-1.8152156925586929,-0.8735507264263894,-2.6256115014664405,-1.3707255688774702,-1.3197444586998763,0.1586938614198905,-0.2804519450566132,-1.8580131062152785,0.470800215625802,-1.874000918052698,-0.17517596257773294,-1.9210647280358621,-1.3168496246467787,0.18293270936493844,-3.439717482462493,-0.1857681150106565,-1.9476510182691018,-0.28194167610081255,-0.7465106776323698,-2.7854420066593875,-1.0149104927858557,-1.1794517147393107,-0.1401179148248004,-0.9985523998589977,-0.4877698467202868,-0.510698388309011,-0.45798490600557695,-2.5705700148735686,-2.1968744485955938,-1.2612621325606101,-0.584454008450777,-1.2238929665942557,0.6551302783463409,-1.5510654226977898,-1.8884696522179085,1.073176315883761,-2.4460343874055033,-0.8207966185644815,-0.910186619398998,-2.3126088412705874,1.1590992209617523,-0.02839381438312749,-1.0774168983449042,-0.912928510494172,0.07662100038983266,-1.4222413806532472,-1.2371170783172143,-1.4862893800941377,0.5519010244295197,-1.4413116866777131,-1.4151728144375937,-0.31340271808500264,-0.7746498086744892,-1.6210228626636831,-0.2924382270942021,-1.3656002791963642,-0.7825022703377775,-1.9487889375468042,-3.130489557438076,-0.6077534865658538,-1.1678656286049243,-2.0476278644031662,-1.6055770925492925,-1.8102469645854322,-1.709758246687564,-0.11887541697382842,-0.3735385155187494,-0.2533671437311432,-0.743570970085831,-1.4971721635199449,-0.8610433825108119,-2.1851611107380773,-1.3533172911395355,0.12874508934323559,-2.3025306557246035,-2.7517476618010908,-1.8926333758816392,-1.5616547141862809,-2.1203378161406636,-1.2312035525604073,-0.2758539722320942,0.12485693356147376,-1.3137224525709854,-2.1209814535189024,0.6872028782785065,-0.5514274775401613,-2.4792839168335816,-1.3350911400517096,-1.4426374979684442,-0.4560542437164815,0.6504340927598247,-0.38453821559934565,-0.5833543253002009,-3.6019784395494705,1.275407958559136,-1.5221523312174956,-2.3279254734901222,-1.5206385550828818,-2.3840327060671562,-0.19193986053194345,-1.198840403918168,-2.259338085563094,-1.3799639983039687,-1.3912553861843828,-2.1904962581039573,-0.921609327195082,-0.7207817667198483,-0.42796825620983603,-2.941822984977683,-1.39328071709115,0.11454836704013727,-2.084736227278974,-0.4460852410837194,0.6906334225620663,-0.6854076402209366,-0.45302548807285814,0.4236360322430486,-1.2292655443253915,-1.4133790018442913,-0.4037121708700451,-1.2140305177459014,-1.7212361740336326,-2.714465394511417,-2.688937914176508,-2.102932249289391,-2.2071730659105135,-2.096368920038821,0.27175751448181407,-2.0254365148447784,-0.4619182745699747,0.42260967239824554,-2.5019225617866896,-1.1055339685946166,0.3262222440161249,-1.1266008078255785,0.24861389905016362,-0.663473631831055,-2.4978830378360293,0.05241782974757636,-1.0256552800523406,-0.11256143546284536,0.058382446047836156,-0.008905470954860162,-0.5314671087144939,-1.5333108397185151,-1.2472093503962278,-0.8414880348285116,-1.3655129898609912,-1.6047816378498558,-1.0087983209041895,-0.5028949285886588,-1.3669846132402133,-2.252210543052107,-1.2935326207119457,-0.9663113693390162,-0.34701925267934575,0.636532098513594,-1.9497773694618252,-1.306232017548202,-1.8712761765110835,-0.8074273644545178,0.5353860345855912,0.26713653622407874,-2.242268568455221,-0.5669183153585008,-0.8914696836807119,-1.111260190664153,-0.38184151155627966,-1.1777590977062795,-0.457022774307669,0.07639609214438159,-1.1500423847796388,-0.3455423856146711,1.0115328907555616,-1.3112805141048662,-1.910270611274767,-0.9385625821553429,-0.4458976230250985,-1.0971792307383907,-0.16221932686695129,-1.3439953359311696,-1.3459107245231114,-1.1577515342333524,-0.16388852246952734,1.3872380651783334,-0.15009704529354118,-1.3968901698191565,-1.757846441975416,-0.27005987069001436,-0.10199346260264097,-1.8811142672866454,0.04594651106013803,-0.9155503896763385,-2.67390062265373,1.2359973096114603,-1.6398378701248113,-0.7968472650426045,-2.376365740067772,-1.2986825286264831,-1.1705207619738516,-2.275591391848276,-0.03093948148022685,-2.162561508460663,0.15191019084086976,-0.32669988961656904,-1.1782898641200164,-0.8167034055152318,-0.9068753921501981,-1.3625602517997046,0.0732910195234866,-0.4109367913481595,-1.0123522457930627,-0.5026801810911027,-1.447847832651226,-1.8069994568735206,-2.235893873282113,-0.03681521051455905,-2.4915659287369625,-0.7825317452048557,-1.2880630016894712,-1.0822925852442464,-1.972443174352303,-1.6030969095913457,-1.0702731148210194,-1.172161557959626,-1.378360505029055,-2.9426168914638664,-1.095714322214918,-0.9433276071853721,-1.3389515222429211,-0.7371617328488191,-0.963391918986302,-0.7873661718472087,-3.555875481008013,-1.9758174441074883,-1.5126008586159994,-0.6535944398610056,-1.7117889220205087,-2.52453341525918,-0.34138623233512355,-2.24688579409632,-2.0328383091292945,-0.5492969918138055,-1.2944745625519014,-1.3936428031331083,-1.4316047122794382,-0.1274814072081777,-0.6255963459030668,-1.7585449439340244,-0.24122007345279228,0.301099930830927,-2.9184060723371656,5.3414624071732675,4.1743228344480645,5.416346750646505,9.668873194040549,5.470610782414827,5.8907086304108995,5.874634980174278,3.640386183497522,7.142833538836595,0.03324973665586839,6.221064420421268,6.162874355089402,4.35497143287419,6.17847162478807,6.466193866288717,5.5626311300011775,5.1921715898891145,4.828387158306466,3.718088648288151,4.356944944977737,8.236622593266834,8.70686872013026,7.327936884330057,0.7935720878788022,3.010676507448678,4.063025443659311,7.69930868122157,2.19745269868676,4.359705910680817,8.668422615464742,5.0193133475260625,4.1291201990054756,4.54033799250565,7.586251555182066,6.3549537797010105,5.290376428835534,5.391261304583304,2.449611154276011,5.3093675751377996,0.9979895406111128,5.820932268271897,3.032853516283712,8.504009661881192,4.074853065093351,2.468005902351028,4.694486271053348,6.302686662932976,4.349087182543449,6.844703700560838,7.383307052559665,5.784375493698974,3.4472772444610653,3.4170676555566137,2.726151147638321,6.989839009999951,4.322005612732886,2.7911552213898387,3.6351342478721165,4.039467843378627,4.705155423177553,10.786332680082484,5.230085430185389,4.358743137106108,4.927980984742924,5.060323710839962,3.7741369732961285,6.365701830928309,7.140013666649543,5.69552316381611,3.872162503445873,9.19255548806837,4.178002941722246,5.41797821628188,5.195701777569956,5.413930551584569,7.272449928587839,6.103677030273061,4.883405555905973,9.76323723118208,4.933865592751127,10.766331549495455,5.3750240592811735,3.364285937667784,6.00765296830793,2.4324387064594477,5.9100832514607715,3.993800247014274,6.385482125350914,4.316064281815203,6.3826106708811885,5.205662776101948,7.2438143646237565,3.741222673801978,2.6310881124001697,6.289493419541886,4.036313490265061,6.096720088298826,6.213130915976668,5.14931237227932,7.342444292373741,4.864505769430964,4.609640570037211,5.882983672208146,5.755622970534477,4.806625941552893,5.7284946894715825,4.641671513182948,5.281573476232414,7.201064103934491,2.4116824892280264,6.389396712802335,5.865015327366912,6.8106660590510035,4.602426369335786,5.179302279956513,3.0894638871299147,4.618138880501226,1.8987370701356414,6.659153323771281,3.4873280720980158,0.9977193709450205,4.69148503977094,1.1240661866589332,5.9067966037055655,3.6860612670643738,8.271783999022713,2.422435583723788,6.995861877731878,5.154499023969681,8.283479785018447,5.860272554142834,6.186415401786603,7.058522281872661,6.253081617485199,5.420912584206075,5.260318133974074,3.937185863788279,5.3612297776280045,2.352587548804529,4.38363889950973,4.573333544759333,7.698782932323889,0.42637858701882436,3.7940572002316824,2.9861634027661186,6.077652419578298,4.820620396823924,6.3715011901577,5.8066205091236816,8.670596197732447,4.116912432743396,4.028966704268285,8.555172924835285,1.3917374952211232,5.88438807285034,7.914704192991402,1.261361168195772,4.434683693616784,0.7006672188340186,4.171959287533004,3.560103008375198,4.47439340347308,4.889815635202958,4.2188184524200265,6.485263317270738,2.6243403932023783,4.853045177938383,6.273112723845029,3.9873587798668595,1.8131527001065582,6.295252713040194,5.965011085387696,2.850653545228372,4.935658217829276,4.809290478471708,4.108735742901594,6.103795812963036
77,-2.3535585797926037,-1.047344627630266,-1.0736881250929082,-0.08209609554843678,-2.6988263427325663,-0.5660771094753339,0.7894150414056207,-1.9470835338258368,-1.6843676618620487,-0.602159890777757,-0.46228923253679133,-1.8375881406224583,-2.0179571452771654,-2.0193412191172024,-1.3790041693105057,-0.7783791482164804,-0.403225258858098,-1.683643049021875,-0.7996234032983074,-0.8989404608765298,1.2222006638289522,-3.4757824721630555,-0.6646556979927136,-1.7218320099503215,-0.7633387349545515,-1.1441474036760755,0.25495462336135755,-1.044523153478606,-1.5816662865281046,-2.1227203784445754,-2.855738950653064,-2.6029564890147707,-1.5705202853924392,-0.8385871213193149,-0.9479351443750071,-1.1358357145423887,0.3183369135396297,-1.7858542499771197,-2.033501493836285,0.05472303026278502,-3.059659211453226,-2.2110118310149103,-1.4222410544344706,-1.7700325178367116,-1.5902516452087332,-2.0993882737622056,-1.0481799381590955,-1.6598077355323555,-1.169346305438511,-0.5388204358977844,-0.21283265787703465,0.45751868205209245,-0.7113134616273618,-0.8777611696064991,-0.5619231927675747,-1.6165455420364832,-1.0418835860215567,-2.0648655683818506,0.05420990181241225,0.19201331621080042,-2.6242620620467374,-2.006197704827513,0.09715113325494484,-2.3822312578923586,-0.6194004657767667,0.33317528318377887,-2.2038631202233923,-0.17000239205559986,-3.18527070287155,-0.18371595078440284,-2.272898724272672,-0.0697675227318425,-0.14457760552616528,-1.0928046859445697,0.3830400126291358,-1.9269803296615486,-2.0788472356135337,-2.189997793284453,-1.523722451834086,0.3577601127246499,-2.0537727255246985,-1.3366663277676232,-1.9133508130883934,0.9363065414104701,-0.3546246479174159,-1.0011607312626924,-1.1915263127724849,-1.703685629653846,-1.8809373571609027,-1.4361720858593008,-1.286112070361197,1.121975299653359,-1.5087030952132712,-0.7660661475388408,-0.4087519715859761,-2.4008090340209876,-0.3393483955828276,-1.7819900952427918,-2.7234758825939087,-1.1178852305599882,-0.7648281581781711,-0.9552026232415723,-0.5127137831654582,-0.393473594663468,-3.2928343120564474,-1.1093933037207175,-3.0220249883270327,-1.4005058863723816,-3.2912343212553283,-0.8124171153513425,0.010170924415982663,0.09763026086634685,-1.786940064467116,-1.6972207023517942,-2.0025419562997913,-1.3760531867937937,-1.0395463781344778,-1.3031111354799783,-0.11268467282924888,-0.12655456979337698,-1.446734759162032,-0.04610896571586354,-0.735359332913776,-2.254010085850912,-2.4226450667137778,-0.40196175559955527,1.1455690129785254,-1.443123672754484,-0.7972100508894502,-0.9896497325448367,-1.0022861085491646,-1.4779391330397273,-0.9730467960406716,-1.6904690450878168,-2.003332771854631,-1.1880837035945673,-0.6469628897631248,-1.5918023468246993,-2.6301501831232548,-4.663314963428627,-1.6127295016660148,-1.6389323660830697,0.08116136819880326,-1.3822796558465824,-1.5843049233915245,-0.6607071966646165,0.3437830719404664,-2.061107940664825,-1.7075297884836655,-0.1789208442006518,-1.0699761047413534,-1.0858846639109165,-1.1883558113470598,-1.0097721965856346,-0.9921667642967821,-0.8460130819916323,-2.3463006290018242,-0.8419210792138027,0.4474861968469823,-1.9405208496470094,-0.6520794935725052,-0.7242677954559196,-1.8687441649136032,-0.23498621019247667,-1.9227822805316133,-1.1768022996058853,-1.4751451914452187,-0.4542254860481473,0.49307847936735505,-2.3022163813886776,-1.3031972004485564,-1.254954832525336,-1.960223481431207,-0.030470083312568952,-0.42058079321421404,-0.28481397824862476,-2.0670920298649196,-0.23570039326249448,-0.02365666479888373,-1.1918228605289958,-0.9290703898704884,-0.33062991596649316,0.9921076179019142,-0.07504768202752332,-1.8159016903162772,-1.7500707184258841,-2.376834554200788,0.25580624891962,-0.29033796244038734,0.7919015326175702,-0.6004815138492738,-0.5871497232086871,-0.5164776671939417,-1.3543587476939707,-0.664730548444274,-3.1051124131568715,-0.7178976298313551,-1.9000155579966065,-0.8731286405297054,-1.9795383797593247,-0.34655536657824426,-1.4237920601806697,-0.5123671505802201,-0.9929816697856919,0.21287074622738023,-1.5777632796228978,-1.8314145626361555,-3.212510701824787,-0.7169285413038757,0.20304570851576442,-1.0051326888559637,-1.9509022852510425,-0.9748565821336381,-1.531829075522978,-0.8055169372087619,-1.4170861570687652,-1.0264808327975241,-0.3265741635538909,0.19110177315495536,-1.2395003050358866,-1.3629096940133965,-1.6343966906441847,-1.5754794310699123,-0.7103989208329009,-0.9936877760910672,-0.7934855195666952,0.06559753252730305,-0.8593338301900727,0.13005286964796015,0.2783809030982176,-1.5902841870781512,-2.3387620965579776,-1.2240446045635442,-1.891162308327028,-1.2856505119534571,-1.3994740994514985,0.6452820371326311,0.1701351466785086,0.36345759688732016,0.15344061131254416,-1.5845253150740066,-2.74824724311146,-2.5670242604952067,-0.1507760568654536,-2.3479771396906663,-0.12027144067322448,-1.1528647969878842,0.21450375564401503,0.5345189619127875,-1.3061145509453642,-0.7552427917799129,-1.0319350413313921,-1.1231884211409997,-0.48083393776364125,-0.5027857811585174,-2.6030060811133624,-1.275074353466794,-1.4016348729301205,-0.8809463168206457,-2.1142989714158826,-1.1520826923245138,1.4208595296523265,-1.4114393468485487,-2.007950271020622,-0.6380211868897674,-1.6821559513769415,0.9221772364591745,-1.3828134355975847,0.15598745308834827,-0.9571968655125445,-0.7029879380038058,0.4631335634766829,-1.1175017058986063,-0.7866323514868973,0.743265121206153,-0.3559469183916606,-0.4365030131136234,-1.322477930525493,-0.015035062519332842,-0.27736658555713833,1.2615138504216836,-1.310303567690763,-0.298760133009901,-1.2974395755427688,0.5893362402104625,-0.5259428553908603,-0.8440205728619742,-1.802511147220032,-0.9347492010855274,-2.531232881205077,-2.0042622476252543,-1.4905667345055598,-0.2562952711288695,-1.7836554612682254,-0.45567166033529016,-1.200101180535328,-0.5887201286711057,-2.0526042626723005,0.02729503716432302,-2.478088718831259,-0.07661414012009293,-3.127818233759492,-1.947630765767646,-0.18673130470567179,-0.8535717816941968,-0.6981964955932191,-3.1908583661165686,-1.6423261681603014,-1.1991693572435878,-0.8241494806986263,-2.7249876203151375,-2.143587588302158,-0.549622151237181,-0.8403309352188321,-0.11632407963601987,-0.8460759211015969,-0.2732526462614199,-1.1788935270437995,1.2440866785077955,-3.075319527279585,-2.2047173135079987,-1.607391780207408,-0.766754884425106,0.8116982507759225,-0.17678633412612477,-0.6321948233374991,-2.2424973479505415,-1.4815278186686152,-0.9559567029116776,-1.12672967738008,1.038199458692032,0.5100291094181348,-1.4909021655488548,-1.5061388631948982,-0.517247734658407,-0.2809799436091962,-0.26715390997123245,-0.7839656599468015,-0.10423781168356361,-3.215997977587001,-1.9334366767854012,-1.674136811250188,0.18971248823238596,-3.090804269109677,-2.0399956305306546,0.2235711528213653,-1.4082035188952178,-1.1223609386534128,-2.464973327822433,-0.8224033356732253,0.9892418812046215,-2.3318073923396514,-1.0574387834954477,-0.9736331012033701,-2.68774126367138,-0.7541446268872336,-0.8286020506457571,-1.234890380027557,-0.6332806618980553,-0.5027151881577776,0.9942411826426647,-1.5137196490763662,-1.7301014432330963,-1.8138106346304093,-1.6383800763940974,0.6294067339192015,-1.9299404977355605,-2.405258807360901,-1.098109236805477,-0.5238956207658518,-1.250477217728439,-1.6224675912517315,-1.7678435663602907,-1.1282277593329288,-1.0769854840244728,-0.6304582089702231,-3.217067639546177,-3.8901184169802825,-1.862054720278959,0.39677799068511765,-1.1183337302473835,-1.062169978550434,-1.4668086508077525,-0.9471225741718504,-1.4157828913416195,-0.07389966850124319,-0.6364560022862471,-1.247386194955216,-1.529200241343828,-0.9201597595444015,-0.21649059332362697,-2.1901869989389464,0.21836424890380757,-1.7382336648073387,-2.0990287423819005,1.8321847444716224,0.15376810705493038,-0.6222367125373895,-0.2268888308902951,-2.1577125778062123,-0.25237359257147085,-0.01224661789969228,-0.8118863208101569,-1.4007312670396856,-2.0167586939212025,-1.2553896577323007,-0.8649935205103916,-2.253955834477699,-1.2802779032312024,-1.4768868112708924,-1.8953889922962044,-1.2907265681512339,-2.3129924978388643,0.2577718751861089,0.18372667401355258,-0.13157381360664377,-2.6614157845525783,-0.6833332298368857,-0.26641636115207257,-0.5048605746117671,0.2935169396842787,0.5061939137950207,0.08239116424064896,-0.6335063707781434,-0.9937078995918915,-1.6851251580928508,-2.72680078189589,-0.41766616501660425,-0.2503166282899687,-1.5193516107976142,-1.5997882423297431,0.08065121487858429,-2.0302664296890196,0.03320102296609151,-1.57907392404373,-1.37080136337536,-2.5130568319307587,-0.9616086912232379,-0.635951597031913,-2.4582127534697626,-0.9890420556061637,-0.410777668490269,-2.291643194158432,-0.8983984146984076,-0.6643605505607416,0.212867188408695,-3.866673324049406,-1.6087370766872868,-1.7626949326734378,-0.5707300552494988,-1.0985490054221019,-0.7638343006856703,-1.2561110052487043,-1.860958980578884,2.1696195868853856,-1.0089745612747583,-0.8748120279167494,-0.37693142169148,-2.062585374449681,0.04618463153497121,-0.4372095729270996,-0.37590451250522994,1.2342514179873816,-0.7587247228183492,1.4498421151679368,0.45786729413157823,-1.3959230992484453,-2.108279652686993,-1.0376310268168272,-0.5694475675572281,-1.0173999295456708,-0.3057898386291352,-1.716144327181321,-3.9852294972547533,-1.2645531040562417,-3.36525651745542,-1.0956349215179724,0.2453215904135182,-1.3425877210689592,0.0002076100353314292,-1.9020688692342336,-1.401085112225716,-2.0343929463688384,-0.2585532193682546,-3.1566476464825706,0.056056461206365205,-1.742573728852435,-0.9469851326097534,-1.2168085884814224,-0.8837804646796494,0.6858483759558411,-1.936672391729235,0.46478829039302316,-0.300902044935619,-0.3336726696947493,-1.9383645467747153,0.3731658909098534,-1.0169019311161702,-1.2418447654630214,-1.127940874039976,-0.9074000334606471,0.4597897386757115,-2.0402257399142254,1.9418392406943732,-0.6205873788787204,-0.7736737800499205,-0.7934262377053172,-0.32306105895879667,0.15933001693045812,-0.0686688726282082,-0.31796311908745545,0.8557635160744919,-0.33124415473725866,1.4936866734272454,-1.1385667529820986,-0.08401094759697958,-0.35058161526873377,-0.5280318373908738,-1.0845027102597868,0.3670350065466752,-1.0171077155435713,-1.8903771711530999,-0.8915431047509031,-2.659381518340437,-1.6817381209426656,0.18511523679565145,-2.4675656556860877,0.03692529915543896,-1.4982851016850174,-1.6319169070695643,-0.17400477562406014,-0.9016505604167669,-1.5644371504656167,-1.405108301422177,-2.743127833595583,-1.2171884544701947,-0.6701263147636591,0.3332253544127932,-1.7264102811121105,0.5613241635024917,-1.64440242657704,-1.5570760954049927,-0.08713306771105656,-0.6026339871236793,-1.9829420520196654,-1.417328556213207,-0.7772803914010697,-0.1625476922922089,7.476367396216889,3.801847546299343,6.176132910889268,7.864788786562421,8.741030517976867,4.171022966038004,2.7312883603848332,4.538759316686599,7.3230623901044885,4.293080298528715,8.013453352609435,4.653603885143366,6.058632661055825,5.827142179068956,4.807211357461832,2.465961032133704,7.157130640749125,9.434849074309703,5.928379038746167,8.762554041521556,3.4171728778429094,3.357430476288142,2.6411324184583997,5.772656295226391,6.501793279865845,5.399404850593376,4.747436510198338,5.6082044363908725,5.261614564187062,7.427899212128594,3.258713072298491,7.201356368641962,3.634376156138903,5.7320248214598895,4.617690879848164,3.797003150107533,5.30972776684335,7.068382173659026,2.7575542485207474,6.092662296279047,3.391532237567188,5.193420458042262,4.064657699968811,3.7510933823535195,4.95288674204431,4.782454261780931,0.005523566343790698,1.2474322640745226,4.157678540679851,3.3615412041075223,1.2284708495258747,5.625132742715508,8.287745384888535,5.885605893424622,3.606667300876323,4.675657901282332,4.8737911198684225,6.114629513202427,2.394901994358924,6.501315224052782,3.9605594429468267,4.770129509172613,2.2351242705702696,3.0199052810670466,6.263872810748596,6.008287988452197,6.7803048988870165,2.323387997985434,4.047744651947591,6.416585412510599,2.887362512584277,2.2677555833766307,4.05857882783465,3.669605126076258,4.800102595883349,5.455627031131343,4.600970496188481,4.523136394635588,5.067282047781808,4.685112124061912,9.029661464434692,6.346605601597238,8.119267956289702,3.7251712481749313,8.59926349867101,5.602333111714398,4.052374219516873,5.000087986104126,6.71988665332062,7.052628540574373,4.790254977419646,3.082143533645926,4.400266684432908,5.4293386269905595,1.4905054035263796,8.076444788835389,3.8340254905537723,1.2476562979000976,6.013539254506896,6.93239834178366,7.592561898311127,3.8077384608309517,6.978071906895716,5.729250971266422,5.48745152456397,4.211680451501329,6.695638062397563,8.00292412950268,3.5222292860245696,7.472941317012658,2.815475534096468,7.034153289944009,2.0098802503423947,5.2660330709030445,5.931750769481212,2.3490457884263893,3.952029686893086,6.127095855388536,6.2601333542255775,6.118488293954709,4.342098618861411,3.4419797671892645,3.475493337483557,5.6818902695195845,8.577811176451476,8.02506175419909,5.739716623984924,4.307588202403113,5.951932363753769,5.097980470590322,5.591160798786632,4.73919936848938,4.408574777332449,6.056442907566056,7.268522686284424,3.7878888589322175,1.7314543496472408,5.794980114944141,4.933021779992571,4.893299603317323,6.522918080368866,3.030008658069889,3.610770333477814,7.499650283969633,6.833975722438818,2.6189499277269834,4.041476296507401,4.824010107575669,6.266975688280326,0.23604592746976838,4.0421002863383375,3.6710791711704536,4.096502194636084,5.0610359049977625,6.203100932591057,6.2878458766527,5.4153218792088955,5.4722490967804305,2.414132754455404,4.815541587831248,3.040241336736468,8.550560113794727,5.784646754554516,4.191247499472424,7.633040878410594,9.488348452276853,6.7056531865747395,5.2676682556653525,4.821002006980974,3.1596883715651174,7.4138373194551175,3.600839418688783
78,-1.4612453521583084,-0.13831533874769142,-0.42086476069453527,-2.3339400588120194,-0.42685193313011527,-0.7039821789049523,-0.4230285523011096,-2.0556126309005798,-1.1761496158158913,-0.8838008475170617,-1.9829843086665895,-1.2119859905211174,-1.7603356279157025,-2.8199523650243363,-1.2080571482075775,-1.3778840315890246,-0.3136113622173161,-1.8738180537871716,-1.523335652716888,-1.07997514499713,-1.3260967974152318,-1.2136558930167072,-2.671366468637994,-0.30343618473951006,-1.9216178240868897,-0.7286912601370601,-0.6493196897453085,-2.3347608583545494,0.33038057610880633,-2.022046566330317,-3.2883067351907878,-0.1756410512145986,0.7383259162349285,-0.9566448536002354,-1.3727263630592692,-1.4433511960513807,0.10961667994142976,-1.1900725843786555,-2.0407675540415515,0.015153124893161563,-0.7934511616144626,-0.5534085083950785,-1.4399212502356233,-0.5066302133676688,-1.0663104514930537,-2.284545273973384,-0.02560942667329491,-0.9203638065421951,-0.5000121943280874,-2.1777616243843836,-0.954232004526416,-1.4589867359800859,-1.5768254370803536,-0.8357758917370449,-1.0748930382769897,-2.8744443389487113,-1.484044716596212,-1.6015923885393617,-1.5176015322346479,0.3853449737375607,1.6792606630237517,-0.7849682170764248,-0.4299950357975859,-2.236167159100388,0.6526103379756192,-1.954456565333923,-0.5308542302415742,-1.0736279712811065,-0.9145740173217809,-0.04791368764725523,-1.444471240930457,-0.7898051746155222,-0.15895246754927583,-0.9939691291644601,0.23693142531550082,0.8487907726808546,-2.4924199866001278,-0.8716861752617562,-0.43812519723867094,-0.3618731578598142,-0.3015535987554545,0.4625743996035998,-1.1696734607664057,-1.19936588857175,0.509789274270344,-1.8903555019200764,-2.1087278903958673,-0.5665428133103598,-0.11423776071244285,-2.099747343398703,-2.1224756718762023,-1.7785608743171548,-2.3600968013329484,-1.6400559851629515,-0.5549220031298046,-1.1462270581162548,0.13858077494414145,0.6977759118310387,-0.3348975347789581,-1.2976791842667448,1.1259420573770136,-1.3275151552753033,-1.7404128976273645,-1.1611763710342777,0.5411777487637563,-0.13623770265636936,-0.3316677844298963,-0.8438686004988049,-2.084571038057712,-1.1990938506428845,-0.8894075263712446,-2.9197686822693036,-1.364387244371149,-0.14638286083128216,-1.212710248691917,-1.4956182471374904,-2.214032800734568,-3.3809509134446656,0.04279606882458875,-1.8329217852674526,-0.43367683321689954,-1.0046841180896333,-0.5738985399295988,-0.47534706606856725,0.0412426976050595,-1.4596358048884337,-3.418881730646998,0.03383706485168814,0.8831534984469305,-2.0952314948324573,-1.1080762688449886,-1.9230721557776458,-1.144737658185383,-1.8444088242727918,-0.703444493442192,-1.5387386304629875,-0.992087272090296,-0.20182686171657838,-0.8160911565807312,-0.05821833913496899,-0.28102951827534317,-0.9096443631056956,-0.48648318796647916,0.39576222005035966,-0.05429518729336058,-0.08924698737009995,-1.1020806293996694,-0.20133098087762247,-2.2570256872187944,1.1681305278955367,-2.376276672076038,-0.3512281263119911,-1.2195312095442234,-1.0570416562500666,-2.5087774149822257,-1.4536145207170694,-1.760825138803252,-0.8545339538660074,-0.6496952186443059,-0.813769653401162,-2.1700423437263154,-0.3862155709204972,-1.2123155087413293,0.8697087680443407,-0.30778335156812775,-1.6121176918664357,-0.9228660782988685,-1.2924066390412365,-2.070863442161704,0.7825076825613406,-0.2947042191398487,-0.5076600253189772,-1.7155175963147147,-0.08927292737850256,-0.9051053943733641,-2.54751952235502,-1.3589560524853574,-1.759567844184458,-1.4675042594355234,-0.8257306855227237,-0.06568133998011405,-1.293146676568778,-3.395041086555829,-0.8213087136128823,0.009805965309203524,-2.3683076112820465,-2.2040808115642463,-3.276504890186418,-0.1923156609209259,-2.1087606958934444,-0.9412561639572885,-0.9342272467459555,-1.0442397261470737,-0.8822578547542913,-2.1224604103716884,1.4094990862030579,-0.9179683975374717,-1.6689045169517005,-2.3357324308890375,-0.4902434860814471,-1.5277332713828162,-0.9773748166956773,-0.1109152884490241,-2.1089918093270534,-1.6528397821462355,0.8603654123505999,-0.6011105723838845,-1.1768788516738034,-1.464011495753461,-0.09148754780809676,0.6004947223038479,-0.3017360740687468,-1.094030776553521,0.005247603183867966,0.2694380027098291,0.9697518385785477,0.31676756882516255,0.18151792064421746,-0.04641124203043623,0.49046206417744487,-1.0152952537363198,-1.9772276848747663,-0.6014686242066986,-2.2795990917838695,-1.1707110829317238,0.6377093309364337,-1.1396253975163364,-1.751045843850603,0.6070135871002422,-1.6193837397567203,0.21456894871617038,-0.9038704867608851,-0.815816777435508,-1.3336978796496777,0.39410622396810746,-0.9526932130407031,-1.6632732716942698,-2.378093242694706,-0.9598018451789772,0.44215306382384467,0.11544983886315108,-1.341278730727398,-3.1601823934238134,-0.767641436217126,-2.5333430600528972,-1.1588536131722904,-0.8350393450647848,-0.6545795111403081,-0.41051486868458587,-0.8995592503998159,0.7092226640669008,-0.24181959966455602,-0.7274709890825855,-1.4951914030043962,-0.45828063193472124,-1.0433742842758076,-2.6672555237138553,-2.312503326047459,0.05178802195011589,-0.008256287832332454,-1.9864305334919474,-0.26374665259116026,-1.2103734886792525,0.018568213461889194,-1.5140438491609292,1.0382015073979054,-1.2998197882691889,-3.2730840827008523,0.1988372137400245,-0.8627995260357829,-1.0321572542498758,-0.7508261593737344,-1.42386689490366,-0.2597934583376489,-0.9483350681551445,-1.5355060780004255,0.0765303452381707,0.4721297244051479,-1.2409020769723682,-1.6249564057248944,-2.52437952699613,0.5808602444470299,-1.2444400396770319,-1.2174344883493686,-0.7203653815619564,-0.7683677582376776,0.23464233647488597,-1.5550635971077442,-0.5525164281018544,-2.1699509716933276,-2.0559512889152334,-1.1458417985403146,-2.785632028738402,0.2571926359067793,-2.4443523217460683,-1.2160745791168126,-1.1557682263944424,-2.0737584463964884,-1.2887496559975657,-1.2392162851727357,-1.1984804256190635,-3.0929352966986343,-0.8346300798815468,-1.531630147703583,-1.3421778249650895,-0.22928191239944773,-1.479559471427226,-1.8671418746954902,-1.7176993782720076,-2.0039842223460624,-0.9771735583029598,-1.7774688884185803,-0.7703732693973193,-1.122384107357397,-1.594232499144941,-1.296159781642436,-1.5607104044087485,-1.5382274176263704,-1.7929214361664336,-2.5829428549376807,-1.3174926500235655,-1.1359453031727056,-1.209489891197023,-0.2571212021385626,0.8108782059649764,0.8934286495925869,-0.24673421019101283,-0.4583233184226094,-1.2993778885191725,-2.486533154063827,-2.427625370742841,-0.7302771661240698,-1.0204035203514836,-1.803291971697146,-0.10782196106933872,-0.7200647420134991,-1.1647084063952282,0.3828327260125304,-1.518993650097627,-2.817588898947686,0.6172147079044528,-2.1077143193437955,0.028903165164395173,-1.8545430440275399,-1.8742827731878906,-0.18875926892623307,-2.80054609335991,0.022556906910452534,-2.229299555915836,-1.3330656279403585,-1.9578311715194323,-2.546040793215105,-0.5828681001730253,-0.4639168696989413,-0.4144690496576182,-1.1491084569722803,-1.8463176954182283,-1.7747244078246256,-1.1557964312524827,0.6258600647478043,1.3414562382198598,-1.8264878024522635,-0.8899483926003927,-1.4837392795094315,-0.3208654475560373,-0.20053231210794198,-2.9745110647368906,-1.8953857045725837,0.12488089985035389,-0.5003520553236847,1.5116220540457928,-1.6517299649534212,-1.6930888111608189,0.264723020237976,-1.4815701082392658,-1.4549508274320648,-1.5952864185000801,-1.0043806641581252,1.0126680507087276,-2.0209566308247444,-2.262862943950565,-1.3016021021839341,-0.4151127300880706,-2.066531799826906,-1.9407923704091523,-0.4177211994859108,-1.4353079316139898,-1.567664321169882,-0.9646758624462006,0.23064280605502563,-1.4474598424934275,-1.0934815048619797,-0.46687696605129736,-1.2088227047211926,-1.3915922674076213,-1.4166113423298514,-0.4147808981892863,0.48038269023523594,-0.9867469921676318,-0.6130382235332914,-1.2650940103558168,-0.4433652061883684,0.11487149782644157,0.4585331044206169,-3.4030286199477504,-0.028477068464699773,-2.32142226705806,-0.9295789458336449,-0.8633069407949603,-2.1715634075447587,0.6255829821042509,-1.842245788671633,-1.5218190331575991,-0.4415144973169446,-1.720067245712213,0.4475568998243775,-1.5187254092388565,0.19493132346901865,-0.4842566035386713,-0.047402416380819545,-1.3241917854595795,-1.4738445939167737,0.47923219879365453,-0.05837768104171315,0.10055776352966839,-1.340940661750357,-2.5162406012621723,-3.0674492603737114,-0.19737311290883497,-0.7367040671207196,-0.9808208492020898,-1.8874229883993499,-1.0729406792094116,-0.16838617301170644,-1.12576057609981,-2.461003230913032,-0.21672992365987787,-2.3842520698727623,-1.3527982118706467,0.8853186767046726,-0.34430015391602753,0.38150825156244683,-2.0037010465094554,-1.333609868339729,-1.0144315507843187,0.0814312009641478,-1.10117671341575,-2.4646239911519734,-1.7866293921657348,-1.7804132713306118,-1.4520231797239713,-1.007266407104044,-2.7196567868565817,-0.2564937203262847,-1.2221981743817796,0.2754924565471448,-0.33090609673083815,-1.7343823412640162,-2.0385964821174243,-1.2324664971493038,-2.339526958957184,-1.4308579968170068,-0.43935570010585945,-0.2681266083895735,-1.5052043627222513,0.04586800583599593,-1.3933810024004405,-1.7223692262590637,-0.7961119906818244,0.40555455090085313,-0.8983754592936708,0.20586268229315974,-2.4170169983576137,-1.3763191659070484,-1.4450831131243316,1.8380730922826758,-1.9898218864053576,0.11215138261792057,-0.6672688160227123,-1.2348868444624035,-2.43172051093802,0.09377971962617582,0.031029068106430024,-0.9021943312834595,-0.590047577007204,0.30438300382076844,-0.4068073459472217,0.2938947152660538,-1.9631905528849396,0.148748056034127,1.1449600304380994,-0.25581613761794963,-0.07781150122080582,-0.9784816209078442,-1.0723848411014705,-1.0808299830162555,-1.657867531244824,-2.453181811606998,-2.05215267029316,-1.0705010499629932,-1.3190390029342915,-0.5394408529740102,-1.7735867407391397,0.39839010201428193,-0.42008695855810296,-0.597879036882133,-1.1232961635083327,-1.730530731834794,-0.8192685617245565,0.4776052619549134,-1.9764050084623301,0.1112953936564689,0.26796806292183195,-1.0810498554127603,-1.0853661787320616,-3.2422855163350204,-0.9074000069956581,-1.4163105408189045,-0.44536523699924935,-0.40081763311814167,0.5317386331633074,-1.2992656067148598,-1.0762435668736932,-0.9184774727337148,-0.6919165615848668,3.200023738016791,6.631539791762559,2.2242434585143824,4.254722927056685,4.1573140861681805,4.62976246183995,5.257501912504416,6.367696910716088,8.598843005177224,3.8851958352888807,4.148678035157144,3.8434414608547036,2.6808679709241434,2.587686534336007,7.446972183329228,4.147412557418905,1.2911745356349278,3.106154635638565,4.794425061346355,6.966497795331517,6.016863663393282,2.7150165694769304,6.655806043966699,4.207261085563169,2.8158970121337212,8.224878957782625,5.333320500523584,4.354172074084098,5.554594807951165,8.144047715555285,6.203671574347001,2.251188650977537,3.072144842241655,4.3706070871746805,5.03105564659768,6.75188875077292,6.13924755703308,7.670273023673955,2.6445753872875817,4.89236912682699,2.9837973730528264,-0.10455771406299963,7.181244816246743,4.256447448596416,5.121957536983955,3.059554681931449,4.615778742408488,5.776675735022838,4.423985982403542,5.195120821330516,3.6901156151155114,4.2455050860237264,5.506988593854404,8.38361140393559,2.9986436966329717,8.115327079713541,5.226816195125527,3.3125689666223366,4.531287183755432,1.9575475235110775,8.1248359134843,2.9771078913393283,0.6638799116434138,2.816686551663905,7.217408854143969,3.42588295896092,3.5412257945768606,5.050690424631865,6.809405891632745,3.03850768548232,7.516622920737081,3.582300990012194,10.443368916088641,3.282933233073941,1.0927989245522585,4.74012979739282,8.423116010094983,6.346703532470424,6.458438153799424,3.167277315339786,6.4059155011655555,4.585885342288838,6.489744700790113,4.493349941656588,5.297854061339139,3.2929476769545216,4.527469533655898,3.4011965978629384,5.899199180390142,6.641753472951208,3.7138179350893115,3.2951029358572095,7.842266170401809,6.164055543458944,3.917409088763155,7.659504274116442,3.9922221930202304,5.590328194250073,7.3977263547039716,6.928283180593743,1.439000248840037,6.222471514145793,5.464600404921684,4.790635090360078,6.034725823022921,6.32769826852487,7.09788437648227,5.896261587638862,5.15067195221701,-0.7656531979170431,5.823783421492299,5.31657809625287,6.057678206567862,4.910395606319046,4.579163123480905,7.231139443533348,0.4794641904831396,5.678188997890037,-1.5297227235668993,4.244899064637715,5.215919464312175,1.125220972705352,6.172632127304757,5.305397869908458,5.309200080115352,2.5346794103807393,8.127259398013564,6.5728391927392,5.285639053776188,6.810126564349547,2.667649516601541,2.4093806283561916,7.239986101723107,8.001683588866177,3.1065688456479084,8.26968650487392,8.549778923183052,6.369654918920792,4.190305582240674,3.204688206019596,4.952837903434365,2.6984872049615074,5.210966143911823,2.487259074988982,4.065226300503924,6.668012156724279,5.093529327709312,6.956923907469758,8.276430499427562,6.37316116439205,6.856474157929934,3.1051134848357282,1.7975997401288084,1.9062472565933466,3.308876285303934,8.735146323334853,7.901516016675568,2.514172722035782,4.650533260794426,3.0027485143724286,3.768319300272598,2.2314560136056665,4.712188001168216,6.462503462917575,5.953845211577826,8.287238520404028,3.899375151703526,6.113247784991177,7.2555506621662875,6.230863970021284,0.3551115905731086,2.4381137330216816,10.90353966115509,4.724556415382664,6.229126292200473,2.0666330931576407,6.137241264854315,3.4833340652359253,3.628189562667937,3.357978479111848,3.8214539545595656,4.912509386399148,3.3308473153683114,3.3239427206086902,4.688688258641751,4.074401739461449,6.832411054484339,2.6857637222373048,3.3511486998888294,4.2978549271641215,4.191931362949604,7.933649798455755,4.968661488342345,3.29739404676737,4.093337815939464
79,-2.0101756990370427,-0.9171810057628671,-1.2710755017052568,0.22640127214154937,-0.9740169907587302,-1.4378943957978714,-0.07117347903456717,0.2600625334417217,-0.9576538296318365,-1.362702053970619,-1.038949722102773,-3.2652833150522755,1.1417114912608453,-1.2255876611320886,-2.2062908157503065,-1.8268516943712991,-0.10301552655005641,-0.10404729264049883,-1.2497726252938588,-1.1896241431366708,-0.5228143292706415,0.2763260005340329,-1.7038026294437494,-1.9142304091320106,0.9178970488071838,-0.21765310439569063,-0.5090690545420877,-0.2720590598481878,-0.4074021390427335,-2.3146369198092973,-0.16015904937863445,-0.3625095868327809,-0.7404899284921951,-0.720204877054316,-2.1614992738377348,-1.532536059133214,0.7312371551555816,1.2285893013002713,-1.839452465018828,-1.7880444775150892,-1.8692400042092583,-1.1848384046105167,0.8630579391642537,-0.5813234652606654,-2.973181446922622,-1.718518943892704,-0.956469967208835,-0.805349454664243,-1.774041760393175,-1.1310640275394506,-1.0123483557038413,-0.4809460182330173,0.7587220305527762,-2.023530126943538,-1.4603191855205968,-1.259279127826485,0.48099766328383153,-1.2395134726252737,-1.6786704153173568,-2.0816674298546385,-2.308253698093118,-2.3417263695582156,-1.1749487438669468,-1.8677504332400405,-0.446463052600211,-1.483906075244643,-1.1538560375807814,-0.8564566946158687,-1.512779313693006,-1.7475662540259513,-3.0229299965081795,-2.0741178447245354,-1.5889769244741474,-1.4361608290896617,-1.05834069688927,-2.148952394216307,0.7869062027584848,-0.5945364641115232,-1.1066345254295669,-1.5153846398541955,-1.4904109940089354,-1.9629099945162505,-0.010308833455578092,-0.6541023849371763,0.27452442179034287,-2.0764510829401672,-0.9467365662353953,-1.7303613982802597,-1.9257791136479347,0.3917852527621679,-1.7286674284466788,0.12602527808852293,-1.208733056516452,-0.10236144287286597,0.5377847812563905,-0.23405057524557282,-2.350401141749363,-1.632678678024765,-1.5334928451545133,-0.43011176912912175,-1.1212546273847,0.2026514066492604,-0.5345966884154277,-0.5806610313180598,-1.8421622099056254,-0.9523209124866661,-2.930006984277818,-2.1799852208217105,-0.3652759433229209,-1.8243684849592534,-1.6900869733562116,-1.283617898947269,-0.8195234791786155,-0.7520717748606534,-0.4168256878185177,-2.8505289548271278,-1.1208076753992302,-0.0846852032548091,-0.20327640270560554,-0.6241534868307679,-2.412442263894186,0.2736272953705281,0.4149984249690384,-2.2977062218746633,-2.782791200311733,-0.7421169044136509,0.7611507271014797,-1.26014701871809,-0.760349835983368,-0.15323119388680084,-0.9022991245931504,-0.9697650609053142,-0.406619839496966,0.1192792989596605,0.630296242130518,-2.010195954000733,-0.6363925477205017,0.22220302188070762,-2.8271954948811944,0.8295013070867177,-0.6500182565203334,0.6119554203680746,-2.5762212688352353,1.0372211602303736,-0.9987558316546576,-0.3507763016994786,-0.6957432963466877,0.5994510203284706,-0.8506537278182263,-2.521264386004454,0.011036681398794546,-0.228420558732931,-0.7960652898502997,-0.614708914163818,-0.6922734148100664,0.4980658284798025,-1.8839515267190134,-1.0746150896063975,-3.233843254540969,-2.3598357912079893,-1.5487262452265016,-0.9069312431372972,6.5512847725223455,3.0828429597903826,7.233640930977037,4.195559933553613,-0.01476777826859621,5.407688052463354,6.399404378566899,5.959537708464903,2.823252493067696,2.0916413101002904,5.398868766496349,7.827902262647427,4.2349373031362125,7.071875029469313,4.260275029542419,8.389402976773557,4.769842474655086,5.667986151483105,7.641801022007907,4.981607904722227,3.1378209833226327,8.1752024582259,7.6330417380197035,6.520883474180681,3.306569428540736,6.830992683731929,4.602203114391508,3.0830399903751577,8.784946508006765,6.765079336993299,3.768595736368516,5.6912351602028615,2.8217929330516256,6.217441951111116,6.043029816298093,6.847713627358095,2.8662257732339875,5.653104722072132,5.244096623630867,4.782572355494851,4.8349635428552515,7.663239284135953,6.789927706072995,5.652967774427538,3.1215012613527664,3.1027557692226946,4.621850073880879,6.212002098218762,6.055079879918782,7.910894818661441,3.3847279276245206,2.8778631963501593,4.763940861910972,5.660390531735661,7.259754274515789,5.351051396088886,4.338614263273039,8.695768318598502,5.816401625263442,3.450251904188511,4.883272912815069,7.7701933459862875,3.500507031474065,4.268145797169709,5.274880496927426,2.530224162160801,4.06751985922469,4.734366019546672,1.5424938125134942,-0.9441184070767212,3.7790779491207065,0.0014758724974903714,3.0574524468125723,3.68764349626513,3.25528627688484,1.732987617845834,3.1906190761151834,6.49181019916526,6.3878958430966115,6.0810743815014,3.666030112134814,6.459340935668119,6.956502179367263,5.616235224190909,2.3000936653943556,5.130421603175852,5.055183189032054,7.043195301001087,3.186775590178245,6.429506880125962,1.4900761985125013,4.9419487048712725,3.817749864695836,3.457780114845511,3.6570993953906346,5.1964722126502245,9.61469252132992,3.0722244653886768,6.2279508267504635,1.3833606537882637,4.601444377545598,5.8440807001898465,6.381527773541554,6.339079239742789,7.407433898844179,5.43196357819236,8.211472891830796,4.118003997910248,5.264204884898886,7.141688322583783,1.9739647838785692,6.900549006177209,6.091966015948984,5.407442077210584,4.792324714891991,2.7368999198890553,4.556193980171214,3.245217171710842,4.029903958287337,9.489730893527756,8.00270388685089,7.16781021668871,3.3472995475947602,2.209331387535535,5.31855071549134,4.957328970379973,1.9069894879191294,5.6944485064735755,0.8451895587134919,4.356463163185549,7.091568916132875,5.029763126344308,0.4495441531513018,5.228250254992974,5.709119378228662,4.5555970226318045,5.678194107776999,5.840697652259964,0.5010236979118181,5.116520486131316,4.79978919843803,7.593731027583841,5.7291053515348995,2.989088381520664,5.436960974812058,3.1437286917105087,5.65439432092322,5.306603756216595,5.580478737388048,5.100197007493779,4.897411938108968,8.113475943531448,4.846526940341356,6.142849848644122,3.809938927675533,3.6023104995870385,2.5909334306071807,4.486447821297399,8.156565261457686,3.275437139245633,3.2690409751113103,1.3335715045596568,3.0679678635495864,3.4236820128581993,3.9926844027170154,3.977951586391127,5.749972648100253,2.4112256305077993,6.4411932411581985,5.9568671375641475,2.6216135996480676,5.227961320163199,8.511212617046628,4.659056551097532,-0.21238494573031996,1.1939217284420884,4.790977839675593,7.3226627475227,3.0722236800861786,4.415812048091954,9.057629876294742,7.643109044396572,4.81545852275613,7.034545258654717,2.411499875517754,5.322756627683273,4.716270686061671,4.565278482572828,2.2135726434934146,2.69402212497476,6.615485136041313,6.196903220691446,6.152096225408723,3.867854992274946,4.034605972406405,5.205677068731449,4.464092382665045,4.610253038929256,4.838192959031319,6.097611625894821,4.469081835764735,7.387655363912613,5.515210178092345,5.800149601481997,9.327681588566868,4.563752822120398,5.057474353813607,4.153827550365461,7.599455050889286,3.8408088047901505,1.5289134880633988,5.592784624468862,6.039148940998691,5.454437933564667,6.430424104494929,5.911512586464302,5.014555181554948,5.244744379575002,3.6497831396630325,4.792088533729773,4.493907095619768,7.454808782465266,2.4096180841246815,5.697398302807034,6.769488929695182,2.7260031328968255,8.390113823983327,3.889964839192557,4.853399671232241,5.701568744563858,1.8146501355149742,3.5833642310196883,3.806864844501618,6.5740021119080545,1.8650662815081662,8.049985195378609,1.4714581962848468,5.136278256623992,2.344461728843212,8.662456705489541,1.6915163008151621,3.377529725588084,5.269621014179124,6.1380676926866595,7.799829825241579,1.5691761831357733,5.217310144783262,1.9576734990605948,8.117301771581875,2.566230187213904,3.314162012790285,2.421673171977913,5.2865724615549645,8.572019073470688,6.241210773907667,7.441163349644715,5.406195441651111,3.382913931052683,2.7922365990740348,4.347132874824501,6.471706276537631,5.562359794236814,4.953361358091965,8.587529183346135,3.214352975102958,4.133961919404638,2.273053546757971,5.232443413944346,2.4948246898610327,8.355552102342346,5.832393032565252,6.33940651194468,4.514379931015062,2.5478819063874387,6.548845408838792,0.6545413563742306,3.0480785725530017,3.6975305356158623,4.498871613944853,2.677535311074044,1.8306810783055814,3.344752114115562,6.61469879311311,6.860476405705754,3.9002536108095063,5.56448085866335,5.953728970696482,7.092945104458389,5.234590254869889,4.010107411434712,5.53473175649166,5.424816013052594,3.7649769603068473,6.423577142537575,3.6088858438870064,5.135667590887735,7.924254080868851,4.346322640063037,6.835495510788227,9.299797195863285,6.766446562290727,2.7747164916314384,7.2972953193551735,9.241835278114358,5.474722456186659,5.6653160556554765,8.228721818526981,5.865629099667399,4.416824997295336,6.845251715752919,6.587863538486033,7.84720256969209,5.414381095258805,2.7095035220783497,0.8242706390260768,4.8397138703436395,6.962787867133872,5.18695099650984,3.9289092287927634,5.76354424399917,3.887493427689483,4.013304596183762,1.6489505149356778,5.232868428256806,1.0422447072445675,3.367432261458865,5.370596095454953,-0.03492448374887669,7.915826826795218,1.5471416064031374,6.842581432659379,2.1100325347508666,4.956874714563368,3.0561939335841304,3.7182896172307016,2.1966271727761835,1.7673118653307665,3.2152629878029653,7.2970848966185535,4.309414205540828,8.902855856653076,2.42046729714972,7.195925034594745,6.869597486485144,6.398884911090507,4.113676376746345,2.9067219874920402,5.133896411681446,2.9486615352257366,2.2126283425855284,6.826573742867383,3.9495738996687306,6.662403982744337,6.857635137105887,-0.03258824179646158,2.76528994438117,3.9959770746188927,1.8249803384150067,5.127491251036237,5.293709596711676,6.523981367615869,8.262731657099772,8.61184835606333,3.0583534406350568,3.406582139965715,5.17515037797021,3.51703839137564,7.876066050367176,9.176846048413271,1.0438229449265353,9.422497717093144,5.07533884018459,2.1447282937150316,9.313467019312993,3.7523889264368226,4.05475874825394,4.10427093745404,2.559381394263638,4.655300973011165,7.213257461663206,5.471442114906319,3.5210891437201104,5.26565248414177,8.322197845738147,5.673043180018106,10.841828879628014,3.5163097332415907,5.958910828232078,1.5562118776856155,5.481141643354304,4.820836975622155,2.699387939096541,5.222185321028504,7.078240613869761,3.956677630442108,8.13019376937502,6.242712123865617,5.009244781501918,4.3957027770743995,10.075337051142768,6.652181180190497,2.500355083307449,6.288017559398743,5.2418145247791506,7.366435020786719,4.195893776187823,4.035978339130127,3.8808227440436016,5.795808320588816,5.584011048024989,2.7534670897374984,6.7941374685127425,6.632948108108695,4.408762957467982,5.817833855977545,6.122617192870018,4.291212749313922,5.847895887575956,5.403122180025832,5.838368172796742,2.079666096090405,5.687610455065621,2.6181671981807813,5.115314943150814,4.747616747472354,6.2502753555933195,5.584576963808467,7.585989498927792,6.312511246011592,6.840176809021596,3.8040552269031536,7.788829288323934,5.202871178386969,5.9312244186251215,3.2826982476409983,5.987614545511304,2.70614441233835,7.838301421236389,8.840590689211648,2.448421092524863,6.141117438411618,7.352401247139321,3.884325894869974,6.254652577067313,4.350882793262911,3.238578880344867,3.0329196160111627,4.75537865689382,3.269232338932788,7.6076529302186975,6.2483727718525275,4.532802593220892,5.041558270019284,1.1529929416053903,6.167710450391746,2.4645016463466334,4.451220989147117,4.295705175262999,3.811432830018171,5.600812203620983,7.611158052434008,5.761382734796868,2.5796466863085437,2.5759163846850766,5.724524801673924,7.54371224087687,7.3199490609110285,8.285029361864417,7.259910290613599,6.359665779126623,4.668018182557892,4.941315259991478,4.94077415749356,2.861992615467011,3.900894630484395,5.536698149219714,6.656519614614553,6.936656066045046,3.527952711948471,1.7206890464139093,2.415080418721045,6.525422431878657,8.588998150588411,7.502039190500227,4.411271647743073,6.394342584181861,9.32119334837842,6.956800066105307,5.55485252199478,4.375613798101365,2.8076058017118215,5.233852808963462,4.375566712759525,4.864884253738344,6.0275685004275195,5.181907940298377,0.6149742924825254,5.561605542705181,4.962356700651243,3.0544355402762386,3.4535888431016057,3.6224311306542463,10.539581875272276,2.2613833191821198,7.954695475697251,5.67505505255263,4.423412674546866,4.856421303410763,6.610865405292065,6.366763099786874,8.246671395671873,0.82633970790957,5.078911951860663,5.611735454547842,5.236241314872179,5.05096676953421,10.732115158783785,5.813850177681836,7.430271915567642,2.9109771565636975,6.718735798519586,2.91878409181874,9.32569631695856,6.245315377018953,-0.39597705192580257,2.787017582150191,5.570390102635664,4.998119064434736,5.210391831130572,7.351096902614114,3.30106196626103,3.078381020715567,3.553260124616634,4.000777186541864,4.754417179451333,6.738656123294442,7.530344218995613,5.537068870785576,7.311590293383054,7.000857508067836,-0.03972372687697767,4.828055359137021,5.284064347491575,3.9653102815421777,8.045897937182584,5.74372575703844,1.8893319763963121,5.968792917586316,1.1313171982264714,6.65043562426311,5.247970109531242,4.816407900724103,4.547739683211469,2.5238037956263386,3.6700900799002176,5.456358317438067,3.075691569843682,4.749931534061906
80,1.0652682980221404,-0.7308476210123174,0.5434281386018918,-1.369504283458172,0.37634061915876793,0.04405009661977255,-1.7997912583589,-1.1821871098783177,-0.8811460073726357,-0.2960967588641664,-2.3704295593880786,-1.255243371309557,1.2234922127583494,-1.5806648473188543,-2.1546425899969925,-1.3938559033064513,-0.1601859754505327,-1.8716304887906632,-0.6744486085475068,-0.1154953795387701,-0.44388336661097216,-1.686737374209009,-2.7552314015021837,-0.4730928018809386,-2.09010041301965,-0.66173041733719,-0.33235392838743694,-0.7048010471953751,-1.572860193093125,-0.060667287457618624,0.3960540624099622,-1.2821713781332884,0.31289954602289494,-1.2852473402247404,-2.5929203258100957,-1.2095365086147083,-1.5799890065079065,-1.5535085175130905,-1.2080353303211155,-1.5982842807076167,-0.8168102383934991,-0.9890700125544069,-1.0792964204226023,-1.5563868802053633,-1.0687132812077522,-1.2752102147831348,-2.036938629188397,-0.1801645576615044,-0.5910297411400764,-1.3961167418270932,-1.7525979409340295,-1.0475658519426339,-2.5157547471553183,-2.9348974034598365,-1.4417759873044003,-0.7369720017943708,0.08441838197124918,-0.4204671264643891,-0.7271000885767985,-2.107341450765711,-0.9636516494113722,-0.9636786864959379,-1.396485119445039,1.298240658536097,-0.8455299575821213,-0.2748767225314872,1.4093920956725974,-0.3899578357112572,-0.8226867764237644,-0.06110695527609955,-0.46815979430397137,-0.37532131212387687,-0.30530172850516957,0.5474250081133427,-0.8284302703643214,-2.5288873686427173,-0.6409693468018208,-2.374124832006607,-0.10843273183955049,-1.5438561661496473,-1.0647209806943754,0.45007377702009554,-0.7288689869288761,-0.7484778791843125,-2.8719238650810572,-2.8376163564636165,-1.2960667702076176,-1.8730345061475808,-0.9828725101110136,0.5068412965253841,-2.14379724090581,0.19798527981340253,5.860558931604371,8.730699964964023,4.806473120452739,5.130675163836396,4.7120496019272515,3.3128255141100977,7.230883867645215,0.9267890320456385,2.9116623562766777,6.817651704289271,5.519011615997014,6.078723463651588,3.250371578895761,3.6347687552430177,4.955163608025594,9.307992990472993,3.229823212178675,5.937156613686727,3.8066730855369437,4.978379204083764,-2.0590617071009127,4.742481248749547,3.529755620815616,8.325423985200391,6.4033801634097935,7.072353581042608,7.684502807904247,5.169459961884332,4.344675569942812,5.579899169067522,4.537598718766571,5.6385920352679015,3.515274352286414,8.78139049284034,6.2414417526394175,5.117084850489859,2.1252239615883783,2.614941521984021,2.309405018529618,8.509390180815737,4.20879371837225,4.190077470657873,4.336286575619688,4.728530451933229,1.7554070800955341,4.739326472202588,0.24204296920146628,6.789555992371629,1.1069445501526975,3.3067128844195723,4.566901140480418,8.12817012469467,4.475235439576508,4.848483335451279,4.3926106253612005,4.060723849207171,6.227352649165594,6.748773892340921,6.293761848628509,2.693228550056482,7.856282136090959,4.629179351897531,2.570083504305156,3.919717040332872,2.4687509500190687,2.1738590813199887,3.5297080460521237,4.098647478322202,5.313441876350035,1.9797073191834689,6.53198376219645,3.4240914236005384,-1.3258167712358224,2.5441563537014162,3.5063772320972753,4.899842725285661,6.997660193562513,5.533383418308373,2.7471254344799068,4.150642240972645,8.320071916483338,7.693420404275539,3.506486535454936,4.5117796793033875,4.5850452067862175,6.365617797144006,3.1234374902620967,2.970962059862552,7.396267229396058,4.572879984205876,3.2005628799718955,2.9955073534194896,5.075983762606176,4.92915895849861,3.9509046954675355,2.698673435385146,4.313887005865383,6.135355439752171,5.029777142100927,3.232998984388577,3.635523457143222,5.494517053305571,4.791367743770608,6.355037811092581,3.847251377186115,7.048464005449562,4.570651967349825,5.205957662157785,6.949094987213721,5.736661250178217,7.172110535542925,2.4690692714387583,7.369752520356915,3.4694209729794823,6.346147507860378,3.1683263165346336,0.02931960342510731,2.9288534247746574,3.4243584002444574,0.23574980293729997,5.108094703190794,3.515017498304709,2.4505682260361983,3.746139904431077,6.755891636622868,4.8021696132865745,8.813989795374503,2.0842790994638953,7.357302728451691,6.145669580513214,2.1915224857539695,5.6092442091593675,5.841110224981004,6.479967278088223,8.488791344317946,6.954291238847682,3.254713810760463,5.674578977036668,8.11738417015713,7.3210065869862095,5.993155151816132,6.643802293367492,5.518166237714735,7.194622185628664,1.2427302619847653,1.822016748904581,5.766501929383958,3.8232642856458723,4.342691019783493,6.4741251340573545,5.6208380705399605,4.748803190650383,3.696439492292333,5.398302994043848,7.563421268023173,2.3643884268508684,7.750029940078438,5.51464757635405,4.084815169459454,6.268917645782569,6.852513375459522,7.086225488972486,5.148579843992992,4.019445487709646,5.622514045316465,4.763659344540027,6.286782853102292,6.400968772979218,5.6887911340002555,5.557469913010068,2.663330441601951,5.649164992266892,1.5532497177581708,6.752102476718891,5.6857865404844254,0.002951469609180357,8.255704368337065,6.891570576592735,1.9937125630148373,4.12571269511389,3.5277689728059083,10.4863470960559,3.566294986376348,5.814442088613012,3.8187842659102973,5.30701299086509,6.937519890058808,6.80769144767965,3.5702457039419198,3.6797252900897197,6.336579033145846,6.313561976221872,1.1509640175058689,2.634912199689067,4.094229191446209,7.020424905209048,7.0331493494223665,8.11603817796383,4.126794772640142,5.0766937143160416,3.834893194260298,3.997535378521445,6.303295662638731,7.215508823905571,3.2186199537759355,5.0357808650186575,0.8444913384829427,5.283204444880679,6.8890833812760714,5.120626481097828,7.7010915931184805,3.1909150885090534,6.914654521796351,7.736048554420865,-0.38202612984500206,3.8625156888356518,5.088366601490313,7.214858980115586,6.500862857557177,4.8788652783513475,5.208314152884768,7.6980545420705155,1.7540408330642383,0.14343634975839858,4.436055330257305,5.824198445294721,5.15214462822173,5.463143769038711,3.8978412350549476,3.1888055551705126,2.9659144784489766,3.515341414377473,2.796469581536274,0.7926823638714833,6.8668684993631794,4.4266894808423185,7.854548246923269,6.605885439458495,6.438552307656169,-0.2392578011552775,10.750185913837097,6.490325592809691,5.588700040279755,3.75388662381594,6.732868397136665,3.187808389260245,6.568407267394596,6.017482690946769,6.018388012413641,5.947598749095096,2.273575494260973,5.29206785233063,6.490857562302027,4.745747741452191,3.088419170466751,4.6676394367934035,3.7337734301686663,5.665660095882334,3.5670758986982922,4.457288897633631,6.863849175427236,6.786768150320675,7.479201777235081,7.063923664602281,9.147980362617794,3.156959615834764,6.945788311392221,5.260189833150329,5.593368538260512,6.1261629553393,4.539288863903591,4.530747728377469,9.417545556107644,5.094083560738514,3.3545166381572624,7.265376643266227,4.055099522182292,2.6209452254791463,2.2473768618044927,5.827622462483607,4.903012021860616,4.145073034537596,4.509128771939452,2.1163439812376166,7.073342810511459,3.9728618255922976,4.593111702343849,1.9465026623571884,6.398202179618794,2.900518269103477,6.234254713183411,5.87855355455251,5.4580183895881556,5.097622461059007,2.680093114962653,6.04586156788893,6.126313105253953,6.192199993684097,5.9285924311186475,4.433515492733585,5.626557014815163,0.44621486396090493,4.066445042895007,3.0340305157922165,3.360133344382664,6.412264770474461,3.2221211370120626,3.9363409570649424,5.336860582351461,3.0407660495512765,5.389617835590239,5.9465457328271505,4.461486370182699,3.9163007587907015,8.741960027581342,-0.2747959507549558,2.6541924027706116,6.461832496423523,1.245376109356274,8.555424515745933,2.9453756191140044,4.6005973820417925,4.409158050981407,2.1140038447623963,7.038300300766644,3.815354011244364,5.379135405027216,4.669674836029838,5.209546073055162,5.120205892894741,2.3523633843191076,3.3189417453490044,5.2985937219548145,4.925817549285834,6.314054542868954,9.539339838869601,4.86957165100602,5.1512042839955345,5.2771723952553815,4.7242411353890645,5.998351169602282,5.474565639819299,5.292101200089393,7.2474593734169055,4.213897471373801,1.8459065855348222,7.711541378232741,7.006537247153774,7.537626861268254,7.818332025584089,5.809911992703535,6.989279951613776,5.154129808842247,4.266729835135778,8.002567691542668,9.219772385382612,8.320359169511313,7.186608616567798,1.461719234882636,6.980187074587114,5.128253999212053,3.9962116220823667,5.73004884094662,7.0747400809138306,5.891011832959098,4.719292778260106,7.277586792698317,6.220379990188215,0.9060539523753688,6.669623727355199,5.3452586396375485,2.221672727428057,5.908868088214249,3.1920609636295225,6.635150083324275,5.2472624544430335,0.07498516978828018,2.4987443594560856,4.183794729051545,3.8404810735537662,3.810507803202178,4.1141424561678885,4.455092917850421,4.621873351738281,4.671184995373609,5.032377214424414,3.54110312062574,5.673629667412719,2.6248279191219988,4.878833262888476,0.960720584384708,5.45910712103247,7.583671486751088,6.784700886135948,4.175165737544444,4.566352798365208,4.289471536426357,6.7772260737941945,5.100844865426341,8.923066428640881,4.547430470666172,1.0210616114525446,5.1141194798347565,6.966283016301462,0.6570251443033763,4.090355244911768,4.847084294403603,6.399067223894376,8.308398612659484,5.302323703595229,5.1393092551709,3.389135156297641,6.737340568759704,4.712635916669834,5.014408165259084,1.6280912974355206,4.16658592902267,4.03702084609704,6.521204779976918,6.469452422842818,8.61673816977476,2.6425107349892443,6.231456531098907,3.0941135354513114,6.072806953031612,0.43316454404562243,6.4551908703085985,3.4188204916023737,6.566522690734114,3.8716849313286787,6.01668301467939,6.005504516071108,4.743178615287672,0.9274487944867875,3.9456790444254892,2.1869451352543754,4.080560163225739,4.229352541795924,7.441674352837751,3.2693910563063793,5.408476635994678,5.216917583664445,3.965967998193273,6.61763829799885,3.6245262117675354,7.38978324744444,5.218879066876715,4.8747293646102134,4.783176087677234,4.429048317601414,5.903030165110917,5.330632442857106,8.158304928683632,4.178271749229171,5.2442963811095895,4.399091655396083,3.1142847612289097,4.385511534472843,7.826227903495832,6.147112865037224,6.472097228287107,4.292641504064248,5.63703932340651,5.96211067323102,5.369126771067533,6.9378611862123645,3.1855042854933995,6.749884066801815,6.89674913762928,8.442933952645701,5.832922685754891,4.3075167620314065,6.4076568063962895,4.058694449174675,4.386469303813087,3.6907301328341076,5.701045615922197,7.500153254182878,4.711933064341035,5.114862438445554,5.067240460393861,4.797076294487394,3.5360053136604384,4.858301367242427,6.753764524220051,1.439640980717242,7.039548485260867,5.990486362837507,-1.3988612740123427,4.129798770266628,1.77711646433464,2.1890936392568365,2.1401918955036923,6.664914960475851,8.26556112990663,2.7842104930602742,9.747110059579146,4.275372136377454,7.953237501311578,5.548116170353152,3.08927903380434,2.5892777258170296,3.781251005245014,5.4298194770688175,3.0629936181789015,6.622740377732709,1.135111072278618,3.224378395500488,1.2561177270072204,2.849316374197849,8.551128229983624,3.8913096259045616,5.119851496157269,4.08272705815013,4.5819839397686515,9.216842732421393,4.090571973836478,0.5719681437280215,5.492230596265,8.416886087851086,6.214197498446145,6.1845352142318015,3.9166084236406133,3.8921977525580376,2.5894795601781597,1.4180928546933895,4.898162002175271,6.224875301210455,1.0876355954765753,3.1657476435372365,3.741438638493265,2.247671053386375,4.170846715584494,5.1062832613764435,3.672285708807065,6.310542120746493,6.8794344107446745,3.3989370425244543,4.253296048323648,6.1314886826761,2.461952392451002,4.368214081757701,2.1745741971100188,6.096806200928929,4.18415969158926,6.152366228474072,3.155996349042878,8.383335094309755,6.964910036935918,5.503274215470445,5.946538472924049,4.909500497956603,4.049134822066282,8.141324901211147,6.013186613370648,8.528607632089598,2.7367357321601276,4.192336657998808,8.328889710250797,6.524926853737611,4.279497725718684,6.821847983236312,4.445809873353914,1.6340132491398491,5.179875796079108,3.753595422744548,7.206881162192298,2.9723105270164085,3.9144188296724556,4.288322516072738,1.48755375109923,2.7956662656370255,4.567815120052027,6.3595099460759,5.649932478516918,5.351085774429236,5.546237501392497,2.7255095058459076,5.262400700601216,9.096084336656013,7.03263840088125,8.539111270266634,7.077219341113919,6.991193548327231,6.053125686210159,5.3163832428972615,6.101608974499987,8.127495755599671,3.9136853810966787,6.681402044832886,6.7646269030386,2.996280551733682,5.528089801288786,3.8621440691049074,4.092192673165705,0.8086849273611723,4.943956321720377,6.400664770619478,5.4373676371162984,3.539660020929275,5.156803034187453,5.388999490111874,4.5662006445382115,4.128435358558769,2.376321943042397,5.662420409608086,0.9262456224455962,1.2898363591737665,6.491321166490247,6.648579316759505,6.385361272582928,4.427715341682046,5.088810068072874,2.8417538526028605,6.747907365946306,6.4429951042877995,6.21984040954883,8.265799051198393,3.3307448570174922,4.577643362695469,6.331706983156844,2.631022802980402,6.348755161848779,9.072682801761651,4.544125451907952,3.5707218009068393,2.7810502534422983,4.723017113366571
81,0.7839208594751272,0.21469170623683698,-1.6026128818403507,0.5333772590336292,-0.9252370073910023,-0.5091114357833149,-0.9277081124283919,0.3155997160117441,-2.8005614764055897,-1.734264814516953,-0.9847777275476677,-0.7154847937804185,-4.336429763563549,0.6853796789395059,-1.3066971315991802,-0.21377355221874117,-0.7576179501587073,-0.8848914691232106,-2.206651036822761,-2.108598707630842,-0.05717706993028582,-1.7561209980866281,-0.15730580671520433,-0.3677511242868149,-2.708223696759849,-2.056050731583502,-1.791084540410746,-1.117065290079739,-0.5069021341945372,-1.664769212187912,-0.8529419050180509,-2.1246475775593616,0.467816533631046,-1.5023161215303777,-3.5577663229721233,-0.2929016165356466,-1.5175486524821775,1.1429173193795257,-2.021920900157689,-0.010207319808366866,-1.713639482226617,-0.679341900187246,-1.3305944263743554,-1.5014096603251263,-1.9880496054817263,-0.4387824349953351,-1.325350304296683,-0.965956968159492,-2.0452938232821856,-1.9632876326975635,-0.061470145610609594,1.4424251960746788,-2.026494619395946,-1.4692507056172766,-2.6604542125605835,-1.462997360704241,-1.9124063092547703,-2.3066177406211756,-1.030190624508881,-0.7160524892372814,-1.7120027880857691,-1.1798159049778483,-0.7028213842598278,-0.9782701104593929,-2.584116935994121,-0.039826669351610944,-0.5605030624192258,-0.3330897235458026,-0.4250315531269312,0.40937980018854225,-2.115734045824123,-1.7686071561101002,-2.6362201817751387,-1.7997393286862582,-1.7940879948468633,-1.6278038200703762,0.3604608881116551,1.3789387907973931,-0.5989521525088799,-2.568887107516609,-3.577176901675203,0.08287546058951345,-1.8759891235753106,-2.273496473347906,-0.006885530096406911,0.4856742264994529,-0.21497020556412616,-0.36012420313024207,-2.5235376169193406,-0.7488932141120178,-1.0689840344798611,-1.5175932460625992,-1.0196846869330984,-1.6795393645330718,-0.41760499764330383,-0.8418905758757131,-0.3886030682060292,-1.7580589488574851,-1.1301136151321844,-2.408028921948614,0.18028684795574068,1.6447285405114456,-0.9966050329878462,-3.0750591425698826,-2.6733005000361003,-1.1251447452782166,1.0362395613148068,-1.5647560017494293,-0.6069244693856338,0.09811170745922326,-2.4169939305018824,-2.8563211904386505,-0.5134498598202375,-0.9645835038205078,-2.4354386688047356,-1.0269071694544727,-1.0120600348921636,-1.0579283211537418,-0.982369065797909,-1.9695720324906179,-0.33841894748840806,-0.48585997248698487,-0.745782818262541,-1.186425692541511,-2.0677799019231697,-0.5130259253365314,-1.042930821458134,-1.4596304070045563,-0.9566530023547133,-0.7668684831304852,1.9374444527881698,-1.3639843562293539,2.998801859348761,3.9465996992431114,7.826386949121136,1.5284136941389885,4.517864948434388,4.607255668196924,6.526451044071757,3.772164833090099,2.5943995761061247,4.234838572306631,1.1656081649812204,7.482969160129287,3.9062080713268785,3.344567052898854,7.198031088784775,7.204595086009162,5.4140513881925285,5.428228867618584,1.8974620065234271,4.894263628374011,9.209386553063101,3.76495597876969,5.190856312703682,2.049770280936355,6.491989878277626,9.719326205275813,5.299976048101117,2.884897174406061,6.960899141403752,6.583417490464745,6.129045620425192,2.899884810928197,4.459378725800022,3.909395405055606,5.617497913383888,4.299924257367683,4.49327230172384,6.4504430930793575,6.743150338633646,4.573356104505642,3.7218070895109086,5.606960898934678,6.045923104649765,2.979110164526768,6.184877951712873,8.22099225575764,6.782467346890805,3.6247873228185967,5.5157315586866416,2.86579708981832,1.353066932393463,5.623625406794235,2.9136642877867467,1.9691913432112722,7.481735914393171,5.069449364879125,5.393473793241962,4.829324243734769,3.5938121126909146,7.2560614301107496,3.5337907844526377,4.104206295328018,8.873890834377432,1.8031118764335576,7.210465061162593,8.160353098641847,3.4953736192631224,7.662259157199431,4.056096082708064,4.971110662760869,5.528780919368701,10.117222210254326,4.074019435989414,5.15476467543722,5.852821970656836,6.495224970114775,4.322387748810696,3.5086317111622547,9.512781989849085,5.143633473688572,3.487952047327859,1.1293362210521907,2.372247806992732,0.9552350137375942,3.553063188127245,2.376148338235995,5.813583473385986,6.861911805722555,1.253163122562536,5.177862592122648,6.835719127907096,8.547382083149149,6.488038004132845,9.276495988284422,3.762233258932139,3.8967686542738527,7.313325581349879,6.670059407099628,7.067447094327084,6.803469712421058,5.175708159059585,3.4713044341041543,6.978153753075593,6.544632992190356,4.67956035232123,4.728923200132737,2.186870873037549,3.5428721204407623,7.034485635435429,5.3375351785395955,5.075075274860131,3.968225593437957,9.015780229021807,3.4152147724779587,5.208523773790483,5.19044079724947,6.689336965893885,3.2115008900827853,8.930522707066928,7.457106299253915,7.645237112482542,6.7379413504714645,6.002768181652491,3.993109154604815,6.539224420178573,7.165629201158406,5.840500021895676,9.382886089765558,0.641303788742766,3.0001783501541617,7.300334703491579,3.4858872393319444,2.817197560944656,7.768239358344081,5.168719202372788,7.773319414968121,4.691258912209131,6.896058872161314,5.4562249366513695,5.430528827884618,5.383169977852128,3.4938358048569778,6.614432837172581,7.4210225561436385,4.461140810174888,7.535315457088852,6.64164866345169,8.656276156857707,5.532013318378322,5.562809480747034,3.655527072032667,4.329400586686738,3.146100167098502,4.518594495266855,4.617115907541071,3.6916822411415895,5.77352832620916,3.4987064490841187,4.2046566076996585,6.280078842155371,4.907124634758996,10.80423715313984,3.2951361683013096,4.347481603636444,6.863115986228987,4.1598535748218275,8.13470268810038,10.424705806872192,7.546219177495777,4.176191152852689,4.660532552149853,2.998115229957389,7.750392533151343,4.9473737298720275,4.052979474962411,4.127413880703466,4.397883817092927,3.9333656299452313,6.791203034993546,7.3962910703933815,6.338150508952749,5.708229993337967,4.785173388170865,5.444934786238223,2.9036438093403754,4.7996731103922965,5.292144246551146,2.6166042939484404,1.3021137400438776,3.102009545027326,4.878997275124364,2.2434785021135832,5.408522367781375,4.777421952853756,5.579384356976356,5.985688826892636,4.115804815114045,5.977531322582711,1.8240820789122933,-1.0880992530158649,5.852814824459107,5.1010383881619195,6.014747496767148,4.804064181530248,7.341501125721104,1.2093085678286424,4.610021712672425,4.982870637797428,4.013373225992252,5.400393002234171,6.356106760386796,3.7242739781449936,5.149690788545792,6.824874596697559,4.710690828170539,6.1280323857848895,9.383566079679177,3.7014566684582153,5.556895083724088,1.8736239913324724,3.020726193966783,3.7955043950073817,3.609952744285302,6.681660937355709,2.9859265135987774,3.324338136128633,5.247790451711298,7.647343114002696,4.411496678261109,3.0730399925160112,0.9016465157345896,5.337607095225217,6.476281562767854,4.215733436482585,2.6748953635583943,1.913129629667067,3.3454599024858167,2.04197964454171,2.550623851187048,4.761771926637649,7.011966450548661,7.664644588858543,5.972447370921915,2.306838518318075,6.396061959173781,3.037113865130654,6.3393650227521015,5.600351813916659,1.2531813310019966,5.537555703191902,2.147416058678017,4.608672727672275,4.470475143254966,3.5599246027338682,1.4408290266786472,6.045250391104351,7.151079406344671,3.8143716183663594,6.155753901843364,4.683524543121723,4.4341203364819,4.904671851050525,5.750480715641592,7.989423545063337,2.9140912435150415,6.435890331548361,3.2403590735047767,2.571553085340184,4.045426459918511,0.6102310088859912,2.479238298959811,6.243563591335043,5.610540048488152,6.803576678220393,3.890190513289232,1.125841226117029,5.441038288230132,5.371903937732457,6.459861910793693,4.972005410170817,1.4439855251735887,2.74952010271644,7.233612243196216,5.307900575794074,3.67668930673494,1.7407579822529593,6.417373521735129,6.722939656582551,7.470841033967228,5.563751855538549,4.392388010261674,2.5338138874872196,6.7240748612879635,6.5122212675587905,4.753901261121557,2.698817914382208,5.67922331286148,6.667202740270311,3.708035757978002,4.838686116983276,1.1023569306785728,7.636538213812996,3.4961147247893365,9.38495271207341,7.366794412815898,6.784422142938399,4.298858616063902,1.9981366643126823,6.219081900761088,6.870267411241237,5.532983206062329,4.459351888796608,5.6439543110598045,3.7560802849230397,5.6088488776718695,6.9369386109826525,3.2690036419347814,3.2840464089620216,3.0313113346821368,6.1222378383228335,6.388425701034975,3.326672153489204,5.9410497582999815,10.494130944124187,5.678122132282834,0.13017291997624003,4.109920554066379,1.4647400103069277,3.8673763832430588,6.849177070314524,8.236070663979945,6.940238765623841,4.653932662079213,2.992504153554873,5.913218898240294,4.803224948826282,6.669669982304195,4.134959565109913,5.260788576352055,2.1658077493312273,2.5693649231199913,6.606815303134248,5.4944685961008375,5.103961838473816,3.1484795977549864,10.154889911694355,7.999438403809638,4.686385179614827,6.036286692528018,5.660816336915657,6.139693075022356,7.069986845579896,3.8832537502520093,3.6354882378779094,5.903509793568819,7.6694366320167955,4.750263479818402,4.582152684898231,9.194482229038156,8.231074338672489,3.413759191380108,7.090253965102777,5.456239962292113,6.228052346107447,2.8104806044994795,7.237197624956135,3.171493844044306,7.256707603485273,5.2664448104169,3.541650569906607,2.4519746425502587,7.12357371794247,4.235484659423604,4.494319482998976,7.4854803486390935,5.0456188966341795,3.8109738051305544,4.422184416241053,6.184122468310609,3.256737911221978,7.405762798456108,6.287473110863621,7.528017824138757,1.504953934366056,3.887722317669226,3.6183461820870635,5.542808496489112,5.839976768060575,4.795658801797644,2.8697422715475907,4.57974603339126,3.4156362554969704,3.142112463469295,7.771865803989467,5.659493863417497,5.813294146184634,2.7290229197293794,4.273813318705574,4.302432043485756,5.742632895710602,7.672841111018448,7.599238312240031,8.364933787573955,7.401514274472035,3.050017816899374,6.4086448553112225,5.047535180353765,6.6192618353516615,4.502307593506811,4.284535740243862,8.693551902507728,5.197769882145018,3.3160592746021935,7.637731143952735,2.2710404138222984,6.436605238521693,4.046904390261851,5.750665172106623,3.4804319742289698,4.900506923817006,4.533574976736693,8.407587987338593,-0.5689010149358706,4.406714296096585,7.153970352880178,7.108486282544057,5.41769343953656,3.031394680662583,4.406583428727334,3.8608806868090992,5.972579658509382,10.434206096972673,6.876869103064802,7.239148490638781,3.5782638653914933,5.321052307549886,4.064421991556597,5.106421804592413,5.706856156030685,6.099771408113341,3.6333198597074023,4.590408264147066,7.177996918015787,4.712598564208831,7.446917120441385,9.42234270979242,3.295205078821434,4.955383818303383,8.34964135466568,8.053447356450924,5.179634111731574,3.2262792029543794,4.212663262726624,5.481810962669027,5.400413692248312,2.4013768195408547,4.318725774143225,0.1623544560022614,1.8111515836240075,5.248442623818552,8.219357020453124,6.049572453000343,5.5110168115066,3.448426808386798,4.317708813942666,3.23716880435508,6.52602271342041,7.382612811881808,2.1332559963928857,3.871290278909015,8.697903073367083,5.182034555791638,6.004421364326369,7.1666818390278415,4.425231017639353,6.674123717870928,7.124232399317887,5.47325188971415,3.098156900445608,6.428772396599978,0.7888225541769804,2.708039586874755,-0.33640784461835516,2.2183483681521206,6.350006095542532,5.712600105595369,6.662719935179528,6.8551991754051365,6.1410889414729635,1.0812117744113365,5.8742665639091385,5.0835553545826295,5.656422038893288,4.627178782640322,5.976020311942045,6.811256217700382,7.059757856407535,1.9605349995453407,8.239475836956903,1.953143237751854,3.995089464198298,5.808484514910873,2.744076051492269,4.631302349666523,6.0373713316720865,6.584602593714587,6.012171343792017,3.3636525285309107,3.54610114479992,6.542670887038753,6.2694659255794285,5.3150575754192415,3.753908414485533,3.418008681205163,6.3315025824386115,1.834164026740004,7.484479109255259,3.1756113005164552,5.2757959137344725,2.6293944200975274,4.510669253936462,4.168929936885416,5.940022237633458,6.6807041225309876,6.549714886635873,5.059250348950065,7.501877397616381,6.347279913243325,4.85472111473743,4.861194517918317,1.8442691050209477,7.422500965307263,2.442342453125964,3.339688020623112,6.904330012009544,7.077124714431914,5.876743732531538,3.0581444115302414,3.848563128754371,5.783071468928073,5.747604162605199,3.7281667326016357,7.235632475772849,3.2919570632756723,8.124585209564628,3.906343684041513,4.332667992528198,-1.870008585392978,2.022069065548817,5.2823787085134315,6.5951462168762545,4.595224239489943,2.4693627220666388,2.3792803531586397,-0.07254222004746058,4.972605867741122,4.4901348689448035,3.9315031774546503,6.507427457322221,6.178002472932815,6.836729171146657,5.908183139854468,5.047585447690791,2.0734477391978476,6.805412061053217,5.606381214851844,4.402853264183122,2.7903280595728814,6.4826746851932695,3.595087481618781,6.379997188992588,3.180914864635929,5.380989138085776,2.4376664700230393,9.684115390946916,1.509038545477536,2.5692900802133862,2.4064694699011957,-0.03786836580598951,5.438724734156598,1.9934717189180384,4.774280282897763,3.0985551191799274,3.732173389866575,3.696691590542699,7.455264074492009,4.7972283398401245,4.126167154083635
82,-0.38966618522542884,-2.131136711090271,-0.9586101353236134,-1.6236347121441403,-0.4802373503158961,-2.0187639091068483,-0.39418807637478526,-1.2377410837484735,-0.6067927561325015,-1.338564825807882,-0.38648444740060195,-2.6356673220575875,1.0878081143976948,-1.1010023753833231,-0.9921012253551498,-1.2725229170480903,-0.8838755468146097,-2.000929741407779,-1.349732411802401,-0.8775480415127519,0.2351415886675463,-0.19964762644699674,-1.2695609083761008,-0.3073494417343401,-0.4320121944803038,0.6851369937733316,-1.8401617297932131,-0.8455571170331814,-1.4081785801843003,-1.0563627779536087,-1.3970237198674464,-0.978868283703602,-0.32858272314643966,-0.18556111807993436,-0.5421558160851402,-0.13706513640516205,0.8650877935373145,-0.15316316923725237,-1.456289491013504,-0.4113420329722195,-0.4808729588755414,-1.4939810935345152,0.34717140627362886,-1.4272451974703968,-0.27074782652067986,-1.3957245327183203,-1.1826344759044654,-1.5646541531415314,-1.1929805858385623,-1.7785319957392782,-0.6755703532801273,-2.2004568647218914,-0.47472348900440153,-0.9704802602563559,-1.7052628450494485,-0.5567917431511376,-1.7253099739369697,-0.010437200432208638,-0.4316969580975002,-1.4218112627199515,-0.99544999617173,1.337516805572219,-1.8524904655288479,-1.210028918627144,-1.6365631958433016,0.2343659408884411,-0.4143191859134824,-0.09020784398358006,-0.03807343885806369,-0.52138879189386,-1.1964022706930422,-0.7479396883614464,0.3119806216009706,-0.29659887616686287,-1.6105752860695017,0.710778645263044,-1.8281307776066384,-2.7588209919442104,-1.8627176184666971,-2.5430336295953038,0.4673770267509645,-1.7241662902414654,-1.2348201823311902,-2.599522819155651,-1.0366393804440646,-0.8533377544520739,-1.031079734267417,0.1562161619528737,-2.533505965435625,-2.313884557554731,0.3007168318609279,-1.2010685940182007,0.7989107838824372,-1.8563717264211723,-1.6172986975354027,0.4608481912394877,-0.1333467498321279,-0.26988934020431377,-2.4981471736159397,-1.8435892273760894,-0.9212794587891484,-1.2245311650172914,-0.7511572530147654,-2.2596947345190803,-1.098695346281011,-1.2193804531852945,0.21582841426004862,-2.1917788844049646,-3.3515559331334073,0.3303841822844833,-0.978931548242078,-0.8435724140774143,-1.0881534636139154,-0.7078578685758107,-2.2173932143016404,-2.497042535860781,-1.6058505970527088,-1.4896037329736787,-1.4889162395673368,0.6405309049558103,-1.7217690763714057,-1.5750960542633665,-0.05486609398037667,-1.8469744668861328,0.06136669944936379,-0.3321942041569048,-0.4989490280949088,-1.4036120461360864,-1.2325145195135507,0.08087467279170601,-3.2874128088414647,-0.12592728025703592,-1.5940634501234294,-0.4513335200300186,0.4831221299630333,-0.6424003626567238,-0.9129087986117099,-0.7880735517379477,-2.2534330279817967,-0.37185079400315035,-0.7002637795740545,-0.2501286047746638,-0.06880656198894874,-1.584744338696023,1.112245377641226,-1.5759134102446033,-2.3825026466150967,-1.9898664408267717,-2.8665271138236683,-0.32091237627924396,-1.6855228900736123,-1.101723863512667,-0.5006816297784878,0.10410062603234382,-2.3332654725919966,0.4456090732477225,-1.0637546103307145,-1.0634567221903268,-0.7846172645342899,-1.30678408046281,-0.34446448207517555,-2.0005047017288553,-1.5178125579405772,0.06119237851763537,-1.4118607327335697,-1.048756512817987,-0.9062333692985037,-0.9899063448321209,-0.22275133957067517,-0.38705500020464756,-2.5985866882911313,-2.2035248634600872,-0.7615511249367041,-1.252467005746903,-1.637715585963756,-1.9269475972887136,-0.8886779928964043,-0.9695415722658545,-0.40748743410716703,-1.8719397376111182,-1.1846844391966276,-1.1026985949886503,-2.262544808190378,-0.38782676744333333,-0.28971548023021665,-1.6264173509515387,0.2787884166380332,0.14412417064237815,-0.3666271017725711,0.4968840499812197,-1.391627537337023,-0.8531908681832553,-2.8192618822878424,-0.7658945139369656,-1.0390605616774475,-1.10732703015126,-0.5305680921018493,-0.41804394211330353,-1.6155156154347128,-1.1710083498934158,-0.2875613972793072,-1.0361193415854197,-0.3740917071831654,-1.434315234286013,-1.8259871788573492,-1.391321210869683,-1.132224775433831,-0.5766485016734308,-0.2202281263938578,0.42110661290503737,-1.3535390722292493,-0.4024359385277464,-0.1147843206611614,1.1075863240645036,-1.941670679245517,-1.2288260559746889,-1.8183381183788996,-1.4927886417699476,-3.2287938693333693,-2.145856197544992,-1.9675359462725495,1.0367090175327114,-0.3278139949659109,-1.096457672238117,-0.6819027657724679,-0.3713792048289827,-0.3427289341992479,0.6666141459025339,0.28966225305965865,-1.0445692832640392,-1.239971789568613,0.6480355123013803,-1.142917750595942,0.8440409415056509,-0.4946198651511112,-1.6641987918052372,-2.0879867250852993,3.177573712922617,4.0397158307753624,3.2075768890946144,6.932137857534023,7.217062634437916,5.553399314879793,0.33652701199641744,2.9198599437389388,3.573722094052742,6.001710296610133,7.089441814331387,0.5840899349091773,5.0892800363400665,5.2852823716791315,6.546946911186722,2.359778652470504,-2.552867429435989,3.584223930063559,9.28500013772625,6.194669992700611,3.9628054964008426,2.9269666168576096,5.519121935700628,5.220820946893993,5.6267422252225305,3.3785096958247394,7.285440586647093,5.483600588882709,6.632935968074888,3.194707856226157,5.706023450093593,3.6040082848871577,6.461251649926939,3.854218760221855,5.182217698513872,2.7676868985230305,5.810099014640164,7.880260143666349,5.099800996931225,2.2720176308222815,7.74742046148147,4.48332930406337,3.9261540854148818,4.090075490266642,6.340539971673104,7.6132066806878065,9.581982597911264,4.679182785031003,6.911569633886956,3.6592623658597683,3.518680724491275,6.757479412682305,3.839864627045884,5.681225946159859,2.6561867071975698,6.965977990129531,6.3058200817394106,6.5650173053584435,7.055016283116123,5.6752675858183235,2.6032081814196966,5.5602912387734085,8.13867267124893,4.041328097486733,4.886042807815002,8.116336030479008,3.7433306188595408,4.0162309856635074,3.848587346728066,7.348218639714229,-0.062242931156236025,5.375613237472702,6.186974513732371,4.745168396431243,7.66898703763038,4.930861390654431,2.546336404393395,4.8136869464551175,4.973193443667924,4.39013267350651,6.5696950781486025,3.6324392417647866,5.935730394889825,2.4378259982450543,5.2831770319008395,3.689503248238086,5.474009412714402,6.999313938868786,3.259107361385247,5.858406656997067,7.202827436014152,5.72356470169858,4.444689475827071,3.145847449685755,5.432847460554972,5.248690981509661,1.825481859999246,8.136893164680018,4.495036683165208,2.5538353824328643,2.474090469229352,4.113569107114957,1.9987461049438284,3.620919068464289,4.769861340095359,4.104975788756178,5.983993407911977,6.395250973198294,5.525633052894721,3.617123725836781,6.167957925234973,3.149360901991243,7.33895603428794,3.9649643194046478,3.2196252207763245,1.9378275189121679,6.080863870169876,7.6741259005062545,4.89546468577682,8.268054061898983,7.083485360203874,3.9266072756665062,1.2389485943441083,3.2858353339036093,3.1803392423436874,5.095560195774733,6.231619009493817,4.720179629770531,3.0887605560248597,5.14650260891724,4.510878954892969,2.5769077442912125,5.285535456593114,6.0447929715288495,2.4618253053335497,5.3593881778368075,0.9450070304372664,6.659890726143704,8.428060660247105,2.880921572565365,2.777304128967561,7.120483377771105,5.4920634594693185,1.1556294926069945,5.905247073628225,-0.1061729211459248,5.281671139048501,4.403734414037984,6.305055454461305,6.258304409555233,5.282623925078799,5.782089994542766,4.404910648220495,4.409451296185517,7.869253359812273,4.163552610638136,5.1693328015144075,1.1720596537079064,4.219498893172045,-0.727486998397799,4.226550675717585,3.3891673165272973,3.631102593689241,-0.6805290833510309,2.1792289347519085,2.425926329891965,4.042780034345065,6.243104454332837,5.3341909157430685,2.2738166688807686,2.923802555543542,8.057405879719935,5.598001842803046,4.681872371293112,6.0083941446254565,7.1875051379514945,4.300156534611887,5.976328022029066,5.938040202563056,3.9491599646848736,8.274561251430763,4.323419622985429,4.209596637207972,4.804251131522674,7.001005898885227,4.804997969191071,4.919178131476998,3.6433353306396383,2.273257121246593,0.7488581674971941,3.578760417199838,4.269773165809276,4.2474608954681425,7.871645768225298,3.5605285407271605,3.9159637682662094,8.125968646474737,7.753871308588261,4.020338166958927,4.318686671487375,4.484993438035517,6.901605804012251,6.703799721758885,5.196824215263263,7.088636248248148,4.3331704403583755,5.385108449961495,1.6175501148566616,3.3069796385335035,4.671843940748002,5.322634591323224,3.260745500487293,5.236429032948761,5.039024863879185,3.4158835948211848,4.184031472373772,2.3433266672922155,2.2594726470335282,6.385055424457033,7.413692993128785,3.234999484843266,5.020675070961203,7.717264142232551,2.130298699842009,4.923145834123051,8.326711155575635,6.567800744653941,6.052459192546222,0.9232562362804373,6.7631870617012595,4.1008846159596235,4.969489481456644,6.164936515153746,7.472413746810581,8.030637342421528,6.313231806773651,3.7607746002678617,3.4825252211815667,5.533750499226397,5.0832555950910825,5.98379641200288,8.135495493742823,2.5602969117645413,7.4682121970612805,3.6396114635586483,5.168363896620577,5.850303467706453,5.391921511922562,3.9638968398415173,4.02563593202906,6.55727362671353,11.175142551023008,-0.40707116843058433,6.702359170006283,5.960232036772242,1.7396436355335032,3.8090203084208047,8.548625430110038,2.1800900212400562,2.0046130887539007,5.228510157803249,3.155679100622804,3.3440009421913732,2.435458341090501,-1.0851449718385346,6.011435184445476,2.8006059987744716,6.366644110357854,5.259011803162382,1.3485893873483605,5.156185118025287,6.977122497245961,4.7091294153389756,-0.25881593680114356,5.152509283602362,4.933676672288416,4.342502936866014,4.3764104391418215,8.194316586718,5.701370094236693,3.078012640465082,6.357778741387115,4.087199358967179,0.1783558363451938,5.2135908325601985,5.929845106321315,3.9093023450949174,8.57263851546129,3.794785936300292,4.8511633960642415,2.9890052420737843,6.758494421585231,6.075112492611909,3.787584223774611,4.732140532080951,10.706359983368571,3.5134743749076636,2.9146236528210316,3.034057983536516,5.372192738845978,5.500311218012881,5.027575723372147,3.4996871290353386,5.298930301030496,9.096315814456641,3.684329338378136,4.712414896817985,6.3424508435714975,5.20172315785005,4.271127332516655,2.5291202497885585,2.9396884390405025,7.060377024967143,10.134717405973426,5.218549458138826,4.59535981989102,6.239692965646012,4.8595094963133265,3.9558911663659675,6.559417557503107,5.7929042182733115,6.047958247435366,5.207050327340719,6.0218875585296825,3.493976135550256,7.02177330823301,4.859805783560486,3.335560372060914,3.148708457729103,10.713110488686098,7.008185958801807,5.673144451988296,6.689910387714188,4.5606720843584965,2.2995014230014417,7.734544400570619,2.8197935594169263,9.013527921556058,7.860692796722139,6.713872104954492,7.575750856658548,3.844860209438388,4.950743028498701,6.477985218930744,4.3301396942014945,5.253305497563402,4.241481509684974,7.071067529393062,4.867505947899506,6.458157874383378,7.270932219030724,7.237237268606888,5.407313968255621,6.294674921129301,-0.2873080150074605,3.3543369140467583,4.087094914428125,6.565105853813405,5.198497736088998,4.28393729135921,2.5840335581799123,6.503415624702805,7.106094228148063,6.1728295348097255,4.012865912787435,3.5699376295670193,4.550578163596442,7.835840508284495,4.452127902447073,8.636226939938387,7.405245824282694,2.051493363710503,9.684198490645153,5.078706690563212,4.196390901982272,6.2669032774537525,7.229578178644918,-0.0505118147021566,6.310580311507824,5.695130103314108,6.209342041771537,4.525368796786004,5.832956306821801,6.637387228800691,6.335435741466554,7.2024622884316685,3.547543650931291,2.6946303411784585,2.6124335831362875,5.773663251315694,-0.08231426303840284,6.804568288314206,5.798438260206107,5.9815874291688615,7.879431828782259,5.391695371735008,6.12375697267359,2.6659942524732623,4.588192556494613,5.591010323980464,2.5256437835338263,6.186200498488286,6.909797440327266,6.3644346812143535,6.6610834105829735,5.353367215575493,5.41733521606713,7.75701599682213,6.579362139119921,7.588836873200805,6.563684285705662,7.351121866989913,6.803640619860354,4.267283758293194,3.9766920378440176,3.8045471261155397,3.4721634873472267,4.197176797409808,7.008821230947759,4.021699065372384,4.873694669574476,1.5010729303077532,5.373865727551891,9.343261153302976,5.289706926991658,6.759782069364578,0.15943032646639832,6.623291882716394,5.806875595367806,4.325086618407886,3.33275030350822,8.963598103872286,7.545275302100698,5.025501458566714,6.895766786232311,5.619461623040219,1.6952092235659735,4.276391087272815,6.188345542388433,4.354171570446536,5.551843839024259,5.17974568074322,8.506974258819534,2.420038791351016,8.157926311465081,7.155081353384826,5.313230524285055,5.020576071926683,6.763461789290603,6.687904072503149,6.516789412097062,6.982568861313499,5.1699306518915655,5.558643963425087,8.688081334670855,4.4560992075795385,5.678899875090644,5.164203913346077,3.9466774785978087,4.121553947300191,3.8657745739424527,5.314433916380098,3.65413531809981,0.9612106398453193,5.689868998145671,5.602219422586698,5.765927510336611,3.8737761613035357,5.160107509594251,4.834123577575989,6.071403129813227,7.785436833718463,7.305812826746655,3.221133634675973,5.378818105708088,5.417383887752403,5.355005673028663,1.9809417888498086,5.880518033217834,6.348229262227963,3.346602613304734,4.440664415648219,3.5114589565447702
83,-0.34659069329601044,-1.1052542632642433,-1.3176801843346908,-0.9000625798260323,-0.01511351352828616,-0.8763855223564436,-0.3494081208548956,-0.8838532840938305,0.880362702618648,-0.6095708648667008,-2.592536210710281,1.189981973426689,-0.252757731306157,-0.627929418182158,-1.4122372731817445,0.26708771178088786,-0.9420742809159169,-2.705587314462748,0.07328246166520858,-0.2997976167589823,-1.118369238536122,-1.1017092874630863,-3.4907504267055445,-1.0122150212330037,-0.6567274039752706,-2.0162401257418994,-2.9224866753513665,-0.24256687282514766,-1.695543692267837,-2.1974698895169373,-1.7742948821850182,-1.357212917009068,-1.0406724153521734,-0.9203825337303239,-2.8987079077252424,-1.536084353822568,0.16239848212035968,-1.7163512760569515,-0.5950017725250638,-0.9027077096295292,-0.9375247966847038,-1.285138685263953,-1.6662054847964378,-1.379265904588571,1.30169372607967,-1.9448394323021696,-1.5409876788292332,-0.32148362773779027,-1.9588608388784405,-2.6479323846335285,-1.1573694071612746,-0.7881190789198801,-0.5472736850554369,0.5081707725910665,-2.1639530436744563,-0.7135442985126506,-1.343467111878589,-2.0450688556265435,-3.377223339371312,-2.427683726345838,-0.40142315681878027,-0.153945772332709,-3.5784801763868725,-0.5831998371856062,-0.8857450112082488,-1.1796688388298437,-1.1913420861570503,-1.3350575805611118,0.6923806580470728,-2.9252204764838847,0.5691650550920295,-0.8029229636456606,1.2785591158659289,-0.6668308181361604,0.3613330280609144,-0.4629754153975222,-0.6049500415163444,-0.5084807882611689,-0.08662334316548237,0.06248416302302995,0.37816443594065796,-0.6217989219509699,-0.9668309298532474,-0.7234531108769395,-0.37834120963558626,0.270796184840405,-1.0574689170958227,-0.5010394998516612,-2.326689069962965,-1.469333636091362,1.1742271900284158,-1.9135850096679827,-1.4707400605855323,-0.0409666511365977,-1.3407594534830864,0.172145797954099,-3.623579750652781,-1.6152493595582218,-1.491033736403508,-1.1257014067693212,-0.4510450532762812,-1.9729078448442707,0.7576498283170532,0.3115412741555359,-0.1962981739961991,0.5997754097832242,-0.09056482684884715,-2.7211856552763507,0.003916694538434573,-0.7022954318617418,-2.4626824045294065,-0.9895411411957051,-2.3351745497003322,-0.8571864153608886,-1.135263392511041,-2.894618060963582,-1.56369458831805,-1.4900789507329932,-1.9676886359888273,0.41243621620596715,-2.3527511127234098,-0.5842904695098574,-0.9356742620350631,0.7378042606440667,-1.9166191341956427,0.8253990519102796,-1.3136246415026847,-0.23962119154157835,-1.4464161219693907,-0.7685319757173726,-0.8152979446139108,-2.5099150317328167,1.2578087926944574,-0.7572540889133628,-1.5433195481347997,0.03791127091053692,-3.0628993911457005,0.6293825997772722,3.1850468238546332,6.5603860893889365,6.52070526012224,2.1351599102986443,5.294921516919524,8.381148558014907,6.447990406930398,8.392222304068689,5.452096818631621,6.368130924938786,6.262059590015095,2.435276758864951,5.133969204019366,3.259778764310341,3.7255443945038698,6.757852411723351,3.5378582662870626,1.9005715099593354,3.0747241781638777,4.473215813026545,6.615022466667779,7.024162964505137,2.7311216911906153,7.663453073774178,8.48387857340944,3.75082243261902,7.782580544997735,2.154575033213492,4.075136227332195,8.094076884996593,4.586469325524268,5.626658995256902,4.641755095706223,2.8046231181929384,4.557981817010588,7.013084080912307,3.1510458566707973,7.295649080736731,6.556711450869154,5.603710679508261,4.851102879518296,4.31167178787874,7.103011107359128,5.003887734918684,5.187694041044513,2.807444137785521,6.73576148445088,7.424022752736429,1.4281188326038867,4.1406593511670104,5.810939225260188,5.959909335563088,1.9387318085837872,5.49073796439108,9.08540246739459,1.8430505951104128,4.420722773789974,6.641951079023164,4.697380085620111,4.249226963261523,8.428765010216543,8.65397872821037,5.504305926385054,4.235654184423368,7.0474094938916885,1.5546951307683634,4.904640392161077,4.260364785761675,3.3618081885036304,6.5977698755718945,5.398243656885879,5.1907072617801004,4.59965616263853,5.733887808708778,7.430757876984119,5.404543567387892,5.739560644764154,4.412067694876626,5.297776742639827,3.985082684121841,2.3000982189136168,1.2411565996229235,7.5413447221230765,7.989015319443915,4.777198557185751,4.321477093076748,4.298461454672903,9.197440878408445,3.745617878937833,7.640211153221885,4.815107436064057,8.565766672470936,3.1500532262776955,5.200315266805155,4.660426917171626,5.289608618079114,6.900736773838226,5.364817741775117,7.812707326232075,5.682419044036143,5.049431149411512,4.355885522258832,2.7658123935515526,1.655622331887228,7.8454196238356175,5.88211128377604,3.917641900171654,4.132346846036989,4.200346189019433,5.330264573080665,6.935791120141128,9.445575047539176,5.77792146391587,6.777751952204216,5.206335778026643,4.771777260604962,8.25258150296909,3.6901696300379294,2.636398125537997,7.742953039932199,3.924391609916307,6.247507753612662,7.154636374019316,0.8310276988335632,7.114636764561924,8.835530226176656,8.981411454411859,2.596711676524827,4.080290003585278,3.369230974750181,4.329688974998804,6.473885889569835,4.826061608748408,5.957946719797127,4.965637910436292,3.684180459629644,3.7941126704450907,7.8811103572833705,2.8176515802539037,8.59287577344295,6.208667884570929,5.587306832695313,6.633792287132502,7.725190124815242,7.431991747149416,1.8324101576983178,3.0923893629671397,4.454795005402512,6.129550294655672,8.324430822761283,4.589986278015807,7.170620307359259,8.97887440176804,4.745415160088553,6.173672591691152,5.229915725158784,5.672016946721589,4.989385017421616,0.24404222466049053,2.6121029923121326,4.117883377310858,5.28083815706799,2.6447910099602683,7.780805348858182,6.793618642133083,6.535957156494171,6.887860948556372,5.4282144944513115,6.213790587344053,3.6890689808335444,2.076020998961485,6.079529850848322,4.920823093848095,5.78243777960054,3.5601772240173704,2.016298943138085,2.6893492609802037,3.8714619187371957,5.644165772229034,3.6814096745510074,3.027470788584883,6.494437828816714,6.960206410703585,6.656574936430229,1.4260453232328794,4.3747249687651015,2.182871375885241,3.9863840538617348,2.6441878646312107,4.8493940797054105,4.662397992715388,6.23756366640591,2.635806981517226,8.263802931605989,3.61169262013128,5.356841118993759,5.0442173077211,5.816897873134706,8.238997942924062,1.7865893352259468,5.635723392487565,5.587167010246836,5.535489056238932,3.3949325163308224,6.454493502545844,6.985674392862826,2.958811176121414,5.157212839242945,6.832689837500422,0.6494109016142806,0.7589041026733634,2.9547091617021226,4.386089559402304,5.627114744492781,5.114617078730877,-0.08758595289642024,4.547491205884848,4.181162282222336,5.512606963355498,-0.20073283155988886,5.359742877655887,7.100266688041023,8.266738106223162,7.78636983566081,4.066313965971279,5.833887663324944,5.175798036563104,5.3965392408147865,4.455256070952953,4.8784882374429035,5.613164321864391,3.2927258875183605,3.9148994341775247,0.48854669541676365,4.55444063222691,4.735673227576795,5.172305877742722,7.032189128339553,4.1042779115975145,3.446274922223287,3.9047810350497594,5.013623635876051,6.514750863799227,5.267655826107437,5.280518908543876,5.25996229534426,3.584812192598478,6.1950187596287885,1.6910144202788522,6.368767997744402,4.8400654888512715,9.012028731296864,4.12914946736402,2.883402245409915,7.306688731899938,7.2026143416487045,8.320785256509037,4.485030702575179,0.47348256056216886,4.582964384038435,5.198179848061449,2.333795624803652,6.784290128223817,6.981675265586206,5.484477011462877,6.528000723399576,4.300080231497002,3.7147829906938443,2.1680133811317712,4.323427678452702,2.2854635615101095,6.978900579378103,4.794904285060219,7.773242222787642,5.0762433005219005,0.06898394587203427,4.223864181557639,4.337142626823558,5.2229102191648575,4.299035135688988,6.031780401989655,1.8773325042374989,5.845956734823913,5.648061479741909,6.992897542171123,9.340231247129713,3.932850280812743,5.740753579685303,4.418025639553484,5.590621774919535,4.3015382043009485,3.480387760622285,4.509416259883565,6.79151570754556,4.678978136465017,4.603740840974485,3.0687343265608655,5.9063571888729225,2.6429822141904844,7.6194209354944284,9.192039104123484,4.850909249952613,0.9786455136844721,4.773150936126385,6.426802114749483,6.616763775266046,1.7964602400561405,3.8432579398418967,5.233979003901232,3.6997488974096084,7.582439290554307,4.072791743223951,8.097343334903108,8.46590058707594,3.025672487683656,3.983438589331116,2.6037654336947984,5.6677735620619085,1.9593615789698768,5.324209984081018,1.6675132434751498,4.739515080213275,5.502291596241392,6.59717010208249,6.659842191620678,1.7746396065416956,2.3458968264366673,2.8416541618465914,5.723426517741264,2.3803304055599424,4.215681762386972,2.8316890073641856,6.504519049313579,0.47507975113045564,2.129286065777214,3.1866384326346657,2.718953129984437,4.018196480546629,7.87116607555161,5.649961487868865,6.824907543752824,5.9653935681741554,8.94688856306129,3.9839992458177518,4.78896760836973,4.976453985586363,5.181787789245202,7.62688355903724,4.461252787194222,4.012348548936876,4.62285610048707,2.9528317692538932,5.4006906791713405,3.070005851907458,5.798044830774994,3.7298773010848043,4.424786681194297,5.333304380729552,5.813327259670796,5.909344765665008,8.946613746005747,5.3558075611627585,5.66260735604962,1.2648945146283377,7.627252592834127,3.2274549909360397,5.500480162132053,4.265190366107788,1.9118732649695835,7.04468426843905,3.999506709428637,7.009023590689435,4.470245804417679,8.277426838142766,3.1129178786085383,8.124280590356378,1.495487686750351,2.727552870411402,3.965978546175071,6.58699286176396,5.470573774559918,4.6389490632642065,5.481856174612047,4.154822555251016,6.700060988641894,1.3139323461397296,4.783355744994792,6.218387474895555,4.255861584688661,6.994062405996225,8.498674571646186,4.614501736773386,6.23712409525759,3.4364826708092173,3.4091623339474513,7.948592873705639,5.825524925889074,5.979697744062564,5.547965490859825,5.933495081586549,3.863503254195194,3.644545703644238,7.254850723441011,4.204751784888898,4.107891437432702,6.763336325239741,9.944224757378688,5.826989640387629,6.639263743137585,5.501611852848693,4.03575560854026,6.449370485419263,2.374771819463729,9.671055684186538,3.1991425649442,5.652321397778856,5.606324185483374,10.605769906683367,6.401772751044458,5.152579076187417,7.40655580581384,5.917225050972893,1.6753447157627344,5.114812114951265,7.520212703217272,5.651805567531558,6.333233601495805,6.375088599903758,5.102948929706996,8.11529684621902,9.062704004855263,4.04203045417926,8.005260248041134,5.980585444909069,5.581578312711336,5.976274219766183,4.212510481644282,3.74228076063315,1.8827164782953512,3.437270038021355,0.33160701941612025,3.6716263164007223,6.004027842259181,5.5869070192233075,4.701354331047081,0.9642039796420869,3.9903924044074057,5.065397198912857,2.5935177624653334,2.1020417431662013,4.030002801060843,3.794548644963145,6.353560443857742,3.7609316224859146,5.574938288083336,5.554471318370828,5.55849171586182,2.390169680860022,6.6580655341992285,3.1547176673161674,2.710303135216113,8.027203004316418,4.604844536741912,2.997610662424676,7.529745941249533,4.086285247070257,3.7656743266254207,2.1191729244300577,6.30212985739919,4.832689171529665,5.8772818130405815,4.804689082222113,6.365398006392023,7.149628473849006,6.505952226880346,6.524054575915701,3.778851400264971,3.8839658864563624,4.285578833722564,4.046862342637399,1.6648773112851023,3.961876576741804,1.9093015339051602,5.9925790289036724,2.3495512060639645,7.167114564765576,3.8174182711327944,7.412212216384324,7.998198539142432,4.903511077002973,7.916783522079893,7.85714523543991,7.867000330484665,3.0538400865887327,6.252829881858435,5.914839286471706,5.222673545094434,7.113514732995117,5.399700531638508,2.3215995358124606,5.376460624420301,2.3445631580917676,5.881172580774192,4.980095505603636,4.4761399202826455,4.94985626122083,4.040726724425496,3.3159564417013625,5.272574383244614,0.11996613635924724,3.349393975790927,7.170290183405727,5.9044318298889875,3.345709116148309,3.373308244170126,4.375648040384942,5.413159215796307,5.635844543306314,4.945570058368219,2.9787852175082983,5.384898232050464,7.270588077936377,4.329977991922695,5.2414491029841095,5.543644703448728,10.74473938851315,3.5440778317952573,4.911167843167412,2.5734711321221497,7.513088570459559,6.055909288664932,6.7266070824428965,1.301672287488616,1.2756091915915664,5.198550300890932,4.492389488808433,7.6963072395851295,6.475825216012307,5.704483373045169,6.6975609259904925,7.282928420114089,7.499820750948404,4.630065009592743,4.535130466944188,1.7680734882084725,5.649050739922944,4.01991848980472,2.639122169480214,9.3061851062539,3.615054671195298,5.228014107359599,5.6739537089585905,3.571395315139209,7.085215924340577,3.0649828474515193,5.422916804894961,5.113156414790129,6.373342031389798,3.1638860728943996,-0.03820268802269933,0.8411851456126342,9.356564879554112,3.8413928330032916,5.269513304359438,7.09362522937897,3.6752746190949264,8.273511734227743,0.8039097467329395,7.727276208220564,3.2296644959391863,4.269663639995233,1.1793782427192405,2.964907861003726,3.829948979096579,3.8318660837403886,7.974091145863504,1.645097506941684,3.7079265859308723,2.911839209802278,2.2771006481607534,6.020161248037468,6.259886629021025
84,-1.7085786089762465,-1.293233022340161,-3.0827783321722455,-1.9368014328231298,-1.1359004604300487,-1.8247074359683202,-2.1478110510726443,-2.7005842000347946,-1.5091607682334858,-1.2947532534478474,-2.029055765353448,-0.5096053857001221,-2.1349239430727796,-0.3641774496592459,-2.5185565582732004,-0.6535729325969604,-0.50642355077651,-1.8145592512990547,-1.8201088686900504,-1.1993020218663308,0.15512349980335083,-1.9730649639456357,-1.1236043693107607,-1.6191899854049514,-1.5169406055116594,-1.6526348335985674,-0.15346173563141607,-1.0488172030468155,-0.9282795586156016,-0.6230500789355957,-2.1347924246593544,0.18849880315535428,-1.1025203701258375,1.5837415666499348,-2.1472993501970326,-1.1034972265074765,-2.2030831095948953,-1.9181068490087618,-1.0442373760702137,-2.2746431867817285,0.6253357626164555,-0.7620077217216986,0.1695302529213305,0.6409813496516819,-0.9749315223953666,-2.525139595246295,-0.22471239657242015,-1.4249758482304762,-2.5740706667863797,-0.559227237517826,0.23073595619321563,-0.5067263418521037,-1.9793723276421127,-2.259211593951462,1.7626767539506805,-1.3407071633727863,0.13885405982044752,-2.834010755981178,0.2765698297653618,-1.8964418241575196,-0.9871714133930091,-0.6498228341726329,-1.143474023307817,-1.162176167138544,0.4389113403954825,-3.052149838182182,-2.6003265508712206,0.052194122694863454,-1.294229847888377,-2.4021094466918385,-1.0647846109191998,-1.0848658377908889,0.5969804314214597,-0.6115802217245725,-0.6320209325887798,-2.080878954464593,0.4505872923378884,-0.003135625195451852,-0.2762140398410404,-0.26978870580958925,-0.4243623660671727,-2.0822316827253267,-2.8258310772242594,-0.3023064883672181,-1.7266687044975415,-1.1489043856920962,0.19374452932663933,-2.1510248164187757,-2.6668192967544755,-2.1808846839835,0.019512249580553087,-0.9017652483243396,-2.281071877793605,-1.8702234622118274,-0.6638051251125658,-1.6586082852660577,-0.8385642377847522,-1.5898845993355897,-0.9473817220541071,-1.9841275595616499,-2.6482196000117213,2.173226018759191,-1.1852101947253741,-0.9031601634442731,-2.5038652429686343,-0.4178342582812026,-0.8518144890842926,-0.45382780193902905,-1.4900029041362686,-0.715260917883094,-1.3075697619153173,-0.4993335288292423,5.216313120171546,5.5653649119635435,6.420636462975865,4.165017931652379,5.283617821812543,2.7878691486206417,6.369746831702239,3.357036481131399,5.484416577100544,10.337918944896849,4.841343387188178,5.167304363632669,6.2443163992341875,4.887248816172854,5.413148812051661,1.0263906795347553,5.769216860738958,6.335241647869678,5.962321403910895,3.038107552742805,8.40655644973165,6.926416496348695,8.089729064605521,6.318129698412124,5.06299356871891,2.8154487611749413,6.865526856568026,10.589880736111443,2.479120068430769,5.519088521042867,6.91263505240857,2.9605588388228576,5.149948483930013,4.85359093000003,6.256380527699675,6.325255428934183,6.340200419658543,4.519446419939198,3.8596490596573663,5.757661176131183,3.8536591860041143,6.774105694309722,4.753545140517147,7.001412289590663,7.160627078732521,8.396606768277778,4.5910446595745,6.998822327874322,5.017052515771303,3.4366293669987025,5.379192621256807,8.44641909317145,7.817694169370988,2.8902363640221473,5.926868185237587,6.579578107687749,8.212966345021021,4.698693998270355,5.881738433064803,7.813808340401239,2.488185853694085,2.850185227003619,2.5004050748100357,5.829359878936257,2.658894850912104,9.041922025596314,6.6271166414369205,5.353025532594077,5.414849515884133,4.047304792182297,6.5912057527776655,2.9446970762884037,9.423581800586444,1.5345526313413074,6.253456904712969,6.585698300504143,3.204674685655891,2.857382892948125,6.1114215209018035,3.282674524160573,0.518321841302356,5.548023922368135,4.692876118609736,2.3942116467550383,5.63905923038015,4.659831585335967,6.001834466274803,6.746581495567714,4.420555467918348,8.956782666670092,5.8057065999003905,2.541589792299117,1.6696053627729812,8.641389551830802,4.766418554032375,3.991098201006935,4.196702376367306,4.350417689523111,6.686868744861847,4.065483048067109,5.971567562256115,7.16431826245244,1.8467288055452475,1.7802024258996703,3.0504282140981167,5.444859494355524,2.9780063567539283,5.618933696060553,-0.5461112939832686,3.6650253135039437,6.706144368685788,5.926009803839559,5.386103073053258,4.082189933919425,4.736590356142775,5.08338011331929,3.9732948988892782,4.527589120033212,7.920246752379674,7.406968254993353,4.467302434044382,2.6610244777615346,4.364117654024755,6.006763638818993,2.30705896287562,4.369461363160012,6.7163614690105735,5.466191844623007,8.477545541659172,5.039463685525641,6.515770419042718,2.7228426656914007,4.5311249329262635,1.533791667955481,3.9735826292019665,3.43194257786375,6.201917188856526,5.7570352134851985,4.897191274018981,4.1912686373147485,8.156002800662268,3.9133365111554506,2.805749203583314,5.439283995073621,4.231155878057471,7.979984937827391,6.343175048232485,3.094700044855008,2.6552086776097816,6.5714685156353845,4.236647857695812,1.2367504598965193,6.027092077206031,9.195154417151949,5.719135443997355,6.095846193149432,6.798725213046882,5.527164255225126,2.9664867239949952,4.50875005093996,5.636526021124216,2.7761544548244412,3.9792306596268667,6.012581431967621,8.756098889507491,4.456659522920401,4.805050677313123,5.037991898326436,4.534500616682533,0.38128183507300584,6.809476535482675,2.139883552962132,4.391426681376499,5.63313830585202,4.917074048393217,7.075938937627868,4.576570725471851,6.006551308230007,6.679565875463582,4.9925100049882625,4.634073707527831,6.136907515167703,4.145572007951823,4.8736484525554635,5.997596361381361,3.8785418392099262,5.266199322147054,1.9522674138359233,9.055649513693767,4.278278366102157,2.6793011476659054,4.301877137378951,3.6230942030595386,4.610373521855329,8.74140253155485,3.1211287260148914,2.3286547856668904,0.1368101154739847,6.762781612480825,6.339666300169547,3.0173180571566975,4.251039566348812,1.3703602861963953,4.495627513580118,4.982926145633226,5.960044781381214,6.1000025420463775,7.317507295901665,3.2747891911357554,3.496781077338104,3.5936149006510893,4.9111257034776195,3.203215904114965,2.9471373746609255,7.320315060585839,3.8116354557527323,2.7996911047334683,2.1284697029537485,9.678671373348749,5.9112669827494555,7.666244083806105,3.457241431521361,3.501170805508954,4.701730582522709,4.414253897573818,4.1905911361896475,0.9591777669290389,7.180950292378341,5.365908735249436,5.981572950343906,5.410012529845034,6.0975656999787,6.73933970095704,5.531825943579898,1.1665848748867576,1.6273211453030911,5.857776481004103,9.05902096497744,7.958440845936738,8.49864724852127,5.807760556775719,4.144110856733761,4.391882198756636,8.763832828747422,2.9442947948532385,4.10024918807724,4.46839003094531,4.92514036838613,5.824077244929751,3.644266150916078,3.641828370924599,4.350641231434255,2.8123651075554426,7.347544100349827,5.809683167433964,8.822513073557383,7.994027256285465,6.568822312728704,5.88333568830621,7.908044589410933,4.457280202454628,8.214995358821627,5.833444566504973,5.493551925052052,4.482361808102131,7.129830613565735,5.1084516032118845,6.845850713643948,2.366648889831086,7.118673789686444,6.652871344704343,7.102360162819457,4.226515012812537,2.012139233556528,4.985163847001638,3.2584106149330525,2.792640127499739,1.2088967222296323,6.582430145850556,6.570335193664201,5.1505254699297,4.066814259125349,7.90276435177323,1.597008947389345,2.6877981780064877,4.926107958604474,6.796128319241019,3.236717671263466,5.996180260486242,3.033044969936281,3.614739479870149,3.2132314743715256,3.486294523036637,4.033833882494762,5.5330817692718295,3.185111795350088,3.192761294967779,3.7058100708658444,6.459976459290291,2.6358261420649636,0.5956676636935327,5.6894505296162246,4.930072435813019,5.471819915264868,7.820875135933155,3.604766156632647,5.123868671175052,6.903483487545453,2.676722596201076,4.604510842773906,6.003242760993009,5.090889306968187,5.101481557363542,4.881762282064014,2.60940754226158,7.208247589866517,6.876007673035558,6.071035362556222,3.40420474482001,3.8648697117575415,5.019667160686743,4.798681366493398,6.552335930983181,6.620854410058218,3.6562215448797115,5.04310046590636,5.697788369468135,4.0485877425303975,4.138669773062967,7.123815045292735,7.694185672831875,7.234368337343158,3.759108763231572,-0.8156861203904384,4.74788251825962,3.3998902481959665,3.5676152928935774,4.958046148817281,3.6591974057496173,3.5700707840400265,8.617263321555559,5.677879070749967,3.588715911950141,5.333586608655941,5.827077308627031,3.396604848867417,7.529351180177423,6.2765161291461435,4.7371481762781125,5.2713061605675415,2.7888104810152914,3.923624090286531,2.412590458190819,5.358414719560588,1.0961621043912726,5.614633241293896,4.589468597358793,5.820067919084854,3.3818735315175754,4.872830239534834,1.2934051212748194,5.573656459614654,4.139766878355239,5.207140528895725,5.921747215479777,6.877742901154345,5.0184280062683575,5.6780686298327,6.771684839116095,3.81368238609162,4.721478268294082,4.058652098824214,5.388592263877746,5.447627596036926,4.492922085354993,1.2849070689867883,3.7191499320862693,6.247726783721112,6.381895310440983,3.2722077826265163,6.245934083425253,7.099645274046601,3.1447293175104134,3.7480100113052437,3.3146844384003913,8.17716302389281,5.459491840737846,7.674926436990031,4.82665535924517,5.498522561237085,3.068977616327728,6.7263989863538685,5.450354776025029,4.508903768302387,1.1333878428338395,3.4149323709908517,2.750276282287117,7.814115045952809,7.330164985951596,4.833101990097861,3.4064597837088,5.771334269012423,5.107003100694329,8.165322351296995,5.192644177989961,7.237317095684989,3.882440315928192,4.325694334212815,10.56081547257954,5.1044400976908895,4.408995015382212,4.603456712444662,4.679292056299767,5.583149129473388,5.964921206881146,4.1885383501922835,7.712294676926517,1.0991838564379464,0.3339873815080461,4.206571634801108,6.392115932948961,8.44227476468047,1.4552974869454984,3.917078374777315,6.458528709887515,4.396311722138251,2.292712746928376,3.6925447156995985,2.0311396119626903,8.55481337758754,6.870335944834121,5.566077041880107,2.825895698367917,4.832365088570796,5.995395384879559,5.443317261576447,2.645802850730151,3.0767469388582804,5.760266271051423,4.417167422444099,2.374383110021445,5.915965378586624,4.628398371521339,7.998381683290068,3.7396057078856684,6.239000332815823,6.519793343910819,5.337020732246539,5.5039465577467155,7.492019549215682,6.099180059851943,5.222282211972363,7.920716749128095,2.1042150461262956,2.313742744005446,1.9693863619500425,4.892438506633109,5.275046227243016,4.681352885069065,7.0791183946482334,5.253747738660913,6.078403798729725,3.5233330911359504,2.98819677880997,3.214574380080014,6.837830379662323,5.311425585536438,3.502774690446807,7.100150360060279,3.446340250734466,4.363296334696736,7.214473500366209,4.818053300006692,2.0387875682685355,4.545946241956775,5.7564844502423265,2.5285522217899823,3.8936577376766373,4.718921720911304,3.85552510632902,6.952991352365208,4.930757624932351,3.5141809545709988,7.158050204166839,4.065671835938353,7.9695502388252715,3.990064319760397,4.415029052614447,8.586529277111508,2.995673845525032,3.0195479770766838,2.1154333039933935,3.5502658952826582,4.41769380445217,7.553743890677334,3.6432697849581404,1.7361321988132614,8.033848597830225,7.665397999416295,3.7968002650427777,6.123075317018266,6.161319623662,8.023918655149508,8.375723206717476,5.811986936962032,5.953464216213387,5.775108646613228,4.02370547083267,4.598993108739159,3.638034396513932,1.9237538842576538,-0.37188397417893704,4.225276546495407,3.2271927207351156,2.665427754190994,3.3916470064715134,7.406203363462012,3.5365707466074845,4.625364950691445,3.332399991748538,3.325845301033106,4.584813281158184,7.35308294872252,7.180711688982439,8.801135030557752,4.2868104371464275,6.493065103268152,0.896487577911719,6.8579558442462245,3.781118970309602,3.1942595851262654,7.191291046704077,4.8986482448752104,2.686713917399857,8.274134976011279,5.636618709146119,3.862276931138012,5.660500960323404,4.199125370704244,1.9510831771307235,6.091642169921361,6.428094239594212,7.003203746280709,6.060521788150055,4.456798229289384,6.627297293203356,5.376208397637306,6.745078430166476,5.461331707253781,3.662349699309858,2.763952227539505,6.862434793162428,7.728966667240661,6.8485958970856835,6.761947043002748,7.239374794323794,4.614524452179174,3.4175933287124414,5.024630982531185,4.560145041163862,5.504165674042975,2.328912306400256,8.66793967869575,4.4251991878822015,6.8875195388158685,5.262896693359683,5.9843031123352874,3.030550774072487,5.765826977416571,3.9792425699140637,8.587586993626982,3.903358230506839,0.7444715140216847,6.30410162330297,5.545368549220947,5.884188121823876,2.4933362360878477,2.4766869621396936,4.373740569822005,6.506032989958212,6.382593803470107,6.497198790673968,3.9718356566761965,7.631430669953451,3.6315501784703295,3.0693797570597923,6.011280535035647,3.641114365575791,5.600015835505913,6.292601123674871,6.1284492300628965,4.563470132055654,4.021669249354964,5.643990432174873,5.4937713571255635,7.135236807958369,10.452722983993532,7.448437200266059,6.896807704259858,5.424875634417627,8.413118714336207,9.305260194986236,11.777206831383628,4.756009871899811,7.044875239307343,5.414480017132308,4.936448489100549,0.9660558676170279
85,-1.8567389369443392,-0.016304881055482,-2.240372895554014,0.37235014220073426,0.14391206540143564,-2.228867208450133,-1.1898748127108456,-2.015302669096416,-0.6081716881043521,-1.460974731513392,0.44757551811302076,0.0019589964892081646,-1.235000413445958,-1.0592507038412147,-1.8096320265986736,-0.16225988547493309,-0.43406008381741445,0.03130423752986933,-3.3887925960088148,-1.9877018993517719,-0.09954227206420108,-0.6130902008964423,0.86381116837198,-0.8925309658959473,-1.7941689455922152,-0.7650957386351172,-0.4872844618386145,0.441442073932228,-1.4650508957866986,-0.7701496791861495,-1.969485443870036,-0.03976797194185033,0.4402999094546052,-1.9738709274469604,-0.5806719362755048,0.4227049850472162,0.06863139143997365,0.0999138174676184,-2.6561718253069806,0.0957084941257782,-1.4566806782404127,-2.5021516965808086,-1.6813392168348051,-0.91656549007054,-2.8043623330573113,-1.9342577204336573,-0.3641133743653321,-2.2372464429743943,-1.1352011830317983,-1.3463910818926734,-1.4072972139113271,-2.3449444025310395,-2.0555864106747164,-1.0405070572355977,-2.4181633332745456,-3.0947041380694484,-1.8377719422391983,-1.4429406756429155,-1.6561557749373104,-1.8581396022317678,-0.48523989184715166,-2.0044987682885487,-1.8218780555892087,0.2871378689866182,-1.8654121119592668,0.289260968289204,-0.9214985855424218,-0.9321286806481057,-2.7116813220294222,0.2865634776699013,-1.4816187583961318,-0.7171940648571262,-0.7454528872355375,2.4091438304122668,4.784637668992955,4.870310640252186,5.301682800369911,8.570848973179055,6.599756582064745,8.210227088617387,5.1659365858793835,2.348475129829948,5.4574291215066,5.853246961865797,8.563772189478758,5.689670105451947,3.286664042635312,1.2086961790770308,5.601244057903804,3.515397419506614,4.13785931982724,4.048542669391464,4.140823232106111,5.815461360839011,3.935165574863821,5.573351235441756,3.050448923097252,2.814281233974473,3.1483547668580103,3.469440928199611,3.459451645733916,1.8422642083861867,3.9121565832320435,5.095266682332135,9.6515574216821,7.174694155125435,1.1349795604686066,7.0791971724762055,8.996472339394066,7.300191505735807,8.018523692112772,5.309237406791845,4.114520599864388,4.402195904989603,4.853466760504188,5.657901365503345,7.153309910565024,2.129831217945052,0.8303151761035616,8.939626759472059,3.285955331546944,4.558083094506571,6.631455841354303,2.7668734997283564,2.142707151462164,5.544058991595533,6.819858316710123,6.783868578138583,2.548827682358392,2.5784196588620434,5.148382487330588,0.2563712370819857,5.322606070274897,4.597573319349293,2.971942374433643,2.991007042428947,3.0738866341340043,1.2371603302983822,4.972864671720354,6.09746143125119,4.704577601514504,9.112380373639482,5.951460194772269,5.804989175681894,8.843959407632102,4.117045121378066,0.5576832206960542,2.6665007719655076,2.165553417775166,7.66284153321568,5.045068567636163,0.7564286866619616,4.942006844614669,2.957199254286216,4.815770071411482,8.739214999095186,4.278904558115642,4.60145179482493,3.9366581813989168,5.571514127115755,4.553548861569728,4.677904287510574,3.678265290090513,2.759069004483412,2.627677980882021,6.0208514607606,6.269458297219249,5.270250650191542,1.3210543264239112,5.591499846504633,4.191362624172205,3.0485237178742817,5.022103297178982,5.551123457810857,4.018200655929831,4.931857899577798,7.07964817126236,3.8664701424205177,4.138137026154675,5.684856733851321,5.898833805844616,3.9240979907346207,4.562049615299142,4.509009751610309,5.45759529125999,2.5587357833152615,6.730840746465811,4.342800990557891,9.222215046154634,5.329031125787501,6.711615136856512,5.666644066494024,3.8333614066173007,6.550561713517424,5.217633642967434,5.900498249739658,7.732089938003668,7.556116947050582,5.287722527932806,5.076773343548927,3.9558078816969693,9.078515211187838,4.119056569442673,4.478100231565753,2.947305707204161,4.221467026834519,5.007464613087772,4.750316084205823,2.945138226694103,3.904527888360013,4.672821823837385,4.166924692295179,5.3697864203744805,4.000264329920289,3.4305595956811024,6.784854172418154,5.0470502011217775,3.353036038686742,8.486074290686554,5.073998567628965,5.037169193902627,2.2178972242731634,9.205111977700621,5.500851102558727,7.678806381706231,8.216531137102178,2.8280829662224147,2.103923147690281,3.558785317822659,3.622228437439576,5.137754547675713,3.876685651953466,6.55185329275041,3.77487107500915,6.294625919239437,5.013887862288792,6.635269623634674,5.332837109482747,5.036892107035824,3.5317249799488994,1.4145004471418692,5.8853514322486085,7.239673649685246,3.623805203497306,5.902214778349679,4.321906436199606,5.795227263409355,5.376766652255748,2.918427033459909,7.144794944904493,5.603143430826132,4.758316736704836,5.035834664460913,4.250678428134845,3.6885809774848957,5.645607077420921,7.829243550246177,4.65599288253663,4.779651912509026,5.1256304868058695,4.407071715875154,4.109737536973397,6.7514721828861965,4.270598090019287,7.657615709298919,6.021549077591622,7.040275416780201,3.208298084352734,7.729707842197804,4.991225047945805,7.80978061006973,3.5865565435941305,3.378471865672934,5.39687362604865,6.491761504251894,2.8361683270037195,6.7631309434269635,4.913818673291118,2.7356698239741135,-0.014622179972352711,5.320251614282317,6.194659598625265,6.460654538155772,0.9489221683832589,2.123814638981041,4.219285608672541,6.5395198613043775,6.113216012941471,4.489875600267139,4.126015059837513,4.397557966797545,5.587988157793837,4.0411256736125445,5.498780397129282,0.6547416556103709,0.8395223180889806,3.9253114130591116,2.2859672790309626,6.623383302857485,5.641415769865408,4.431694295979472,1.2690657483742278,4.736993171186977,6.561360872659653,7.438764680347528,7.018413146700141,3.8612058891432004,4.336134484488671,6.189779140434606,4.956264620874482,3.838667188460972,3.788081790344653,4.310988496265346,5.9809596515834205,5.509582561543922,1.876654298564163,4.156853656553199,8.014860604588602,3.2809310953453896,7.645601415244091,2.7560516339146472,2.1913018639059243,6.6581956348435725,0.9659994781273511,3.2210791538794408,6.966466476497725,4.798060615619503,5.586217130327386,3.9092538628774838,5.4366270164764225,1.5336777837226792,0.41928948846770986,5.3205099443465205,5.293532782518015,3.2480755956255742,5.576411974654148,3.9613369388463093,5.057408040306945,1.244043746454007,6.062536850854694,5.216854929968147,2.3593732193743095,3.0932222530712363,6.159417157544498,7.857267888182461,4.941145835408244,4.646025469728869,4.217462971376645,5.177438318436912,7.349755898508636,1.7822303929387902,4.075002677724532,5.577016701520846,2.2142589983044587,3.297273935323304,6.979125394579089,5.974530487690395,2.4163514087425653,6.035852570229882,4.991023795893314,3.115598345783911,4.100040616770686,4.9203331308285865,4.66690281496761,2.2718497895874123,3.298677551635902,6.772867435780469,5.616429960526466,8.641169629610914,4.868306967687467,9.14130992949278,3.890607087752937,6.002969785024074,2.9028629953525553,4.614928909995025,4.05170111129729,8.47237176556996,4.693473266062232,5.662720588309899,4.95128776627146,4.304763078987203,5.926452694181287,2.9285861779231417,3.8917348564187915,1.4396769423459927,4.766003160242791,6.574925371316061,5.872623290741754,10.37625157695415,3.7310176721188606,4.059615685079445,5.037969614424553,4.547244932096484,5.875382172527216,3.9547465695928934,5.306267144834463,3.7198633059107253,1.9497246157390755,3.128632561532097,3.1172348545009525,3.744292844438271,3.3961623106486813,2.460074600617928,5.964952621627896,4.8982326302348875,3.2914997915694206,3.489368150243882,5.466398690734333,5.286446671358508,5.506769738177926,4.348992442900658,2.973535993081928,4.927961983986345,8.402661071850078,4.887094075117751,1.032247536553407,3.410712441684868,3.4669738338279643,6.412669571361642,3.5118213578054975,6.731942359314154,7.474067382916654,3.562015923704979,4.891401857259313,4.208310531058795,1.4096847090683156,5.061902471608607,6.165900071065474,5.555841333191516,2.808962364630793,7.860067854175856,5.512124242070763,8.023378651850647,3.006030594092657,1.7351633569075386,8.218994862062674,5.267711015648897,5.660078544223834,6.6683964385811825,7.211179448470817,4.268476103812391,4.2324505414017075,4.6390135240000046,4.323808048280116,5.685135646630852,6.286565223582555,4.515080916591003,6.4621182927549095,1.8869389232017495,5.770957132917729,5.53088656087192,6.338806842359964,9.193338349185392,3.3952431783896637,9.834653774133232,3.038906837900849,4.733960785191859,3.2101769820463955,5.1144184643972785,1.1967730774436922,1.2160268501029687,7.456379185041197,1.8279681362478093,5.382510216756708,4.535835436756767,7.378311026056662,7.871205936484357,4.256309203210015,6.724254496718696,7.257942341220399,6.9730271936192025,6.718720130059413,4.191443891644439,3.5271964819378807,7.715788205261275,4.765650071942934,0.8351597597394598,1.2499248174074182,4.476771776595693,4.0663168935154985,4.406602324775427,1.8786783768953557,5.189759245272124,4.880731876264189,5.38979394585364,1.3286767338816947,5.752886756920971,4.35536887051704,4.280258664055217,6.402462897058084,1.9703928174478618,6.774074915534763,2.4426992144288144,2.1152347807023886,7.719739369142761,5.735179513295208,2.0911317728606815,3.008526284948293,5.29295771035111,3.1875431416049977,4.163714304427441,5.231029139339371,4.880112737782998,7.300427263544666,5.921631498422221,7.511183756883083,4.315292662814265,3.4108077922284723,7.3823162576671715,4.595878110188244,2.5092109094474075,9.980911120517735,7.572544984481183,3.0594518370155828,2.5060667173419313,7.205478317064608,4.133084381244015,1.3847233903804534,5.430426432101825,4.391938744361956,6.602319840565972,2.6231451430194332,3.4027787656660484,4.529488735930416,3.0456157030586053,3.7590812114907974,0.9662935030521336,1.408101146893455,5.258069803021851,5.545025464001576,8.576510585082598,4.577886191775915,5.428226356012306,2.5939988655169954,2.153686924180735,4.392481649316558,3.019363068924961,9.32466458339875,6.036170802631462,2.7951587427349405,4.8252492678913805,6.748060938416482,5.794055348411605,3.0995379043550297,4.550894963276169,8.548171521163871,4.211169828270344,7.549024937757997,4.105605822641008,9.277659999600441,4.231175289554314,7.792687080982921,6.185118449454784,3.673761186073314,4.638957432458776,5.919850092382948,4.739419979388634,4.971155050747531,1.8724500066027105,5.519767156493515,8.490261665686496,1.7536528004012029,4.034981136668832,4.036904548983916,2.3953728552615687,3.8894222425562104,2.430739660005462,4.918200638385646,2.5382376451249695,4.57706027691356,1.7864152283125168,2.2077766052053343,1.6910037044379056,2.636780327656562,3.9755604851768673,5.799354692775353,3.1911452905741218,4.015682806631387,6.7005958771398495,5.958289060881443,2.369535590009872,7.753255810229561,6.564874059892622,3.3984059403223617,4.042987585955968,3.236366012159312,5.792025790807804,11.446083633343125,2.1763976357759383,5.469950077646378,3.2454073067184876,5.972298409355605,2.514232810408741,4.002227121083191,4.205461870170062,1.063142125967719,8.361310600541517,3.7779513447017887,3.1462116511859777,5.3880737764510025,5.864415268623644,4.174326562284745,2.620806799507674,3.5436968318889077,6.187022230267201,4.608473347438055,5.991165429549907,2.7281612456452917,3.411236583913933,0.9929951179423799,2.706196595193108,7.192130454968003,3.5289481098119166,5.751454977482079,6.238699742292974,7.621337401629397,7.823517216451396,6.337242296785007,0.26371372269904736,7.570611134242981,6.676339666079938,5.323756169891952,8.3630285332579,6.123206429350473,4.36362183096136,5.786723640121185,2.957398223913993,8.8562988268717,4.889117535811112,3.054250382268667,5.966531878080791,0.7877263357867594,4.751724154309119,5.133648109119459,2.845620022589844,3.8929978125551203,3.5986593854266298,1.8591264390046178,2.793455270478377,2.3301756975681767,5.932891650250617,6.250005769307236,8.58587268376739,5.403969162594832,7.478876785663022,6.990077284176744,4.172162514364997,3.859342264629727,1.2727568533117082,9.282119500489415,6.43150405062415,3.9386810816841322,6.702325317071972,6.5662576722884545,8.054617644042278,2.2202917540959106,2.4321807242576305,4.244708883864367,6.526550458867264,4.069483880270372,5.558488022485104,4.744188235101157,2.66031928252897,8.163529217612279,7.574007752710326,1.1954757048601956,4.443522856298358,7.911746675881204,3.4183778132471776,3.3222677189588175,3.731135530578033,5.043681070185482,7.118771713604232,4.82593761882276,2.6350938090671656,5.539433000663773,0.9794020468893239,6.095809047809275,1.4007488739261844,3.269579855756459,4.162024687362925,3.931327788892588,5.564440842378403,9.131322945589982,3.4100127364464776,2.211171357019947,4.887993986542822,5.725152253557701,5.719749807554488,7.498456006465272,7.342977466599335,5.329909579519506,8.24675615697872,7.106393432899989,6.346430352834734,4.121375317876524,6.052565244159463,4.840060916931807,2.5133933430204265,7.111682369759938,6.526229152112249,6.118280074249167,3.337877086468561,4.686374820715368,5.474121526095761,6.817950861243916,7.433063499995465,2.151811524798732,5.3345211228040075,7.812905997550265,6.251431844174039,3.738325426046403,6.791939344060136,5.182061604274056,5.430310024872845,6.483856952491033,5.300703575860398,2.326021802604984,4.381511258327878,7.31734048030142
86,-3.075006820382277,0.20096278260849498,-1.2020233545539574,0.4088084246095989,-1.294933132546757,-0.49983050682065244,-1.0265479530432766,-0.7566618979591795,-0.3858059779177422,-1.4040831985700206,1.1553796269566314,-0.15962952385293305,-1.3173231883744836,-0.23405914023194774,-0.5012139471379553,-2.9399089988630864,-1.4624474508643237,-0.9019661484201963,0.3535243014236855,-0.10086598585936346,-0.4313707460070425,-0.6698042755790952,-0.9842650773182712,-0.8513483617017624,-0.6294562055495313,-2.6508513334521693,-1.251428760439211,-1.9955112551157457,-1.1957206520754375,-0.11251954289727983,-0.8661464574171194,0.09381024914477165,1.05594853280772,1.0932566790234017,-1.4133307202790464,-0.7805008222325707,-0.6345176636051361,-0.3874132902480122,0.056375359996757135,-0.9684029188647045,-0.7701551502866265,1.3556689050169726,-1.3972561747840513,-0.716540467209572,-1.3888413984474821,-0.07056320950925243,0.20991687743585663,-0.7227849882040477,-0.7619464827327034,-0.8972916945881477,-1.1738983351593202,-0.6430231601136421,-0.9153329860738456,-0.07299130900897932,-0.7327250307966657,-1.8719538102862643,-1.099807766845966,-0.4344170870230001,-1.178005831136599,-1.6593966955532697,-2.6285640589580157,-1.5134883658046718,-1.9408981841194333,0.3977354416999157,0.6165191735410653,-1.022251211969132,-2.2777565807171785,-1.4525126990298618,-0.5222068458850059,-0.7588170171048788,-1.239144506427904,-1.5160801039094314,-0.9714988499834737,-0.3173630472855108,-0.7116888295118194,0.4095505481701447,-2.3749005691022624,-2.1171444216625317,-0.5743679178813341,-1.320625516182247,-1.0935598758778151,1.0610756244548192,-0.38982773516317093,-1.256253108052803,-1.7608405264125624,-0.7106686002889471,-0.9171274725846987,-0.4517115040794937,-0.03714658082439226,0.32145858674317895,0.3983428356922314,1.3268041665186,0.06815022877530974,-0.1360611000268913,-1.6933873255673708,-2.67080831342547,-0.6063797967535505,0.27651167224031314,0.5144928858768891,6.7837346718637095,3.2700297178630375,5.752532957957416,1.2488206820846512,2.9801969089938334,3.535846932251612,4.892824257015882,5.46090280480345,4.096300695816825,5.895931011171892,6.241537186640058,1.9875959525671938,4.903487148027502,1.22407202027135,7.68393583153761,4.44502111169711,5.47770368806254,5.489970363491041,3.619837109639633,4.1943256319314015,3.464941417469995,4.790033286234392,2.181481736496443,4.637396902262369,4.014427882236541,2.054299392216994,3.935547925395711,3.4090252703268957,6.254579299030491,6.581357416931397,3.4262328218031484,6.649995518897384,4.221006147324513,4.0771747618671546,3.5421451972229656,3.71625365391645,6.923021015761384,5.445391939683275,6.020197887160167,4.354936520602555,7.948055349964322,6.421461562829618,2.338585384165315,6.640533318387198,4.92383212962628,3.9174960321206296,4.54382369331916,5.549263312613047,4.106235645500085,4.734226416853002,6.062495582232399,1.992964593741542,2.654284864958534,6.516801546694788,6.454965365670105,7.671233794244584,5.824545746976614,6.495509214514473,2.70374739175039,3.878050854737085,7.04422750060221,6.61837578055844,7.251907461194948,4.427390357960794,3.5141806677228473,2.031627223793064,6.75670974515257,4.140027141197146,6.336168423682331,7.0277308646109145,4.672553292092801,2.25941999091463,9.575813616158236,4.81922122800133,4.703433891568485,6.4000699624038075,4.885928664581388,2.96916171207412,4.653205393466347,2.263303528655771,5.9347542745748685,6.864709356625835,6.675244603070778,4.3950910830441146,4.594882556641627,5.032866458326174,2.803544023921124,5.8510886251656675,3.7447242318086995,4.041378339733033,7.245268200637872,3.230804615727776,7.010434456024723,9.19075924662256,5.732064514876215,3.1897254428266413,5.1270006312952265,7.850003902440502,6.49944770289464,3.6271414910916286,4.459582874705574,6.74865665082469,8.219616979252178,6.922341383272734,3.8861021179062956,4.51644068779932,7.833160441374534,2.7123985880667725,4.514144472696334,3.251306610509949,5.440452443152375,3.6658338400085997,4.044776971261267,6.383667909436128,5.268586708107505,7.546753124511948,3.261730604844515,5.846259587727553,4.091735857840923,1.3486785987666958,3.0817982548234326,5.201920170537915,3.9497468309910424,7.521922469718309,4.216426479679516,6.082385030329764,5.676457671085298,4.597005054794258,5.0608072467992695,3.838070042606774,3.709493116962836,3.432313447335707,3.6274253805978245,6.459885959238267,3.9531248586174037,5.042716074663548,6.379998820698478,8.321022241730361,7.254524511791442,8.819792414903045,8.319161891121329,5.413599981175699,8.313887614677999,3.8359231012722583,5.089880036965048,4.178433245721769,7.808211853157021,5.28420522499188,4.0962713300607225,3.96913961965307,5.946116848381456,2.9188922553118988,3.7802381256934856,6.047415643456402,3.4805313488116596,7.377986499198094,7.991030318899124,3.4383387616442813,4.0865369081686875,5.106908097634303,4.513209470039123,6.039332041066174,3.4613368893319696,4.66716093431273,4.8656210785162415,5.9010912701736284,5.711100219503354,7.093335888198596,2.778943674776137,2.0446282257763455,3.054174757391569,3.9820215763776305,2.938693412239576,4.6283253819887396,3.891234703059732,2.4272798327648744,7.380089915654036,3.2379184503353677,2.4081688832188224,9.255803462365812,4.506725578359807,5.803768675611311,3.4484543359861908,3.592053640347962,5.934387633412152,7.620110545098181,5.066166098720404,0.9138846514367591,3.623416845483134,2.6981305278031855,4.824941873121729,3.859431917365578,5.8498610028200835,6.96331775186851,-0.3648923242489799,3.1218419549250385,2.4074646718063586,8.494860158370292,4.653322033549854,2.215252380562231,4.8741234693282856,2.1021793647149667,3.7965365519822543,5.8100745342382965,3.89176554912113,3.2720829816118098,2.9230333548580076,2.3760935419965388,2.9980925090716046,3.029933561353909,4.697559966994637,0.049539418460868845,8.097189732444443,1.5450050613762967,4.834914644512127,6.53932501086816,3.4124068712642575,7.429429396580671,2.3126587426593668,6.388853678117357,4.767600312692379,4.11833344560507,4.997686559877071,6.806911378366968,5.996366519977375,4.343784355976408,5.69120494133981,5.075739573074572,2.3908876235045247,4.252563600751555,3.732125543375656,5.310798687876834,5.248791203540675,3.3083468176678537,6.220950015793738,3.2291625167696703,5.91665741242024,6.072405916230445,5.629321344385568,5.465978100713183,6.270919083814695,4.195643465204953,6.8454209798097825,5.165966637587218,9.147115332431916,7.960926811038599,4.406205602643314,9.125177656145272,2.2480026200350878,1.1775225406766272,3.5009348480732694,6.743102908964366,3.43148422416861,5.850878785735847,4.723137056148763,8.121581603903799,4.279803123202007,8.69448677062396,6.373785014571868,3.251244803956686,3.991802299571745,6.215498747063957,2.785355440518874,10.048277195777167,2.0125315514351096,6.042711800474298,1.8633895989805724,5.248925972281264,8.536315841943955,6.401543952491633,2.452400970751523,5.0385692663039885,7.434457390246138,3.111077676180283,3.778456564856862,4.115345616220769,5.279826044924933,7.132360612862403,2.8260909069268,6.162696596074398,4.357078587645754,4.8160125447049404,5.663729619066938,3.7626256343657736,5.446096982529257,5.880569105218586,3.4052803714499813,4.4267244579678255,6.893986829027902,4.019285941048186,2.4120766645248457,3.0790204001964643,3.9852380693891485,4.337963898274182,2.8915548737177765,4.965958657793694,4.572613698876376,5.215648778657609,5.5894021186768335,1.1412851945319762,0.8607626942214361,5.557738268954292,1.9342575125056207,4.2502894542449585,3.5892434505966904,3.6877276379700543,4.7232087532668725,10.481794913980718,4.9269390234052315,7.904870555060986,3.0188665171616034,5.530916755623303,5.387317935527784,4.654992194997465,6.130852512050323,4.376795524690537,8.061022191441296,3.9046942021293676,4.042384852119249,4.579718588602699,5.1916816284594445,7.162112559844074,5.3489950420361785,6.653381029485047,7.423096491450424,6.1877815252721575,6.132953503197124,5.229940359130678,5.818490368439712,8.318354829794112,5.2911347358987975,4.809535884688901,6.143091176353865,6.210679085127947,4.783629071533748,8.610085380744463,4.491063394517928,6.702645194138445,2.0041442921502752,4.883021664834662,6.41273575251289,2.0805690537889876,5.804550995699595,5.110171639926722,2.8954489054001953,2.404493733714419,8.294823052658064,6.992935369608485,4.164526837076565,3.8961067091167556,5.064066212760067,6.326271208725311,3.8060249747496453,6.998264507248088,4.275163457652954,4.481734744774006,5.675935611846199,3.0421556894973847,2.6537807945675898,10.094212113913962,6.005000187155127,4.3057602243822055,6.333633346324248,2.0924815606463625,1.7410987996800462,5.583948409593385,6.308241565400725,6.48374128947405,5.549436858820429,6.021646156644424,6.473783570542681,2.7303431950779182,6.377276862073501,5.2603179184016735,5.77172602798292,6.659115359714271,4.525607940419547,5.95369801130945,2.868760049502617,7.891082734660607,4.152230317375845,-1.0768705451496432,8.262685086663877,4.351118487554851,9.104092124144625,7.311338214159928,6.377594062858233,2.198028335272359,4.156220988352925,1.9385742662605474,5.020428240409454,4.530909508804647,0.5074722281476909,5.406396905494389,5.181884304177888,2.527379389885382,6.444583792947064,6.433637139687652,4.693617484294821,7.369709771673518,5.934996412289557,5.204929609611129,4.751733504500493,6.579525127451061,2.3147754199910358,4.990032813327758,7.134763285920464,5.113926116463303,4.917248465897883,3.679197096008945,6.31080380841241,7.786928960142449,6.543298567603669,4.151499732685313,4.436253469635515,5.753936512000162,3.827053559702994,8.144745842997718,2.1412393366924203,2.5692933618069436,0.7831681878787666,7.6116392446588605,3.8532050148177226,4.2215170310705235,8.28851203734413,5.018830148888687,4.168115004255142,8.969434017356765,6.239409453504548,5.488013820436208,2.8798506476747177,4.376613051217863,4.3427168195199455,4.044917532565984,7.520773616090045,4.874328979103911,6.7462145912544615,4.135994973811407,7.464677311635462,7.792073005370966,5.026940090752533,5.278961507872606,6.418838302379851,2.830170722285506,7.446533652847202,6.311192320123518,4.7873790838857655,3.8402273221339502,5.941556417166349,7.727996622905455,4.646525988154219,4.129996714031657,4.494139192240424,3.6404324365576715,4.331516781801831,7.2158617281595685,8.187649926150776,5.400955146574035,3.790270292488933,5.161222069116507,7.123286966429941,4.485907632492161,7.096072731015097,6.488243938598647,1.0879433354929957,1.2559023338275654,3.076034442210031,6.227686775981446,5.3687737539866065,5.110234864834559,5.37432808934248,0.7192898798471061,4.127062481093679,3.3286920089335243,4.040480033272616,4.568493800031692,4.255456898563286,3.966293252928004,2.264914725081935,5.5588934582166285,6.639982070894675,7.034305882188745,4.889069407294857,4.546450809015954,0.6500558099785998,6.018184368804915,4.5355572977788725,0.875860740723545,4.293772780872435,0.6137043448412314,4.756521953834626,4.212861269023276,9.94884917070235,5.353120602401596,4.863610877342765,4.4279213965668305,9.672071756707872,4.382245447046513,4.102430298635179,7.273879554454009,4.912396558067849,3.3279901775612357,4.763615162106861,4.277593873149894,4.17645704593794,8.918839115174062,4.097079366904475,5.931998394991262,8.475584689092809,4.91150297961656,6.727898008239292,3.2204242475820775,2.5878901045495026,6.5451097665463385,6.79819517322877,2.943343568600547,8.475626695281663,1.5867760149364205,2.0703173096875247,4.322245877846343,4.23564514883865,8.218572593020005,6.371426640428606,3.0884035891266493,8.353414973840511,3.4442233661488366,4.87221653043326,6.6669912406018765,4.0406956847969,-0.0801818317078089,7.7923166317312225,4.5853833364142815,6.649843432608284,3.260862690298751,8.500860605098222,4.295519679292905,6.7142959526552595,6.616316895925744,4.1594723622795025,5.25540339032927,5.074488291624616,-0.5214665712453854,5.940923600815531,5.03119612417575,4.193901031242844,2.922528426886223,7.191727554700046,4.317775366835286,4.030938041511172,3.947104227274222,5.670867415485999,4.337364429907804,4.294889839019257,1.8768787179575868,5.451563922258058,6.888168318843693,5.078278178067698,6.222705424841514,5.545439912519099,4.182664756350001,1.1874589978995735,6.685347837490677,10.691567650196719,3.860438854438172,5.222294157433361,4.789416436359278,7.45964647022074,5.011097088625055,3.6557677513941487,5.894991938836835,4.50960101086641,4.679944659792334,3.6859125016645837,5.485754540097061,4.696414578909855,6.219772842284891,6.517222568152189,9.517765801302488,4.548049473563138,3.2653527605490824,7.878262177629523,6.524512988169084,5.680038035400925,4.595709216132023,3.260239014037057,8.294095232217847,5.390554515953548,2.5621985336168356,6.6635074511969785,6.267489199884086,2.236996343241117,4.70376327300962,4.736478098880914,4.39854455707118,5.033734876264074,8.186936668813757,3.5859608407036676,0.6145216736909687,5.596356970460374,4.573464689917992,6.318564219312229,5.444728572216814,4.903654116973529,8.35846130971129,4.093588256310065,3.6452430991997686,9.187415092471404,6.5449309296551075,7.0267625717910125,3.840934692983144,6.4040257711846005,4.943629966547998,3.160980788545135,3.0653744685660094,4.133744552157506,0.5542905517141765,2.9779840798432597,4.189612817362557,6.991265326952053,2.0087637300121735,10.960549623787633
87,-0.924960173323098,-0.928253187425494,2.3630868007213905,-0.900848933645305,-0.8104432266081016,-1.1387521054850511,-0.9257336788800373,-1.0249764184254606,-1.6846238062553613,-0.608457376975178,-1.5941341356722964,-1.6323077391037184,0.5852038466084355,-2.516516268231081,-3.0536668860614706,-2.5561109153208648,0.003310533333608534,-2.6972041886175875,-1.3545244597954538,-2.224179455021672,-0.7691094119401247,0.5666148569676257,-0.7592654525628714,-0.20822543193299858,-1.0841630085735732,-1.5999186716709586,-2.6992041203049624,-0.8715150352466576,-1.5774040469654027,-2.0031378915927793,-1.9995576236254342,-3.044213877291577,-1.561731173283726,-2.2543206066599044,0.03497487251201181,-0.7193928708243658,-0.09152619588565947,-0.6297732378169696,-1.0897276582069613,-1.4814466557966963,-1.9365940406605229,-0.5841249123447699,-2.3735643874374666,-2.87762267146624,-1.8085556352181147,0.43330661603089227,-2.3741376660228335,-1.8833772135749387,0.0668726129911641,-1.2020400385618566,-2.9038195623661163,0.760594014911115,-1.342214987134746,-0.6775293573902395,-1.2254972880904456,-0.46211529436074494,-0.8204777352322539,-1.9321470076379796,-1.6134836138137245,-1.6040057661707408,0.39390819300348445,-0.27505704838089495,-0.6135755495155244,-0.7314271201929365,-1.8919941284224655,0.23061805797561008,-0.9762849895935534,-1.1925782904411248,-1.4827300151480782,-0.47195993611534137,-0.46659450678672354,-0.5332620542899643,-1.3986820837932723,-2.1423188699473377,-1.7128869285789672,-1.5554887882969561,-3.136586690769061,-0.5812599658383695,-0.06404305390405574,-1.3868656593638418,-0.7698707485178603,-1.4854408114907331,-1.0397202779738945,-0.5833468281746897,-0.8613205330148758,-0.5280241037672797,-1.1538976533436731,-0.7040561733350597,-1.434649221245128,-1.3758587386131662,0.06528012514490533,-2.022498787443352,-0.4818056367902015,-0.9688732257057034,0.5600816044489973,-1.4219864027174862,0.7565655550906416,-1.0706031429326754,-1.6365402447429043,-2.855328114677123,-0.7636190494414399,-1.2407258159502086,-0.18370033658431084,-1.1740799822078805,-1.671882373668009,-1.0390373586352846,-2.938737809708744,-1.9457994158675698,-1.6099132765954063,-1.1047950253147105,-0.4732801722729587,-0.9537506951145743,-0.5938642990236169,-0.3881675455052547,-0.32609802046090797,-1.2770126369088652,-1.1625248824542043,-0.3190450652182648,-1.7775965478473932,-3.0194110061714543,3.3187448118645886,4.364422993277897,3.8240009047872032,3.0847678265531604,7.960984798171351,2.7721295951522347,4.29632041204904,4.41567040944807,9.55011710347662,4.7502846285468605,3.3018064743150624,5.597623370656932,6.181851999415085,4.085987591817399,6.288474877531957,7.138176175899721,11.189970418226217,5.33544761324584,3.853214014863105,5.501275184225726,7.448888400589405,5.511140823921703,1.3880054125106862,8.756449570873421,2.8692612041271297,3.1038622540681122,2.4068852875278215,2.809035275145231,8.165292930087428,5.675330148194216,3.2955941262548003,5.15180362427261,6.150870626322917,8.93643975122577,3.8920945307808754,6.384963098498018,6.656757630731764,5.595511928774689,4.5246038502369705,7.222767915032605,4.031531262202047,3.395741191969218,8.062267013158413,5.032853481892457,1.1814160209018807,8.753643627792478,5.060561630544285,5.242989377828361,5.222065650318075,4.972347032337452,5.444869425412476,5.593682093191538,9.916981573874576,1.5962532576775734,6.022408340210973,4.9637441732282275,6.169822195314238,5.551607889934884,2.4026581765551835,6.438376904481181,5.88211153721281,7.474190662572434,4.989451777760498,3.90898790674526,5.515268675904353,6.069397822502941,4.118333854731583,7.800230962341494,3.807085552549691,2.866202105134517,4.669248073984049,3.1965795932209753,5.544086343102561,4.7215765677314465,8.950956295405463,1.3661951378536683,2.8812633020137057,5.485194818577835,5.546152808783879,2.997574161903751,6.595258876928658,6.118538782961963,4.4805535980402915,3.851408529950497,4.564153125525682,0.5645574583320272,2.597843651627624,5.708021698508065,6.258555892578805,2.2051519713659644,-4.562470970130683,6.828629465065589,3.620611410091085,4.140663496303536,2.565354168941446,1.8478593063695667,6.694945247894324,6.734834163351591,4.30593654816559,6.993638896940197,5.330673152270235,-0.3690163260493948,8.172195623060535,2.8463375481212285,7.936696465819496,5.316595529378764,4.181279405286038,6.214323805103361,3.4423725628239525,3.313233036242555,5.6543455075882845,6.94069991613092,7.827260648796921,2.0749609530752946,4.149199994991959,2.3758607742390114,3.8722637735422536,4.535347324842239,4.543377862162928,3.9846201919934945,4.377061402483185,1.8963589751227254,8.901216203370627,10.026488917741855,8.903289737690598,6.619249201514645,6.16220848884687,7.589224197455966,6.585401233882825,4.854428536165475,2.044500138413377,7.618242607532863,8.821498720888199,6.533959833535766,3.0660900409061735,6.819477389283156,5.6700709228111075,3.661728121684072,5.279966251154812,4.594006403479693,6.3048541758955805,6.075267112570002,1.6747470526788244,3.6413870292266544,6.850035208644407,6.598200545959092,3.4363803848063434,5.826246426871735,7.332106999455171,4.66510329904229,6.111343156589857,7.040881391927065,4.64644870953728,2.1490973128200364,3.3427481875146623,3.3858360474261397,5.952185977982522,1.64871067572067,4.254404197357101,7.591073642677204,2.5276169371944497,6.428204603407564,7.8161061872627275,5.823068559925443,6.577041524482808,1.9584108481924098,7.378026708684457,5.096111430820706,6.449736994999843,3.57746667533347,3.3414293405079922,3.985871099984068,6.32641713731223,5.415471265458037,6.085340090902328,5.875664450151185,3.1421384247540676,7.198888564527403,3.438988703292786,2.6509316497119,8.926563179888268,8.025096386705016,6.484291029335888,4.097940914679465,6.3471032902410185,5.378834504800394,4.650906301882736,2.8560822263720853,7.996191615193167,9.945067655007115,4.893164175567906,3.2899806300843024,4.370466238537219,2.5428963295137152,4.959830768139587,4.263505196362604,7.286636413175956,5.838255903654227,3.582826585536241,0.8148509307680385,2.977283546486938,6.151185505117582,3.6111958076909083,4.035791567280559,3.738946100329806,3.547888562425981,3.733528189831528,3.0395883120207134,5.478444799918336,5.273058140918615,3.032077936490925,7.086575603369089,8.692483616353373,3.73934050179367,5.366872325758984,5.52690420554507,3.8432836351747213,6.075867202515678,3.743755921341789,3.217143578858881,4.6863779645682975,10.919520175050625,6.3631162313605625,5.118752600904716,2.9983844698456696,5.1620758707143315,5.265462313451607,3.9995296064524597,7.837100903870095,6.667223204553185,7.46477673135926,4.154586220147158,2.36312625457311,5.131498978873337,5.721370977145434,0.9504229756481726,2.9796310267407073,4.793196344781711,0.7895211819297998,5.1801763759941215,4.463388577403586,5.944514760473883,3.7169676600418953,6.667282023689254,7.83420160142107,5.351475894621348,6.090206801874156,4.4802569788232205,7.287724870225015,4.16756243824531,6.897567545230951,2.903697004150139,2.3880447517651304,3.5144447733395,5.452292848217141,3.301747440820467,8.723231383178646,4.697361329982928,4.13688432958206,6.181015071068902,3.6019594888385065,1.137946528530601,3.6162113526359536,7.536725965281898,5.767333445328417,4.647544015444798,4.770398465109345,3.2038372411791913,4.8563292714545305,6.56950540309216,5.321194519510919,3.0865147471490144,6.683106625828281,5.422779473123778,8.050096425822016,4.396295646166477,8.092993954974691,2.7158233602980033,5.855950200977585,8.286800713043679,6.838875369511499,6.377728010643898,2.341791570717461,5.004314315015156,7.996352242802179,6.046427463116938,2.69231714703358,2.8583056386085457,5.612535719750059,8.379712817822183,5.362426572504254,4.074761161835712,4.718630748689756,6.3066372421449595,6.553155364423027,5.526563303630261,8.404806629949379,4.870016964306699,7.632781400648811,5.289845358733697,5.883626313408321,4.42384751540517,4.218426373641562,3.6105383593911724,5.040196213088133,3.0292148723689696,4.522209306763966,4.597112752400561,2.7432504077143074,5.794046613164713,1.535961931695971,2.144971902964082,4.646352713028729,4.351424876143682,3.965511866791486,7.526627561760341,2.611846985492648,2.5002183769698236,5.799603602215557,5.089937566025415,2.9746079542401653,7.45548876935467,9.216818380844437,7.949330932544976,1.6251092045121638,4.032394631168601,7.465887362254321,1.2301432367696568,2.335062680892394,3.7184813445737195,5.607396731414529,4.094725346309473,3.170545680763991,4.623592074610409,5.76973224525323,2.494803836706878,5.030651247437157,7.872639394033802,2.0734423598791736,3.586970369198379,2.5992894041329886,7.255906163155636,-1.14141454019778,5.5299059064042035,7.787254216622628,6.414248468894048,6.449367759887626,5.441003264715646,4.691452788039625,5.8870505560979405,5.051256874884742,7.628335353927215,5.921319901735885,7.237383855036487,3.30435553312289,5.419435846215915,2.50520161364353,3.8401301066222366,3.4197027813945224,5.854473381891822,3.792495863655684,5.797219663809103,7.513684048689147,2.94540684477049,3.0277616452831806,5.837404644244954,5.034243853765473,4.815235905854542,4.9630790863110334,8.548415702013335,5.083849888583746,6.807128583919301,6.922807406102416,4.5515682348438355,3.624053407755864,3.737820999391097,6.1201538256076065,6.9720829809013045,4.946897136871271,5.251785045100459,5.775071994852847,7.740862889176437,3.239868500037603,2.699708389858162,4.808221143792772,1.734222000165702,3.0122088245737135,3.799441061841856,6.7349281775852035,3.4295787888138483,5.230354990005465,4.933003430781034,6.8287291685090405,4.041337307168167,6.32897609503438,3.205684970420582,3.5847314575044456,3.0758402531932605,7.371372521573376,7.737553928155117,9.526600088921278,6.324893361402493,3.357451201059729,7.65263183951809,4.0521466746039465,4.422459151408159,6.126788368731489,3.980440949032669,3.9817660573804012,3.3562914771364034,8.118636136675528,4.326967111775001,9.460088488545294,6.679579824817501,4.923413842811913,0.9177477277086581,5.786938174874474,1.4963364200359464,6.637622827818731,6.059613152292794,5.59253285947484,3.3879567168426155,4.604498245123161,6.083455106862441,1.3645992318365607,6.732247577412086,0.7921810830526201,4.537993174929794,4.59857381105365,0.8628023342221427,3.691967277049768,5.438935129460378,5.239134904197863,2.8262428864274813,5.1772111553274165,5.939903052771465,5.018999131663562,6.356486814729523,4.719687187244436,6.819536912638559,3.121461488736167,6.395750430232442,4.8386918978609685,5.513783977264205,3.54849107862019,6.043072353455048,8.045062384807022,1.8239077839487798,3.1893190653578287,4.804446918825965,2.3394846751835976,7.212079153418931,6.224384044962878,2.706125578365482,4.989603543374298,6.263612854726059,5.367840243983894,4.811526111249443,4.02631599924153,6.297073418102253,4.113879028161436,2.152286596107682,2.4658641725004253,3.9348687824945143,7.2067768987481,5.43481796751915,2.962811810755867,8.097633026285882,7.9253311842302665,0.8125576751685264,5.819664416060908,9.235754336867647,5.921681110738995,1.9518956438089274,3.07329201567489,7.908998095211043,7.633290434840617,4.31239397455653,5.260096942337691,5.029439769065285,8.243911888982895,6.416922051228293,-1.561991321524241,6.668148890337973,4.467901980794986,7.619291712340786,5.308452038715999,3.249192491023796,8.312497382368715,0.7205018285024156,6.302857536113045,4.72031915246634,1.5503111576657749,6.007283421418907,6.7521420858376695,5.895400354824282,5.057298520480962,6.138685787696817,6.262954028120779,6.586982496479199,4.150120052441546,1.822609721260799,4.902286972236608,3.650740316912528,6.27601401684572,6.494966332844918,3.8512098267300856,8.225293516260862,4.116709743580464,3.7579952467533984,4.3467173958390815,5.277268977064861,3.7162840118648646,2.837741933308289,4.4644198847252765,2.5920575141655036,6.006523532756992,5.1409196138984505,2.610750598756812,4.620204426344279,4.540317872527242,3.5779224875942366,7.34579960763565,5.627746211448551,5.117284358951459,4.945360924460026,3.6519556736627887,7.500644104352069,7.589698475253644,9.705243270888449,6.574565675922959,1.794013426434717,5.590425617743269,3.1884183286394885,5.001850647983328,7.053275114357959,5.805032852577018,1.0704380824167123,1.8955117331931617,5.128439451152312,3.9700108871517883,7.415581397354529,2.5451323596911326,2.7864887377822103,4.242109177764382,4.890125073716537,6.473952539224415,5.947054599817621,6.411273472391411,3.539403813444604,7.9532876513596324,5.925512099147252,6.5629162713887705,5.0334291892403655,7.034681354453718,6.859907192899825,7.579446820521671,3.3373319404960724,-0.6894610654441475,2.8479282555968735,5.167006138696902,5.531589679909592,8.586658015327513,9.60988256285883,0.01404361284492417,7.110950272431677,6.166534913443915,6.011564024598904,2.011121829974116,2.017378241728656,5.5271681078831865,7.360475161350838,4.528954113425551,4.702140574375658,7.364258783970208,6.541245435163595,6.5865399831497315,4.960286398303694,4.213394661177965,6.225332378731797,6.327032630713757,6.601937087157453,5.246224355094097,4.551957269427727,-0.6709023122887334,4.731771961162547,6.156932992103847,7.659974966297557,2.235895568163052,3.5030091353672077,3.3155871331248696,6.668287755749782,4.021699422021701,5.389216819943493,7.4361349318695495,2.61828541094814,2.7333974583831826,5.882070386006621,7.013760819497657,2.1509315639408246
88,0.04599241467379778,-0.711546642401232,-0.03393935454038677,-0.5534835810586107,-2.5459883966325263,-1.108056579040923,-1.2007143131108218,-2.091881300208467,-1.5759255782312809,-1.0157883824228555,-2.777078427363369,-2.614516908186392,-1.1497610417091217,-0.882490831657044,0.3579274663879215,-1.892095610090999,-1.1931905322191392,0.23623965450549456,-0.14333911804843258,-0.7634251069796619,-1.1226929807987323,-1.6412175105366806,1.1050788091813755,-1.2273408870427387,-1.6149262732544178,0.2625145240422939,-1.514241004126436,0.782856614548346,-2.549442659074467,-0.8760325619401421,-0.4809742946451492,-0.7197538084753778,-1.5162795211900826,0.37559470765257075,-0.18714500867309936,-0.3396001369624052,-1.949067146561133,0.18995494718209605,-0.476236428301113,-2.319055272136567,-0.9774709445049438,-1.315851201271906,-1.5655999948101138,-2.1921174109265955,-0.4040834246005164,1.1721896398186118,-0.5704127185026504,-0.4713604140994927,-1.1591078603386262,-0.8942230122159255,-0.47496486356240963,-1.11898235814161,-1.894863052515301,-0.5294882377381263,0.8729532244876743,-1.3661354082683748,-2.6215659005608654,-0.6918689415626028,-0.6794214762977712,-1.2306115500718073,-1.1620287519803938,-1.872791450125659,-2.5264478960264434,-1.5702797026416477,-1.1246992498759953,-1.2371709757509661,-2.023106752345065,-1.0399354360874622,-0.29158930472469624,-0.7853811329061372,-2.8467330402247644,-1.8258844111744077,0.13668727574465578,-1.4286794764544974,-2.3197646776144882,-1.660444900484492,-1.5962760297068537,-2.8186500432795114,0.22524570347699924,-1.7341612101411423,-2.5874899616594886,-1.1636095002911178,-2.0452765156152415,-1.1569473764402163,-0.9510548411926537,-0.2955555610413074,-1.4607996201923368,-1.0082733673244597,-0.8792568013031246,-1.4098347976144088,-2.206615204998549,-1.6474104912837373,0.3130084678243905,-0.8984535952142829,0.9764447376544445,-2.3711853051454987,-2.35013165577611,-2.319386665035003,-1.3078055784812321,-2.1836499117953965,-2.5416984632052113,-0.8432056791656924,-1.2201085656424313,-1.1898665802485773,-2.0267500735143242,-1.4955908330375454,-2.443291655317933,-1.9527257207589042,-1.4823040872712372,0.9683625841961787,-0.6797996684134209,-0.8582334911117407,-1.5312250147842859,-0.3540584831488094,0.0294222601583094,-0.8375324583193972,-0.592253109735611,-0.23472512786482014,-0.2437570474180658,-0.41614619188359225,-0.21995066572581712,-1.2728562197118514,-1.0696606251610952,-2.422496109880665,0.12429140345744916,-0.6745210829250644,0.7385446043724142,-0.6613273857144562,-0.8848777368780524,-0.13903781890825218,-2.312057707833388,-0.9238312195692243,-2.398507816004212,-0.5915257768364262,1.4960255975366286,-1.1150029431515687,-0.4747605458498313,-1.5897609346736465,-0.4798761333331567,-0.9796936040614067,-2.15906295941331,-0.6624209897424622,-2.7204019146231433,0.769100323601325,-0.6034184894634755,-1.1371307649120412,-0.39779012003334213,-2.0038653865689984,-0.6667147239726866,0.6105039904417058,-0.5930122126659324,-2.1147143822444976,-1.598853353414554,-1.9184413747239883,-0.606763004106478,-0.7069609319321348,0.3352820211502172,-1.3510124042848435,-1.520700002393011,0.610013615251412,-0.9438797074472096,-0.4093787025430392,0.23959999244971386,-1.2730494625321962,-2.4497421521520204,-0.21676610316500133,-2.138871075198499,0.8412255098990853,-0.24944888366465212,0.38219588774329716,-1.3993201879033816,-1.2167098005037893,-0.7089003409854987,1.7509073058107103,1.031152477213332,-0.8874590165226981,-2.239245049710975,-1.0311027462977935,-1.7959393406693187,-0.3415489380298643,-2.258283579094279,-1.8504257902162113,-0.5304573757533404,-0.6243620588443031,-2.0024276975980184,-2.838885722454256,-1.191222910394008,-0.5667281641979547,-0.9453097437366726,-0.8904128488488057,-2.7153390037255765,-2.187253094333804,-1.0108050803920126,0.11832925367115132,-1.2699296116556202,-1.009064378385906,-1.750050905050812,-1.39583248159341,0.12411366149671954,-1.7882423660205373,-0.20467166532798042,-0.6404123942201638,-1.0798747917560116,-1.8704829662894658,-3.2224654004930255,0.4333005209129801,-0.8783762647912202,-2.492819409620327,-2.11793282347743,-2.343706114888182,-0.3698375923455841,-0.9652202062541003,-0.6814872996014983,-0.03684217175247684,-0.04836404468162847,-1.3691537677888883,-2.667833611146291,-0.6339466261537883,-1.1356144058591664,-2.205604071222731,-1.1329522187850132,-0.21774166266873085,-0.6384875695278329,0.5273476766587135,-0.43958893525468945,-0.9021172746319874,3.3552577231479974,7.008784700091409,4.17545247864979,5.179754300538364,3.5026245326793655,3.472070375233191,4.280438290923668,2.1151094499576932,4.896746404857252,5.427748174934734,4.502505117028497,-0.24275087112402183,5.20695823583353,2.697783407827168,1.8530201187250577,3.610154860180077,6.712850689644229,4.996633012570249,5.122751059078524,6.39713987984442,3.4810974576285383,0.570841077499515,5.652276149282754,5.582014043708186,2.423765288670252,5.274988281217392,6.504724863301487,3.371612012877673,4.7522932462260545,7.199221344380477,3.982008350538103,8.95682398001924,1.0106838120090562,3.9644109399216596,2.1160037717465894,3.032643715520498,2.4827202688383565,3.421698294739156,6.510913874212671,7.593334565158495,2.898848917261172,4.794748972573339,3.749815169435493,6.0893848750513095,6.6166969447169635,2.301857107051424,4.605184952893476,0.7828639044604397,3.9348922926529535,3.1574128660628538,4.319460390120043,1.9312782079819084,1.836165590070344,4.677212895409413,8.831943721234852,4.9134593749892295,7.748956657280669,3.895361135227855,3.611736005927208,5.647899942359047,2.778727746412079,4.39286441358032,7.5648903367702625,5.144244943264027,4.015100657984067,3.4094130380722047,5.82098550121787,5.791201082363903,5.413372495822518,6.176505312489658,4.102436747310135,3.9157314153352427,3.9971923790375303,6.168033048509171,5.471257975277543,8.1249898722334,4.618865396524914,5.494092763578677,3.4200363109453122,3.717894491124433,5.565948178004483,4.102196485950041,4.6907977074827585,3.3478920553861213,5.524479506897009,4.263862439070146,6.498392476371956,7.430742226260408,5.461386363077112,4.494843899891419,5.332223342408987,3.3987535170106726,3.120272233714915,3.9317570988707393,6.574810837623833,10.513947292856937,5.700641005346378,5.2199472930914155,4.550857728760202,8.107561878774087,2.4922818259417157,2.9199474684819777,5.193896349998912,6.65009421946476,7.597862726369719,3.821165329647176,4.822910182044832,-0.13505282859636214,4.414328859059592,6.96821251897497,2.092641387049995,3.860674435728331,6.843452749272892,3.437960291260439,8.359768075652985,2.575041930969024,-1.8695154436081491,5.445105972475737,5.694850268049024,3.855657874713633,5.295527710622281,5.396787821661101,4.749874992303404,3.8954376316788544,3.7871556169410745,9.739942386380303,5.962779560539539,5.89152873699071,4.538081904617666,2.5697014869835226,7.720520588816654,3.6825465323813886,3.529801393676407,5.685176817551925,1.1577828741084644,5.878519934047665,4.624679519090783,8.490807565794956,2.149445423054905,2.970088056600011,5.351803099066637,4.714743825398003,7.669078755076921,3.721319650937015,8.784097868396907,4.335608678209343,3.8292040906183265,4.449983047829906,6.9280072898056835,6.0691051832994845,2.983727862809742,6.536686183440742,6.215072366856728,3.544176861678121,3.7598216915145626,4.472615466303259,1.334763032976607,7.211906098594552,3.7938397893966065,8.63763079613444,4.591974947061125,7.9584808117806976,7.277536516019785,4.550776444896899,7.4173322492342555,5.792406852789052,5.856656029139924,7.275678922884346,4.397764105357433,2.725942865887052,6.055952235728778,6.094496038231155,5.837089072554378,6.208099306923492,1.9665815479373214,3.756665420969549,6.970947621123445,0.8738205404919199,5.664398667847862,3.8109571293266726,5.24924762858022,3.788206679536601,2.610183718728609,4.502688568377101,7.605091793688252,3.9165997379823105,2.9726343171929956,4.99833470760913,2.573343694188346,3.085460098474674,4.555004872696472,3.8301294474903407,7.176587818798421,3.478803409697538,8.271669980249373,4.679339442571378,1.8409562482120672,3.8622736771200517,3.2996421644324876,3.006512189572812,4.129991071191433,4.09799804245096,6.701621999067874,4.462813794146552,6.902842411623692,0.6321904123599413,5.768948621529244,5.98842663027801,1.7745785636599019,3.1824222444697514,4.645653806872827,2.9586062999933644,2.51308604410965,3.2031954548439616,4.719624605314473,6.206925682703574,3.182292897528206,6.228824507275598,5.2534938122994985,5.7830594791829295,6.571617673784662,6.725845649400942,4.022190882769526,2.575580390387056,7.598823576831731,4.470502711235879,5.723129845874053,4.2022663980471195,4.926749082786348,4.517648178557182,4.992349873866357,6.059466032076566,0.10089385623345848,4.304650941133134,2.7126048786805197,4.131310449818926,5.102223510976002,8.088241611779516,3.4505669865100517,6.115617377056737,7.3805039134819825,2.4333981897709664,4.549805050766613,7.224334203945709,2.429001687031659,6.413438261160161,6.472246751032731,4.709871099907859,4.272615975500247,4.127551163839072,4.983369426814776,4.451251881231269,9.344136303591686,2.062158903877493,5.38173502194297,6.900996057793967,3.5503858845251326,3.361420263122225,1.5806310488558646,6.1086451692281,6.074500601688348,3.2385774497532687,7.492711301898858,6.192837368654233,4.341163900952438,5.458812788233942,4.1248599170394815,9.104303814137701,4.794743703119635,5.562994918559477,4.3991189253967775,1.8057551666349783,4.6763672445721145,9.122087733775032,6.983632410498007,8.466169583097688,4.733066782658129,7.84794097751065,3.653712249063912,4.347248996341806,8.076270699797,7.222375526771128,5.113223429762077,4.90356727289369,4.656153085972819,0.9603385465352154,5.905374824096199,1.150133145453574,5.262118347147669,7.47087558378334,3.2291125926212345,8.747990458099885,4.478821644127909,7.121013149059479,6.683596176024918,4.3138798999491526,3.8308166419839624,6.347990763747392,4.265698078155028,6.290445959998365,4.332140126571824,2.902487849017462,8.385730081044644,6.084835683284884,5.839948173988967,2.56580326897196,7.752364655954912,6.206162976654905,8.866780447368058,2.6457582049937414,4.056626264752089,3.1236336624932943,5.260365919790666,3.504074139004625,4.356770707994736,4.62578144193892,2.2896400072481113,2.4162738030440067,4.3254976168497326,5.655366422291242,3.694480231112612,6.467481204096032,5.210537187262551,4.094830709238411,4.759115448309039,1.9749766914461038,2.5068695524558318,6.102228148498965,5.551770473391608,2.0747932776307754,3.1360894423988315,4.221520378172608,2.3169975634404256,-0.10139415903547455,8.421705179614293,4.2292128094459205,5.042646193966673,6.953998086614511,8.746550646423879,6.013996549910469,5.640993801740718,2.6454761137401634,6.722503874819338,2.815937156596446,6.082199979774872,3.9964481006372434,4.055273717162979,7.8040967882059595,6.472370278871308,5.472488826952973,8.037769716934656,2.6968239311570503,5.386793751553323,6.368717055021177,3.8596489391184425,5.289526173788356,5.414189564495452,3.6382283061993066,6.002609274367812,4.980963521730127,4.863410565305988,9.080619917588908,6.069760351715386,2.9771270410063284,1.0298853779579433,4.807153310932704,4.560184216374365,7.009913863056957,1.81388511484151,3.586046174798964,4.346637334007534,3.1450258637537507,1.914145693138532,3.5548820022922882,2.2976346752215195,3.408397544636429,4.364435357164984,4.863112431814769,4.2872856363583915,3.776587172444807,3.5684681273402195,7.112340331496093,4.836906043941373,8.3397574908715,2.440592156163446,4.8647471450194395,4.564296539444719,3.5465373513132836,5.786177816235361,4.475811170264089,4.209208644189924,3.747650511441573,5.760758791397079,10.050146800594302,5.619034917911782,1.984448326389011,6.562647059657398,3.951800530441635,3.1019722642399907,5.0055660150791255,7.854961420339004,5.626227697071445,4.927162833380386,2.7712271519792644,5.294855423062634,6.138830080169265,6.442097767650011,9.852981321070367,2.955525028872354,3.3119144646815486,3.9028113529371513,5.961168473070502,8.904190380324179,2.2404880583088147,2.596302249016248,0.514976462672208,5.6494471151663515,3.7145857844246466,7.655697819019606,3.6021657753075953,7.4795992037878225,5.648454078077831,8.089307670545159,3.5763837530244875,3.2980220821808177,4.262759870872302,3.679426821758368,3.0383561428200965,6.458227289256261,6.715919905195518,7.315475858920285,3.2059680780647617,-0.4106678072952432,3.942154364840862,2.7304635362877185,6.681774607422286,4.030164824993833,7.534511601678964,5.563082560657757,5.045923890310003,4.567389375637805,5.398082602903689,6.7424621228254065,7.804442561479686,3.7484479644156163,5.410577394783115,6.057780205582221,3.779032381186919,4.82708589820331,2.095847777072904,6.784511881443955,1.973271362697683,4.889582958326067,0.43584172780468666,4.460220822092264,6.07138868215053,2.0939059057634126,2.7727181668172274,4.479234674213695,1.435068015826336,7.1767031058092705,4.413150281530103,8.226859650939653,2.534654289521634,5.228318520701608,4.411394455742587,3.6431483849395176,6.183137898389186,2.856404501154765,2.4762235540258675,7.491040003240384,4.846329648158417,8.578605307013012,1.7897469151332421,5.730700348158094,7.035910994565658,4.730013535739197,8.355360460091088,4.670984139551676,1.605409936837126,4.501295154173156,0.7825044604797231,6.92093256496732,4.138936678200225,2.751922533335079,6.250602217490117,5.038210115833974,4.587213701679747,3.0748366689937274,10.015636366352282,7.449467465281223,3.9955202512088244,2.2556741872062895,-0.35464872894854693
89,0.5649736133959931,0.11349256806561092,-0.5624050783485701,-0.9146432211115856,-1.766182170347451,-0.48272004758289266,-2.4970570676873622,0.14594135003403985,-0.25699589989976046,-1.4607338407099646,0.794164818493722,-0.6437415293153315,1.3381962499118076,-0.12668491423220218,-0.7515633590099442,-1.077575525944496,-1.0346343141345904,-2.401774147051227,-0.3588867342657629,0.7970978179759847,-0.8511206666132658,0.9310768475343563,-1.6627268246148637,-0.4676062885128667,-0.5158932951133977,-1.996692486763789,0.20951919141510422,-1.5037630669796032,0.35338312609359335,-1.0714780663200982,-1.3051733097258766,0.16405975667101713,-1.0898224326440393,-2.3662867994276775,-2.385532997827478,0.9826129977772708,-0.7424864256988505,-0.3016076513242911,-0.8002627346700023,-2.237270783916764,-1.0293381284682481,-2.6480083277321826,-1.2244030063656566,-0.3168686587445041,-1.94886150812136,-1.8737205199427676,-3.275686211053561,-0.6224166700209491,0.21166000700046061,-3.1111589445610495,0.8534655608974264,-1.4714157518119875,-3.146766687563997,-0.33296930508397793,-1.032589854831752,-0.31322805213484384,0.13706253587771045,0.8290727347720837,-2.6389856820304223,-0.40163431024697216,-2.547253288251621,0.659516008123914,-0.9821634844848165,-2.3589039773305487,-3.1129495461483456,-0.5782618720245549,-1.570366236179372,-2.0607928388257273,0.03691462141099655,-0.4647024462674266,-0.9814907459030108,-0.7739327209071123,-0.6724415158989421,-2.387381707720232,-1.37861621972343,-0.7285365757898287,-0.678719432350043,-1.395001202354643,-1.7907673189113358,-2.416110759912535,-0.29738427093523057,-2.428722213518485,-2.7343537753771052,-1.5449365070709473,-1.7001980222225523,0.5874152634636529,-2.4608302110941187,-1.1693471568624294,-0.9972780209198204,-0.5087389291208145,-0.5481628393600169,-0.8068765020335364,-1.5176741008545909,-1.6679410016044423,-0.28126430428250615,-0.5202011478683333,-1.5730366384268049,-0.024538221134211446,-0.715185188951445,-0.5242508635602903,1.2342116316927871,-0.6111232807316649,0.008736684725337174,0.4153231850954393,-2.7584684547932117,-1.171368629493639,-0.9521643014138478,-2.9282910212969995,-1.3873552409317764,-1.3915055366653215,-1.199494714097162,-1.3850440514943512,-1.7558980247004088,-2.2778579573425697,-1.4215855609237136,-1.0966961557384571,-1.3386667018144403,-0.8718787153984632,-1.762476276310079,-1.9289527441904486,-0.6814117064239478,-1.0711198683899217,-0.46033869575535014,-1.5509575347582447,0.38995580646810213,-1.2583650000299684,-1.4525356589078642,0.16153311742672738,-0.5822838674714517,-1.3056891025897803,-0.03204319448382276,1.3049579225113126,-1.6777423457423306,-2.9205569318535884,-0.9054207885178484,-2.8988367315979984,0.5978217786833564,-2.6831676690187187,-1.3516044373814267,0.7339381285055977,-0.8317845468688618,1.5652264267602494,-1.2622487812038305,-0.6108897519179481,0.677693677487583,-0.38991971121033553,-1.3952656790059015,-0.2724378018753735,-1.5619661917912757,-1.552942200576724,-0.569752615216053,-0.6169978143097441,-1.2239510752955811,0.18500738831567798,-0.61555838593167,-0.0735744961945114,-0.226807019589794,0.619439220990472,-1.745478843889877,0.3506636861683834,0.06838829341736963,-4.644604942860298,-0.5277388635249314,-0.849980514666892,-0.25172237847838064,-1.0239591801599044,-0.4306319360133032,-0.3265749738845194,-0.3716967332913337,-1.790712412851979,-1.6480983372504168,-0.9852119467256382,-0.20877740336293793,-0.9221380265199017,-2.395025177250287,1.3635924786706943,-0.022154901434588092,-2.271049084745263,-2.210720785693975,-0.6089156364704534,-0.36388535943394384,-0.45827734498176786,-2.6529946794967447,-4.036847498104347,0.04328546623009322,-1.3915234493973465,-1.2989923893278044,1.1376456007503406,-0.12510313369048753,-2.250767781376191,-1.1236192882864706,-2.4554200963876522,-3.4557201364800143,-1.2612281684276283,-0.6663480496212326,-0.5385386443064897,-0.542745233827955,-0.4886554331183738,-0.1917659288839224,1.8667403013493198,-0.5331400704363172,-1.0167227154720428,-2.7827576046587184,0.47381262303312854,0.7409870906102791,-2.6344422873118822,-2.3916054195053498,-1.6059013127371597,0.8523520558799715,-0.6534715532633226,-0.2397641170673831,0.6414181776513872,-0.4319677842913263,-1.5456687989392504,-0.3024042953849174,-1.275258244173439,-1.3208012216352443,-1.0111096122156287,-0.7277515487754418,-1.205653872588375,-0.7464785647044229,-0.42824301910073936,-0.5875406947841846,0.2331108548712395,-0.9024443609074596,5.5717830120592335,4.102201960699334,8.005050570087716,6.643005335917893,5.949429074633183,7.557549805828172,1.634435166341536,5.726997441597271,4.475784069226926,6.5438299309744945,5.529308633250624,5.903688100587697,3.8741998924661205,1.7714173379149867,4.774785125565013,7.848712801029674,4.246589928094001,4.302131361886878,6.491930906208356,4.641139706588235,6.791966474482407,3.891299234041555,4.829378519300812,8.72719545370437,2.6154612921338827,9.022024987193095,6.836586449535945,5.346628931150315,4.383560769049517,5.482967379591715,3.246413554376752,5.889634974886939,4.544024910503192,3.423963452006485,4.045507753001912,7.26353183453446,2.370913984586379,5.312691984864,6.1308572425371555,5.085330594137151,5.384933684524805,7.930307856301482,7.932719920353762,3.670418769257341,6.929176861386233,6.091157476014781,5.87520817123911,7.323668400322433,8.188100422828542,4.946964915523381,9.464098142465854,4.700913246399746,5.454158921234003,4.4025429803972775,5.921299464730582,1.9446424990696332,6.843114958289105,1.473271766550429,4.47544077455576,5.066685527490803,4.994853072784805,4.655959388721692,4.557526036452692,4.154113666080877,2.6999467887613293,1.3893556069648603,7.045639316108009,5.999833672292648,4.764809872958538,6.383790620390468,7.138605727835443,6.540227062640758,3.290525515040293,3.755221095611318,1.8720371363719095,1.859300819883123,4.662148625897055,5.737010649534127,6.241949319277053,3.3223243564031373,4.494371628201313,4.622678445590003,4.837425832925612,4.022922348285183,7.018294672537256,4.094159695155377,3.924405782633202,6.349624938353479,4.110541243636037,4.393082182694595,7.129937013253977,2.3196876004893836,3.523266956402346,4.946750969001514,3.7417945622495843,4.464529976486646,3.364111618467839,6.248285920983467,5.02296584696083,1.541432626788278,4.22948128865104,5.948275216980813,3.312004426237569,6.072900509792457,-0.007426658042591683,4.016497105652108,5.220102263145254,5.6944226528656605,3.6240035253817178,5.626896216195581,5.135423679220977,5.69121863611415,5.893157622400103,6.868785700467628,5.078245351363407,7.762796723651479,6.0366472366955755,4.099016825126961,7.881969884110179,5.713747499106606,6.037559567989927,7.187187412430932,8.158955135509636,7.776135640297843,3.261723866637344,4.213792855550929,6.081807390468295,2.8425829089045296,8.82439593126415,3.4880523008260047,5.409484240874096,7.07172479221083,6.827519925356498,0.24094555101758797,5.35841920176886,5.837007334594983,5.43856894035797,5.229201760826496,1.9944653860132617,3.1995280585427466,2.6841471864414927,4.623034328317684,0.740916646562753,5.3856996892100995,4.192857658963084,6.918776614826326,3.80811329293493,5.6590162351347475,2.353296466667733,5.70098237927266,2.527377641256257,2.7034342766332924,6.689243167013641,5.718895113989162,4.672294475487135,2.317788391785336,6.789951267199772,5.11562245796559,7.846196920509342,2.1082200594186484,8.333686826490286,4.144545844225619,4.513933985482237,5.408062647397108,6.90495599527987,7.301413774242421,6.854793569331746,4.402463772939103,3.689247875524738,6.741657422122291,9.822567160476108,3.6802477302697083,4.788291850758156,5.5647668004554225,6.34715167248916,4.896228644269018,5.489727422761519,3.3952039929457465,8.589213587988397,7.940380350257955,4.961963610540312,3.8785896075302118,7.57997544023072,6.819802459150816,3.4223273327783232,6.010228128826384,3.6682678859945694,3.3167431800801506,6.445755998773278,9.010709849104684,3.909495317497459,3.9273241217162687,3.3724679088389053,6.40572526120226,5.51481653387142,1.9293568363379254,4.777338658982788,4.447839643089406,2.3242658608175395,4.53738597940212,6.994386725448662,7.19218286817741,2.9371886222619175,7.48868419115302,2.575510071442343,2.4290022325170537,2.9904687098909406,4.105705100720077,2.104931343092977,6.627326511516667,4.170813891108755,5.832133215497602,4.893846881884995,5.8268066780047345,3.9596215370345655,2.7784078725443258,4.3105008231401385,4.028859607427735,5.558662049876582,8.149963169192054,6.124400906154243,5.606580945729401,2.6814482397022172,1.7944340914834527,8.029385044109082,5.309880971902077,5.662339804581791,4.336475388409793,5.23590838523695,6.581353507649514,5.219567395028956,5.6148427827254075,7.2168641841753765,5.294105428204019,4.315623015616257,6.453960821129404,4.421068470950775,7.365589912485233,7.339389927222078,1.8226340513392731,2.432840637422039,5.781036697116018,4.509099211763023,2.1548517316757883,4.623631125217902,7.375558445483159,5.708554705082482,3.158689215449937,9.57131053921548,4.305084721476952,2.876854956866375,2.4811800238549413,8.503842950196692,4.440886307683718,3.6953288755382854,4.223176694503321,6.448975999390022,11.047153162248119,3.822640511401448,4.673478353622438,7.082323532526066,6.338712732259018,6.493123863542524,2.8700219795445037,7.093612539618205,2.545742460516457,3.8916296182417804,3.019678670652719,3.5856173632246024,5.908220969343233,5.647851247868617,6.010673832499259,3.669256956690851,6.436059859611081,-0.5320706570650531,6.671503215708624,3.260152821474501,10.145983149073652,4.839341672914088,2.9093232502382116,7.217007497655377,2.9430025456086564,5.1278752092783755,8.813596691031236,7.646901160348232,4.914088944867269,9.754919420280867,8.414261717752954,6.369951012351068,4.788498054016466,3.600416450611667,6.296953501199514,4.361328201596962,3.0295931245057677,5.47614147264921,4.134493020440207,3.1326866257047437,6.477609588556797,7.514149472444803,4.772836643973378,6.428063807683369,4.974308552173564,5.370836484645123,4.76342915740147,6.207041548601749,8.781060514955497,8.364384365808183,4.074865454563401,3.2851135017990316,6.15662778156441,-0.7953839386491142,3.3018212737964268,6.477800801161259,3.8662087406743235,4.816075440523888,3.857328915067617,-0.017791875554586944,5.354204374098886,5.768482967124135,2.79712112643373,4.470829388073366,6.340063563125133,-0.4178697850127584,6.5695277500671825,4.031484919899675,4.1820068547118545,2.4111308242863587,6.137141012130035,5.8185667852267535,2.5305114183582766,2.9036918103162206,8.73420432483788,7.409818942898476,5.204799313298006,7.1657936504889435,4.3760653481866845,6.8863773564282615,1.4852859611383553,7.0500506540391985,6.205962603530769,2.728124353680691,3.185688403719979,7.03583375800198,5.696266426675126,5.072008167863043,6.394225451185622,7.042007369001232,1.997628581095566,7.36306736330223,1.6925666127831644,2.5541865094862923,4.042947156404781,3.143631410755048,5.2062979962055715,7.915751343965072,5.225326800536643,1.7854285197063438,3.50902549065574,8.058584180859384,5.64272602826355,5.603202354612857,4.697288256035567,6.822639685335313,9.379380725656407,5.914669579599836,4.123544608326548,5.423061709758694,5.247285836187936,5.4079096734731165,1.9501434331135017,1.847189269124994,3.907436431933288,6.672114241878935,3.070812933303971,2.766995545487501,5.554298249167299,7.227726934348654,3.838632103188232,2.422777155361541,2.2464077347130798,7.49138256403281,3.6265628276924584,7.3471407576424355,4.31261140312367,4.576976435505004,2.4777127498579694,7.98291430678775,6.62850279709691,6.521655812468857,6.200224789411518,3.764683038150345,3.1407197543015144,6.348091950168107,3.078926945377352,1.894344371079637,6.839943665066507,6.947116935193523,6.633830869305204,1.488263832886946,8.936556445515054,3.9942525033257263,4.130708089415013,7.4607827363216686,2.73369836514241,5.053205207625307,3.4036149557988287,7.173978849361198,5.956558913810635,6.470735453341789,3.8548726969401894,5.866258550396001,4.068093392354857,6.630111366485483,6.837778799148628,4.933005385380057,4.446302772788565,5.465098655854419,8.442556484262736,4.897577196456455,3.084687736762659,5.77539586533661,6.219043566690809,8.358004352710193,8.624274244168424,6.318649735468711,4.784016523935252,4.4681004892818335,5.711901890758094,4.431336946746537,5.282407472513899,6.409097332173485,7.63715647236393,5.976701525676003,6.15642950525972,5.170128806184419,3.737438727293115,6.724115724464173,7.576466484822154,6.227892481840006,5.126838563773622,1.8984250894871297,7.876223931319161,4.480553905675453,6.660842692899917,6.152812329841517,5.517427555903154,7.032219568904248,7.319496723561194,4.928495770431471,3.7622341959493024,9.504448985283576,7.938698540965127,4.728916899698619,5.36070318009852,7.133546387230471,7.416893600343247,5.819111597813192,4.58032367113105,9.644731844066607,4.851132048022006,4.723728142386618,9.06594390120664,2.8857767393082354,4.64546835707821,7.442088922585254,7.6488708905210565,-0.6866418684118534,5.157607365458831,2.6588937905010277,4.377816201650537,7.312053071668307,6.652621031167938,3.8699101051922504,4.538543620759446,2.762016160058658,4.654936538449469,6.163002867639496,3.9685107286130084,7.699389052011056,6.382502490340498,5.207993042963919,3.110498905782623,6.920367787725417,3.8416365052523913,6.478660367479348,9.08983565409806,4.938617087561435,4.483525025990194,7.133559408338279,9.031256374299492,8.365572326342011,3.8667856125900846,5.824073634092294,2.8399317339670818,0.6854167019257869
90,-0.3124880175272773,-0.9301588919296916,0.3622271822785834,-1.9999693561967833,-0.7564917274086242,-1.1296684714974061,-2.022941870637694,-0.0989988391051857,-1.6833920861764806,-1.4779974917299294,0.217451370236049,-1.9221505941159682,-1.487358133263474,-0.0011957221829551612,-1.350743496250156,-0.6006896632122054,-0.913421370904616,-1.799307798809827,-1.4977199255009714,-0.7887466722885049,-0.8608906380593446,-1.7568217890810924,0.49190617903067,-0.07235164623149937,-0.2381200204069528,0.7390660004406937,-2.5965785759337825,-2.0494672050867564,-0.49004316733168707,-2.451779667527031,-1.1717232252595742,-1.905417171822047,-0.7520610029789421,-1.5715498755265005,0.5205326743628778,-0.1778830777560163,-0.592839452820364,-2.952714168010318,-1.1797374335954995,-1.6587795674161092,-1.2206418829976826,-0.9130463045227551,-1.8328377021996005,-1.129471976491425,0.05016147106056512,-0.6812008728652859,-0.44843773407943543,-1.138262064105414,-3.6164095729007215,0.9951121741640114,-1.7643092767665092,-0.00030762066629985707,-1.18268163264378,-1.9663723567573277,-0.5943057190094858,-1.1577877039341278,-0.6749282735337798,-1.3994032145404882,-0.768480581869229,-0.4585962009775293,-0.11158111680407623,-1.7668906230847496,-0.3636700721572892,-1.824493452112432,-0.7765150282112341,-0.2716609906076808,-2.3802851203046673,0.5487347014695199,0.5039653102131427,-0.7458415808042878,0.531561754524488,0.09331678159327828,-1.6442955098295218,-1.4812734647662655,-0.21164558201651218,-0.3995318020468629,-1.0268292464018978,-2.5895247882566927,-0.04824301891280791,-0.38262084068220914,-0.058328680240115616,-1.7168786618441145,-1.5531725858169505,-1.9705346072930667,1.467617876827152,-1.939646147796495,-1.6551460230184176,-1.0571219708548716,-0.7551941409748142,-1.9085899041018966,-2.586360956524692,0.5857966578412754,-2.1564582569419244,-1.032533688312729,-1.1008878798472739,-0.7746058985447383,-0.9610139912417759,-0.8161605182576273,-1.4336376682444054,-1.5497879603177034,-0.9594777960621054,-0.8690792563123683,-1.455796492783833,-1.9722278446119619,0.2450084361576632,-1.3030852081521722,-0.3510863170002845,0.4806132349812591,0.2815217435042088,-2.1360293117965656,-0.7266028947273486,-3.725362254638573,-0.5595000351171548,-1.5790935180646077,-2.4814226087551843,-1.2125572652135646,-0.6988499559608762,-1.6687367077570978,0.08812429128926391,-0.6904872162312148,-0.9216977582929798,-1.2910734072564014,-0.7772385682375362,-0.6085668911902212,-0.9571910691969022,-0.8071289524648337,0.44942733825936654,-1.7891221582466441,-1.3055103024550452,-0.6608599982151593,0.04000783563752908,0.34975479361408945,-3.2216967275598396,-1.4850621723690305,-1.375954890810965,-2.1526861288118533,0.2061885149711944,-2.1789801967475255,-0.23601643332249989,-0.7077274255022248,1.0689598870120385,-0.051490458612293066,-2.621447719215931,0.14697063768702812,-2.417442547747774,0.15156081013966594,1.2158429282892746,0.026749742105106833,-0.44696133454738707,-2.030017652106375,-0.5198404838461619,-0.8622887471781866,-0.9580346509823677,-0.9849547569976004,-0.008240205728960226,0.9502049794429328,-1.6844990334769956,-1.3040602816232938,1.6820385361616692,0.9910785008808365,-0.35994709371359956,-0.13768030538705422,-0.7561005135198943,-0.9573568010162082,-0.5687892919076436,-0.8886501575244476,0.21378585064231004,-0.4816808793743388,-1.6890406240642069,-0.9444742555620371,-1.1306811614995993,-0.10087319837508735,-0.4684295080529962,-1.1113162727951265,-0.5152410116345676,-0.6477010329826977,-2.033943060221074,-0.5804997501522882,-0.4243360940017661,-0.80921954657733,-0.10742523972042961,-1.5704396715293418,5.7926763778251775,2.3233320519118448,5.446142834309593,6.43323921785309,6.6239037146163255,7.685481641145689,7.137584050398673,6.756677004992634,4.984394881381914,2.9755559984284323,5.423271250542444,4.406385473964349,7.327827135120435,2.5274966789227604,1.9860985767575565,7.129439165284399,7.58815130609625,8.600864695780816,2.720107933259121,2.3358622143631766,3.8117836974448074,4.729673788790739,6.8961759509215135,6.721512558581589,5.979331346277043,3.8202549961077956,3.174066414250449,5.781194576478834,4.309957924023502,3.4845512958858533,4.393397761372089,6.163089912966963,4.997538488256049,6.007374448291247,2.7271129322312246,8.223168798445101,5.5503114689215245,4.7752386702427,4.150916592552366,5.279183394441383,5.7045585766419675,3.7622160662485538,7.695320725779457,2.949428661165223,7.4924779571438,5.3109580146673485,3.963332721836048,2.5316852708861295,6.6911547249833605,0.4692472133632615,5.155418531753455,3.580585412007174,4.869908805036235,7.644360754923096,5.433502371211437,4.469903957963965,6.1457045219911,5.290918553487073,7.870428811595293,5.626044426043143,7.235875605692746,5.804245862760926,5.189208040183495,4.4641124539565835,4.612694441782559,5.737349624199974,6.470714733233802,6.432966655721915,4.210171901755988,7.7077146975414585,3.1710875270810055,6.096091466761548,7.273170864541553,5.9304126551493725,3.8589383783193605,3.0473733266868264,3.1682250726841144,6.344759593576349,5.657801890109793,5.799601582556718,4.077695494299953,0.16036852718722105,1.0237943130047134,4.551814148642198,7.3025672733210705,5.209858507920939,5.869793058046221,5.264511929482963,6.652534464782988,8.151638136262433,4.791157602738198,6.625993705138381,5.744858926638559,3.931604426570896,4.3418819554156265,4.907124504808646,3.1148406164836975,8.16094809304965,5.426549203258375,4.138009815748338,6.0060092098947635,6.853143324641934,6.147064310144,7.079646099382913,5.2732148361066145,3.230754595586954,1.7118805511453434,3.3243749571504404,0.351486687022013,5.9015048098000324,9.25899992833087,5.742276341716761,6.5548604169468625,0.649330446211561,6.480776545482154,5.683218797235199,6.198628507504955,1.9906660427515517,3.676850577962882,4.0914631809516235,7.154999771161984,7.033811486468445,6.287019190803894,5.556942927381068,7.7040876665666485,2.7037274543338135,5.212394117581686,2.4939131982049463,7.587553599088538,7.511962789303549,1.802399796482573,4.788806033358212,6.270262760596677,4.866584428761494,5.899294352133901,5.063330226673007,5.282765927228743,5.417731052898925,3.5038814631772377,6.909201565599618,3.0886780015205373,6.202332062699418,3.5969712406286707,5.106581703533012,8.417446240749378,-0.24148561606921426,5.299396465750865,2.630295229913275,4.501971571446423,6.578716779198518,4.966329005403402,5.518399423718067,1.074589068219371,4.232489515500527,2.7017863311301547,-0.14068793524971213,4.232624452602103,5.530606438014506,4.1588937071618854,2.8885099431710826,3.638206034087672,0.01167611058237128,5.706712246242866,1.6190970270749552,8.304818330561902,5.50766574819066,5.9841483775154725,5.56010769021793,5.152646995617932,6.0042759031225295,4.650644080459957,0.5063143822535112,3.8376359279763594,5.883332178925457,7.787513949298733,6.523787115187222,3.37048056245982,4.6491734991719795,4.984699181907059,4.988014564647058,4.715331451427522,2.715853013144984,10.47523219368934,4.785536675332771,6.1343908562261324,5.212559364430458,6.323863283850164,6.073276989108043,5.218152396681608,4.973889470408634,3.9723256583320614,3.612619659656406,5.675900712729235,4.798124380139517,8.688834517231788,5.136117109812476,1.6267090144848337,3.0282205070308863,5.356751401710511,9.210410177667999,4.9327543585996825,3.7854639701436144,2.8933303379526585,6.287494604825861,4.379160900916399,4.58303805351882,6.987795094721365,3.75824643833719,3.8390593389382133,6.015741064225145,6.839461550005075,6.473776421626041,4.579870407364311,5.5928170525336425,4.6082926485882885,6.777189175946226,3.913173085599484,6.869570384494093,2.0280564906237237,6.899792649511627,4.654005496501619,4.52318040534202,2.8040186423366182,6.314496692900774,2.1105557436262563,3.9442708036211345,4.688070588384506,5.423452097478294,1.0992667150075643,9.599630910188157,4.619159570533709,5.628494455948305,5.289366601913144,4.263894320969547,1.2945972424500831,5.128508287101527,7.157885543896397,3.080377321477621,4.895959241517752,6.245681115350531,5.066305669400581,2.6671233137258104,3.690449868973861,4.398844036418996,3.889411526824334,4.346096006269274,7.792153855295105,5.86531988522426,6.986801686954306,5.290034332208101,3.7153901235129867,5.189992127099227,7.863416648986526,3.7754482676779224,5.211486182043968,3.9619037157683232,2.611640699377865,7.293739606083225,7.556449881751531,6.704365352147208,5.923868591510827,3.734740455054328,5.042189339434529,4.734092313436578,4.811738597564396,5.2447034538551245,2.166733416075095,4.292071990255463,1.680898839131887,6.016387268641697,4.07773447316271,4.444469423181185,1.3594144738381377,7.59355790429632,5.845172564923541,2.5991914130991685,1.7767508330103468,1.8344049455620288,7.285059292137345,4.147867984379145,5.505210357313049,7.549723521309074,5.697288500950291,2.8345966017901407,1.7085402771399543,2.868483614194224,8.445777188054306,2.0700412112978377,2.8492570107151045,2.437409580688518,3.5614000602677147,7.565297439971522,7.7293972061473415,4.274412852289733,4.377762306447183,4.792791785123569,4.178265226190704,6.1166799041424715,6.673790066537906,6.126900914033686,6.836413606796558,4.860561183893799,4.205329541611982,6.244430530783527,5.334825470530314,3.9528932652347955,6.678770566477524,2.655974633779429,6.020936995608757,4.019088825153674,6.829986539273593,3.660886368828442,2.8741010933610274,3.634289766564329,7.052432385406033,4.988921779537585,6.787060388350444,2.8675316851094643,5.6028227043113645,7.6612907111043835,7.764541378517738,2.0752062085267893,5.317466728969676,3.38699600308386,3.1751448616965856,3.473004018950186,5.282944849654639,2.8205881290462975,5.148021539079962,2.6586979582835975,4.075399130863269,3.034771399640796,5.331636922614725,5.188794712449557,4.39029208075202,5.132577392996066,7.33179223951112,5.105815690808283,0.9271790809061065,4.847044258972865,4.442254727621106,1.1158893596212733,7.640396645824706,5.760587748386644,4.534485644205468,2.5459434302170574,5.613812328026883,3.670281006819992,7.859343432451635,3.8465358402157284,5.937640044917213,2.4066742441300226,7.651064073809666,8.436812847102328,6.203290648169541,3.3097795008285393,6.516112725049789,6.244973587398867,2.4411428860830586,5.856437660210956,6.151788638655969,5.943732986426267,3.6860562503527645,9.283340635836204,6.397792655230235,1.7787412025973337,2.0127700594953173,6.425738574744005,10.34062291288313,5.363346113207082,6.595186402023211,5.757029365559469,6.377165376819083,7.500103305494765,6.8503518265583985,3.0193619679699863,4.99525293103236,5.3479734393099445,8.41087950168084,2.492307802190413,4.531611457208688,5.987636298301533,6.339005453284095,5.144330535525993,5.0117733031416245,1.6056888102280449,5.963845130387246,9.344567559268318,7.7955614031311296,9.529640362583315,3.8001791259391737,9.414372970017649,5.236276720689748,5.867171990838808,3.8033275652283773,5.65530418322846,4.712699344502438,4.948198520877646,4.5955227884469325,5.863050506256913,4.796671293439173,4.30087319392101,6.050330746828671,7.792691213199387,7.5776253870601575,1.7595398280586627,7.128385922210748,5.224284903670218,2.1085933961225165,1.5326733656647864,4.227644193190414,7.393045727780089,6.0182952429508125,4.388294752460592,5.3468187219336984,6.7655030380645576,2.7830442904623736,5.234108931967854,2.261709039868663,6.829717138626731,7.932242888778026,4.206125219990293,6.378150878453967,5.358398582184745,0.7754533906150574,8.209100874122576,6.915929003212532,3.169858286173076,2.8070195968012817,6.673914785372874,8.423876784575162,2.927807801871368,5.197265335758303,5.379736402825688,5.365022435698707,0.6342443843839636,8.493144476878983,9.649598312091765,4.652993933805566,7.136535435364802,5.457873051140539,4.593607569613653,5.32198720983118,6.55075299095205,2.383756875293398,3.7468933417564556,4.107780161182389,4.452382521520397,4.289832372003133,5.817274973945746,2.678200742067959,3.965127079587722,3.555929986353936,9.163732989669281,7.443239409523912,6.227916752057276,4.442886802013999,1.965685586871491,4.715795212241323,4.7952884982894854,3.4579012677143544,4.678750719033487,7.413453585994782,5.308857287426056,3.9161758665217556,7.583751477696775,5.048272499098969,7.4070215060294124,7.505663975881552,4.275761933745091,6.292854504057032,7.9256485874950595,3.5612794900385856,5.157227307554018,5.4774543938659175,4.183948369225915,6.487649947869746,6.819146743149242,5.319006577060838,6.628783413396192,6.164120283888514,4.276720640236998,4.602364777944086,3.539356275124308,9.680135398935988,4.16771739381069,4.490955809703503,2.1446752607177375,6.9456698422947065,3.5818720000891187,6.360316456430665,6.976009314427231,5.739058518807351,6.342260907166802,9.206297036311321,4.8499946200201,4.7309560218959135,8.475534296152032,4.826678235337978,1.5097771529146629,7.206785022875875,4.4117857624206485,3.334602088399693,-0.014178974399506217,4.310298596398853,3.464933030539777,5.381478982592765,4.731104945308227,2.1064414238307765,5.8956337328634385,6.212896631158417,7.495145361087273,6.249058180522382,3.3742894410542768,7.83328513188823,5.203285173133477,8.17101950481933,4.56339276555263,2.329313930220956,7.166251457734031,6.857772308345705,9.42898316721886,2.5713687194601635,3.6400418941449857,5.09099204998668,2.672039470895063,2.604862334229076,5.99345011958532,4.027662009881153,5.04417794763576,2.8944905002962518,4.254554141987391,5.899575116033253,7.062436136374551,7.292423579306432,3.4228191013211857,5.554440355553308,7.302207284540414
91,-1.1233430674587306,-0.7277950683839338,-0.5222995752894002,0.2449782545489636,-2.0940330530945954,-0.7129134978213578,-0.25658573925116235,-1.5656914087553284,0.5286834746806033,-0.7694886767950267,-1.977534562151491,-1.4459699280042875,-2.717635209204312,-1.583651155879144,-2.4350781104112476,-2.80238159301207,-1.506533048419722,-0.9431475509024111,-0.2916307491920951,-1.3405098057560059,-0.029388544169824615,-1.1630044698346806,-3.4150984022387636,-0.5869047536733567,-0.004246226105143247,-1.964274872016904,-1.4472710812377345,-1.3916019741181818,0.3858473241638487,-0.8945488196168352,0.023181041509632294,-0.7734708995644453,-0.39808583301268696,-1.160055561237049,-1.311430961238534,-0.3794137774666536,-2.0741829605918483,-0.8225523800746182,-0.16146204230007943,-1.0018516581843118,-2.3887791331421244,-0.3110768885560462,1.0679674001006934,-0.9162386870438703,-2.792315235115905,-2.33039356190753,-1.799445632562597,-0.5859823863830583,-0.2546379018372872,-0.7872340167746035,-0.09360530685698099,-0.812217314675225,-1.0474949745620572,0.18399826330726254,-2.2893564918893405,-0.7364822378701319,0.14490810023227896,-1.6810713034736533,-0.04683666780249518,0.8775389741868751,-1.3844448230817004,-0.22393187584933028,-0.12559265855953927,-1.9199600756318203,0.4445858918930623,-0.3373099261052692,-0.9702467349145417,-0.9416171062867922,-3.1424576402153366,-1.565441229779216,0.15264626367872602,-1.9343175871055283,-1.3063834592359131,-1.3261227233328041,-1.570240227935349,-3.126222726767504,-0.20264836079332893,-1.5517627550013786,-1.180968902086579,-2.510786940001257,-0.7198630597088649,0.1187942505036057,-0.4864066548715227,-1.658167829920829,0.29692434976283955,-3.0294467632734032,0.7036044384092228,-1.018573061085616,-2.207814185122572,-2.237109297627808,-2.5349294441808548,-0.7425245236276845,-1.3615730428841013,0.23963630211088982,-0.9281844874238642,-1.321810117328565,-0.8710367217364989,-1.1948581912793301,-2.589857142198788,-2.017657562240841,-0.34251419404183714,-0.2657443839064142,-1.4901707936059085,-1.3252258569468287,-0.8159088361783342,0.7701871532531444,-0.042698787544694916,-2.7197785664624434,-1.3150169275639572,-0.6070000862039149,-1.1804812189106606,-1.7133778961445676,-2.568769970945211,-1.4670143606302144,0.14987271881693776,0.009992158257894124,-0.5337158934477623,-1.7008927808868448,-2.1606135579266685,-0.6046034623446018,0.624265585078605,-0.4638006935308091,-1.0290545417613914,-1.0536459812157155,-0.27660261339168424,-1.2764674921928725,-0.18683403634552187,-3.088826693463384,0.08076246408544652,-0.2598186424831692,-0.4196651441138336,-2.4711535045288047,-0.22641279989027974,-3.247871577858343,0.14155980730164153,-2.4186606494741367,-1.425829541864947,-2.3028903911450733,-1.066146653719248,0.11962538268441247,-1.4068152126317672,0.13599192310083041,1.0615628876479146,-1.9319935295965691,-0.07804191741303546,-1.3355341630641777,0.66043735096131,-0.8424986610839507,-2.200004807864227,-0.13119462908801327,-3.4371209465277928,0.17034916407476208,0.6359996704811566,-1.684884180133928,-0.9346906909313647,-1.3336190200834384,-1.9880989068725399,-1.2788987621033643,0.12279581211562651,-1.2876488977686595,-1.770565897325639,-0.042839320285643856,-1.243889425011803,0.898757813146283,0.2004539831267953,-3.0892619946928788,-3.4634836319604476,-2.067307836533838,0.8551775063753067,-0.7083475519973457,-0.4704861616728988,0.007220938487078943,-0.5599226812565794,-1.0234614200681602,-2.1354474404678525,-1.2952593514172475,-0.7796940720746278,-0.5185810428649659,-0.8540080818572966,0.7887651008171215,-1.0457847875401112,-1.7414940312625848,-2.166825646620221,0.16620714813585313,7.0029917912449875,2.6498805065719115,0.8775015359256768,5.203269351788856,3.087166873478332,5.211646448965264,1.7225868733697043,4.908795001655786,3.6451825307897234,5.644523806740908,5.397277751092584,3.563555301506968,1.827041784504842,4.326861954354549,5.697279468686798,3.3824754660159564,2.3380941304430864,7.055019113866447,9.898593378831546,2.5407722286111403,6.200508553406006,3.381687912689725,4.6883105082902095,0.3021697945782167,2.806351584655215,6.4428724974291,4.0920252356455205,6.320857099170641,5.445439196277651,7.754891581962212,3.177479010378932,4.137528149645751,5.717170715291375,6.902682760010188,3.465795241171482,4.102474571689914,4.476685592928636,6.692877454073901,0.2059389684066142,6.620970719219374,6.362723017336005,5.704533957641128,6.652175698665093,5.844244687701947,8.306761671162201,3.9090999442667047,2.864838753692664,4.532909664680243,9.084240003373855,5.495176848058273,7.660933159061639,5.548602724303472,6.640894523480441,6.178263714344952,5.357282233290956,2.509494481117543,4.558428290503517,0.43506402891735085,4.834320342370479,4.747317144847088,6.993725589422873,2.529438912539012,5.270836652736421,6.585243118815485,4.937063898989785,3.2833241796198758,3.2618923108933298,4.286249574236164,4.46396931001405,7.806801110661263,5.938842169321877,7.4599428076367715,4.951836832322315,2.6104550848078873,5.424236141017649,4.46043686798463,6.311749261146817,3.8277457342760943,8.106593179318414,7.311614861695,4.348106658803928,7.765805958136628,7.0320798479453925,3.375639160898123,5.4499054617134215,7.625558918125412,2.807436025869364,5.454436394293233,3.8385361231082986,2.763548879291677,2.974842718238565,7.83498115665875,3.118028899412953,3.325659931401606,4.403883560468646,3.252908844062155,7.814855950317165,2.249326269034889,1.697693940602484,4.070554360767563,4.541992163856527,2.5940458285917685,3.7490699915140904,5.216952055530658,3.5106845128619018,2.833621177249054,7.526772915354584,5.753798287773787,7.749210105161536,2.160246699328234,4.279541452870877,5.019253049912914,4.359632623769592,4.810645308024815,10.429377788112223,7.17039022079598,4.940462981974132,3.832367793386072,3.8157924695906087,4.770057249885178,4.808752896773821,5.3828899341333765,7.0962166010893375,5.859112067947745,5.448519921693416,4.368399544514615,6.669737401128923,3.319393011321543,5.82000369069091,4.432441801277491,3.858373229440074,7.181392074051834,4.311091436142371,8.755573381759648,3.6030764723894357,4.453698017831536,5.935282989244732,5.560230082703665,6.844603170074125,4.665328328896773,6.860923762105168,3.691454548939321,8.439730587035175,5.35354570752622,4.180902494434217,4.6622661436159,7.177310882699247,11.254622156021195,5.917578713715077,4.48071956190062,4.248046515209073,2.934838506275521,2.6914950627765886,3.318467848550459,3.2932477690853776,1.9894390551023609,4.293280549346998,5.895296463080812,7.7163956180870095,4.40888081028934,5.949020599057827,5.8578129654541105,2.0006048124347466,5.25618880965608,3.637578179554424,6.496598108363896,5.852206317776417,5.183830870295423,0.6146657620566547,4.473082712416655,7.012691712194193,5.37308122065453,4.085326439146549,8.115428804191207,0.49996932670963634,5.710595625810431,7.560883913718012,2.5766212433501963,3.9134965217740634,9.358568170559392,4.564776263373265,5.492243533568603,3.8351829096316914,6.718924850042746,3.06561620619367,5.851972055339917,8.814941507623256,6.595596674557324,5.136369710156308,3.777357482079092,6.179836827262564,7.307091814617422,7.5332075615170995,4.368681671776738,1.8346000418614024,8.730811215882394,7.209758353285056,4.2322274580272135,6.877040366572486,4.4365097194291865,6.233381920677435,3.805445333072847,5.559953138982107,2.0010369656829483,2.3851765828035165,2.421344657887156,6.298214845937409,4.157857723933805,1.3959060633866938,3.1647499449536634,5.476533376555422,3.3059339223013633,4.66441868380482,4.886944789975842,3.4477217287345283,7.550045166696117,0.7351212772564439,7.061953480453539,3.4277044049791683,1.7432049240922725,3.49248894602931,4.582395657793348,4.027701659261262,7.038766161333172,4.81711191216068,5.0311900602559865,10.976379007089925,3.3577418367826084,4.525803613939593,4.666938169394546,2.070729526236816,4.63598876193178,3.329046715956755,4.723864455590124,5.140121177903759,7.630985376013095,4.311741552124402,2.5868557047259144,6.10370302685949,2.1094854582437,4.337270371323855,5.499612347115742,9.16171870936579,7.747294182317553,5.725580541484435,5.989033942739434,5.568886478269905,3.7132985201357536,4.416318559600866,6.023380018734856,6.171014454893037,5.3832129516426885,3.585448663434642,4.0277535549036605,8.74944633538994,6.733928493748811,3.8192140352313007,7.839824512291281,5.105098218629878,4.003068265225073,5.592776550698565,3.4765327197379694,5.325635273775951,7.5881046136238615,4.066906462678236,4.946679744808942,5.448833606385045,7.988173054313414,5.151467690213415,7.837202206768664,5.954115236957675,4.051315161334182,4.9673337571216925,1.4419306484164292,3.1942526465491485,1.8692518660940913,2.530219968109454,3.6968720616673663,4.057238526300871,6.713089347987554,5.496939112698784,6.144993054753566,8.507321405010394,5.810523112872155,3.0920248362192977,2.937786175814763,3.0330821271170114,7.612678437775024,3.9017733494404423,-1.703050439939915,6.921446377352589,-0.5854111938464026,4.290816136748138,9.890475857502981,2.410496889176216,5.505288248695027,6.029406773492476,3.0883233423108596,3.6583018722113065,5.6147508333439164,7.117054764703139,6.152119444924368,7.228355695214141,5.6454962791033845,4.608190879609423,6.847814731899275,-0.9161069203064782,3.6320502243902895,4.83839341536768,2.694785973591413,5.361486277450442,2.174907776688783,5.6041049411468755,4.741191156673493,6.025844048780955,8.256977049403336,3.585433367082959,4.4882044153010945,4.733330514371479,1.0843087536079623,1.6198385481131425,5.185458311201383,8.384898362016479,2.096366565537932,4.996632062827508,6.440136874702923,5.048032862155769,4.981676956216502,2.027159090131538,2.0622952070323075,3.316881528981704,7.00134212139394,6.973745691126674,2.1643199728773186,6.165609214171666,7.076346186537122,2.3871140744421377,5.0737727476163945,5.337200837878707,-0.027783387911195945,1.7022372670046484,6.930135898313376,1.188409150266394,2.7646185241875796,4.5274302090585,1.856047214170582,4.839207350184132,1.5359900509614959,6.655993167546764,9.201795496042255,7.1013456036776414,4.393212310497713,3.5666175553979294,4.58000088962282,5.80694662937894,4.6001581869471,4.186164748156096,6.957039675065663,5.231769143404529,2.170533961761955,3.603443986804312,4.668620623825184,5.302121963543675,4.940111016168941,5.556474839021226,7.244423400571131,5.473286727964835,8.768472031767562,5.833060656786665,7.160327912244012,1.6734233412368082,6.0481649113991605,9.311520089049406,0.5703782101271146,5.239803889557337,1.8989415533916962,8.791474591319457,8.06273862505609,3.864895306616204,5.683486904887647,9.375800565516993,3.8323800499748844,2.582929285102416,4.984615640786607,4.4734174647959675,6.285444242186452,5.221456244414889,2.8502479331226103,5.4119832255268285,5.744077573128967,4.820375384013669,4.220415969437573,5.150272221044531,4.330356110956335,4.00409703023408,0.7309557295452818,5.536950422238521,6.981818505242555,4.1351927954681305,4.438714776241954,1.8715087373642896,7.317613321816408,2.2566058682238372,5.908425089583769,6.633665890376731,4.229498496418512,4.97856120413647,3.7435854796906396,0.557530144758803,5.604987118526547,4.720203384871139,2.748704342480606,1.579327289595204,8.238128270236546,7.646168903731565,4.464031673226997,4.391693696872157,1.9199138886088574,3.5108042037426506,5.011447745268995,6.801195158207216,7.466446795128361,3.5784741983889203,2.370486899224812,3.9481792934524638,5.490669415736288,3.6274404145864065,6.4199654156814185,6.997286475852816,7.853161728232633,8.268312772500762,4.786903067796384,4.518773403185667,6.235761025474123,5.178732594355687,5.893151397201327,5.290786187150548,5.757173531854932,5.027167625447483,3.8811213624510748,2.411726788283185,5.1252650023548,1.8728476788496655,3.719243136916811,12.033331095161653,4.452058013845547,3.3130870022567778,4.230304265946767,4.384892873843645,5.299988371563507,5.358996817891215,6.222396718197591,4.100638700521708,3.131047568017614,5.663845320866762,4.843431562659826,4.753250076619909,4.2802565647714115,1.4224121721783076,8.184465849017352,4.690969005738155,6.429985620860414,4.823171048541432,4.472357521495939,7.29190598352683,6.384084936819222,5.615102561425231,4.057265180141241,3.66249686268276,9.125622175454314,6.613784082623968,6.840585900112201,7.5103355794077515,3.125279676469181,1.7048058563840316,3.1170393176726505,0.3763952735687637,6.519485730641615,5.2677781520594,4.973835186868838,5.2398266997297265,5.507505820338094,3.3659868013498864,5.862848389298449,5.766533275078608,4.649010912901684,4.118839556858353,7.42586620549109,1.8770982134846736,6.341649048077323,4.213768387772985,5.138714436085794,0.1785966057071331,7.279480060071472,7.954876212097072,6.97738075485779,3.147642084844562,2.9716113788145235,4.813036672373667,6.578421802106162,3.441400757312808,3.838271917283393,2.980868914013444,3.232499187655593,5.322640187483265,5.675156502559217,1.9307109126720428,5.195413208938244,3.0983450773811216,0.05669211264270757,6.985185089129562,4.498550917042788,6.670019185655345,4.970520699540824,4.827323223351223,5.028157428103363,3.025582318677637,4.995496996947666,4.435931947520388,3.062960535878943,3.665346625490854,2.5454567712807483,5.655249684862957,11.129344942466515,6.614323614088378,3.3529754848949134,1.9955001882639753,8.420241915909493,7.1057848774573635,6.228678545526328,5.685353853624495,5.593376606089678,2.7372086555519495,2.501333051776494,7.654857735528355,7.355538489997029
92,-1.4893201446555193,-0.3807343245334539,-1.8641022239542946,-0.7247305708465195,-1.6421089321976654,-1.3015475032726989,-1.1129839505106889,-2.2237654584137463,0.5388353526936374,0.2658866105309301,-1.240179215042326,-0.6565658692546912,0.38927036988220176,0.06627603624852552,1.0619974515481325,-1.4993941934112105,-1.5284051859038255,0.9043857956632901,-2.18766239283301,-1.2230548543182698,-1.2459829867284982,-0.3890279034071755,-0.2639642800632451,-2.5725053051969904,-0.7266573143856572,-1.1344164902002598,-0.8926591042244539,-2.1982204467789495,-0.9554266789149868,-0.551208992333398,-0.6644699334483839,-0.8481926263822425,-1.1590571028748755,-1.0670481776065048,0.9092315985429631,-2.1750332053537056,-0.5610372622569324,-0.3420309525726357,-2.4313746652699137,-1.4103402435471795,-0.28915164739254784,-0.777920660119041,-1.4701147768165954,-0.7705385795748606,-0.5902437417072578,-0.920279814654243,-1.625998212765933,0.78871718457982,-1.2822933565864638,-2.6512066358627653,-0.42518960239417813,-0.534652052305691,0.024652291260885972,-0.11098523329384924,0.16949923870994987,-2.671684478632494,0.928497300867986,-0.2616124916889784,-0.8893489540515159,0.07290684869314545,-1.2427476455569924,-0.5910076160546605,-2.574892982994376,-1.7711324493351208,0.7471708384138092,-1.4316427109277912,-0.5319733374621235,-0.6967206084974308,5.442884149684204,3.0460073680687287,4.612680425327834,5.349991510567414,4.9127768704262245,5.932164051964087,4.726234732826799,1.7020132122621296,2.7282173754620778,5.776678416542727,8.221713303913061,7.345279728571718,9.259437537240998,6.238471962394426,6.294172246369232,5.207820235775817,3.8052381545206106,2.3227857823283267,2.925339288084604,2.0629375354739032,5.950802981465216,8.540891884797617,6.000963407646897,4.7401904842495535,7.426475670440728,6.206177827035753,7.441810756349282,5.320154721665279,6.220881288477485,3.7387845100640558,3.6178848363447313,1.1052715602253773,5.614016621972771,4.319192330977178,5.309279561921971,3.560345382701234,6.883398149629533,4.119391868778154,3.346589731637194,8.075397696205737,2.282137584790127,2.9777517258980346,3.6870695216730995,4.258055301694149,4.998652710163995,2.8867959460732533,3.109938125185761,5.064291100701473,4.8347340703406,4.757175299472987,5.584267709939093,4.713702678918572,8.46322026890759,3.9370449705624675,1.5199398311006087,4.428213633992554,4.545494998156572,5.651035906959715,5.6749766824570695,4.017868489591261,8.837903661689746,2.748251973190894,8.070325134439448,3.096566221011879,2.1603045678525077,2.16831358513686,7.329280787083052,5.958436109445299,3.6745002673965255,5.3792161388564255,3.3776082513190175,6.9863186412159965,4.266321222368439,5.413250166119428,4.522982647105319,6.60445040429995,5.377974396785121,4.49060344351075,3.7379009737886424,10.26981978898116,8.030577769683024,5.191570903030034,7.646587246016957,3.435798707905435,6.6682542957924875,8.555220056171194,5.039590478573103,0.9285378214326876,3.3627383068101397,6.029984160399082,3.8971918141669852,3.3658035407122195,2.541928647414057,4.989658837114602,2.145995892527165,6.801444733615679,3.972688058716022,3.3214205702663584,4.179470103187842,9.406268510494172,2.8081825504048834,6.850990682889279,3.7205393577029304,3.360563343834815,3.7958021849229384,4.272966547610709,6.016628719447161,2.3337490828522105,2.837100406304736,2.4902122314552337,3.751553675175909,7.1809046953511935,4.10823190922971,6.676155535811254,7.660926932790443,8.11049490259127,1.803023081669671,3.102094146025877,5.554779845882863,6.838983777700256,5.531692499733231,4.447298604393174,1.8202638371640392,8.420242265603376,5.898226792210693,4.930693079586173,7.165632458071429,5.775620495680033,3.6256501333194127,4.489617330778699,4.97482069825827,4.822210448318044,3.036667955018623,5.567370528969609,6.30871069059827,2.420264940626349,5.242425349474705,4.407089336426703,6.326059564091624,5.041805429504951,0.09842600069331997,3.5799873462854235,6.002098566951643,5.79032545603629,8.13099374301429,1.5662388590948648,3.2786745614840083,5.894978599599896,1.974692412742169,4.513643653146864,5.980473097026054,5.868497946747673,8.706756705533483,4.615801249142872,7.706522257820618,6.2682026414177585,5.656554739342761,6.366098790055835,4.117246186184311,5.572120828197367,8.629071893240017,7.1227273179238555,5.214049952135882,8.687588630242853,2.212125946369775,7.4592459149874974,3.8849823383011377,5.813665467009153,6.522035668735099,6.3121821371508124,5.954277569612259,1.2416907775796475,4.123270575497225,5.5471134540346565,4.7739988731892415,8.285884806528866,1.721643444359009,4.149156512687131,4.365784978118451,6.346838963300613,3.7495123059136555,5.4347852725979,0.7490647247504301,6.929001531722061,9.002497236485503,4.157180865178614,5.969579533027868,4.3810006625320765,3.7376970502299356,1.426395291090837,3.606489986473849,4.268816989337222,4.245748391924847,4.206596681116659,5.192178344908137,5.154293737254497,1.8816837024584259,2.9171304140002823,2.4249124776634026,7.515572765550971,6.492687358297082,4.475024281065169,7.315756605898823,3.606427384054353,8.890807496242862,7.2622082700562895,6.240608703697996,5.538669942108363,6.966045534797091,7.126168035398286,6.530140656674169,2.9568070380142983,4.753719896486014,2.806458774473659,3.014489503873509,3.3696930322190903,4.808354988174908,3.639807417811703,2.8426199645089754,7.945213361444626,4.185524726589665,5.1038918538070215,3.8992813726506075,6.806733562511541,4.146516408962417,4.716345952197945,5.015280799493992,1.394884343426297,5.098270297247722,2.3125162955044285,1.4364221214599682,3.1079658270671837,1.3250103940782405,7.695138564078112,6.1725238041061,5.423267055821052,7.34111769596438,10.25518607480304,7.345880915957213,5.248000837223576,4.351624459976649,4.780052648526791,4.608589224430997,7.881326741087423,0.2752979305899039,5.785737683740553,2.0690800452236267,4.166371834574785,6.066661567000523,10.471885940950546,-1.1504750794012564,5.1874514143234585,4.830910560287486,8.111280860286184,6.551655257321409,6.761905654386125,2.539592875804121,8.597912474744597,4.575140062006135,5.401114471248646,4.705322065375255,1.9519365731213059,7.031605994651857,5.928779424852608,4.7025288600592745,4.611046225500605,4.884297353396865,2.0616939042840356,7.756468479805749,7.589282603024323,7.269835687795136,3.945260446687805,5.660731011832443,3.8900326825698617,1.8491768767988246,6.1413744229332226,3.6869357715217443,3.2602660922682625,4.4259814761993415,5.791266202240347,6.256668235004501,6.599621749154609,7.009201373199923,5.07746297138608,3.9020383854335368,4.339704282392298,5.376991899893992,1.6726564119495122,5.479265503024282,6.146307616086917,9.006668417880842,3.443512510036406,3.0300934039376077,7.194708715009378,6.72327224564824,6.0764883327281,4.3709956686969225,6.1447564701194874,6.403944946699995,4.635474333191788,3.538308711147682,5.444869628486705,6.275661869517414,5.2082980553385125,7.858980177623005,8.697438047806017,7.129107555924173,2.6522095228798306,4.826418230735182,3.2773490230070856,1.7651403363245572,5.663792687401327,5.455909658672818,7.037591998484313,5.118318045563429,6.089434428469594,1.6467810706689194,3.1446824678079373,4.166731728722841,6.267112514391367,5.292587009320051,6.644134544635248,4.883137566265993,3.092559529846519,4.735790936262428,6.909044034336411,7.710014057410195,4.925914906110924,5.250486821197823,5.486537397921939,4.033713657042283,3.0266856891989056,3.629248543959653,4.285422980615458,6.859018884214801,8.516088131696119,6.590754142852672,5.73688390789575,5.046497104579367,5.867550962266766,3.673528532021119,3.5983881212147524,5.619440253090092,6.085311321867272,4.712944809910506,5.726220422720652,4.2669719230707726,3.6808805044636372,2.094687101230387,5.103746732069473,4.0202000217894165,0.7305975043148072,3.9994034155661664,6.826963340446962,5.664658368589749,5.42090792304887,5.302093066972675,3.38417380277391,5.159599538564034,7.074472238616313,7.116697077423218,3.234625038780744,4.320856745764484,4.4258673760948195,8.699218976958253,2.937022087441799,6.099209047996564,2.4088668246633405,5.476731335595058,7.294546776017413,6.745814580842589,4.315312375860152,6.187203509836861,2.764163134720478,1.609889425105902,4.128949376849196,6.345995722706453,7.879022166463912,2.519758666742916,7.514139005944612,5.756805341228448,7.4402585821130405,6.173049777462104,3.1361079908592346,8.438451234178634,6.477701914218308,3.197947755267725,2.5242165124723255,5.17030476788661,8.374661861790344,4.0789038473234065,6.598093738919612,4.61393962075873,6.632140688692411,3.631241764031593,3.460066293646195,7.249369930347574,6.712440820711628,3.205603956865753,2.140017454180183,3.27454452068198,10.990878861237057,3.664184148595672,0.5405205802044222,4.535152782009567,6.543417480986822,0.5578100651776241,5.967645576099144,4.78078575114616,5.604267153962333,9.492608506220613,4.730045578635363,2.7185998604317603,4.5678202738517495,2.6501521908363816,5.380483235578583,6.5438014887888665,3.5190040109132603,2.2102795844425533,4.308226751477137,5.848441341260058,2.3219024132162382,5.8705793566397135,3.5462890648638674,6.499055639438845,5.1689911310990215,6.307605488172274,6.306234443712967,4.781118714590255,2.6929867270476415,4.128820711463364,2.7301237563363316,5.439189333212911,8.234754352606979,5.168964863306614,2.9178850727081844,9.588974036298943,3.566425973655611,4.7617604130763045,7.040018311366629,6.154527581823154,6.4860654554139785,5.759402693010744,5.70272148361233,4.496404344968809,1.8983039791352159,3.2934593442885878,0.4768422589804526,4.386110664580626,2.202549455416364,4.531817209291431,5.647257134338261,6.027811547904184,3.544793781723543,3.5323053229089325,8.731420675411616,7.747011381968838,2.356615636351973,5.278602172361951,8.604473932581548,3.046721472995909,1.5089314772525868,6.555903069856089,5.624622550902856,7.66285838804934,6.421305970057591,5.81489754050846,4.529786760344254,6.166739204173238,4.31452500762601,3.358616350948382,7.93012601285414,8.533987176224148,5.940860466003585,4.0298923818214485,7.688443310021823,5.513207893767138,3.5502057945967964,6.797979978482345,9.875954503285165,4.157575407703119,4.359290315898741,2.953326046652673,9.62143372267193,4.493884185063728,4.818540933591935,7.2420473078213945,4.418348761695143,4.301943084543207,5.114151988251824,6.090634405259508,4.902815195797196,5.382852469879404,5.093882771144137,4.719716396747312,5.046278676841567,6.86614772452239,7.316829651108717,4.3524077401751695,3.298829270878352,3.1416763468229094,4.502104334765385,4.805018856361545,5.265711296175653,7.840765184352073,4.232597133263826,7.441141839508143,5.561310458657591,6.613406161535682,5.080458766776425,5.2092429134648635,3.6186536943372865,3.708896074751652,7.180932044814638,7.832002207534458,4.518645930767059,3.2459069824882514,6.861487664422784,1.1698282362936219,5.649763595753808,6.483134796570688,5.647012361351228,7.249455718606669,8.242063232143916,6.829965882571226,2.2422181892911284,3.8343717472841243,6.133945970885051,5.953079447370807,5.528803737992629,6.757714085853434,8.237283784590744,2.966974554848265,7.178764568324793,4.286012013024541,1.5434809934477336,9.10867978224679,6.171703973573422,7.3093490274265305,7.027061325758833,2.316655235539872,7.459824622326359,4.954624658713971,8.332341262807011,1.8917777384151648,3.7239718412942304,1.6561089843776644,3.0897357448259974,6.978988413321739,6.071710682477654,5.376214396596273,6.494089706543438,7.103137954058814,6.669512652333552,4.457646665008901,5.238116298992975,6.008392520857662,5.5536450823760415,4.722570513318166,4.007894470643513,8.863773499636949,6.366567840375242,4.76580883955112,9.085645780009525,2.516290496320569,6.259555442102553,6.871911033677483,2.9825216994348125,2.0009041283587736,9.425710791278293,7.238729808366903,4.220750785468186,3.516748274715361,6.787412002688042,5.587257866445668,1.8835058750772724,1.2202121704909543,2.225286873674528,4.691916334021257,6.3537410765596025,4.358902953160293,2.920581484435719,5.8700064102505305,6.363031986254784,4.67066964652589,3.318917701923287,3.0754961159480163,-0.4407104817644214,5.748585461883799,5.629374450601876,5.761802013363911,1.9128872674533257,6.2931136451613074,7.601630535054222,6.0205191657786,4.417408198774037,8.76541864314494,4.812611709897302,4.28915712453372,4.502323195539746,3.159444190291498,5.329000056103677,3.988058457243307,2.3668921341615707,4.6685404878114936,5.341823559403409,4.703483345185062,1.2302528773527852,3.835281763798069,6.57948832189635,2.7105276593443786,5.040240809578355,4.684282123359074,7.699505064666429,2.469477858446131,6.951713380880205,9.381417261475441,5.719812227657621,5.110011332582693,3.3733170254384666,6.102073945033586,7.3083701418136275,2.233562569008242,7.524878837256741,4.706548374797685,4.60967245743066,1.7301500767669853,8.618881715673506,1.7437676239644007,6.7502416873162066,9.454520084403601,4.212052769687154,0.6594771242455844,3.883566782136312,4.743552991600606,5.470239858835619,6.512099329311191,7.670999276934888,6.168770402033542,2.331091561582889,6.9266177410366225,2.630415366206695,5.632605153498354,5.818411831506975,2.653573753896558,6.78276032242384,4.143524190976355,3.3202089245581687,3.333943235705857,3.985785692078706,5.689814149222637,5.203974973701145
93,-0.6322705477250309,-0.7945235223947025,-2.2617261839994827,-0.11019867638902758,-1.3617879790304004,-0.7684010848457659,-0.8250276362060636,-2.0440455737486536,-1.7074749157658031,0.31655300600175096,0.6667725925739756,-0.4801292082799842,-0.5531433972745714,-0.7775579756548748,-0.17649366276624534,-0.9315638737932723,-2.0695750115428044,-1.2370074792722647,-0.4741633723050467,-1.1693696234186657,-1.4066822150721117,-1.7023998369866975,-0.19129763604698768,-0.2289720995159461,-1.2945895413789568,-0.6989767499110797,-0.3901789419645657,-1.3449132846696996,-2.540972941961427,-0.4796779691187697,-1.6814647181807043,0.328703995374251,1.4989103007615423,-1.0910544213178337,0.2933330291919978,-0.13919415629805787,-2.5723965040270933,-2.748810902806744,-1.192410583205037,-0.958805857953071,-2.2031074462667877,0.8678229015263164,-2.6050455181611034,-0.006658549717331486,-1.272684497632551,-2.6140357197963833,-1.8931949019543803,1.535501748830816,0.6283509159015512,-0.6952470706761164,-1.35545649451976,-2.268518440256335,0.872421949131307,-0.9556164201429049,0.2087627873490523,-0.19750293427675003,-1.239869374153105,-1.0275878407775558,-1.0620889321792306,-1.469693124751304,-1.9917937686170728,-0.9912314934533841,-0.4450878512913259,-1.5238870213020168,-1.2270369965985608,-1.7124553841622194,-0.45063466115811657,-0.6651644632892149,-0.7344504477784278,0.33591879553951154,-0.9759983833415738,-1.1467859294186462,-2.789770183385927,-1.0938795643775225,0.8894724220279202,0.47781542441873603,-2.2351947318100915,0.0816112177694337,-0.8629042843975637,-0.06976550225818534,-0.29959062267928693,-0.7387641786059127,-0.9373818693393877,-0.5935098678737898,-1.89014832895576,-1.0852696186200055,-0.6954682900941003,-0.6253848664935215,-2.4861696142263723,-1.498948239619634,1.2642440669917492,-1.8931041730793376,-0.0988893427893488,-1.8138723488382151,-1.0162508532157477,-1.7861414334034316,-2.6775651066257553,-0.8638509759766815,-2.442775718644782,-0.5367404776804038,-0.8086298175583255,-0.9003659860948001,-2.011054557957889,-2.0778772642928516,-0.5299455373833479,1.409523429451709,-0.9740773301313385,-1.8614856143494372,-0.5790184971369459,-1.2633512665705173,-2.055585868975322,-1.1238566867080506,-1.4206237442758116,-0.40615686951530494,-2.0999430648323365,-1.5142959755144887,-0.6564548578732678,-1.4084230804820272,-1.8547996714259973,-1.9596740527461893,-1.9976733717856692,-1.8469819291487806,0.4779540102443611,0.1408644981690932,-1.1376729734186812,-0.8786945046527074,0.3668896921735578,-1.9660235739809027,-1.503361817651137,-2.6143295433898865,-2.3585727603847038,-0.48096753997312636,0.3540258891090151,0.6164395302062178,-0.8126518847720294,-0.5000587789311988,-0.9053590224265657,-1.0762549242557982,0.44605999637305715,-0.5826464667284357,-0.997357487309135,-1.428550509138062,-0.38795105023575926,-1.5136197115203585,-2.0530689289845645,-1.2473429714829678,-1.1287698298258233,0.9499752046107752,-0.41835906979208426,-1.8100760865961307,-0.4819784392749532,-0.8705705738101854,-0.8084434538715173,-0.9205670333727489,-1.019617792690667,-0.5984341355367266,-0.6873619361521928,-0.8870315716129962,-0.9339275120769001,-2.6422866345803646,1.6189670526398565,-2.0567926175755598,-0.8623834115769264,-1.8265521554157709,-1.5213109390294568,-1.133543498199515,0.9688213880916119,0.7450500292655968,-0.23649375447805498,0.05674111923949665,1.407154492718091,-0.3698639145484047,-3.2746697009382775,-1.4450201152160407,-0.7524870481641526,-0.8072998806720265,-0.8088359517644778,-0.8498231292884042,-0.8477888701863363,-3.0606720080303966,-1.3699560237211648,-0.5197385584770529,-0.846352055169399,1.0198021852006325,-0.5177408754237591,-2.4536643647945207,-0.2416059098499891,-2.5893099777795445,-1.1830067307466874,-1.9368339376794017,0.36583798357435593,-0.09420755567653871,-0.04575046595048404,-1.926407296885406,-2.028441421765672,-2.131605159314588,-1.953551110995696,-0.6436758547472963,-2.3991088627485015,-0.44413867716578026,-2.9079044259352234,-1.428413002584775,-1.0176621800351373,-0.9892734713936132,-0.8220853947457355,-1.0746478491736604,0.22879990451865817,-0.739861803781635,-0.9317728730738115,1.4314063932223777,-2.640129080712587,-1.8373991371753107,-0.7834198812727484,-1.1535802006624247,0.16623128617720795,-1.2295786259073966,-0.978190338698791,-0.9561548888710445,0.08503039450233274,-2.0446470113784048,-1.6766615754279424,-0.30340013119743514,-1.3195242833726393,-1.0615380385618491,-0.27193862756853615,0.14639979483142795,0.6725802680453443,0.7620028494736915,-1.1728530771298442,0.29074863593568057,-0.12054699015742021,-0.9858157136774145,1.4511217849950673,-0.5475843051109198,-2.7983012120744646,-0.690606721329748,-0.35006651706701997,-0.4503682537261221,-1.4852125533500913,-1.2407587273988927,-1.79306405426463,0.9458563311517425,0.0424194806569107,-1.1453563288749815,-1.7723169880141567,-0.4905160090472571,-0.6862062853763014,-1.8839432062000343,-1.2328162931583357,-0.7086466701897036,-0.49350113204966173,-1.0466558795395808,-0.09835048111554379,-1.5790360090944642,-0.37321548875636146,-0.5760088752731246,-2.1004623353687717,-1.665531874625124,-0.9026948649956699,-2.1494429833554483,-2.874031098549695,-0.016988561584022843,0.6758425799456256,-2.3124394861284117,-0.11076818068569272,-2.327454906750553,-0.17067827048023576,-0.5243767903414559,-0.9485713219371696,-1.7432397170749172,-1.6893003006382763,-1.7130445832104493,-0.3366482676078224,-2.671098563218019,-1.3921379756667727,-0.4714004130974244,-1.0188462202815818,-1.9128930701872795,-3.3474522791664088,1.0124255628278944,-0.26772253203406016,0.33623064267086833,-0.8206189077262348,-0.22995231664826665,0.09903484866060852,-0.4424430100880222,-2.038151261735117,-1.7805938841834896,-0.28405746685379274,-1.2565938496985467,1.0628698201263993,-0.5178318025400934,-0.9258166132535419,0.5853347850315052,-3.7863626476632315,-2.1612291725161397,-2.684850995251791,-1.3922940704562703,-2.7140904821316734,-0.2992566293615131,0.0013049247988681234,-1.4866375679881427,-1.9728799276887066,-1.219791986699783,0.6697538611135141,-1.1850472542260095,-2.0259485016641596,-1.3022265501145145,-1.4111865904033336,-0.7375031306161687,-1.8853275963261757,-0.8480864746753555,1.0715761594870328,-1.6046118217836154,5.266535880384056,8.17883249290518,5.087289142564938,5.018784607524021,6.325411095706006,3.416027222351387,4.542664053214706,5.844277253736337,0.47448574643145935,5.304214430732216,2.877902965872537,4.122316838484448,5.454393693847121,6.009532340782259,7.479645978893746,7.402104037623056,4.3115444874894795,3.8785177058061366,4.872330696824193,3.2140546579877407,0.9503647883111226,5.681714228450666,7.549976189576505,6.499252117226479,5.4549077419828444,3.9554881432247395,6.576451591818891,6.566444751269898,5.195838623667587,7.243732608022695,3.6524355414965752,4.606690993729925,4.511679470330716,2.1088920151321657,4.227958863123637,4.870077916246715,3.166019609831152,7.198437072537641,7.562786114568254,5.002938576950521,7.010066720536627,9.482076020195752,6.2481335347540155,3.8460652006297673,4.725469852229196,5.271477799401125,4.528885976913692,4.989063125379787,4.54851049691329,6.316390632903903,7.23592977238455,5.338941669098648,3.9502535177542057,4.154651520051519,9.51116056076254,3.6654573054207207,7.491591114524013,5.222431826048719,6.194439214147177,6.420711244733867,3.4226239350853795,8.390046455298483,5.1988193671221605,6.342117220362062,5.076785601191391,4.282816531202746,5.951272046454235,3.5452457508592286,4.1364093577879775,5.6659605411787375,7.5581028416478775,6.594669522742052,6.866325066137283,5.394742068930222,6.085867919790856,6.195278630221914,5.549066169259015,1.739782172509699,3.8976800320939153,3.7612226878923627,5.660881868497597,1.988113603124524,1.9225903790478527,5.161531581673079,5.373466578051941,3.348761640359921,-0.6082568704183178,4.372536433361369,3.075020755465606,7.617691068435057,4.728096651999977,4.4846693813653165,4.522102001459823,6.822418236558577,4.164049992625917,6.732963624003618,6.573898903995479,6.788053876642945,5.621490992185019,4.825299499513363,6.5702898242134795,2.565567387560716,2.268537515401889,5.308011132813755,5.507347618912858,4.207505675842237,3.1257605272673694,4.344600316500264,4.828498472234543,3.9116077108328473,6.508293814919989,7.420059181411855,2.7074328399169016,3.307269980142433,3.8498787835575587,9.384602859555844,3.1368079127779893,5.587900500166352,4.734322427347335,4.935736738743026,6.027662295274313,5.676219914193848,5.56233892455098,9.952821419531583,6.315977031437462,6.803657477642595,4.890521375937881,7.7812950467689905,2.3856102813293503,4.336778280949882,6.177119476965484,5.3999188052210005,5.330065175726585,5.385395848734234,9.569397124061187,6.064380968704566,3.9025283716863184,6.588306495610874,3.2746189155106338,4.688228497559274,10.616703887553005,4.80896780475753,6.363356703481095,4.725502601732882,4.547351691485675,5.881417025504643,8.13247893094209,3.5613039001705618,7.199590759644636,5.099100563344128,8.871968275310033,5.169174217475263,5.073295448302582,6.388340048405555,6.327399449703675,1.4194962897185195,5.402433683906088,5.557267599250687,2.7836277884194347,6.507647907419749,6.035452723065214,6.010139288053771,5.672270192585192,8.587784093688178,9.158106062939401,5.26235226876833,2.150037471476782,3.265110260414239,6.590977632144551,4.451445652032187,8.872562558215943,8.142286153297603,4.243145084898013,4.074434645944116,1.528753891092427,5.773443122414602,5.652683774810507,3.150962266031777,1.3418747525961483,2.6169517456894216,5.8316881531060645,6.068677535398828,6.783376433900189,2.5721547234316917,8.62651178521434,9.059018913668464,5.73707546278855,5.601914296933553,5.694934114640771,4.963732007248738,5.003398875544162,6.694207626808041,6.194847528540334,4.987677990056609,5.415063674938748,5.427654413183993,5.913333953701505,2.268424209579097,6.771834487617233,3.443316923628605,-1.0219543586272275,3.8230679892092616,9.314963477807616,6.440421458357519,4.670761037549665,4.746999348371376,6.739353981824477,5.357467518374891,8.079321502381852,7.332524193734763,7.927941880007008,4.398030275133692,6.1239915790037776,5.6058462284242445,5.12792567200173,8.078296693991021,4.5597328103998915,2.890161856746502,5.62281319510804,4.153351726025888,3.220796350904088,4.59666226365229,1.23717118552717,7.367026012488887,2.9354617572158217,7.7019395164351,4.850069007962524,4.5843385776032415,7.145041216231956,3.745014896539067,8.16298343410773,3.2592010102779283,3.7928579580898365,3.226626720220826,4.148974912588871,7.322785047832529,4.045090032936892,1.7525641667906697,5.4424805955991475,8.474775096320652,9.72442019046349,7.5546737878276495,1.2472460943097983,6.389221897725008,6.710173639824308,6.715623763477765,3.789703180155814,10.330041219022387,5.43416348008035,7.079523970218994,4.386641948355754,4.140828741051057,5.710136947415539,2.5355737517450883,6.654820362575851,4.982079007345751,4.631759012979586,4.092403599384624,8.055056686169298,7.547263686237017,3.68124288474869,4.725085046597465,4.471726972218721,2.6386275363316214,1.5723532091187908,4.195162776186227,6.141813711320951,4.964446390935243,5.270330301659032,5.931047359609225,5.526656671740219,7.583078639030443,5.67201396780216,7.219849259674155,2.314974632506874,3.042170993277634,4.569947442441919,-0.4475617674447836,3.2051718494542,1.5503908438308782,6.346791432459666,6.676956558155289,5.822139678575466,3.0069215411862458,3.4160999842865407,0.7723356764596998,8.564902965885377,5.836561187280689,5.778643877451395,4.82534039635641,4.335070536641441,2.830638700238601,7.034379276508765,5.529667969020683,2.739689284351312,2.71716215847732,2.1537264604712725,8.654393715120456,7.69885132097246,6.6768574357413835,-0.28340059787212457,3.57558253959784,6.371968123235509,5.629123615429177,3.756952207563299,5.073239585425932,6.526845525273632,4.635294425987874,3.4936409501815517,7.040183453297008,5.004560927449442,3.6300727489031974,5.997838514199459,6.292014922883256,4.247901341285625,6.863875916322222,4.068056154362523,4.934824101156909,7.3677102948581314,4.647835187281638,3.6738370859377163,3.8905379557637847,2.9020930810500754,6.534161567025685,6.319917424995911,9.294139528806175,5.386721996043617,4.394361686823002,7.519395172072872,5.36045419094078,7.442114597260307,8.010382523734123,5.321230233178246,5.328320965980765,5.264544128431633,4.253949143584638,3.450173539165003,7.477176685672861,4.932410846977851,3.0104865228643627,3.2103861640074234,4.826646250144368,6.794087344483751,3.4020252194359673,6.71455329138347,8.220839465792121,4.4319825454066235,1.5148462744788689,8.526977949788547,7.510465704770319,7.55997029540142,5.523979376865033,2.731372205690563,7.546895106811787,5.562278301794807,4.972458554066928,5.177414505894269,4.7381062148680355,5.176493884505544,0.8284707128107582,1.0930536195319558,7.9805660919293935,4.893872069914389,1.2575624141508635,6.061664414304617,6.095189140158209,2.567710775595674,5.4123006980573445,2.805617663000712,5.280921691066503,6.62201204451097,7.655883543868189,6.898833944668779,6.0385061169992795,8.115527734453806,5.477226814101162,4.158266447251942,4.801430065406214,5.4355977770110355,4.011452405621751,5.897829448461214,2.880237222569126,5.615838794223769,4.6951695800494955,4.677597450882475,4.231986173577616,4.932093780320839,5.1629842253042275,4.238216891383957,1.9551779941362777,6.05298069112974,5.617373739690557,3.829522837513331,6.0261806214964615,8.274548587470866,6.148680723968511,6.222501923537994,2.936456516340337,6.687024808824749,8.340191395092766,5.54029593760155,8.891198558797578,4.13338273776312,5.160638350987332,6.042230806250826,3.0763937376370785
94,-1.4403665120593283,-1.5883097754108553,-2.2497110420251314,-0.2142928031363306,0.10168392087566414,-1.1252572170491781,-0.8848472346372696,-1.9760911916092372,-0.12633829457266876,-1.5192522358276492,0.31326156207796374,-0.03745494150258488,-0.6200266487131549,-0.6207354746615366,0.9761947196082705,-0.5195820278567025,-1.6859457971872094,-0.9611738584772904,-0.7856427854306386,-1.8352719451449282,-1.3479755716565065,-1.0569101081721373,-0.799309808438738,-2.1492681078525795,-0.33806528524638246,-1.3737163024952148,-0.8999694861794054,-0.5729274618268885,-1.7897337045402,-0.03646129032505441,0.10262994328861907,-1.6752905039051251,-1.6960895599643337,-0.8702926721439516,-0.46577532087058615,-1.7747005874824993,-1.6088518495961885,-1.9328553337925058,-0.3142595593873505,-2.301564047790184,0.07119912944688456,0.12155630615516655,-1.6896219274817494,-2.4603907482234972,-0.6363529071298129,-0.6062146794613814,-1.994503157422943,-2.020038245530589,-1.7452099950180788,-1.123255349562366,-1.9576011524613381,-0.29615051021548666,-0.8675582939206934,-1.1848314527927506,-0.7462329079421313,-1.14511914187686,-2.2830735716517285,-2.3504016063650197,-0.43925086419487525,-0.9851777369529915,-0.7816770577603098,1.0157448223696885,1.0159742466775419,-2.015265846259677,-1.6577337314834009,-2.113616350278077,-1.704801107219836,-0.5466429356872186,-2.034825209296993,-0.666235212321087,0.3032582999418436,-2.5158837864902663,-0.4365002539468451,-0.8668627450016961,-0.46857570828025785,-2.791653241215468,-1.87988179355021,-0.26514267463077923,0.5100563756850129,-0.8585468595606623,0.47472615998455114,-2.004394729844808,-0.7971743054323994,-0.5320755542746549,-1.7579801691527261,-1.8543522170607138,-0.9804466608620994,-3.134863031742242,-1.7582784201332715,0.34810705428357425,-1.5929274340915023,-0.9016308813037093,-1.038285237805077,-2.510071533730791,-1.974948630657068,-1.2419104600340198,-3.2976833616704804,0.6558216345621684,-1.0083536163687392,-2.680747962298249,0.021434212161703492,-1.3069357456080677,-0.367777441164041,-3.5567063830884478,-3.1256435170571057,-1.3496380857963146,-1.0046326485162065,-1.5155077077181383,-0.45605800647934647,-2.117674020941453,-1.3760539175682278,-3.18401902052427,1.7650298808006406,-0.2786539219337899,-1.6220279335832548,-2.270715434138477,-1.6333959594385778,-1.250022524762624,-1.3060857759665536,-0.6566421992153576,-0.06366363288742527,0.5247029958750553,-1.2741389867888375,0.1674965752100961,-1.44437596090847,-0.6455264197183959,-2.326895077838692,-1.6915631995902425,-0.600783566299668,-1.9917094986206427,0.010335297881279848,-2.3881437636492784,-0.4766817804588708,-0.3783589569494483,-1.375930985743361,-1.6850634193236784,0.7266741155403571,-1.0331669961885646,-1.2464118439079777,-1.6670523344858235,-2.4506834987358608,-1.516778878496711,-1.4156016636261197,-2.6002196666879103,-0.5234366740017935,-1.2215974130216527,-0.24476691261496764,1.0369983124610593,-1.2333619232909963,-2.8899777271457334,-0.17594850682037022,-1.435004780508335,-1.2889688598842777,-0.704522867984913,-0.36973299185088504,-2.6547048490474454,-0.024219303928736724,-2.3525347742197975,-0.846004294375684,-3.101550734070789,-2.714979796961703,0.39528942895086283,-1.0995214183401736,-1.590762660938777,-0.179880098714583,-2.5988193830764503,-2.699482173110918,-1.747087562024814,1.42158786081978,0.5943912925113648,-0.26601215150732904,-1.1609890714200413,-0.32500266676300593,-1.4114505895901646,0.6447204412333354,-1.9434148417060575,-1.9191404519364799,-1.878817073810554,-0.9125126560251735,-2.0272302436236362,-2.3073632290395114,-1.424763977944641,-2.2849730464529876,0.4569940956454377,-0.9058690932141319,-0.849002621197815,-1.356682704339221,-1.9655181370318309,-2.816035391959121,-2.5386018678486866,-0.1921420488779496,-1.5649140501490593,-0.9300555506698616,0.14809428631066823,-0.802322825646965,-2.825320376614182,-2.0746027654547072,-2.34502860149928,-0.31148485691290817,-2.2883646597729537,-2.4139372289384697,0.49859049221236207,-1.841871431388017,-0.6591823278130665,-0.24686213227853926,-1.7456463058368148,-1.726422937101292,0.5716569891907357,-2.1672613110082386,-0.9095441899047967,0.6570903854863754,-2.3638107639781376,0.036018195044638324,-1.8556283357651844,-1.3702100541578504,-1.8411068618225257,-0.4538662441655923,-2.347778021289236,-1.7540376493941445,-0.335587920689133,-1.0316747556956094,-1.3696348822485966,-0.35235678421120975,2.09286854605722,0.933940679554295,-1.1533464755736325,0.9345561924016865,0.8804260533563715,-1.76012762252711,-0.9481373866108991,0.14786080118712386,-1.1415244572255292,-1.6959882368019035,1.1351254379784725,-0.8203739523431177,0.10175025646468039,-0.22040621940466465,-1.854992965172136,-0.7538962468078207,-1.3141470268931021,0.27511715394428604,-2.0092840708849833,-1.2961165857380028,-0.3795461584011861,-0.4051759503196062,0.4935890178393356,-1.8059476021195042,-1.1677355903623805,-1.0995286490093679,-1.845550326645101,-3.35211918106209,-0.81164430535624,0.7366077246560039,-2.7064323562492456,-0.4796734757390936,-0.6011194267289441,-1.0016168279124158,-1.9211158939221775,-0.2465928349167944,-0.3364571873879858,0.3073558561926062,-0.7723613202280089,-0.9266733621700858,-0.6627922803496153,-0.13042462521583786,-0.5609571998863778,-2.262351436258559,-0.6030837672499556,-2.4933928351494057,-1.1422220063266317,-1.7101000585371742,0.325953991824683,-2.4059748439168196,-0.9078187643941629,-0.6962517225445441,-1.2852039137528493,-3.0438105926568535,-1.5724393632034204,0.3241519974023357,-0.9626564216650252,-1.3521120116144005,-1.6358197360231461,-1.4051540936874685,1.0481597586081586,-2.217747298293796,-0.17461226195753765,-1.9457642633079817,-0.5029602762078296,-1.1535651427569873,-1.8412788269351594,0.9511716120100946,0.11775491116936121,0.4462618974086825,0.8907538906309467,-1.014329208663054,-0.2286240604822557,-1.570089078635995,-1.228774131774248,-2.4515242364076477,-0.18497522916205633,-1.1693989222611114,-0.45489914230614936,-0.8968064202090958,0.552144134883247,-1.0031866896304755,1.1219026924764823,0.14277945929023161,-2.3683223182812476,0.9474909184982845,-1.3447013977036484,-2.1181272260855923,-0.26696245412467223,-1.322905978762674,-1.8522379358330836,-0.47540236891615295,-1.5171440468931632,-0.40436762774700674,-1.9098077441191212,-2.6522933833933404,0.003545568319617054,0.4146466964581499,-0.8080787689963851,-0.02927437933728494,-0.3104827117014647,-0.9367176855553865,-1.9862757214550246,-1.8519723571059898,-1.934997970380592,-1.776312952498432,-0.6058953246065306,-1.4611761045044582,-1.3650011582127166,0.8312920666011947,-0.6218113079348164,-2.221045914222029,-0.5886471426322764,-1.7073089744215932,-1.5162016625860346,-1.4837706565331716,-0.9488883415850966,-1.5355489341741766,-0.4816452529919677,-2.2845463779847615,-1.4708238163779537,1.3338820024520937,-0.13879001810278724,0.647662936702629,-2.634064407588877,-1.4619933162090486,-1.1209006845600764,-0.9926300894405959,-1.1847948427288855,-0.06345339855042897,-1.2376099373514513,-1.3099745136270968,-1.5699896815533547,1.304563257853268,0.4527443209734998,-2.4705255243532953,0.03882491603317573,-2.1960132085856725,-2.115795372721484,-2.010150001416166,-2.539974711793656,-1.830220683544661,-1.101594482578711,-0.7777773305469657,-0.5398691509164026,0.35721634252052725,-2.5039583063952247,-1.071711172801191,-1.6565639246261115,-0.6842192729939869,-1.0269016711865138,-1.6630354550969413,-0.014186079939054186,-0.8815919943549008,-0.9826354500834934,-0.23186956977730055,0.6966149566590045,-0.03340638217881642,-1.9758243041644443,-0.14018190722777513,-0.840838792007928,-0.5951312715806656,-1.873625034802497,-0.6327319218061883,-1.1500782941783896,-2.0019071455205757,-1.674221567414195,-1.0781385769422256,-1.0705044345103039,-2.5160395042165886,-0.40865379731621054,-2.033183195669416,0.21678703204740923,0.20340092551858358,0.41612418890736835,-1.1418283893145076,-1.5131574077720196,-0.5450842299967588,3.8291669137809228,9.808741800356177,2.9256495196952166,5.919794847588244,7.060073870109746,4.419496433733568,3.1180854359470174,6.5534326302728925,7.764205921270335,5.789134052118,6.055079461727317,8.28009930323888,-0.5056982590574961,3.5046085383417425,7.4271267417233755,4.918510250936543,5.258924777830052,5.447647155429761,2.80877433660721,4.9895183952779325,4.960832958930813,5.104064719201298,6.096532231813169,3.3508418735089673,5.242114591889565,6.508079321827434,4.504826359895093,4.687652670125668,3.5949360048109664,7.6938608881867765,6.684159995469474,3.5238569932053148,2.79552669630778,7.247398425666438,7.206990519548425,2.1074874955026646,6.933673093773717,2.387408970273157,4.799626573390914,1.703375308875846,3.958885539320101,5.325694776867473,5.1115170757332535,6.806968011420461,3.610987780600583,7.463012993962371,6.582794606211568,7.399010736267611,7.892906421847282,6.294324436822299,2.452013096371224,5.247058983919576,6.097497168225037,1.623093663021637,5.396773214661214,6.657985863041006,0.9102330327848271,2.877334858279671,4.321533660171977,3.852361833360603,5.716367946625009,9.563682916486883,3.0087543312967635,6.00962126531046,5.443691897370571,8.553563018387695,1.9184228786723083,8.387299687151739,6.560932724100752,7.103999752019767,5.190759590810327,9.361635830444381,6.7748300013434815,5.651593839583543,6.582758526994177,6.104467225063414,4.2285040422457785,1.6016561978456574,7.590546561395002,4.7568179073877355,4.838878574888207,6.783730857971534,4.64874592024614,2.7982812123769176,5.519985579516845,1.2685146176375053,4.653127501186898,0.8692737717784844,6.441112512656001,4.13192739447441,8.663764157293777,4.104889356124536,4.6967502669737975,6.92055826595087,6.662286154470295,0.5985326747960151,5.947073051871055,9.142758722477511,5.8045668550758505,4.767698570213956,3.9926326490407327,5.577098321100111,5.5849810922007155,5.925366476141923,3.6136140571685855,9.043969029230698,3.581869175038735,5.9974575926409015,1.5988607576910843,2.9418358965200024,5.289411707960144,4.217725191614051,7.136386071980544,9.80154344884825,8.33728567851168,3.5259268255773826,3.9926879248264497,7.817238101526163,4.702664102732556,4.563731337148519,5.883276184941791,3.1674238269102135,4.675483950324618,0.33001939350936205,1.407734433171289,5.72489465559174,8.41729604637388,4.165190745000568,6.341628453802464,6.262506999755081,6.557529645861581,7.677409525946741,1.5195424208715456,8.404854740652384,4.918551407620097,4.704538017332233,3.714422502699917,3.4174807676604813,4.827092002792144,4.517858296312221,4.391596742944331,9.562548365061037,8.215107251338404,4.109448463932685,4.987079564965309,7.475672101084557,4.402669970782185,2.6372139416770666,4.723697217426516,1.5304559612896713,3.2797667172043083,4.84891073612814,5.59595439400125,9.50111607085434,6.214503586101895,4.132711085652006,3.245571494367173,4.132257773667715,4.024375793440713,4.240762663917781,8.531785552537517,2.8753250661575507,4.609563640584481,4.865194518905499,7.452481966847752,4.325870456560338,4.503188880569039,3.806603361818282,6.075836717822535,4.841637269447068,4.98419635405306,7.986892391950624,7.0236269530821875,4.976326889866396,6.882064412534875,3.462764100139919,7.643877524725151,9.732393555766212,5.146010090016768,4.96660237396066,8.173677242139442,7.439061857516706,2.0470104857680216,7.411081694206381,5.689373188645578,4.103473952030468,6.1599145820848005,6.851844254920933,6.983619729998695,2.5098113285827712,4.032660114660331,3.545085747057984,4.0844410595851635,3.165636699643467,7.50458202398133,4.2115716278093105,6.424528006527154,6.747492545114544,7.005922365052539,9.193823833729628,3.985769081449864,8.787568711830707,6.332849535452113,3.6880073778098685,6.271072044838812,0.9824451139145172,8.183586583842057,9.268270985144472,5.402602663451022,2.7926887632322575,5.089598190199193,2.6373146981001403,4.369050054396231,5.49047417206467,6.68423646171636,5.222741084929666,5.68103269864087,3.366621459633205,3.564773310116327,6.240584816281434,6.728417554659986,3.136848849215699,2.726105882403447,3.159292794917998,3.2059249760605297,3.4405133643132553,6.6596060534529595,7.508387944267958,7.469108101241773,2.31394647744335,5.195527979698365,3.3205804081763532,9.03889066225754,6.584827963113821,4.824068346436116,8.740114522574988,3.620021949540939,4.791295799521099,4.7631025429294835,3.5185674737159616,7.008820381271184,3.5213533607270997,8.180466337148754,4.730584894891512,3.463899707296461,6.014796973545329,7.655123240827567,4.663081006088353,5.006834847342124,3.7624592354324635,4.146884726455376,4.112508126168681,3.7184855106384096,6.604867949971548,7.151056428882128,4.7862115570714225,5.948069509186356,3.3235795387094162,3.1869140817319837,4.009005821627468,7.513472545388783,6.150561724022655,4.014466657684849,7.419192407318003,4.524378194267419,3.7400688419717527,5.675406762586325,4.4123276876514925,4.46176061493081,5.467827055760543,5.972888341480944,6.490881549083612,8.86298350065712,6.297379761286095,7.763845748488187,2.3483672571450502,4.1150715228246,5.188879501988869,7.979950338634202,8.76872198343672,6.185399429985964,0.8865246003256955,3.862109459001643,5.454418208076881,2.2289629374964592,5.418713005643395,4.234075303993816,8.337630589758787,6.310490619723504,4.177003824184428,5.032598635828376,2.848894928967874,3.7978621318426367,3.7695414263501306,3.8967850770667036,7.901935333386534,5.028402541176021,4.0566754532962355,4.94053210579217,5.625857310189028,6.968543832531025,8.57083705633529,8.94363471048516,3.656573159224041,3.3912936425554987,8.36027189108284,5.580716008401391,4.724613683660255,5.130062557587193,6.385306446828603,1.549691678487858,6.160913477145748,4.309248735397532,2.669195629222887,5.477392491388564,2.191650885099788,4.529332324995207,4.017086269867523,5.370621412533807
95,-0.593615589155779,-1.7030813191246446,-2.177227763565325,-0.01603139918308394,-1.7254721855058595,0.08686364175194883,-0.6962514560991991,-2.208640134549259,0.990655992998623,0.6601404580465653,-1.0405675356360191,-1.8027329605296272,-0.9259178523400579,-1.7862324268940333,-0.7054082933719205,-0.9359067591000664,-1.332077112582799,-0.9053744390836284,-0.53950905292989,-1.7717058131272088,-0.9732854333116878,-2.4784399398871857,-1.0991765732904386,-0.8499255351506181,-0.06238912360735316,-0.9250755066950082,-1.5542213630501864,-0.23521707529157276,-0.9191426549496947,0.514533638708015,-2.8622797041123595,-2.4344427224689413,-2.0523569409445837,-1.3687717867841367,0.18996875500206478,-2.6772519259061047,-2.183420960838946,-1.3560858480479803,-0.873842111713276,-0.4205868906789362,-1.6722628208512318,-2.824399084126452,-2.785097237898265,-1.0096357181396574,-1.5937717872392543,0.08229253472205178,-1.3311488821559998,-2.6859467822051855,-1.3528500962861192,-1.1723837231029282,0.36539380162550694,-2.500912562684999,-0.6280940561130078,-0.17867831285243907,0.2915061442865823,0.08155149925625027,-1.6289797847635423,-1.0326429810719004,-1.5961783473972333,-0.3949585642616833,-0.7623905323553426,1.183548353456509,-0.22576923295917461,-1.6439746243091098,-1.6965694703984242,0.4548503531924275,0.217259817668086,-1.0850267638310513,-2.294428591521547,0.11175004121511467,-0.522943441512904,-2.2198253313144667,-2.6067891060501234,-1.5131519412930232,-0.4190924006753258,0.30431418955613276,-0.32567869802882965,0.3458781331185621,-0.9762146677978956,-1.3519929868800027,-0.7224616824034653,0.014010005499147438,0.643465856298868,-2.31286673825517,-1.9919472847817918,-0.574104153051532,-1.5265422752858075,-0.7929963666943944,-1.2464952577423403,-0.8541374791687765,0.043931100765024045,0.13966659739650522,-1.5423687993137616,0.03258993242891561,-0.7676761616216343,-0.3972002010566097,0.05172561950059196,-1.9314977427380478,-1.8406990860521804,-1.130976899721098,-1.905482724830986,-2.3355382868536436,-1.2855332661291197,-2.6215842987892692,1.6200893606150073,-0.4433336236273596,0.011806875951450024,-2.571886739425656,-1.7179731630993338,-2.227405603418846,0.34740996669915014,-2.2372138596928695,0.27816172027275443,-2.816774894039316,0.8141010303176273,-1.1466096633685963,-0.46034700781752924,-1.0826025597680742,1.0052406982289206,0.7505619378786541,-0.5882916325302223,0.33185429145402456,-0.25287493115964044,-2.1536344131000082,0.060666255854552986,-0.995769056178571,-1.6984175445241823,-2.204965359245029,-0.009478406749355184,-1.0748991141525284,0.10948399584421731,-1.4898621596046557,-1.2070408279362268,-0.3858721620764629,-2.963742464900548,-0.17898037502434994,-1.7632205205007687,-2.244430330647436,0.04894583528103791,-0.8933968338926763,0.06936317370387601,-1.2135182360846626,-0.44992532041179545,-0.6444497117288068,0.29115622506157224,1.75070296713684,-0.9664067884431726,-2.1826915309828094,-1.4692136019033555,-0.695433393536188,-1.592820556468436,-1.414903347373346,-3.2395573493287655,-2.668669451593158,-4.759059806186973,-1.0660305826186294,-1.0650025991544283,-0.7195787303297001,-2.0377716584481727,-1.8592895804964966,-1.4799250876158268,-1.4013321768357971,-0.0736780826517377,-1.7794326195247332,-1.6143447260035098,0.5104782590788028,0.002685722100844723,-0.8359030777787613,0.20197604343518005,0.1966135335235457,1.0615045318372496,-2.0503249853190684,-0.6414688247034493,-3.715046810307266,-2.0390720969849205,-1.432396631353819,0.874614483432818,-0.15002657840607225,-0.6287850682608209,0.2591657799087459,-1.9847839038893584,-1.9915873667935435,-0.4760528275581809,-0.6627272940542996,-0.10708121400371662,-1.2200782548960172,-0.9532211093384195,-2.1292905764595145,0.5231992985276279,-1.9095713380526949,-0.5242097970038806,-1.2107445311983729,-1.477957431840246,-1.8034469709224474,-1.2811538536081444,0.05553014848475879,-0.17228979569577052,-0.1748403898769022,-2.1636535064110687,-1.8786949912737887,-0.9946807090222474,0.3819963028801858,-2.370904482828037,0.8146468279274606,-0.4874691280306074,-0.8954351570984986,-1.0681301619296417,-0.8052558247945146,0.02928414248188016,-1.3149005270102614,-0.027687195454157543,4.091381235528765,7.70545536680798,1.2199758706549533,4.2611633985596455,9.058745621761439,4.563067144172826,3.2457841273446366,3.6244941594797,4.736490032971836,7.516539849566224,7.556812941122832,2.511940531255091,5.354328633142024,5.126099505785406,3.8703321371032295,4.931062077084411,8.76504456890051,2.6778023558037622,6.150678412071351,0.8203357221426977,3.1251776386211327,4.551222720841098,3.7266201534060963,3.3538310888800718,5.291144546648281,2.069726709296564,10.543868791052653,5.927264561675511,2.978376699830048,5.401384963688155,6.645034221909964,5.573100105791835,6.043333939499873,8.150363417176406,6.2058528835371245,6.11649924551026,7.881359285825695,4.0382548681107915,3.6256256313805064,4.511556408370457,2.3296520909442977,3.6149944481645937,2.3688473463444004,4.390615306383465,2.073388041466576,4.903048012210415,4.295137499118064,4.424403238343355,4.701025872403157,3.4060767908119263,7.492505602560348,1.2964848465999395,6.712634907407693,8.844685179105353,4.208650362598107,4.726371522125355,7.9674682881508,6.028851130038889,12.233641193070937,10.198002800931587,6.946338374591342,6.9253800758000565,5.5291442411976455,6.573394547477628,5.25120631564717,4.767185571315735,5.719228248169402,8.488150716301831,8.372259752717468,1.9122036755168637,6.88876042261311,10.989926069592844,3.3160138551176015,7.20321582171945,7.26263413264312,4.913683302069392,2.720370355130025,2.620002802959973,6.025039893247767,4.02298479540019,8.270735086022347,4.483962472746123,5.555426476597626,3.7328502051098713,7.448614888404956,6.075895270552069,5.182252479967508,2.4494283138925512,5.435051717256814,3.0800359206647054,5.074225667299163,6.314647196802825,7.197652173695466,5.156682482847332,3.188110306050344,6.75960811444042,1.5669649307245903,7.003209717860992,3.3808913653543082,1.674428739970025,4.169984652596194,5.173725861639715,6.773592253963658,5.353959772182197,3.4401809669034034,2.831407806702768,4.307626211007893,6.600988693140116,6.916358592190882,3.7841890082608405,5.223007202155973,5.3148802194580105,8.907911882647644,2.646554141729278,2.6243412507840964,4.632234308304801,3.5528669879067714,3.7367512982805606,5.009384704792433,2.7422786448810306,6.730634675739771,5.469381651460402,3.2988053046578836,5.960462756098315,5.620853846529125,7.060376199698492,3.822179372484146,5.210248175486537,5.7579987778431265,3.7222778443541493,4.148332145207396,6.760160632384798,9.882790974510218,5.519081597251585,7.121960197754381,3.540961840506927,4.162695121111495,2.3022377963937646,2.2214604216992866,1.210302022079135,6.568607073912466,5.785062934982014,5.243507353217261,5.147597605022067,8.472535971867757,1.5916127926125592,4.781852633140446,7.042847434792266,5.208912729799943,3.5425056163718205,5.947078805173819,2.4092838760602784,3.0118612658328123,6.054283752126693,3.6714628133943483,5.452871597925114,6.286160526017089,3.149684124570314,5.385396779571751,5.213227369826818,4.156920588828427,2.4206054210417984,2.552793721726113,1.3584904262885442,7.384372196389396,6.983629878009502,2.6934511374939154,1.9199968572882566,3.787319418669329,9.760530475049853,5.754060576316789,5.410618334543883,6.886004764548961,6.751163340905526,7.598653309912438,2.5844943201787487,7.598108436484406,7.586231389213825,3.354654495188629,3.711413504707002,5.326521003215051,4.500357287777137,7.844421684282487,3.6651807103254757,0.1531872796026459,3.5062303738589273,11.786664898864622,3.3349764313953973,6.57610329403303,9.65697246583009,2.5779898460887156,5.1714748292392825,7.816441478062906,6.703127797581195,6.195382175921518,7.753292623548276,5.04585100246736,4.967324456334169,4.313386656474528,5.226740675014056,0.2546021246534771,3.8929475215940528,4.4854491205311255,4.389509543658002,4.470872310518657,6.313016128164871,1.6053152587102137,3.8872661710874334,3.203965765367137,7.500396578351738,6.265245710324523,1.456751028046026,3.9773437421421685,5.405566592878401,2.431173235319828,3.8514768326316196,7.5029402206317855,6.309895225284751,9.669810470363707,1.6048553917201405,4.8380765553999,3.642986172771675,5.586655426844597,5.720944493457388,6.74513192324909,2.4229948213145236,4.118510535023331,4.817469224065139,4.039025035043783,5.176039058676438,3.9625097549282637,7.032509411478594,0.02247993845343199,5.181928179128254,7.531800301993254,6.620047225327085,5.898221115995282,4.676571371968782,4.973845177744721,1.3821968596598193,4.486440045347582,3.7045308712821203,5.318439612829541,2.875903346163674,4.6523499329299955,5.77746528020207,2.8686576748044996,9.848588370647596,3.447521757083293,6.553563423547634,5.2350400300300555,5.942638100215926,6.072655022713784,6.562882901152476,6.125764262368023,4.185520351894984,4.348175726181144,4.697261823331349,2.9071859408412486,3.2832089316579944,9.14168052366239,5.669035125618487,3.6084469600271056,1.8972891396685445,2.2546405542354577,3.81976819348543,5.170066475878658,3.2618566354078946,3.9357557663030933,9.928191136617222,6.168543378838195,2.6668857400179933,5.762545084447851,7.143946964243792,4.374727609185117,3.3952450800569705,6.434834877090948,2.9864642897299363,5.8321451588517705,0.9231060330299474,8.359055959140086,3.58350130810238,4.452350113209985,1.450390318109557,5.483526492058284,3.948107974285146,5.8437245690654835,6.87087983094481,4.1098666302270805,1.9832226141811926,6.045027757229963,2.499819325631066,3.335583463599425,7.299247139414323,8.663797014941334,4.986495318185633,5.299068472794246,4.879775622703944,5.321982768421794,6.561923320138442,7.640757307145156,7.754883142738765,3.9603405562992178,5.8743669458932715,5.075572766834399,4.2971710468893045,4.257968881730257,6.375513697258821,7.694566658546019,4.903234500373121,3.0335713846365797,2.378474311303256,4.874404118149731,5.565221982752025,3.145655999880068,6.024840488613274,0.9257655400419997,7.788907656513077,2.2646564727186704,6.234266721385644,5.885245271289078,1.3408952989885798,3.457192051696617,8.267476680761899,5.817762890643295,1.9112552680076127,2.3205213665573607,3.1808552303869333,9.18889916379654,1.8629103094042634,7.195916761640394,1.0587886228821248,1.5972640027594367,6.722703014278819,3.4808776400636,-0.31539182386107445,1.8677635467352478,5.165241600175507,7.294318862548318,1.513951108523771,7.244848056524237,4.263746752439883,3.082950198612168,5.8340703627604835,6.932012506731091,3.9185895865959717,2.658725134036178,3.600951833454837,2.4155498624869187,4.2395675969879925,1.3670870155135808,4.3747303924532295,-0.633702945553205,4.705994899654407,7.145536783102029,3.048948124279047,5.3770445581273405,5.2435342691203015,7.71150487187546,4.832534498035339,6.043919286399781,8.168604089784552,6.068921206864396,4.499027213548777,5.74606899736404,10.625308321269191,9.223385985955725,7.149289968848663,6.947121526918674,2.7037609543299843,3.3580352767389985,7.0105466554445215,6.438549738720562,5.374136675944423,5.293723906211573,3.0042291617701933,5.710690049590053,5.042956251658179,7.164354187739052,5.113531889635464,5.508313062986952,3.7307373192065407,6.666769893309046,3.2193079457395486,8.146232248876409,2.0063892858646195,2.62666203210617,6.720604447549567,3.3361677844193385,4.945463176317694,5.327019259284957,2.99663918223071,6.580412157349407,4.7817272451271675,5.368490588632892,6.128561645457783,1.681971197798923,4.473843703494048,4.971791804995275,9.473604228194498,0.8412418424806347,5.66058840495933,4.5259606959382594,4.780277872758103,5.743472328526477,3.7327806561517107,3.017406008680961,4.52381897557996,9.970060413654469,5.524056958061361,4.104434711373127,3.755031648520532,5.497088642420355,4.799085085815825,6.468935455623803,3.512289636829495,3.9697209873348003,5.735707049546826,5.401697877715613,3.5226667308933326,7.801680698421327,6.0698403784971235,2.3630015357414558,3.7198743899759696,3.85912070688189,5.640014050644677,6.90216990208132,6.7657115753845645,2.8427829894308974,3.93739099250342,6.621137880396138,3.972737461452755,4.998678868755078,3.54550771864763,2.480814625639208,0.8320026325423164,4.634179956353628,5.215052123411882,6.068331817618143,3.6787777861271165,7.654598407131287,9.04494576330265,3.6607655695622165,7.949579900304863,4.824221884061654,4.202085370126805,6.009468265830213,5.973954816327607,8.427228481659172,5.42727179912681,3.223619112650392,5.990460628646573,5.3050792478960265,4.847693621618498,5.907764232337093,4.363944831911249,7.553890077765518,8.35066181748704,7.200069719007284,7.775416847818459,6.527871894603943,5.303029414560704,0.6753942322506621,3.95916119630638,1.7185818734097138,6.322642863087834,7.7194798822865085,6.901243673119712,3.7408366649924067,4.072652371067598,2.605807568081412,5.6550712040099205,7.121745956600098,-1.2298481188337709,0.486983246148351,5.757222754471718,7.313157796972291,3.570737126049958,6.151157914845148,2.4473618326113535,1.5028763803330683,4.007836865106923,5.241051152688941,4.538549450538667,6.381808901656919,4.18906312977883,6.738367091251276,4.248604539402347,7.511806638384488,4.6067558754787115,5.323264513834054,4.826878037126705,5.643663544915782,5.628289374829189,4.876531005199956,3.5895141483970026,3.852040121035536,3.920176696567504,2.140148554670299,2.442221430520137,3.2332478166499405,3.5068639867957407,5.331871872705433,8.568065449323987,8.500736697931684,3.991524998501246,8.14757503498527,9.400212753784402,4.278785382555865
96,0.0859145811549844,-0.8608627167612148,0.14275975086875725,-0.32753424801790476,-0.7727084710140736,0.14569397388033978,-0.5281517446631324,-0.6303125058742041,0.4616777091351174,0.15299123050976982,0.13661638301483192,-2.254113865764472,-0.5157452320738911,-0.23416587026671554,-0.8529862746655206,0.8853876539916143,-1.3076374405451243,-0.34337677489493457,-0.20792430136629847,-2.081838590876815,-2.5054300985201547,-1.5911930822816296,-0.5707898528166226,-1.286075288197756,-2.555530060076656,-1.3129226620634968,-1.1683426732727118,-2.664998634873321,-1.5511680889591366,-0.7233799076751326,0.132235805238184,-1.998175247751349,-1.1372555016247163,-0.7323198934403095,-0.18386103676737908,-1.3676630493374256,-1.4996906852563783,-2.62444470952128,0.011982229028922875,-1.1473610634938052,-1.5640060102314313,0.647399113196093,-0.9185313766284497,-1.9820807828766835,-2.371823457441031,-1.1742105464609636,-2.823579882074009,-1.4763849914005869,-0.03984624816092763,-1.599757870895485,-1.8107113278725158,-1.6104531611100974,0.09682658544099532,0.11104012732979185,0.30483110444983597,-1.243044965257339,-2.526623890144716,0.5134385238871042,-2.0459861948384126,-1.2382341576270233,-1.3100015566942789,-2.102650979268793,-2.3471694774678484,-1.4521550330819994,-1.907152288641004,0.7288662968408142,-0.6230392890242795,-1.278971273878837,-1.6736154910006447,0.007404639779177824,-1.6556283305644728,-1.7182064371448722,-1.8253889288220893,-1.813139562360497,-1.7071928543079689,0.17266983135163105,-2.110149883749254,-1.4039017267109135,-0.4602003681267415,0.5138260998150646,-2.324749217922066,-0.9985209930769339,-0.8915274147249305,0.2667457471882475,-2.1218966892631865,0.9449189102939586,-0.4562852829688051,-0.09737579222189452,-1.1596403559091655,-0.6675592158098687,-2.381144877590343,-1.7072001948696798,1.4850771307018635,-0.7304044817364342,-3.498956316662658,-1.0215203744464703,-1.702885067435003,-0.0617252716448109,-1.0321336796835348,-2.0565917795685973,-2.02545159105353,-1.42658486880415,-2.421165621419883,-0.19495431966646604,-1.6259249966589977,-1.359946848264452,-0.2870209172548136,-1.590676475569329,-1.3298404619687771,-0.6886371936552715,-1.2721117380116211,-0.9385917232264804,-0.3019485834472907,-1.6821202756451075,0.9560245533321445,-1.1724851147190096,-0.47491309428786255,-0.19573752989650295,-1.0739171537470484,-1.962061893570815,-0.7177094081870165,-2.220630295216691,-1.5707873122506053,-0.8614135219965299,-1.8134094369047087,-0.6405857713722445,-0.42554980733475534,-2.818111404311383,-0.7048569935362222,-3.3804949062689293,0.5119609550619593,0.13263207818058675,-1.1732239150688957,-0.24439108905864682,-1.5008984481577357,-2.085591232922742,-0.35445718017742645,-0.9549777269984002,0.10868643854724591,-1.501197599027789,0.7871954272883692,-1.571234855861023,-1.426275680215959,-1.1109804303195119,-2.3616178940135955,-1.5668156252793843,-1.8989812535761192,-2.2842894469415165,-1.9039854400788743,-0.360527717404156,-0.3862745638533156,-0.19099953522765734,-0.8770403130711897,-1.0852870034038031,-0.7053842061285088,-1.2741045358585055,-1.0053021685712629,-1.5510389080547835,-2.351525201736025,-1.3701746489130773,-2.381065827821648,-0.7337675712427592,-1.654761892632561,-1.9822803083809104,0.18442241533798875,-1.3007970773272355,-0.5003826282362873,-1.1174529115579674,-3.567858675782907,-0.5440113441378918,-0.1054475322973597,-1.1912567600505706,-1.670946450707938,-2.241777766912522,0.41920642988797896,1.4515673895772898,-1.2024536120443263,-1.68047793450584,-1.9431504076116797,-0.9968609206337063,0.9368607267639308,-0.9997520329868853,1.3179277097606676,-0.26764543289094855,-1.1442100124842107,-0.6944227462393828,-3.5164490279313947,0.10153474007342145,-0.4561841836487659,-1.9624532681164593,-2.1137876487595704,-0.8329610013832756,-1.5560769956674068,-1.3038972981518806,-1.4441349729476334,0.31174567781084694,-1.7141573249119677,-0.8499168577887426,-1.7933001078568658,0.908494061761915,-0.532485942599098,-1.598700575473532,-0.33015366174303384,-1.6506539964716054,-0.8281212498505507,-2.0974972709535447,-0.657251287677189,-0.6067619636153788,-0.6614252716121297,-2.5232770837575775,-2.3414987798395863,-1.2282408531335036,-2.3620590404161144,-1.3094197842558972,-2.406038401727833,-1.0440504010313352,-1.5084583962896705,-1.6012651165108402,-0.03703595401057913,-0.2612892003525529,4.256429268570439,7.9354994429866075,2.6895629754946246,5.462620971796741,4.608376432018505,4.415799832208269,6.1980918577975475,8.223252507010827,5.30370268244021,2.7621669263708646,2.682828538196501,4.450776939796593,5.733048332594432,8.606115735121552,8.945308454859509,7.8357587859041224,5.892303843401274,3.539286224645381,0.4926777759919334,3.8449839712879634,6.005306006238971,6.054994342125538,7.561064193766651,4.914058005892748,3.134768802897778,6.596428764882999,7.115559714617946,2.484011871173353,8.825278213022795,3.797444050240119,4.290365132213798,1.4380468635223114,4.620464414220937,5.162035297253145,8.112673964929765,3.006883560486693,3.441431275722496,4.7426486283932805,2.5611809948776156,4.65381396115928,6.712434963193944,2.925608073077128,6.100212863371311,6.964814106067337,4.000030742566219,6.064884034174687,4.942984815612274,6.814258143588449,8.154880891704579,4.3356704734970375,5.191306293014283,4.965288287309285,4.375555174746129,5.221836254663379,5.152646979692835,5.17389400543452,5.097320339869764,4.275574631053418,4.07054032187193,6.464825464639706,1.698078258711965,5.4076425331000735,7.653038848883293,5.325513080487526,5.566689721796505,4.910996482043001,6.92316149908578,2.797051735385514,5.856096194057854,7.0641596713948225,1.6009342962344695,5.671651076259606,6.575863342304855,6.1392694091933855,5.45596927601627,4.659490491767429,8.807515420122515,4.970285813361504,3.7645383393848504,4.11722835223393,6.5402451973313624,6.4242562975685615,8.711667795725662,6.685999826839151,4.072803148020979,6.805105534405211,6.927783562717059,5.739948851674797,6.950992967828678,2.5913341731607926,3.561263161847691,6.470542856539838,5.045223985544264,4.352881264361315,5.730421391477575,7.534688801543544,2.0794828886395993,4.963259913906688,5.839311466042461,5.004363442822961,5.746954230186509,2.3165122201049875,6.462412094961612,3.783642756926355,5.33587243922593,5.277998370119708,5.379329973055414,3.595430065462985,4.881365903653317,3.9926894218790228,6.533058064067625,4.6068643454735225,4.343377899547768,10.521715956280733,5.059258227396332,4.151631882485941,1.4613729771903565,3.628346197915918,10.239762325497255,3.917247492852379,7.0711500380758014,5.567587972275552,6.68438672487118,4.998811937018826,5.691705553188385,2.6160421544578214,4.462121782375657,4.846752384088861,4.824928059467302,6.5488302397795275,7.123817172846276,6.524051292915466,6.670622542482496,7.400059518910952,9.277117554594783,2.775017780833081,5.127683809391798,8.933590466031323,3.127299617547557,2.9518944176689392,4.1041248523256995,8.653341723526381,6.423925940264377,4.058996107815198,5.4997041297041696,4.8446004584436295,4.240366393430764,7.407668358366712,5.865060527830118,4.220646162382774,7.556800439823807,7.493679054283977,4.696983171941898,5.727721281832999,5.1815635394258095,5.709115010215441,3.360159147075129,2.168153011399035,2.7499683935175465,7.55261589571459,5.429828127604322,4.4610779612236655,5.4523739546082455,6.430170206484825,3.583880078071056,4.7115187500318365,5.490332496025237,5.049290798717327,4.074685744172718,7.654911506624191,5.271620126067975,4.057592106033341,6.3489684390866525,4.541522852031127,4.505486187194307,1.9612704950225441,7.91302720553298,7.410811848155861,5.3972162867493525,5.5429097516488,5.748258895340836,5.074285873343969,6.00334853167411,5.336828877664361,3.869129231016399,1.1812748810986475,5.596956320271674,4.497308632801218,2.1816257678639657,4.188062917723775,3.9362807342152184,6.7511338466845725,6.363226496974075,6.029488308085099,3.7915746548772624,4.8217124327660095,4.426391226186923,4.544318821042296,6.548992243960538,5.061535326714697,7.292322970268514,4.10998032150554,6.021631046898575,1.8128011882604738,4.3671290892417725,8.236475064279032,5.469218928868996,6.4119291926756645,6.324860159450618,8.299469480283282,3.492202721998902,6.616139953883355,8.122083175815654,3.2126678998712013,6.084283550926976,5.79522178750576,4.830947551281641,4.302316687497668,7.0245275569738865,2.8737922292895672,8.203523633131123,3.1163321400319637,3.8972233896446333,4.188340142370354,1.9017445230685968,5.042348071072989,6.933491333299011,4.219099610894839,6.126381179293685,3.8587921532734675,4.342375341586214,6.772515530901698,7.180626953419514,4.582827566665791,5.9731923129188145,2.8843616275326536,5.966645783937839,6.228627755322341,3.7185357154013134,1.5368488984706365,4.943816864079078,1.7843074503789338,5.389543070711984,4.701019208246595,4.947788383545852,4.391687366658877,8.294278421142835,3.313621874421739,5.780998106127671,2.5729158212997034,2.207241243782805,2.2177007957343045,5.237031578110446,3.1681263668521273,2.323364638965076,3.231861298803147,3.189166967069191,5.77337613300735,4.838914034768563,6.722622976581137,6.556980452376411,4.651674584351772,3.1608894695380316,8.8136562952872,2.0115128728779594,7.45584963302149,3.7923860635249707,1.257833153710251,3.3715928725787303,5.18119500280183,1.2679901556354638,8.441024123340075,4.201510840605122,8.656889956700205,6.232275307730691,7.677152542345562,2.623646445308328,6.819415477240141,4.96160590721215,0.6854322983602437,3.4835691198881378,-0.40464071620138675,5.531460405674116,3.420461749657232,5.198017681020664,8.329778692991113,5.31590531932059,6.966001117063754,3.4107821180441302,6.075907697350524,4.025148485992283,2.1666545507456894,8.939281975489248,5.163094357646381,3.890400478345838,9.148403414599546,4.350224360752867,6.384796548018439,3.120306430056332,3.9706913596637277,6.1395206656978445,6.822726679113521,4.7535298868109965,6.761095586341911,5.881785350768032,1.5165647970759721,4.474954844554209,3.2903811541345913,7.056354246459934,6.418025274454509,3.9939002943263615,7.908403472888605,4.957869123272382,0.937761980172187,4.830964785221417,3.551343097398633,2.6250870804878286,4.939156304169697,4.944214512809048,0.3872408606457016,1.8427323860121936,4.2153275565562405,7.910703169811553,4.084083144266755,7.242534059338885,1.587450813126973,3.678070889345432,5.9093928700410245,4.702779910414303,3.238662948327781,4.775445922912332,5.28648847023348,4.686937100824505,5.58939270799143,5.540446188391998,3.843509845444942,3.4222333997247514,4.840250313713523,5.8379587009239655,3.4168097583242125,8.029464075859412,5.8746869032897315,6.928749468503749,7.789811761718286,5.699423778190185,5.716990176419994,5.2925138725997884,5.462822881494616,5.934328091177319,5.33041498642,7.211805182187521,8.477834250407547,4.938099383060617,0.11319937656552526,6.06061005330693,5.703068742770892,4.206319646855448,7.232375589639734,6.377316088813934,2.1384757315250438,4.618112050280784,5.883544857539582,0.37054054173530737,6.637523946856313,3.2614147150356687,1.0000957977267362,5.561042332316863,4.610294791635058,3.6856643573444297,0.3286100330467443,4.869724777014168,4.905722347687341,1.931070294945767,6.411971201571301,8.525824790577156,6.675442543303906,5.498547733453693,5.370644396203554,7.046248596437003,7.419528362676237,2.557167977364688,2.4292771910041595,2.4756157319122845,5.618275499814286,6.025530681619378,4.36580602750288,3.9806718843339235,4.477535162622358,6.34856199382484,4.558567625293364,5.069138258392408,6.758931950835614,3.419880709341606,8.310224434471904,3.3459304614949277,3.5562478828858524,4.411872828086021,6.10122366782243,5.536581843921117,4.410017608201497,2.926674871967116,4.380091962962813,5.596937462941264,4.796738646387849,6.396109646942455,5.338460554733021,2.3416777452099673,4.835454957473506,7.585336187141414,7.366466756255649,4.562662989334491,5.698007533484681,3.5671790733552595,6.4081744025087435,5.835970635703141,4.050621647061021,4.550558549803885,6.841288293321013,2.3933179641916125,6.900748177457393,5.594413855919367,5.171233753968542,7.180396481984742,3.2588076909844066,5.825961628687502,5.619545751347196,4.053524678382555,3.376659475470267,3.8317678738218275,2.994743239290406,5.025280690822009,2.6184328254535916,3.13256860085167,1.9733698884473432,3.281566109798834,3.150558869172023,2.8172188369742663,5.323925863543823,5.867738919459922,3.635747199009364,6.623218023658312,4.767699101787944,6.9058978291817645,5.13523350583854,8.531561010393569,4.972873642819782,6.637954383134018,7.81901968341238,5.17424845463874,5.029794691741755,4.365407217370774,5.831424489382508,5.326295728502369,7.73088130842954,6.326465861800423,4.681781559001766,5.7730190581113545,9.651145269782045,2.8369978396822932,8.283887322242656,5.294535012937661,5.312304716357142,4.5621340650544155,7.565457598457382,1.478990870859462,4.413286231388024,3.993510722582721,4.065672843132907,4.9634975688692355,7.486134415211591,5.0778382165286375,7.355329585469308,3.9074456248657627,6.546945104450718,6.55598672396081,6.398114133170569,5.939090062573943,4.833530294601786,8.233894715741588,4.634040843631251,1.569363250847886,5.292559488949198,5.673329687115622,4.1509300508065134,2.6303008325894845,7.312003321206928,4.879233714826996,1.9030022334144299,5.722343303029434,3.432589524282403,3.4708500405232847,3.4583313363415966,5.516462276087522,5.352107209657269,5.315150370468871,8.3862619563157,6.162563804474736,2.753887216004599,5.890908679645895,6.941507644608389
97,-0.8526083273527867,-0.4132264203956827,-0.6206977440116122,-0.49086004095617153,-2.629890946971935,-1.6720531483790313,-1.3139314039602337,-1.0735027830676636,-0.7745401841919773,-1.4841261994032442,-1.169535393241866,-0.22230193114184982,-1.255820717623373,-1.7516665123307766,-0.15722397796791132,-1.0476962800351246,-2.165546913626229,-0.7063033028192837,-2.2698476263153333,-0.8694300773481833,-2.133567261077667,-3.016081813442312,0.21808738394498417,-1.3176761523698475,-1.9234176623053667,-1.7981438410468271,-0.869801444897355,-1.6631868626696364,-0.4013297431358177,-1.9990228023009071,-0.1849468734877565,-0.39491979953237244,0.6221242083514866,-0.7067787833128896,-0.751853149068828,-1.706186762817146,-1.2662997282545279,-0.45843377788202344,-1.1900721565660275,-0.8391124325932171,-1.9421424967765777,0.7807226795581899,0.33263856186048124,-1.7010529629857074,0.7793088023461945,0.5300121055766334,-1.276908514820879,-1.1960816283762743,-0.594896232579025,-1.2796357278110069,-1.010194278873228,-3.5797749342893947,-2.760268566222012,-0.23666161488774595,-0.9834973793842061,-0.5991173471073371,-0.23225081104919054,-1.2018358713459205,0.8576990938452211,-2.0151637512473424,-0.047408635572671054,-2.5133952704694766,-1.0859852534992467,0.5049892862771699,-1.892587403669865,-0.8860190475522827,-1.2598811950411966,-1.3160751494536016,-0.14494937305466737,5.0867616012439125,1.8063176142975808,5.143749129335445,3.199220934779751,5.573437404343565,8.093087944762267,5.461101025123115,4.482559867358961,4.784373971583151,5.927249549214608,4.806902067255845,4.849968405405339,7.576142699584655,3.053614939000635,6.416747798727207,9.640138886487275,7.7467861308274575,5.1360253947589625,6.9388970234408545,3.7696122302517496,4.64020238317667,2.723697952054714,4.476376367775498,2.7919183016306266,1.7210134407853266,1.9743223738291777,6.784636698730002,4.7835698469987165,5.113634850585368,5.197258791015897,6.390532430225467,3.2051679633566126,5.968869438909048,2.693245699335925,5.142715273146839,7.327647204332536,6.770291816559927,5.972079753385613,9.127039946147534,2.5915189933180938,6.274262543048213,6.2127681980490825,7.218072746448691,5.368857535137677,5.611985997577368,6.451667182559881,3.3802029800267626,5.0530256481386235,5.1079449839215165,1.8824975409426457,4.320563519829277,5.411073955481109,4.701524418046194,2.046323805288049,5.207717312695186,8.044850174476455,3.857923874860566,4.5133722622058,8.025998125088185,5.781878859918647,4.328499642380284,5.612487112155411,0.9823281169557179,3.3361596222153707,4.283218314451545,6.204337687993499,7.29757352022914,10.082785251722854,3.404150896366545,9.330851090768725,2.798130974207414,3.4934859436081647,5.475198029379435,6.38201524592761,3.4671378120439993,6.51170051142851,2.8972719111086644,1.8529057826623192,2.9938947798331066,6.326247274564166,7.998391355669748,3.1438424076353826,8.450025736909403,2.8972266546365266,4.139569733539939,2.823527560413649,4.87343263226769,7.58217988812863,5.397607520351382,6.843656724998566,-1.8316365698992216,3.95161042466458,1.9630325853540977,6.589870152155119,4.222886587110736,2.190735432222342,6.344662206483029,6.156236571112213,5.478721414843186,5.20018493577344,4.784962833528261,3.4250803956638833,7.005006596685302,2.0578326553020325,4.846827216099576,2.24535087863388,3.7095500865209026,4.635086933775737,7.799034112186101,7.425620932083563,5.242199389915643,2.745179995584426,0.8264244218553047,6.36026131807651,5.1583746057259825,2.5358142964620964,2.054569610034173,5.6815795928905075,5.9154607367352625,6.876409835739672,8.199518744597842,4.758186408593506,2.3752894863950518,6.256266762005657,5.349801359111568,5.8313153046682595,6.220890527218501,7.157897875304982,2.0989938793749436,6.620460239203039,4.559484394973886,6.673564967407391,7.758388624684507,7.800716914275075,3.1352416812205206,4.466594415448152,3.5865238573642433,3.195698982438265,6.17632465160791,3.6380537751798334,6.293441260938824,4.799408581089107,7.667658223072537,5.096453455377228,6.779687575312653,3.469645758909739,5.5487111789343135,4.356022181118829,4.922808753289173,5.866323006967527,4.761204556311422,4.596282215185983,6.818780897384663,5.1608852265929865,4.227834564920741,6.264873839600129,3.7080881668571903,8.408176054064121,2.6765682139789324,4.007822018661032,7.072950782454454,8.066754252089641,5.572516154312082,4.795900142004628,2.187565360801971,1.9748191073113643,4.36894927575837,6.458759292167835,0.7161940165549128,5.913042556455567,7.2718293609077325,7.368946516702177,12.001098813256442,2.5706459339301637,5.927686648740292,5.140462347084583,8.532661225955454,3.6027742916876484,4.0037736703366775,5.317774504962185,4.481517578085997,3.776254269928891,8.417100136257105,4.4929296784314765,3.8984643481466366,4.443285816290557,4.350722389584218,2.6891676574286127,2.7281172462757257,6.096272158230725,-1.6400765268970563,5.442257326253562,4.487027682773904,3.1307633119907505,4.74658598361652,6.725939684302951,5.0184970866067165,4.789956941737728,7.784352934328659,4.881763415554297,9.045679893828375,6.514323622127316,3.582879944583732,4.601857870668937,3.238781997278676,4.277777007401945,6.85866100150355,6.219709187797502,7.221267894130378,8.154768553781814,7.411116377755711,4.306585176054869,6.1060607998061425,4.736546357828783,7.659978682905821,6.319784423104321,5.226075473385891,5.501855623968768,6.169803191039548,5.574779448568932,1.0527892245374235,7.110980261373749,5.6659938652508455,2.79406575659644,8.087915751024717,1.6096196941235896,7.15020556827873,7.489929129777719,8.234285410687773,7.581609096760782,6.1692373931664894,5.822465116044235,2.599516977030934,4.092952235552357,3.8638148585525856,1.5253382581549384,3.9416524076025787,7.40122022958465,2.9681621646114094,1.4529228492349522,5.7277622367946,9.311818489694698,4.386954450709241,10.227557593912909,2.8270185759085145,3.5127009126902307,4.789910578412522,7.665357197269099,9.426678872335966,3.607136664169275,5.344914985956554,2.4746589197743596,2.722921022436337,6.165609212553438,2.3820523985697664,3.950445946338357,4.608644066886556,2.030663011373139,3.206884241508652,1.5229097214256369,6.910438356936211,6.33836616747944,3.153163656972359,6.704984412811148,6.991197036373919,5.008912325950095,-0.0509794827688701,6.283058476442255,7.335690103747869,7.447088784554449,8.256644547357922,5.804750642101599,4.183966287297755,2.5440988572363867,2.912238698703064,3.2137960857894434,6.570484478132316,7.0399491845899,5.7758313791323435,6.8224162242291335,4.262384856046827,4.439548587434779,5.840096801713209,4.505203293229733,4.723322647558886,4.8270716911514615,3.636455659891909,5.510176516214001,5.966867297261226,3.7231537813794464,3.4746913142318614,5.59014478677442,4.144251167875171,6.417282232370504,1.4071599789273699,4.36314261078657,2.773961388236081,6.528518855122954,4.464361570345212,6.680154228042225,1.6316143242567231,8.42090564364865,5.9761534847745095,2.242884911890171,3.2250853438753433,4.640321272062797,6.69814426880917,6.141709858478249,5.086918452750199,5.3287552999997425,5.119893917781894,7.214673550590568,5.7608145349331545,4.136231654488971,2.209940507038137,3.5075292143751824,3.1761481999264807,7.177367376114288,5.31854486148431,2.990932638903188,6.275714782005352,2.7650865795481328,5.803985283201664,6.566493927327676,5.009479713644006,4.0204595327337564,2.0619141647533543,2.7148789403954456,5.162575200040677,5.809115576734721,6.069712730678872,4.285847207754965,2.399552747275585,4.854290970774684,5.88412025736284,5.4946072015901954,3.260002552271936,2.6933318162859905,4.335089741187164,5.0187736603023865,6.377123835833564,4.376078513507109,2.8734434318483077,5.255464170046367,7.17410853463626,6.861740901136378,7.743662456814048,3.378167936069925,5.416432544546558,3.622300372647308,4.670579478550848,2.84903000599812,9.185598349643888,5.089136681905335,3.9973499002168444,4.243146172442042,7.610634061236345,7.503194102190498,5.542668138359732,1.4458858349153605,6.869675009884987,3.7114057354255525,4.235452721835165,8.833152292575923,5.479764681261267,5.3266879502836195,2.5984849258284273,4.277484367664401,3.87384540023765,5.827611527318148,3.542563405657562,4.042661148694531,1.003190630704045,3.4873562924502393,5.802167656411302,6.36164789920397,2.8642765629888283,2.6534554945040876,1.025678266802025,4.836242258673711,5.0439169310239835,3.975075056864179,1.6919444799112022,4.29534687598147,1.9101463407640216,5.218035879317284,6.421298406839925,4.067368206868854,7.461634253121449,2.223660045001791,3.1932222450214605,6.195626795384675,2.994247095130352,5.789880566883963,5.137092998855114,4.120275369861861,2.7982796992198162,9.090463794516904,8.228294323356872,7.464333240781457,8.20227569627504,4.1065137668903215,4.548404741457062,5.512412965824519,5.916771470993304,7.875226522548175,4.574749329053906,2.3097550211043547,3.6241342731848842,4.648286973410448,5.116116763117043,4.043994737585523,4.016548814431802,2.3301829974072863,6.790673653548662,6.604326922087532,6.38570721417682,4.246713047998941,8.947152953226007,4.2743460212350595,4.810942123946267,4.1688270429478855,3.7503269068882465,5.494831386025078,5.198014394336104,7.7018042427634015,-0.39999823160028125,7.229720088356089,5.072325461039248,8.18532535955074,3.820755888836953,5.044971683048495,7.085097156194756,4.416212055816987,1.9213464148234873,1.436323508038463,1.9843487360280734,5.822160310135517,5.820278510297101,1.8533978069428332,6.224486618504581,4.17875225319092,5.399876603156017,4.443047284788263,7.789268056971695,3.933689461259285,2.134663643650502,2.203699121113877,4.256513785304096,1.6538630934435403,3.3642094445201094,5.635232447235051,6.6524194726868355,1.717894192622853,5.262799497571599,6.328917087422879,4.557904676098325,3.907971750628759,2.967481659423017,3.63259109960998,5.6417042317996335,7.706871699529483,5.833646303242772,4.125883410492525,2.8917389921038006,3.568601510664354,3.367804449067404,4.019425598047967,5.144978095719459,7.762379979074533,1.3716232634372179,4.893476860522268,4.387036138819279,7.640938912620894,3.034532433676863,6.347196568890651,1.90455934140165,1.951536446509886,7.117440339315882,4.651504852938932,6.102833651784545,3.3430403024576814,5.255564773671119,8.627310501989722,8.697946634199468,6.606239137629733,4.294149646328844,5.640404151866674,3.550750048878408,6.7296475335085635,3.0513454073596966,-0.03546640694399894,5.503654071493994,4.693149094606655,3.893192948587987,3.0179934477182138,4.282300612616205,5.937681066825547,8.985415043251496,4.455351412645599,5.59609458958716,3.351466857528191,5.575953523057748,3.742007997684547,4.245315512262101,6.127654407460507,8.114505662177462,7.027621038063692,6.237737972686922,4.510165369229481,5.133181237226237,5.979113828184133,8.19827819908043,3.3334264206809676,3.9010122849186866,5.600054581564798,4.69443537722745,0.26444380786842014,8.475813552375676,7.429115732488437,4.2943426448529625,2.037122065611762,7.782891864238462,3.8065224646521036,4.353329433836118,6.072742359500862,1.792682718018289,4.448044966535847,4.38995492937547,2.341462526225905,5.809396896825914,8.533398335232004,4.925471552347202,5.37452283898374,6.095238932853828,5.4567151417325865,2.47478953544837,9.187563921566964,6.757237143901758,7.0724117075800725,5.8797715325388324,4.251195453110465,5.810720203885378,7.275114501993208,2.7773044511296554,6.898963693512869,7.357002244722421,5.76345323060465,6.032306541434089,4.904740904789358,5.465176311309326,2.1436785972774453,4.442033497812754,4.971284525996694,5.7047399831777845,3.572441315408689,4.546897462395938,7.860162964694709,2.5099629535516983,8.44550686314495,7.498171639625212,2.9481148706863447,5.880541480943685,3.607257786597963,5.050801547069688,8.48561150463079,5.702822901509351,6.182298268365657,4.059976718883328,7.123445484538849,7.23505195757963,5.45306775630932,7.065003200259927,3.65024067936371,6.4950740143300525,3.1925902369592647,2.3390739378493737,2.369624134564644,3.412711179291894,2.5546887596482013,5.374614873763786,5.722547777835151,4.083525932744699,10.457338799294007,6.301540822440208,6.734175502366999,7.612500083719357,-0.055988257290645826,7.078654208318312,2.1688367192327562,3.0823486309352033,2.2723412739915703,4.628139710872951,3.140777479465627,4.648960878859888,5.279983328792124,6.5439870057873275,5.3051955622262446,3.9099610546844437,6.947678166237897,5.265544109907444,1.8749201476445285,7.453187635145552,6.915878751902467,7.14907723854838,3.8441950327478622,1.167728259218897,1.1228353492567527,6.785473526287534,5.10566479836559,3.4913128260276567,4.194880200820447,2.888943267434787,6.669712021773926,6.770313340808378,5.26721765551537,1.57008489442656,4.357826985888589,6.889220669320053,7.262594522155833,5.058133287949374,3.4678142722396683,8.34358164923432,4.454244342979612,3.9615840039627965,4.941151047202205,7.949614997366535,2.142687590087937,7.484361366829716,5.004187885631381,4.663678694099752,2.5316817097932325,1.6582680618968695,8.438674310046498,8.658472260758243,4.4732802117441315,6.1434263700180365,5.012676485799949,4.812623835228262,8.052057199284587,3.917628927957872,6.085585205475683,6.0233510146732385,8.116555949491127,2.0479632856160612,5.301009588341051,2.837494263191448,1.1057982392678798,4.569361896317011,5.077182016364001,6.671823480822754
98,-1.7527736982276414,-1.5748893237528274,-0.5892877922941598,-1.1057883474787096,-2.1223631502349525,0.12226851465946909,-0.8733467921746467,-1.3176220771570755,-0.021873512238022585,-0.998778424638773,-2.249468104000182,-1.935782710732591,-3.9397747007005046,-0.5435142144281142,-1.1324332051480666,-1.3688914160178478,-2.651471485274327,-0.36047966338930904,1.1780039621071259,-0.14416905343914033,-0.8887571126451902,-1.7098209594913691,-0.8531323138337441,-1.5608658121479022,-0.8840988955960241,-2.2151365557459908,-2.154484806108506,-1.4904740194342885,-1.8346375726493944,-1.5839145727191695,-0.4091652766523082,-0.610443287459881,0.5834698873104627,-0.998776539242919,-1.0509565893494999,-1.3967038143994137,-1.2758809113575345,-2.4377140234031245,-0.8756576494058507,-1.5605873858839263,0.3510028230772655,-0.8266568630171347,-0.5516553926626211,-0.8108859014539627,0.8666970623114507,-0.7132890779958984,-0.4462927341084594,-2.269918277700115,-0.4771716057570635,-0.4530689688968679,-0.5519742002347647,-2.5020050325453047,-2.9474133481659526,-0.31818525906645656,0.5333180066903762,-0.8379416205009734,-0.7299416980162875,0.2895217936092165,-0.7766618400702833,1.1358109523505973,-2.2395387677471934,-2.52689592916596,-3.3235690038343013,-2.1469641108020507,-1.2232601226482223,-0.02246233008988041,0.38661980984977107,-1.7468573496975193,-0.018047273780036455,0.6827044195424838,-1.4718687788762348,-1.8781337389490003,-1.0810576709279938,-1.4685624995791136,-1.5834338201731648,-1.5772856448659118,-1.444762051625192,-2.3759731183491164,-0.8491025694038099,-1.028701329973935,0.2823960770328193,-2.2689246683405035,-2.088779628478041,-2.075401695981782,-0.6611841628772006,-0.5592573128930256,-1.1035811801737603,-0.7442144416887319,-1.6259261554473456,-1.1314453942417928,-1.3658763161593312,-3.197339488315493,0.03636030037322002,-1.7184577033205926,1.0830088186659124,0.28573499667336066,-1.1699648529693876,-2.384548092343028,-2.160665114019377,-0.833309366029712,0.15287403095510355,-1.883267529342914,1.276090179488933,-1.5469776825066268,-1.8533065954890775,-0.8597243298601003,-1.4589665869029602,-0.3578853317840829,-0.8330391077558514,-1.2239618046563034,-0.48985740916040255,-2.102865243921877,0.5223925937192389,-0.20101432881158643,-1.9798469007196604,-2.7487724859304463,-0.7197086041319892,-0.6490860719248011,-0.2479478300192307,-0.43440334127036284,-0.6645563868873863,-0.7343455093030195,-2.464986115168045,-0.3334219276885231,-1.816861373838388,-1.463030212281934,0.239759930641944,-2.4552923921557985,-1.5347855358336113,-1.6904858770403954,0.8803431708788356,-1.8571498375431288,0.22855507233248584,-0.6359233628976462,0.1820812389198474,-2.827538982652411,-0.40183188391807645,1.1258073677298461,-2.2727490413371183,-2.608523554948377,-3.166451603800972,-0.4827755466304293,-0.9163562323974745,-1.8105078980155414,-0.4760848524412199,0.06558197282263056,-0.21304826272303612,0.06200169161600888,-1.4333999731926281,-1.1628142070966272,-0.2999088026311917,-1.0511064449862266,0.14396327863838354,-0.30558615344656204,-1.7976936239125179,-2.933731977406498,-0.6045478458115268,-2.4685412431153857,-2.086685848406598,-1.3488732384782,-0.5642915285481126,-0.7142966670480643,-0.8029512080409522,-2.6613502543504803,-1.5366549870103667,7.000249642917883,5.299936100653425,3.399794213839901,7.005674268133178,4.83213247154716,2.8230377771313435,6.36195382242945,2.0054335984347986,7.223740675095307,3.166974306649863,5.4911254145339,7.067195768999376,6.861722061264796,5.868222872892599,6.758690409652855,9.016103666574384,8.902413172223888,2.445589372536869,1.1967994447883608,9.858220231592416,4.235458422473673,5.981273807791775,4.533625049727595,3.7027789583555206,4.808506592450048,6.536863432516873,4.835011914628769,3.951085284230251,2.9952534234956247,3.206768146455827,5.288775440144881,4.228650903993517,1.7440435530943361,2.3723420556297903,4.034755619522429,4.89330468116156,3.5038605763251796,4.367559894767405,2.177726765763252,3.8957093630734407,2.4790113948328414,4.872755247367015,5.738331570652907,4.656976799102438,3.4976833053793137,0.30281676034954597,10.622327984179698,6.503811311288107,3.011648212702283,6.220335926791696,4.185722615250099,4.484315244729725,9.368788314113319,5.002339985545004,10.385907828784184,5.207372547649566,3.1192712642256906,4.9558714982930026,2.3257611707762824,6.836976629178417,4.190215594503766,4.776029985493587,4.984471838990096,6.400248489738577,0.07100109215097028,1.4832127720919024,9.993199233132568,6.887439820747798,5.152272272416557,6.244550948566597,5.801449806891075,3.368941001200866,5.995421737804272,8.1590982032393,9.616426277929426,2.905542635581018,4.869948705831654,7.795806070448558,5.755372695562196,3.4207069304747773,4.0452326651159485,7.789795093317779,2.8598215828285904,5.317236705839018,3.3535303212017538,3.059034612385439,4.31120903583031,7.04206458696984,5.120448352010823,6.921506045272374,5.561810017821182,4.552617131447606,3.208476517631132,6.761583907344142,7.906431994170344,7.358637957306307,2.460301817660586,4.164254796142493,9.000076910761791,3.0754924998947413,3.800732257544101,4.447582882717779,1.523302115565797,4.95326888148699,6.927620748695839,0.5686211940301398,5.7181345576989235,4.562179073227571,2.1829795641698984,6.338152891090393,6.081287677579427,4.158266983066722,7.5685291751005845,3.1587394748607096,3.4889755884689446,4.365994512325843,7.882928593135859,5.827742024644682,1.3125111059747088,3.683868353678479,6.3561996832178,3.9809125604307587,1.4177732918057475,7.186890538494824,3.6280022108360903,4.6378189692281095,2.2928625322558833,5.726765428325195,5.571933733125158,8.149891650784678,3.6601884517296552,6.487483597110714,6.770973530768472,1.0184108716557594,5.988222774245376,2.150803184353248,2.543853222541623,6.690250599416686,8.763784834534574,2.714412295585967,3.5564811745301688,8.59669980487901,1.7107331851494405,5.7649547439412405,4.957218306377075,4.657078060764166,5.011832960639425,5.832246300429279,3.6600697908119697,9.022752110695848,3.0385703161497184,6.969710695176021,6.0170352351371275,7.605158338034596,3.9060299802990106,7.325046744732733,3.859796563110505,6.525406533506473,5.168922118737128,3.099252919570391,4.632099291849696,4.7681227618224655,4.300178063247708,7.636471989191339,5.1205167267551905,1.6307878264456432,7.1416021041393485,4.5873189821323175,6.244861436055878,5.426391071717667,4.163309231203623,2.341203948846646,3.391058466058559,6.671540085594745,4.3149976350356205,5.6359404504727895,7.0111112588133135,1.744031166951339,2.827928148622026,2.201469458531645,6.063927071005874,5.0000674081409215,4.223612929725965,8.664225125052683,3.9511122041666926,4.953562160635004,8.169384115749207,5.063904437613277,6.234082268848802,6.196102957033046,6.893177063959762,4.099374667269716,2.265193394783527,6.404494160409348,3.2628210730312563,3.9955291475958576,5.01232896625174,1.696207501048478,3.921228713220933,3.200458739522782,2.717472913312419,4.263317078661474,4.920335823890419,6.533599955776714,7.734494510193297,6.60644091184113,4.545489141788496,5.015646831538329,2.5474009354333003,5.144408094365853,4.147595468564345,7.8144249688235154,4.084252884023588,1.1134451489978088,7.9676325414341225,6.016070453633497,7.127855526853745,5.032196616530844,4.405468636650308,3.4043020157069925,4.4986130234005275,4.329747951417048,4.8360585808587455,7.024159636102617,2.7795432702725593,2.656456837511171,4.580801488335069,6.696917809755712,0.8477244695923716,8.596430832908116,3.070607538750574,8.42643398541037,5.741572434135439,7.057132477841527,7.840986779602912,3.063409155558716,7.974782023130677,3.958600341879328,2.748408830383132,2.475608411180322,3.1022302234083607,5.213373974793714,2.504918914959095,6.925034428894417,6.058475758001124,5.373766876963414,4.224036811813077,4.1954217846701605,8.76095604047041,8.673418201460853,7.145951850561943,7.962822341504563,3.5064350369100756,-0.6926948663573844,4.845856397687397,8.142288742031381,5.310398238138525,3.852935949296536,7.7789904725164725,4.493402913740074,4.867861300569204,7.6626248424230745,5.636121338738734,7.548699552692058,7.28905439455092,7.031660773857032,6.288337784622413,4.749290657781166,6.04254375136102,7.986914372472874,5.138246074543247,4.442781224889744,7.669035827271657,5.32356674793419,4.9372250234965085,6.205644536346169,6.146364515603717,6.119199427368757,2.011766852453516,6.886727843587277,3.569089850659733,1.8278067331596861,0.9498331152582908,5.660434982952139,7.05058295955285,7.245124040089867,6.515070473079614,5.36255335787264,2.5599482221952434,0.7748999212698555,6.1149332615479945,3.46448146342413,7.3348954689253825,5.0539266564035685,4.154261316359492,6.459595275942826,2.3292333775883836,7.184810865613947,6.738067011193585,5.144684279082428,2.7323071814875313,5.313872923572506,7.403122747705666,3.646846126252345,2.600284183494073,3.813838025604521,8.044676227821165,4.1600742050297415,2.5940517387789255,9.159763387758023,6.473441361796577,3.6169785745678125,7.969966226526644,1.2746471464082028,6.147608879829684,7.04017894699989,5.892942449344822,8.010012010688934,5.7465777565706775,7.021942469264764,5.890409018260824,3.1597933980870634,0.9638033495902061,8.50262696067109,3.4797203951059936,4.8832573220607625,7.12239292185329,5.571352736358174,4.895638455813158,4.817796710626045,5.490745622951967,3.9520367631765114,3.120514002926753,6.769360091153662,4.477204644471288,3.809153624702687,5.191236276147284,6.135533181833695,1.8265685700679932,4.855573846715512,6.178142662382308,6.036558399636583,9.960196772653564,5.299177542774207,4.008061997510726,5.441503364391707,4.448220312686723,4.377207021152466,7.853403127845997,5.142969281596348,6.376669692963867,4.629333793828093,5.354725036902053,5.448745804676197,3.791047767632305,7.4133829625257555,4.214987917015981,8.385292352459697,9.523145481647992,1.7733269538387568,6.020653931125372,2.986700479330824,4.316053492240904,6.201099965568738,5.911769964250974,3.1156151199780187,5.634086435611244,5.493530277662907,6.325490345696155,5.195185764830765,4.306883311258707,6.833995086091722,4.854654466007231,4.28238962277904,9.233251351510553,4.870654540661141,6.620184812105142,2.5794392201021035,3.07558969886945,6.648033904352289,4.908769007111505,6.615410017170941,3.3384998030384674,3.5124104413858035,3.842602197809562,10.237302473882911,6.35002369816009,6.036114082338067,8.047954009229137,4.590799227171494,6.517299150921629,4.281289037381793,2.873719924213855,4.229033986316863,4.04306548360663,7.963339714432838,7.678617817795512,0.6739256676691951,5.699776742641858,2.831172354307328,6.677686376143644,2.225536592361042,8.666608182009236,5.871689140997083,4.394868253253417,4.9582522705805205,8.220561146104597,4.510570336430738,4.198617846254137,2.349624823962087,7.272881751501274,5.87891856946959,7.291364164757615,3.5726828486648046,7.829227503485975,6.805905600941401,3.220919594729263,5.837996006889103,4.561613402561914,5.107645363867755,3.417198683273333,2.537248023762962,4.106287665168586,5.041150622534675,-0.9261633407222316,4.3445077705602655,6.350039366699067,4.17351367567176,5.526344718191625,6.624868799789445,6.607366357411593,5.123799453481616,2.8593898320261872,4.8460947144507465,5.077376991832796,2.395264761768444,5.738341098052076,4.915645010353029,7.379877525463251,5.045957827819543,6.040963431141529,4.353174569016822,3.17316022735444,5.034126663380548,8.524863546151238,5.284835571022787,1.72682999109771,5.9222342216916415,6.183265063708689,4.503649825261488,2.164088331150989,5.583832890864846,9.165326335416601,3.6856678213259295,3.363674444980348,5.15526819876033,2.753683429605106,6.453977608634226,6.066956469912656,4.984359919399679,6.9159558343866046,7.6444839686578785,1.3233105074533702,9.49256897022088,5.06873006503511,5.475692602508422,2.4771084671586157,3.296698721564412,2.81640195165941,2.5229816632423194,7.98767131478815,2.8532978769633393,6.074464649879701,7.887763892183566,4.9892934888495555,8.416917294283898,4.498498746724932,3.934243407654929,6.735715588648636,3.7928295903732057,7.101811075402711,4.798621244862733,4.469239424119932,7.3913864008152,3.3632869818476605,5.43270466940292,7.140419351268672,5.062215254922521,4.594698819691572,1.7410771857505063,7.160980304255908,5.217736000940184,7.322443936161463,6.41968142559802,5.118356631195705,5.10211891515951,5.64211376318519,4.363818794441835,6.895076027965439,5.614961480921832,3.43933905311162,3.660030837580883,6.87520441764433,5.671291519699072,5.990988790179831,6.458748506894109,6.606390286685166,4.759525895256525,4.767897737168498,8.133803037431509,4.473994827022477,3.7649899649779073,6.1998657584568715,4.254228316485497,2.9030645591451103,3.763558697471975,7.143588412905924,6.525558242270073,5.6629677215202845,8.728053515248895,3.1586400094955343,4.24799008988614,3.580666826258755,4.29001826066271,4.42162460197694,4.673656001662345,4.088098507114016,4.424467966281334,2.744308448779208,4.5424265643422865,3.582637871574307,9.942995061506437,1.1088603819435234,3.715769209662385,3.785209289680245,1.3920117432588013,2.3595444590918744,1.9644875927802623,3.562830292589463,3.1490191443330033,5.271415625636748,6.220065603234061,7.333343760489381,7.2178804858541294,3.3929747636315164,6.422273173410821,5.0026983278374715,5.513810886489743,3.944739892162667,2.0813511229547097,6.559365565567721,6.4614236391225415,8.726447433195208,10.553814044043083,6.9166374905262495
99,0.9077809809496002,-1.1483643006701985,-0.7976540332035192,-1.456752104605767,-1.0743144241871943,-0.9946600072792541,-2.586589668591064,0.8100865361155114,0.07651352550501445,-2.1149962926072527,-1.268409256970346,-1.9392398079768047,0.3542771745119333,-2.810164130455376,-0.42189381602259146,-1.3893426468321244,-0.8477474138033975,-0.42581553468349587,-3.6516949218701886,-1.5505369149079302,-1.688788851209039,-0.5171794553101196,-0.13136262239740892,-1.9702351982918644,-0.13141109351158387,-0.9637770093080384,-2.0112694255294166,-0.5536259478571406,-3.9269348911103714,-1.9280093059180468,-0.7508529267461209,-0.7173166789751872,-3.394648130071742,-2.200967229219342,-1.4186334713826654,-2.275720025469429,-2.0657020813869833,-2.8988551428985794,-1.6251135000805745,-1.8038537894775817,-0.6636964335789273,-0.6886228899126741,-1.0449998360000565,-1.602346998794311,-1.2471800346174438,-0.9017272557003211,-0.8006564289344468,-1.9421265977069153,-1.3034856758820603,-0.14331331122054192,0.0058833562778148885,0.18585637152612722,-2.875717973269973,-2.179002063691151,-1.9606546312944955,-0.5491143735155535,-0.5008214174201822,0.37876212765219663,0.872046820477199,-0.3255956211195171,-2.284944501221588,-0.6338695175057417,-0.5464982711142252,-2.192020285390832,-1.8153907380956218,-2.4526016504297656,1.1888299766401103,0.7647506642482824,-1.598100725213421,-0.9461506954357382,0.3541562477809741,-0.690251810192448,-1.63089876826787,-0.59332110176551,-0.739919506921775,-0.8301754788551527,-0.8201973169662076,0.031040432982143207,-1.4544956479337432,-1.1971022571771779,0.6260370413419352,-0.37617479115772257,-1.5818330156228577,-1.5200036178130476,-2.415130136431083,0.10738038934923266,0.02122744478245253,-0.4060914214888952,-1.5782361022614637,0.870707650498213,-1.7217387075239157,-0.7311461033483404,0.5702798176517376,-0.522910468015572,-2.491491622839905,-0.6426826935918959,0.03178097447937689,-0.008509557673848755,-0.5052508042927246,-2.6026603625125446,1.8722710951927226,-1.9841586523958363,-0.14309755712830896,1.0173760168570705,-0.7833926646500723,-1.9492299014585615,-2.523897911380142,-0.5033370309207561,0.11326711554198865,-0.8449859003935273,-1.6656645231534206,-1.2159749483190698,-2.6660674296231295,-0.038369795422449116,1.0123200558848073,-1.3185923174131955,-1.0673500608721627,-1.0174666405085766,-1.5408319885759059,-1.667905494753961,0.5213722530463316,-0.2516558860274315,0.1743862656991424,-2.0012917281077307,-0.3270870114047094,-1.1652991441979914,-1.834400613030887,-2.74538206748156,-0.47746742840028966,1.4066315195986734,-1.527914518997834,-2.257913565610524,0.5875915170642767,-0.4065713602041595,-3.5460211271938307,-2.035301525164256,-0.5899698588228252,-1.2591275526102343,-0.5956171081323718,-1.3227838508174243,-0.784243714237311,-1.093254899841932,-1.427366248600079,-0.2785042943091717,-2.011493661145799,0.258491306039873,1.5002040699258283,-0.3972045260681526,-2.344862321055137,-1.7761803914334893,-1.8535762536389533,-1.1323448822563253,-0.40970274135158846,0.30301803841637964,-2.3675557196030383,-0.4622212175426167,-1.07617688079988,-2.3353519601210655,0.09025053479218625,0.43818202200927336,-1.9527788746386998,0.3123740038556939,-1.593558196072245,-1.3201815121296807,-0.9678866749282803,-2.172267044507121,-0.8794087279170674,-0.10631096449338151,1.6059754032592295,-1.2990819261115765,-1.6396047646879217,-1.3136110889617063,6.133653174365923,1.8902877777961873,3.7786296809564925,7.3799566765682005,3.8272615146647277,3.8540447566900413,5.997346187361606,7.373427113791567,7.081906973636949,4.154521010682015,5.104512935838388,3.148613234022255,5.747502424470558,5.704307361697508,6.117901085495367,5.034813472137703,1.7871611936586267,6.623352024093706,6.695190573104316,5.2210485732330705,1.1243035026403052,4.122209144066869,3.6623101580602855,7.2814257137038965,6.532068895178344,1.8784913254901547,1.3823687547181134,2.8464545362350377,2.6704945115616665,8.519362175151338,3.529905722723706,6.556957665277603,4.635546604322489,6.096977841573667,0.36409866992539186,4.8199926290903905,7.551438155922082,3.6564442105447985,5.922187827875306,8.837075264253508,2.985778703579335,3.6616930682290567,6.402700462634571,3.1585073959059886,6.100158813841424,7.370263342891684,4.1961509924484055,8.974045547598678,7.40937769619204,3.5524640597599535,7.652936944657185,5.56558104181117,3.694084373050492,5.389330025541127,4.4490501451241915,6.959070320172128,6.546823844276294,3.1255906101869,7.817020866245425,2.8022673191106064,5.777885197231187,7.021432829074337,7.834284304495236,5.2159451717507626,4.774315663439221,6.929434497832215,6.350580517538578,5.723861259387784,6.158401276210377,6.988211897543055,5.973472665075702,7.283931421779117,5.3465984936875985,3.2074341648822,4.515295784035357,7.249608299393846,6.637638865152873,3.0954498143495845,6.268381666716941,6.031645077555352,4.090603382440281,7.923512467533242,3.4292808423073713,6.731716129769932,2.314923621451875,3.023003971058782,5.823742435674089,3.788939880688463,3.111817840063048,5.13751311538809,3.3096287974717082,5.472564934696563,4.701247594373902,5.4622383167373725,4.773185763154136,3.586905917114483,5.534523379593591,7.077651188151821,4.157169199742392,5.994747952448375,1.7747049897741491,3.694231875701286,5.622505182582232,6.470307464473532,9.150323988730243,4.358782848788528,3.2848407075859347,5.1569616895342065,0.882359159538944,4.093110551062516,3.994620300067239,5.760396561006477,5.8131911773635885,5.786960231493808,4.016077689026669,4.366285549972151,4.981130117703033,6.1814101114887805,5.187096918736708,7.204461651507872,3.0546028212233596,6.001376867134683,5.419329244757766,7.447460373874717,6.821927844219711,5.604473094427726,5.966038439193014,7.356313967722701,0.14119554472403806,6.429077478129135,5.833755840377152,5.499792271659675,4.731743978704388,7.238752980231336,7.726220431399275,3.042727342538309,5.32303800783869,3.7209454864889544,3.3933547595276408,7.4537190030590015,4.912638216893201,5.395461627587421,6.187092494877977,7.459402719669676,3.24874395270765,2.7569685217596107,6.791738812099697,8.60856453556801,6.966147803165963,3.8277826322226343,5.727166588630489,7.548139318877057,3.867196233429651,6.125803419908343,2.2895804192103952,6.249364613924012,5.1694584248838416,7.50006163826388,6.821994267610336,5.078263875264801,7.050497132617581,7.042958276800391,5.776600397475405,2.7097819835904997,11.073091249000072,4.520278177901066,8.780929124918607,6.6779163262615775,5.237479406996838,4.689208119005021,3.5570786416085953,5.882306135090858,4.5917214361173455,6.967737244423895,5.016514708544847,8.257491152623452,2.4615461220396826,3.4571442791117573,4.559383808294696,4.9426102668643335,7.758955342012367,2.4996725157309316,6.1163880866640525,3.750939590149459,5.358035398615805,3.9467334920507344,4.287515232957355,6.988444847773902,5.906876923162799,7.518090137662187,7.466711222085852,9.352940101344245,6.143894997284436,4.079819009755068,5.627961842711958,3.651649845186542,8.974980385808331,4.177355045803931,5.42312841854084,3.2828792063852106,6.2717235855412365,6.045116582574832,7.859780317767338,2.7530112042916906,6.071386095633815,3.794893726290138,1.92969742718074,5.225306753881286,5.063781518192116,5.7953470969950365,2.3384281331185726,5.854839056725343,3.42845264622627,6.492676548799326,5.222651459345183,3.9328908692988582,5.982153288509092,5.952619778742254,5.269602372792497,5.504546708775992,6.789741496328427,6.089324948482687,3.1913664393315955,5.397793984061304,5.077413336779453,8.017058120768038,3.382379998661813,4.8757286947918725,4.51411643004878,5.108941359982816,6.026818709667509,8.479309101806018,4.945246394663095,7.401583263362749,4.293304698894525,9.526772481110601,6.220052855128316,5.91954963384638,4.11795870795259,10.245531967879895,4.112022095419674,8.4144071369134,3.895109875883559,5.720779726391128,7.135637505981843,5.692736198710288,5.190254611084861,5.299403043887512,0.7533356853324378,7.715806870292532,5.621455131452346,2.9521125983785796,3.8059720129104995,8.72167867693452,4.829135386468419,5.7675469331333735,5.7177683878833525,5.829778781132202,2.684916371114307,5.62293732939887,3.6042853981739364,2.3066721648549815,6.338512141420228,5.304132928990227,5.700856279725411,5.842910570378534,4.218344875184766,5.490021743107604,2.385031378284896,5.219010325117824,2.4802331121958834,5.29952376281499,2.4568337028196616,9.20501827841665,1.461252626058637,6.362810131483626,5.196537192282292,6.744986882565262,0.49189200919295395,6.547423183252341,6.6235152588809125,4.6823157823531645,4.396801465100079,4.495396579627775,3.00883162034747,5.791923964709142,4.193393156267313,6.438791800797124,4.098085616482369,4.58706542916353,3.963489322922338,2.143778403961975,2.14559563236928,7.428018545893746,2.4112354938364566,5.717553676774627,6.0099156684199615,7.103023189664018,5.583831333393442,4.529836755963969,5.823228231130488,5.329100887278842,4.602880238526067,4.6801232778052775,6.0262325796191245,5.568827194245953,9.024315888265491,7.018356457610416,3.3400500935027657,5.533035451461832,5.912653602296727,9.90819328338505,2.1775222129521383,3.6350382251498585,2.929320350623707,6.794982826932934,0.037788482597971296,4.937455643946662,4.607500181647163,1.315049810218345,4.451018943478742,2.6741437821909555,4.477436280878746,5.99863106131905,7.979051483867771,6.737274439073319,6.217461049736857,5.880944289436437,5.183335589944531,6.857996652292566,4.454580908580329,1.9511727112115058,3.8907114242745395,5.786519112025703,4.379463978264358,6.003637123726204,7.625017817729909,2.363336837394237,4.7299910580626445,6.471019987147287,3.31446448359012,4.991431518920325,4.862207580940253,4.381836401103204,4.422653444290652,5.539428321107784,5.40649915835204,5.733819354456881,3.5662494972884575,5.4379932734457,6.112228652078963,4.966060670036119,2.878970146212924,5.319565548687977,6.111525536860612,8.000023669357253,3.3289362005859227,-0.10898500792278387,5.996410187667493,7.834135549129035,6.6217925654553245,3.1551198412085775,2.7579616551092134,4.42377908813395,5.719813262420544,7.574384231448967,4.342818282263902,4.516235077181997,4.098697368628568,7.256876386105413,4.4786757737319824,3.6594264798718146,6.709526564522742,3.8621190275487987,5.674525439291058,7.776616656809116,0.4674621776207353,5.696514007557432,4.060574110562685,8.406398415248496,8.726964873658272,4.976112845859132,5.929514151595745,1.8692008119964139,6.110393969025694,6.0496212416451165,8.072248761322983,6.328341007930795,5.0820705417440655,5.00691096632015,6.25796141135004,0.9980181980631624,5.325462868459087,5.584492978664639,3.6066007800406354,8.033830665973507,8.094750710947405,4.75186445224504,6.648170658284537,6.201666873974326,10.627635929784567,3.3293747004320426,1.4509063030969465,6.313093690895213,9.05589997767774,6.974145522915688,5.922851699828053,4.192882076171795,5.433323488825955,4.384505336302951,8.746111634820537,3.8411877704607646,6.0863335830322285,6.032896364070379,7.9053865262850405,5.168013560508006,5.793312303431851,1.4381811721002329,3.79706438115637,2.119907537693083,5.70736795986293,6.49512402215287,6.81547309786676,3.36504528041559,0.9947440108776338,7.258350562147287,3.063547079991549,5.816228304954962,6.628799200608283,1.226558333013538,4.991514837670388,7.592549989430921,1.3688092591953214,6.370835731974664,6.225324059259325,5.240589769623867,3.5846686358856235,6.699785204784999,6.458325481392935,6.532401711454996,2.31469103892167,7.655630118060216,5.900763151706405,7.601586634312682,7.821643428017046,5.472236857172158,5.083276381864137,2.921223225646384,3.2909677440391,6.102330310896274,3.374099815760872,7.069221417815231,8.040108734033884,3.844840278657034,8.63209681333985,7.759648643043078,3.158014022073007,6.132215874948957,1.326957205605543,6.305522271994883,3.1731344617788757,4.406565185366392,6.308412823826006,6.026292246020595,1.8012403073771952,4.645462095319727,2.4707863372077625,2.707335578964826,5.152239117520919,4.34292462771568,2.90258797230477,4.781444474570284,3.1960438888032003,5.436665915625971,5.445809701699479,4.631107342549277,8.422407754986658,3.902690988984637,3.7002914131415343,5.102328374182668,4.782075553290989,6.860039677013607,6.090820701662137,0.7923157223656645,4.852865776309474,7.179030656871007,7.50052580296743,3.4280473335810804,4.411512454836566,5.201892839566359,2.9178793326527406,2.8016489416338635,1.7394976169134022,5.379366277455133,5.321056706388159,6.112207541531346,8.428456361536629,5.552091257450027,3.507665541236883,5.566107239730073,6.65730432112049,2.3116266792143003,1.9283827734302474,1.020720308055532,2.5532564325133134,4.4810965658663235,4.055017862044745,3.64743461867743,3.23029013850873,2.041264442528071,2.14282791470228,8.51211130876655,6.2464941201551065,3.9532703396239413,6.244126690332422,6.199459204521156,3.6059890315163328,2.223970147677688,5.4493873619700075,2.3754416881577805,6.949321125518201,2.248485530422657,6.0851471711648255,-3.924297126283559,8.571656671595505,4.410825304016309,5.994849959719093,7.609444680016347,4.797676582629455,5.328042718116536,4.023076824137037,6.054650374196548,3.893921710358587,3.8515251088392404,3.496162740595245,3.9262302772798128,0.5943677853732581,6.7775273161772835,6.507512557639776,7.061443258608858,8.438806423777619,5.0983074651463145,4.021893806564048,7.775056826550325,4.3957370022328535,5.366811968955652,4.550815930570118,6.741516019996778
