"","V1","V2","V3","V4","V5","V6","V7","V8","V9","V10","V11","V12","V13","V14","V15","V16","V17","V18","V19","V20","V21","V22","V23","V24","V25","V26","V27","V28","V29","V30","V31","V32","V33","V34","V35","V36","V37","V38","V39","V40","V41","V42","V43","V44","V45","V46","V47","V48","V49","V50","V51","V52","V53","V54","V55","V56","V57","V58","V59","V60","V61","V62","V63","V64","V65","V66","V67","V68","V69","V70","V71","V72","V73","V74","V75","V76","V77","V78","V79","V80","V81","V82","V83","V84","V85","V86","V87","V88","V89","V90","V91","V92","V93","V94","V95","V96","V97","V98","V99","V100","V101","V102","V103","V104","V105","V106","V107","V108","V109","V110","V111","V112","V113","V114","V115","V116","V117","V118","V119","V120","V121","V122","V123","V124","V125","V126","V127","V128","V129","V130","V131","V132","V133","V134","V135","V136","V137","V138","V139","V140","V141","V142","V143","V144","V145","V146","V147","V148","V149","V150","V151","V152","V153","V154","V155","V156","V157","V158","V159","V160","V161","V162","V163","V164","V165","V166","V167","V168","V169","V170","V171","V172","V173","V174","V175","V176","V177","V178","V179","V180","V181","V182","V183","V184","V185","V186","V187","V188","V189","V190","V191","V192","V193","V194","V195","V196","V197","V198","V199","V200","V201","V202","V203","V204","V205","V206","V207","V208","V209","V210","V211","V212","V213","V214","V215","V216","V217","V218","V219","V220","V221","V222","V223","V224","V225","V226","V227","V228","V229","V230","V231","V232","V233","V234","V235","V236","V237","V238","V239","V240","V241","V242","V243","V244","V245","V246","V247","V248","V249","V250","V251","V252","V253","V254","V255","V256","V257","V258","V259","V260","V261","V262","V263","V264","V265","V266","V267","V268","V269","V270","V271","V272","V273","V274","V275","V276","V277","V278","V279","V280","V281","V282","V283","V284","V285","V286","V287","V288","V289","V290","V291","V292","V293","V294","V295","V296","V297","V298","V299","V300","V301","V302","V303","V304","V305","V306","V307","V308","V309","V310","V311","V312","V313","V314","V315","V316","V317","V318","V319","V320","V321","V322","V323","V324","V325","V326","V327","V328","V329","V330","V331","V332","V333","V334","V335","V336","V337","V338","V339","V340","V341","V342","V343","V344","V345","V346","V347","V348","V349","V350","V351","V352","V353","V354","V355","V356","V357","V358","V359","V360","V361","V362","V363","V364","V365","V366","V367","V368","V369","V370","V371","V372","V373","V374","V375","V376","V377","V378","V379","V380","V381","V382","V383","V384","V385","V386","V387","V388","V389","V390","V391","V392","V393","V394","V395","V396","V397","V398","V399","V400","V401","V402","V403","V404","V405","V406","V407","V408","V409","V410","V411","V412","V413","V414","V415","V416","V417","V418","V419","V420","V421","V422","V423","V424","V425","V426","V427","V428","V429","V430","V431","V432","V433","V434","V435","V436","V437","V438","V439","V440","V441","V442","V443","V444","V445","V446","V447","V448","V449","V450","V451","V452","V453","V454","V455","V456","V457","V458","V459","V460","V461","V462","V463","V464","V465","V466","V467","V468","V469","V470","V471","V472","V473","V474","V475","V476","V477","V478","V479","V480","V481","V482","V483","V484","V485","V486","V487","V488","V489","V490","V491","V492","V493","V494","V495","V496","V497","V498","V499","V500","V501","V502","V503","V504","V505","V506","V507","V508","V509","V510","V511","V512","V513","V514","V515","V516","V517","V518","V519","V520","V521","V522","V523","V524","V525","V526","V527","V528","V529","V530","V531","V532","V533","V534","V535","V536","V537","V538","V539","V540","V541","V542","V543","V544","V545","V546","V547","V548","V549","V550","V551","V552","V553","V554","V555","V556","V557","V558","V559","V560","V561","V562","V563","V564","V565","V566","V567","V568","V569","V570","V571","V572","V573","V574","V575","V576","V577","V578","V579","V580","V581","V582","V583","V584","V585","V586","V587","V588","V589","V590","V591","V592","V593","V594","V595","V596","V597","V598","V599","V600","V601","V602","V603","V604","V605","V606","V607","V608","V609","V610","V611","V612","V613","V614","V615","V616","V617","V618","V619","V620","V621","V622","V623","V624","V625","V626","V627","V628","V629","V630","V631","V632","V633","V634","V635","V636","V637","V638","V639","V640","V641","V642","V643","V644","V645","V646","V647","V648","V649","V650","V651","V652","V653","V654","V655","V656","V657","V658","V659","V660","V661","V662","V663","V664","V665","V666","V667","V668","V669","V670","V671","V672","V673","V674","V675","V676","V677","V678","V679","V680","V681","V682","V683","V684","V685","V686","V687","V688","V689","V690","V691","V692","V693","V694","V695","V696","V697","V698","V699","V700","V701","V702","V703","V704","V705","V706","V707","V708","V709","V710","V711","V712","V713","V714","V715","V716","V717","V718","V719","V720"
"1",3.43368689685013,8.16102317090512,7.06989699699374,5.10625612310789,5.42491065633872,6.24024871656733,4.41804317731542,2.99448022273148,5.69989397379604,2.9381901722919,6.94355554112607,4.03861100765763,1.93717545706403,3.26853584521287,4.91924536264219,4.11434073837417,5.65329052999634,3.66093179672109,5.20061649726945,7.08808335353299,6.36705257085232,6.57710094084306,4.33390560796786,8.49644289213732,1.53949348357657,3.72298409215141,10.3304032115203,6.07478753287366,7.54871350790079,1.38745772030075,6.80550754939954,5.94898471108328,6.04021871378746,2.49497185397841,1.04542873099701,5.18448977404204,9.33524051263496,-2.34898859490982,1.08228940588083,-0.443769096879371,0.085741391303136,-1.24970775286729,2.41165414889746,3.06990621347152,-1.41063014994683,-3.79205354963667,-3.32060650738078,-4.75294383007762,-0.392635009459141,-1.26037775965638,-2.28827062384055,-0.474800337911414,-1.87216123340765,1.3026527687338,1.73547966955901,1.21632943706983,1.02057473573115,-1.66232754513528,-0.463285598819375,-1.53550541727507,-1.55397222588087,-1.33156574155798,-1.09124083195087,-5.08573109670165,-0.20433315174404,2.22778339151012,0.911122160178948,-0.9404370096575,-0.904201799367354,-1.67518235571632,-1.48196010792838,0.282028139169117,0.145458375340084,-2.86854974092498,-0.3396222145138,-1.98977292609771,-2.45322542649996,-2.2213146312269,0.636622572104847,-1.09768565508042,-1.51475040713079,-0.171720695877109,-1.24875010495078,-3.32402065317418,-2.96416540330888,-3.0593386616246,-4.3512317567474,2.12322766377745,2.38625257980658,0.972687680027284,0.480017097208837,-4.72628182516042,-5.2075416139652,-1.87402012306755,-0.0268559791311979,1.29198235586264,-1.67814499153224,-0.244825657439087,-0.156605045655491,1.51259058844063,-2.7253951903945,-2.7881832225976,-0.469040382241391,-0.422452816594138,-2.3168376618534,-0.221839946633017,-3.4587639114706,-0.264047241265847,-1.26609934748275,-2.10981137590038,-4.16660713697607,-0.556298353590639,-1.81904373856008,2.16355726488695,-2.77762932542243,-2.62950713640217,-1.27261259581107,-0.386860552505955,-5.41857239038274,0.30935567696198,-0.604728094004767,-0.329292368214831,-0.807602548722885,-0.937285633734642,-2.18374674643238,-1.49600489907997,-0.0612487009729247,-0.643199646362502,2.09524737446064,-0.604408746581915,2.36904803427661,-3.87111417615594,1.00957974564235,-1.85056391100356,-2.2457091923928,-0.58889251773075,-1.09835157863484,-0.343566445006177,-2.83638799142442,-0.968373984317238,1.39642691634224,-1.5833495684804,-3.56512391175026,-3.87752303095293,-0.744411633975326,-2.07779085305042,-0.728144998151985,0.266323488185044,-1.64596971375301,-2.64824022095192,-2.51644477583131,-1.6680812512358,-2.02949751492457,-0.851533391438738,-2.44375962738738,2.05728617909873,-1.59666311679409,-0.924854478120747,1.61410225903233,-0.191024205343548,-0.795582899790183,1.17397135760028,-0.088681644059823,-4.15448905346626,0.441729453267238,-5.47339779693244,-2.6746041496773,-4.35952030637224,-0.743101758582729,-2.716914959496,-2.00546101655296,-1.04330033901542,-2.8603441743597,-4.15696030936991,-0.18482514433902,-2.02572318956495,-1.35736385652249,-0.330469783729686,-0.139075113834952,-0.505739673414119,-2.89455893423083,-0.648839786997034,-2.94388572633101,-1.18755836757351,-0.945872647130057,-2.5366087310929,-1.30513618153386,1.92984089943126,-0.800971342184273,-0.576383950730133,-1.40951209360166,-0.0971776118548302,-0.886444263785883,0.578977127154291,-2.83581899005756,-0.804676489539328,-3.68994993515338,1.04640014909957,0.457071415264472,-1.19671999581155,-3.95494166024683,-0.53086916189451,-4.32409830782758,-3.32543183717967,1.97582168897034,-3.73134763038945,-0.654480346904641,-2.1775558405751,-4.92761109434418,1.82109057689362,-0.333637151234901,-1.38610328720066,-3.03600001882147,-0.830123356445856,-0.684929281807572,-1.25694175743968,-3.21652768365932,2.25141721875328,-1.86991113816271,-0.204838437212543,-2.31263164869661,3.10603273576909,-3.70468695917468,1.00210312114937,-1.66865232951691,-1.0870974342832,-1.02231177905843,-2.32884963782501,-3.04374366225457,3.37316350405154,-1.64452443761818,-2.88509630636889,-2.44057179016841,-0.556091526101631,-5.66908316369631,0.95731227980967,-1.43139211307959,-4.67072940141374,-1.28368650867948,-0.981508353805982,1.19912487902694,-1.19576328442638,-1.91770388611008,-1.03594291965466,0.115884183686986,-2.19677931567286,0.0121077228918323,-0.970756308935647,0.294583851896683,-0.156808846512203,-2.42346577993322,-3.44772249023896,-0.673968991394883,-3.04319125923884,2.04751116996532,2.72783724528611,-2.99058389662044,0.154493024380336,-1.90806803504317,1.25212623065491,-2.42967461901512,0.577239892879628,-6.52979927719033,-2.93176954235663,-0.0324467264574355,0.261883927649775,-4.82420678374896,-1.43611236575006,-3.65543609614512,-0.119061706995415,0.231037247393016,-4.3939577249688,0.0656159957747662,-2.09745439986602,0.656828101116638,-2.39747108298794,-3.87363213643981,-3.18092256918014,-0.38349459488009,-2.39538652741055,3.5662194984185,-0.24005851125062,2.10461639970873,-0.59394696170828,1.18673749362926,0.00203593526719881,-0.790312015990591,0.389500695075618,-1.77959625518623,-2.69658695258546,-2.06544087111948,0.62028851541921,-0.33286540084792,0.298518911688738,0.823245529695779,0.475864427936415,-1.67360802549267,-5.4654520670412,2.00732254457839,0.785216268504567,-4.29806473559156,-4.62105703505335,-0.552822374110845,-3.46295069858471,-1.26591787634268,-0.757285764179831,2.9364154068513,-2.70167263214464,-1.03172719237014,-1.93248441197492,-1.67757709702871,0.944463397847305,1.65111782025344,-0.00844671252875229,-0.919256207754995,-0.853364169449052,2.47204758798993,-4.79584569165936,1.15440751723801,1.63006964003345,2.97727856201091,-0.807457058503423,2.91818050637536,-1.15655657261833,1.06098601325204,0.666957556671982,-2.53898958400535,-3.60509771422775,3.43997637189075,-1.00577220209603,-6.05808271990223,-1.54862372351248,1.22218270327483,-2.92533179052804,-4.33842728380591,1.31354186408571,-1.03899914445355,-0.971916015866746,-0.575978784691081,1.19589480387324,-2.90809793940416,-0.0719026930535752,-1.32163698153116,-4.00351377466398,-3.677183237699,0.933578528145372,-1.95904816316055,-0.405880490467516,0.960187525989416,1.30166272213139,-5.47440652152487,-0.465273469786929,-1.11610674144161,-0.464488406739341,-1.2868541011236,-4.12301469753131,-0.643748473006237,-3.4903388543288,-0.548366589103825,-1.60660580775063,1.02917272955778,-4.22628376025614,-1.17940130610947,0.92900869292093,-2.30765416064713,-2.29271755054923,0.310947385679801,-4.02083185093672,-0.902642014470271,-1.00131113905602,-0.312780581136161,-1.78512965074831,-0.697538438018259,1.37570838510936,-3.90568361037598,0.603743597399961,0.248625339450627,-0.579093009495831,-2.6682331586182,-1.17398313348321,-1.65241091747921,3.34709080119916,-1.46703424408917,-6.87607038508617,-2.06063510788912,0.494010548662791,-2.8264331569407,0.386145905880233,1.86067780454286,1.078361141852,-3.28495912082417,4.14244691013579,-5.05509107651989,-0.369686756473689,-1.10300563083771,1.52262807446282,0.375650021064517,-2.37184895549011,-0.708886638497,2.20990425717529,-4.85228068717066,0.134783726332488,-0.227835320972304,0.480921019625928,-2.78046504101354,1.34583279150353,0.020597498192251,-0.471476892017137,-3.87617167313842,4.75156754540952,-2.88420724917237,-4.13878070101766,-1.64763035123765,-0.105963266141735,-1.93583794095088,0.470893614905839,0.510481939595435,-1.08394107022757,0.493024293528206,-0.411206850804368,-1.12818975352363,-2.52399377236222,0.706927288426479,-0.135897461576644,-4.25838558086233,-2.64701818487578,-1.60476715798498,1.48417248696221,-2.50964998175433,-1.97314160503669,-1.88122275658273,-1.69121693078632,-2.81801948260035,0.308385076180967,0.0827306954399891,-4.70388306639979,-2.57048974526638,-3.09458314997017,-1.96305025042265,-0.921732030751929,-0.838540165465748,-1.7719395694316,-4.73294638773067,0.409366139669177,-0.830021006131557,-2.17741105619154,-3.33978325781846,1.57761803610019,-2.26449655908959,-2.7877160623972,2.520146690503,-2.08408487525286,1.72882033937608,-0.635215194538215,-3.12145603562295,-1.35805821275563,0.278341551552231,0.0636229805842814,-1.54942732803885,-1.76636591979605,1.09237551634794,-1.37411688299951,1.80447240085942,-3.43318859637125,1.50768391000794,3.50381247154191,-1.64884573345148,1.17526449512253,0.354074324298261,-0.147020627522421,-2.26577045492875,-0.882179901264309,-0.778520324986572,-0.0278171423720206,-1.69006079604644,-5.07671129196433,-1.63497940350866,1.55700352079915,-0.625643340159783,-0.748878467050979,-2.80154340207684,-2.4710931073404,-3.38660096671448,-0.830074428527119,1.29873849385622,-2.43717379282943,-0.410885303351736,-4.94102356343148,-2.47426041666667,-1.26575168572473,-1.31468485155829,-0.312790147546967,-1.27188176698487,-3.5067684083601,-2.50318461732322,1.54558216627698,-2.04624514492084,-1.38608639450652,1.22714478273358,-2.15818508145888,-3.16988926947986,-4.77593613180972,-3.26545746672697,1.11546841526066,-1.56938130936117,-0.000364125539284221,-2.51595322617858,-0.793348449150744,-3.07232881259836,-4.56063228107908,-1.82759255089081,-2.54332680139773,-3.6410716093747,0.635134390722249,-2.60887577108791,-2.00191339337956,0.586131582555981,-3.430405889355,-1.7506086833353,-0.294868926825166,-1.5194479752283,1.15658154230444,-1.62691673488011,-2.35914983804484,-3.8275346334271,-4.68278581834015,-2.86204240434963,-1.01417280876167,0.455779205640143,-0.65158987490371,-0.223913864854614,-3.55980447846108,-1.03525802479796,-0.329636617968073,-0.052216043989371,-4.75888022188217,0.0595895752322817,-1.44312889475488,-1.70544493142861,-3.11968724178671,-1.35968883975449,-1.52596465055596,0.114665145165515,1.21247635735742,-2.19506799033192,-0.2982333012431,-1.6913450276537,-1.67533397599631,-2.13973471534146,0.0349145310723173,-2.43683978117442,-3.56978339133441,-1.62805441944236,-1.1295732566179,-2.08491863621569,2.41611983950241,-1.26295019817915,1.80574643203162,-2.58500920873854,-2.921736456702,-1.26147224625046,-3.73639801651813,-2.42566396121658,-5.32860178510354,-1.76933914607604,-1.38016555791907,-0.341098908416799,-0.352375861497598,-7.18094806009475,0.643695062791745,0.31638526643129,-3.2278240737199,-3.28469289697138,-0.871365550254866,0.124358735101406,-1.83228610870502,-1.05808556801392,-0.24563987287012,-3.05763223321911,-0.769821394375859,-2.96674530726884,-0.228633733104312,-1.35389612260704,-1.05779436434731,2.94063648260253,-3.90536553337103,-1.141318339719,-0.590600314309502,-2.09691384413815,-0.718779744107794,-3.46748618152547,-0.554636012816258,-4.10466238617398,-1.99136881952832,-3.60737398052515,-0.769388491180062,0.609432745584157,3.19643175032756,-1.7809472776841,-2.68256802770058,1.30021826219605,-4.80818418307729,-2.83643811519714,-1.71481063726778,-1.59359623438869,1.85264515528018,-0.0357929526726464,0.303922067120529,-0.37353135177696,-4.88035584686213,0.801857731929904,-0.675281776589001,-3.53907326124004,-1.00014098910956,-1.03646767219396,-3.78426522281973,-0.951646734002457,0.0292169745021122,-0.440929151926043,-3.93592889498195,-4.33453594691225,-2.27229173350343,-4.13959349390452,2.64905529849069,2.5938684573106,-1.9981450972938,0.900014223398643,1.09874451892347,-0.691447315852335,1.5985079309952,0.177788245350231,1.00811618985699,-1.79304686204343,-1.15107188515072,-1.48046383173601,1.03156235560742,-1.25087090460761,-1.26717269297922,-4.10449594434646,-3.83850446955314,-1.79614877798628,-2.96810945412625,-3.25569432839608,0.00326266365455985,-4.88452194829942,-1.54560456333125,0.708407454438865,-3.77432031053879,-1.65550462291795,-0.348982056939669,-1.80633653727248,0.828157003964514,0.281923872367625,-3.9788463815115,-0.00803364836911857,0.890277288383119,-3.6342437074297,-2.76978771287984,-1.41069124776282,-1.94140295521049,-1.09769556362347,-5.26041870143109,-1.48946637700326,-2.22520999036305,-1.46076780215772,-1.48753025452036,1.38846261381353,-2.79249801975155,0.159374987177702,1.44651554108631,1.62097721946525,-0.0848481542827502,-5.33496853453225,-1.28627424235318,-0.0679043506242486,-0.45213833055546,-0.177147104707852,-4.9911535224559,0.993546906258225,2.06320876917441,0.691922401271683,-2.76822037134436,-0.992896998922615,1.172664403206,-3.64703899300098,-2.99947054508281,-2.61002350737602,-5.62626680581497,1.08456876990534,-4.33171445465925,-3.12951110166454,-0.647157894227462,-4.64028647511659,0.722066379174476,-2.00483303034853,-2.53040511224604,-3.047542041282,-1.98199854619654,-2.1331893334174,1.12306299396825,-2.28954126151665,-0.916501040387384,2.95574956331078,2.30692377918926,-1.09539388993346,-1.08265579473815,-0.941795049965238,-1.89145370756501,4.91516235244801,0.814270685514852,0.917390851887708,-2.10272368324774,1.44957369749194,-2.68926672875148,1.74643211193039,-0.828115448959197,1.25976934448965,-0.61942475185447,-5.52615199260626,-1.00278925155228
"2",3.69635903815941,5.9099133444315,8.92173261698907,5.91280205498673,5.08840043259249,8.59780020536664,5.10129781745622,4.33862146547341,3.53494432504112,7.95402011041312,5.42697649345443,3.78596706662498,4.71353560451158,8.08548620896456,4.25352171559744,4.3864977644049,3.77494062272615,-1.21617288893905,7.76947414436703,2.14017366738611,3.26733867861005,4.63715569918623,6.58754053120513,5.36508704442437,3.28141978072022,4.63364383328117,3.08535630501162,5.25716848910313,4.69205454028812,5.50595145352704,5.42247286028315,6.50201263322136,5.38246929401434,4.96047556033165,5.61806866684752,6.51640304510384,4.22658776090427,3.41262627194578,3.50061856453067,6.37177149516255,5.78904939847327,7.78361491462466,7.6959176540812,3.95489079178532,7.44802835834617,5.04620986724484,4.8191499870842,3.18360252544724,1.91924185174042,4.87253439110948,4.08048602367108,4.33162006605223,4.92426290676215,4.95476540351336,3.78063223421803,2.75230381501004,4.94484347973497,5.94373688934678,3.61379234507084,2.20175040573974,4.04920532636474,7.38190111924034,5.71333943148728,5.86789083138193,6.03763951435709,4.49875332938762,6.58857198241044,6.65240048169179,6.90401103810909,7.74332757236061,4.59916244719017,5.2718900927571,6.00336140642239,3.74883282891738,3.56057108825583,5.0932420730151,4.21622310913834,3.68393140590398,5.67858337766834,2.44244491119294,1.47426718319334,1.08285414109263,7.48846095803157,5.92503110813746,2.62464696557613,4.08426771814517,6.17370209161463,4.46158071799192,5.93333425137106,3.65705786741346,9.35197478414987,10.2379136591679,2.82065060537334,4.9062585781626,2.55055651949792,4.23697603053032,5.31370601251923,-0.67523784999722,2.70505706417925,5.78958505491076,6.71120956015998,4.55301894555213,4.09125498978084,5.79512416395209,2.6189501890131,2.22417071456593,9.88854157602925,3.53694994495741,5.59479868435733,6.76159710630124,2.47688241756543,4.48643316713297,7.34872354851094,3.8196591922372,3.74235244908625,4.37867827575183,1.63095370291277,7.0065134680407,5.7660815341977,5.52732929825405,7.60765626776809,10.3454199700512,0.976592922395223,1.1606294638542,9.12541228363315,3.81644208844189,4.16812781895626,2.48210865608067,3.19080386923234,3.19654293841752,4.06522548500193,1.2769642483248,5.28950837730292,4.26056479544825,4.68427591171389,6.27721417485132,6.67404627999764,6.4555091506915,3.92376717289085,8.78954799822742,4.71940897696524,6.16698163591331,7.18799408324161,5.72129334821568,4.87596493266364,5.50606857539291,3.08288044717602,5.30248169179352,8.20430544949924,4.42934155429065,5.08678889342315,7.32384242348207,7.34894024709017,3.81888308614473,5.367474256642,4.81419873101469,-1.14687864549865,-2.27037634690662,-0.979224482560044,-1.65363525037468,-0.871773163680422,-1.36328159482568,-3.19107952791335,-1.95544953068772,2.36046467882159,1.78453510532269,1.40708455614269,-0.559127830894069,1.17354701532732,-2.73958559841802,-0.429211396879282,-0.893302394186026,1.94181957973128,-0.134201312795062,-4.3342931528568,1.28155679582567,0.261371935956782,-0.302514514549116,-1.01906058938144,1.53573488619861,-1.02093575939179,-2.14312437916445,1.85825377809707,-0.471321400598058,-0.34091939287626,-1.62704002263758,-3.13719546228945,-2.37800700529762,-0.148846321674687,-1.1212663185344,-3.21822849559355,-2.87372786590709,3.33132721098666,-1.38967191873908,2.17144326947508,0.436648362988759,-0.969975035648853,-0.992460226221603,0.96032456197178,-2.18691303600936,-3.39607678442888,-3.16503251739128,-4.19131032348086,0.374983882083274,0.385609433343757,2.53212134597556,-2.23580605017094,-2.15001039053823,1.96609266384558,-3.09158794196047,-0.560721216753834,-1.81015809780154,-2.10521017599446,-2.31003008854276,-0.798034120918806,-2.38028297905681,-1.12372453905192,2.27901963901793,-0.264542457806332,-2.31956473151248,-0.811123532053998,-1.36253035219794,-0.747450220541609,-0.373300676272028,-1.73511647892056,0.629866565907924,0.927106378151791,-5.34318722963251,1.2972282095444,-0.832353480034562,-2.07315717110483,-2.25733006745577,0.695214184586919,-2.54560805739625,-2.60547010837407,-2.48787300638056,-1.94512195057745,-1.84482011265198,0.19727515479926,-1.93342641253875,4.03563553894852,-0.742667420646873,-1.57858883070794,-4.04142540940784,-2.30078088848502,0.488109480331395,0.0204205488656277,-0.766623762072684,-2.59149468700137,1.75294688171343,-3.60879632169633,0.8093689752609,2.03329793944822,-1.82351542575225,-0.56457539104528,-2.78467623177035,-2.70852425748245,-0.58815281272142,-0.10969194035378,-1.34648620412603,-2.66686279636474,-3.27266208203847,0.922570730177816,-3.07341852258489,-3.31661878898665,0.703480485540464,0.283739456274396,1.70082804661222,-1.54366529396279,0.936101020815757,-1.39736523949103,-0.634637268293813,-5.20285385252623,0.344536203636651,-2.50386285424213,0.202132072930987,0.41359369926705,2.46759030744301,3.05095416768903,0.410995579192561,-0.240959947468729,2.98878299293202,-1.68894285780231,-4.13218177203875,-1.18331582888633,-3.14870620337523,-6.96810820829868,-0.36955771293606,-0.509205445360823,-2.87930082253277,-2.06801961423052,1.58925530871999,0.486243191761831,-0.31617965460743,-3.57955081602106,-1.62730349362905,2.43152474659639,1.23546154022779,-2.30779677436966,-0.0193222307629356,-0.784909745795605,-5.95825666352004,2.94146787151822,-2.36812788689116,-3.60331888811837,-0.206925149824706,-3.89934629991954,2.56483203133471,-1.04344979980798,0.211488775168372,-1.46175779373333,-1.05181462657183,-1.9486728539926,-2.15533607388637,-3.82471155512534,-3.26146825718576,-3.21802818118083,-1.14314727138379,-1.64320698831651,-1.81839238365839,2.2743937046942,-0.611245593572918,0.427037405031116,-1.91322688028844,-1.02442785506739,-0.793611639187609,-0.554393640443074,-1.75428535106548,-0.873110291352345,-0.959132179738234,-0.311585553669264,-2.64390904011259,-3.87350104764818,0.46091382272442,-2.20758443655343,-3.35828641577343,1.23816605250135,0.769283211943028,0.057303533207087,0.201174677509814,-1.04173096360372,-0.823048513580402,-2.35288838481159,-2.27399164079083,-0.759645861850937,-0.869122505029267,2.33334229783378,0.485626796070715,-4.7062425315476,-1.66766465570785,-4.78215962129857,-1.80727959071565,-3.13941138545459,1.95501899761214,-3.96374910682188,2.84546013246097,-0.84712698630321,-3.24112607994142,1.24168450933544,-3.1504586786852,-1.97212196463733,-2.66817636474303,-1.69380979244062,-1.17122731233256,0.567315314344449,-2.33035183646636,-1.55171553325133,2.72167840930197,-1.94151018657119,1.67771529771724,-2.30986049245991,0.441493605061923,-0.436826994716989,-0.550320424563944,-2.71303736616228,-1.61228843226557,-0.254465991748119,1.52567337858948,-0.360137129891272,0.833937901189976,-0.481606622562686,-0.494095569125949,1.91995486153149,-3.41947399237686,-1.63002683258556,1.53438479996858,-2.17101990627439,-0.334922505808335,-0.618968499163413,-0.133313806941766,-2.55625865874984,-1.66078900475407,-0.433586940377299,0.122035093189052,-1.56938584854244,-0.822318107192646,0.569019665476381,-1.43383831919885,0.67366138931371,-0.740055555930943,0.311437009719475,0.944939811765801,1.1466366597703,0.10154228025722,1.77022382445386,0.404831786401213,-4.30895693432802,-0.0844364045294452,-3.10812195310982,-4.19372509285634,-1.33259552823215,-4.05663995498188,0.083120192806136,-2.7231531078946,-0.570375454399239,-1.23531858392782,-2.27713066930006,1.33710593065603,2.71104230874473,-3.52210011108348,-4.23901114591438,-1.19866163315905,-5.02177079165029,-2.64046115559192,-2.07729771379701,-1.45608034788065,-0.841739276637709,-0.107596122738281,-4.28616317727307,0.973961796568775,-7.26570013244321,-2.7988464263062,-4.17335653300061,-2.2154118449015,-0.152724775302893,4.00921560185239,-0.256923177695346,1.63242322877995,-0.415086369169427,-0.779623966201477,-1.50978334272485,-3.02844518151313,1.54442071767781,-0.611684531625696,1.44877573041253,1.27139742189839,0.0217247250452695,-3.09373241613199,-1.70122217774091,-1.08588875838451,1.61606916263186,-2.99250466788769,-1.82040858340654,0.962388520860068,-1.77153211919218,-2.24754810111579,-2.02557617076705,2.98324138989298,-1.67541600460241,-1.53892067425834,0.464664554834001,1.03884836652692,-0.513575019291411,-5.40917774365031,-0.562104971468387,0.0793786678579622,0.243982838460735,0.000160735058970296,-2.57865299830033,-3.52527199052042,1.42902909694494,-1.53216305706607,-1.98680277802298,0.644906714074763,-0.588443914153967,0.632231560544384,-2.52369024935987,-2.53659118106478,-0.815409816566525,-1.82910741615811,2.05427956795252,2.45901802552101,1.65502677619696,0.589036210828168,0.795556290344324,-0.808001833042071,0.931818784928304,-1.08168907487552,-2.25183409719702,-5.74564160822728,-1.17615141935268,1.94991346785561,0.568895609296207,1.28593038606104,-1.00831037020444,3.94090527985785,-3.10864221108123,1.78644208736324,0.875987591540718,-0.912592971099622,1.13868111754502,0.613291209778835,-2.5009768405301,-0.872562244869383,-1.51995014119019,-0.271476120055126,-1.24441011757612,-1.96900593941207,-4.14370840668723,-1.03001202834996,0.544904972021243,-3.583412357585,-0.6282806686779,-4.43661748503396,-0.295037957484846,-1.63649260121544,-3.88960698444248,1.17219029584072,0.619908821904568,-2.71824345408674,-1.73406580705738,0.144506261704379,-2.24709899943757,-0.459766342116239,1.29297606511987,-2.99722485787525,-0.973786541238646,-4.33354629287189,-2.39891431620503,-2.09485236349814,-1.05281233727188,-0.0526761304568832,-3.06318656264613,-2.26953286672885,0.888787492998357,-1.81817538537726,-1.09370095259908,-0.870153870756412,-1.68855972474856,0.0646219086238187,-2.76194110779452,1.24960390468022,-0.702365210482356,-2.05089578478163,-3.13505582712399,-1.23057732196187,-1.39022065874123,1.39078878559599,1.62841241663031,0.171715235515058,-4.35732799537002,-2.4207343000163,-0.797791591223022,0.71468146814418,2.11332539205558,1.82432987647056,-1.25996963899022,-3.76087342246421,-6.64480224855736,0.175934303756964,-3.05366236464195,-2.78692697009803,-0.677405216390516,1.00245122090649,0.256278590539018,-2.62654833170841,-1.78000464015243,0.269876790749864,1.27315064030221,-0.457845495914157,-1.92240423967789,2.50657106823157,0.190627176436159,-5.27331952885759,-1.01597072817072,-0.616284865395293,0.500549391156351,-3.30358661972075,-2.27692159575721,0.946686833670636,0.245427453024553,-4.16204979221874,-3.36969831641191,-2.58725235598486,-3.55649651096793,2.23951201280325,-0.602128785501962,-1.94227604861527,-3.58153562061714,-2.59494573514631,-0.935076558149016,-5.10968867951479,-0.530018054512124,0.60862193300688,1.50636871518055,-0.0211393944117771,-2.25379519632468,0.712551853962798,1.1788982690921,-0.105194961722202,-1.03713630421379,-0.56206301986025,-2.11707510019779,0.387436192430492,-2.94151354873601,-2.09446652770393,0.433631152790445,0.628078692396205,-0.522574719167745,-0.602775345512241,-4.09713832446408,-1.7478894300836,-3.55335089889134,2.15217050632317,-2.74634571270738,-1.51424431412932,-1.96842702062304,0.581278105163965,0.296732238329271,-0.863422735343581,-1.90489153924656,-0.785768957703706,-1.77741108426834,1.63198242395955,1.25773746784803,3.33931757094696,-1.19657268461014,-0.437530924900959,-0.130754558992761,-1.40321878947758,-1.40269865573009,-5.42225370581352,-2.52166069047981,-1.79800149072296,0.0768380395512551,0.996997601958145,0.291232198067665,-3.39569587446998,-0.0570046295744233,1.14665306987561,-0.252494437753337,0.7317783710994,2.67244481841994,-4.31391492059603,-0.563051353515935,-0.267353701757902,-1.08566201887324,-1.98303476805066,-1.47835711293679,-0.0895012213188617,0.252570125076654,0.537326400565854,1.03283554486757,0.0371934726650374,-1.94871141562112,-1.02012356303711,0.664028349987287,-4.17553894306185,-0.117379108370028,-0.838022762344182,0.255658926313499,-0.984554819070658,0.683346547959328,0.487603900644237,1.48484606887737,-1.95555731993278,-1.658915424725,-0.147728924352771,0.892345721821276,-1.1496554100952,0.295825873124274,-1.3311294219539,-5.76633582864638,-1.87191228761501,-1.94328029426981,-0.291598205123533,1.01175987614554,-0.776262855312977,0.938463911782638,0.513224703738441,1.09018244134046,0.163470493598551,-1.62265955646733,-2.16585448315879,0.222548721303692,-2.32368295864109,-1.78834652759978,2.3448017585086,-1.68794073577707,0.0851130547571657,-1.8250843175261,0.789649401349018,-0.065361472194005,-0.437244231441186,0.53309563246688,3.05356639449704,0.318039306290827,-2.09501782534051,-0.0673601836246398,-2.40489480217712,-1.31887553635543,-1.46439713170215,-1.8927237462066,-5.38350341275993,-4.88572063361974,0.0758064290977529,-5.18353817683695,1.36691612890158,1.39942815332312,-0.874879259428895,-3.90455700847169,-2.87174887880699,-2.94994211563664,-1.67633036355471,-0.215204701600872,0.753560985019729,-2.30657433235776,2.44742989136942,-1.02824547790302,-1.39184620462553
"3",10.4941108002899,6.3471478475064,3.25104114802218,2.96501293353072,8.00279769567095,5.49354643108097,6.54155258323786,1.03987906962944,5.30020502025697,3.7913142531422,9.11550590905236,4.98823838140463,5.69188334007873,7.4614778957408,6.22014019902098,4.11232807970771,5.97144846166975,4.30386194462811,3.64872057755144,3.99131514553295,4.29366502854527,5.19694911058097,3.68010314048662,5.37952479711184,7.03906612408279,2.04516487591082,7.47875550242871,7.62668709512516,5.323246340536,8.21580453982372,2.76144754749966,3.52680321286415,4.97621410260628,5.5968506788839,8.27685380593778,3.50261935024065,2.44252142682134,2.14170049971107,2.29408607967125,7.06622629965624,5.88141181449267,4.23762655894312,8.76137846201679,5.76467610436039,1.55819812731831,5.33108312648109,5.77464695911573,5.43988754445702,3.72537575057157,2.47617796540724,6.81774100361405,5.45112925065584,3.48192153424236,2.62013547528667,7.27138511480179,8.42807523632317,4.43255214099953,3.93271530221746,6.29909558089357,2.96765707641312,4.32188533276483,2.9043465625915,3.17984385506578,6.44726751162312,5.99743968652923,7.29654885311658,6.19470385073446,4.51303556970388,6.73057288697892,4.58929940710608,5.11745112434203,3.55525445640058,3.13818163337996,7.44247528847674,-0.577315164519955,-0.64312151487172,0.639038125832046,-3.73810719343166,-3.24843317795706,-1.1119708442003,-1.9088697326452,6.08509278345663,-2.92636291929774,-1.25849854184573,-3.14312787083983,-0.116649339679692,-1.68728425443986,-0.376693274374042,4.34465267952474,-2.07663335954332,-1.35989227070389,0.663843514323673,0.14961610315543,-1.5308458067723,0.538772777252003,-2.69874718504168,0.242713682220467,0.659328828813063,0.770552443575538,0.445795170292403,-1.09940970908078,-0.409443296669303,-4.54667536077732,0.8235527062842,1.73732188673485,1.14090394598628,-1.3295933396069,-1.87986413681569,-2.2353102985734,0.999627143750142,0.975298071715879,-0.782269869245327,-1.65495871681712,-1.06094926113059,-0.439015599103827,-3.4581687015922,-1.23191429062601,-0.333405706214958,-1.20607664412338,3.77224950002887,-1.52642532597456,1.54779757285377,-4.48567230223496,-0.155684125998166,-7.41191983031719,-1.20456491306429,-0.922108416404342,-2.3116550480182,0.619399395866122,-2.21364020950702,-0.441051422480317,-0.190122509264986,-0.435661053103815,-4.16790548525266,0.616390334170085,-0.0442924039511591,-0.704938145287016,0.843899227010623,1.18919257965856,-1.5632323542531,-2.00187363551542,2.11605300890394,-0.449465381843259,0.902234033005615,-1.36434873919421,-2.02610197916119,0.725346278836162,-2.57045977405004,-4.10227706242806,-1.9283763374468,-0.0818653842018816,1.74639262196661,2.40115628304296,0.156418777065109,-2.20031094693329,-2.02947300091665,-2.00775106599434,-0.824074315218044,-2.85945527322641,-0.0248120614363049,-2.62668482843532,1.03035849076885,1.23895063799139,-2.1559878096436,-1.63045859053436,-2.45184565607744,-5.25372201230015,2.3521379823095,-3.41429425319072,-0.866966833821513,-1.04803912622743,0.189153824552024,-1.72512818918507,0.289379249404274,-2.4551631927407,-2.4815245108237,0.364666151537236,-1.22520123830854,-0.605667332178745,-0.491912418562154,-2.28595746501466,-2.53860794845118,-0.161496584677669,1.29223092985267,0.489565214430393,-4.58250443523988,-1.39850753596551,0.742817860088144,0.627269754235294,1.48601448861537,-0.00151565331103753,-1.68116844111129,-3.2565490461042,0.687657307860514,-4.04026288004698,0.150159554990377,-0.189435662477327,-1.63311467674288,-1.04490330361646,-1.68901454132566,1.05020606728617,0.612558970454308,-2.29427593491199,1.44987218865319,-2.19076880940391,-1.86937104794261,-2.68770708186064,-2.35818786204448,-0.66095026607199,-1.54282121567448,0.245568706180345,-1.64047573269487,0.618585968754469,-0.718371385208792,1.37915246481283,-4.28854618431029,-2.03086211966455,-0.594311549271771,0.65168163358335,-2.08708099305384,-2.05627866196763,0.914668409819245,0.984377226469079,-3.50320497375222,-4.27789002623076,1.86111112970108,-2.20897764363018,-0.251479845687485,-2.65863546610828,-3.2295534556362,-0.320930005448329,2.98039366165351,1.42342255031034,1.15053312147278,4.00595703113473,-0.927674248945152,0.782850493176583,-1.76332017728388,-4.72190662909669,0.529793660750396,-3.97039091977744,-3.69027927264812,0.905347157926676,-3.69440813920759,0.223451714289782,-5.81267538992936,-3.61794283448546,0.955133660369717,-0.429299377213973,-2.20849306023645,-0.282570326878379,-2.18126645382322,-1.0889354656248,0.78749326528154,-0.562833885840835,-1.76579279118158,0.394714627680078,0.391271153772637,-1.96663601271737,0.633875617135157,-3.05060315001802,1.84469092893075,-1.82917044994976,3.29312900670227,-4.43112167245804,-0.334536579170306,2.57309022906672,-0.259868633110129,-3.41219698449022,1.73486722766662,0.966123061134227,-2.21799633362934,1.25440724379366,1.40802895690072,-1.01783310798938,2.65110394001178,-3.19635625340559,2.39536989832883,3.60106861703182,-2.12483646091389,3.02102091871601,-0.984738842845233,-0.272521975686714,2.00378498123546,-2.92924702829939,-0.220058027450898,-2.48294151625281,-0.842226471630129,-1.29829668975225,-2.23851952859538,1.34771735779509,-4.32134462193291,0.115359877579997,-1.39727700002456,-0.600656834615997,-2.05792981451378,-0.827199962763959,-2.56668314789325,-1.32452101867725,-0.624496603322158,-1.38951341283502,3.48495513336491,-2.45575279849207,0.942575017247368,0.971516105086688,0.900825406567636,-2.12246044713719,2.97241010813432,2.2527417250765,-0.515225425471567,-1.28276049683719,-1.28836644618611,-2.39668385896035,0.273004700437275,1.43737730812904,4.08994696794861,0.657570718934343,-2.26098709681072,-3.23799590985319,0.462901958460769,-1.16103535926572,-2.46923210617099,-1.62973755255037,-0.311789869517447,-1.08200391775711,-3.90798151914548,0.929710690797253,-0.541963086674953,-0.523816920753101,-1.86405301397453,-0.276037106112881,-3.99380835729391,-2.33110109551838,-2.18462404674803,1.87178503147056,-0.830059860540919,-0.0951594230058713,-1.76843232458844,-2.41257979643636,-0.63141269866212,-3.99929788761982,-1.75291902958794,2.06409415434886,2.08053992064757,-2.48770850343726,2.99096081964976,-0.0705457211879152,-1.11401519110845,0.251002236293549,-2.26190633144196,-2.13907078640589,2.18586194461394,-3.91621089139323,-3.51610370381941,-0.257541191907211,3.39944818272102,1.05715794612805,-0.36529234068085,0.881969400384766,-0.996747503497476,-4.44694392601263,-2.55410609066251,0.621059939225466,-0.509102783176123,-0.118166990047324,-1.47288360315335,-3.62285715392659,-1.78643870867219,-4.16077109441705,-0.340252297247784,-1.59290521165604,0.589188272342076,-0.98035220702408,0.494854591623448,-0.107187670744386,0.381099500872879,-1.59902812683298,-5.37698904267532,-1.19586295853087,-1.61185180730213,-3.37978819731225,-1.38382899632312,0.895130477346684,-3.3823859787185,-1.86897134617475,-0.0383998547062967,-1.54907375830294,0.672866928137379,-1.4213654964033,-0.632385732051551,1.83521410463021,-1.25298413778826,-1.78981984794795,-0.537059085663863,-2.99172095034699,-1.45748137870155,0.172929408583978,0.363299258428858,-1.37023843603385,-3.17719880171615,-5.39629858343092,-2.5176605709848,-0.640886586185197,-1.78593653041322,1.31260679555058,-1.96592291815297,-1.11510373935463,0.0993722770435443,-2.90813360042018,0.954101678536801,-2.00040841269316,1.76130122080047,-0.261744819886951,-0.06427817288471,-3.15924802241007,0.298933342347186,-0.0329225334780093,-3.87184309014497,-1.21939878567784,2.19138423890273,2.55522937669467,-2.35031232428898,-4.46828682013118,1.23088486004068,-3.50407499001318,-4.99521583897367,-0.98978236487136,-2.21104361831589,-0.196722451265152,-0.527924165130619,-3.03812748965071,-3.27750389407886,-1.08818449869263,-2.39552054550375,-2.73719294804003,-3.71826574707893,3.96815605476963,-0.684835161113199,-2.04990262949927,-1.95039780205991,-1.27145415468417,2.29195365564033,-2.79212630217273,-1.72360761026779,-0.355850494358516,2.0479580307367,-0.837122400179069,0.647340774404535,-2.55556725032633,-2.11182940996861,-6.47816608678366,0.569238021905874,-2.21430603642174,-4.18563256942218,0.110572525261344,-1.1489550495696,-3.3869125665008,-2.32968848996159,-4.00502733399636,0.868685356624958,-4.13394343549814,1.6039028823308,-0.679683597054655,-1.84330975403815,-1.30434294560271,-2.52979497214563,-2.18240572612649,1.45377210772825,-2.51643429248498,-1.74140792774576,-0.946284114551569,-2.374671151004,-0.0414886789297332,-1.44124282877013,0.337947825960487,-0.21658318823409,-1.33305584281815,-1.13284717114793,0.241386380905844,-4.32618754846985,3.36317444721728,-0.219038878068376,-2.37726573787036,1.20283201004924,1.01272022402214,-0.117324588391947,-1.85577519425137,-3.14860108038506,2.11085489165403,-1.52433144980436,-1.29487809792863,-1.6497703162771,4.37000999955714,0.16933921861035,0.338798281336047,-2.24598437248626,-0.643371043871757,-0.756417307224203,-2.84209719000662,0.508795624673157,-4.5915400046773,-1.61445674753055,2.58797894720922,-1.31801563336368,0.0381091526799178,-0.928464235008174,0.289398203482372,-0.788247909745035,2.01554935893396,1.14130677527949,0.63655708203193,-3.96886605036472,-2.62427246838598,-0.764589825647078,2.20963302027033,-3.10586594902831,-0.512489472276318,0.243981028238823,0.298611570939904,-2.11378284602433,-2.40011606902784,0.349804638849485,-1.59914512185423,-3.19411839040374,0.173380776905851,0.0741978533071102,2.21861886419977,0.257618199522758,-2.78479470435418,-4.96589023336071,-2.48252794188867,-1.25503504059792,-1.92488515839008,0.558207925520111,-2.40734721133088,-0.456737277184786,-1.65593318126278,2.89153057219358,-1.40979353957875,-0.482973742165782,-2.66696117374001,1.70554723726451,-1.73434464953243,-0.42012935728674,-1.7030100793913,-6.25680544749894,-0.652078681342967,-1.92862771013717,-0.4926355161384,0.303409826423917,-0.608558469566671,-3.22339197138877,-0.130096207429134,-2.82929980987247,-0.570391357198851,3.46706607817253,1.78072599230332,-2.03242690876762,-0.492978284699341,-2.66487236502097,0.175183451614583,-1.14927674145808,0.617639050412931,0.981496450851704,-1.00493695717465,-0.646161803567183,-0.26855886419151,-3.50484294943602,-2.67454155825133,0.322750646559141,2.65170240496331,-3.39239115897771,-0.275599625188787,-2.51059537493707,-0.140382947561519,-1.56243327124555,0.201439315492147,-0.290854583575099,-0.678238919807443,-3.24801666985785,4.50135123744275,-2.78990896082931,-1.10687396108894,-5.44531490788856,-3.3969377872408,-1.13826343166624,-1.51251459922704,-1.5749288134825,-1.45137531445318,2.40263618406108,-3.04814025639614,0.409478306183422,-1.83597714268315,3.0746953144099,-1.21551264621959,-2.66213802914664,-3.59522261205921,2.12414856205083,-1.44911915267631,-0.646258577290773,-0.845343482204296,-0.84585749707259,-2.09809162650625,2.00712665414975,2.22659652076081,0.634992448106922,0.182787145926152,0.846345208844905,1.0472311635531,1.31732158114576,-4.39715204631057,-3.39542904806244,1.04470444551776,-2.60485053172678,-1.86703799166845,-2.56388070004031,1.17696923540638,-3.47530801473728,3.51764639138679,0.198666794487553,-0.250063139707142,-5.56753533225066,3.74199275558688,1.26620023303105,-0.862119121090889,-1.53292411432979,-0.0394343314296632,0.984873538539459,-1.62609596515815,-0.337835887424598,-1.68035871854176,-0.810927823246381,-2.24244309572632,-4.24838974699715,-1.30297368979872,-5.00476738789324,-2.74103223297065,-1.04330614754932,-1.0271146283918,-0.95539893491864,2.82462928200248,-5.44585908483447,-1.57451389221656,-0.976041090982774,-3.16009129419089,-1.68598572395702,2.22655241230336,-1.38595605158855,-4.76125319686642,1.0063347128829,0.252654139774571,-0.203439870054283,-2.59916129723771,-1.48301857839268,-5.00417272788752,0.0902218830128685,-1.59070061850192,-0.265464767767037,0.35214042858512,-3.06087888368601,-2.41458320576795,1.85295348309897,-1.93086034182804,3.01913386092875,-4.79594543810989,1.59079050433475,-0.619554050940597,0.124316182535798,-1.05546922297501,1.11114805599019,-1.61625128251922,1.37673094762093,-1.69388356170766,-4.47681230558151,-0.666284642242369,-0.335329241971924,-0.571460946867414,-1.16639840533998,-2.99522486502283,-1.91154556402044,-1.32704310611996,-0.375007503118218,0.0388951307991974,-2.32280372623922,0.835671945557534,-0.882456616922579,-1.13301705467545,-0.0546129416911414,-2.76262805684927,-1.76955058825852,-4.10530435544963,-3.46123720887282,-1.72279017447161,-2.63137026965654,-1.11615896064948,-3.53686516123431,0.967573317907231,-0.71985800841535,-1.91906578868642,-1.04052287552634,-2.23177124429722,0.488858933380604,-3.87633063506408,0.0141209360146071,-1.57596282592457,-1.19760819535842,0.813286091043517,-2.03652927172605,-2.71792308147369,-0.20263240372146,1.62719119031188,-1.13714708741498,-0.136522898651989,-6.36561221349912,-0.0888383766981807,0.66591339641051,-1.37638851167729,-1.70618291602112,-0.368432523639506,-0.558636810521275
"4",-4.39031139101551,-2.48727347559903,-0.631885313497996,-2.63986843143346,-4.54950625086092,-0.923572182801808,1.70701813065252,-4.85960210509719,0.601904920312915,-0.673826975973854,-1.7921109224566,-3.06595087740703,0.125743805444682,-1.0786398450262,-3.24549045144698,-3.3636168856961,-1.06850696978882,-2.03237886681032,0.0591624326291411,-0.764969860334527,-2.44275315151656,-2.79253893099128,-3.91034073036981,-2.91076420489421,-2.56314166249347,-1.97611463296922,-0.124633706338064,-1.46637388918126,-1.24487184243505,-2.24019404138002,-0.446030142205968,-3.10581403265669,-0.492680090587024,-3.47715863471141,-3.46875431882715,-0.158824125610095,-1.37620817931808,-7.13994573826515,-2.18846402194962,0.234148377147247,-2.36163395921001,-1.85234069701172,2.43868957761322,-1.14360343350314,-3.07123799271993,-0.0703816943478416,-0.0187617917834413,2.48436976011063,-0.399199195657088,-3.10549662644348,-2.62906739985116,-0.506017250959021,2.08647431755885,-1.8523071625762,1.04031833400362,-4.74909933300774,0.82419556419303,-2.00784985322162,-0.172570072250842,-4.16231722051585,-3.94084272326805,-1.33858864150784,0.488691864503002,-1.06164425086262,0.615352078043298,-1.43751656698883,-1.18600680563914,0.474865229413563,0.923106403045637,-0.402443144919588,0.912585378922068,-1.51376363733899,0.313400315223861,-1.17214964676493,-1.52514970541108,-0.232229436089358,-1.21345527634042,0.471603198232226,1.68427151564924,-1.30924689277411,0.275225520757258,-0.784012036846278,-0.50832157385754,-1.69323047781461,1.13310695851873,0.667927351281278,-2.11319031941089,-0.502227195630452,-0.87469711109409,-2.78184197501465,-0.356556667823441,-0.303768722854775,0.79536434384816,-0.303230918813228,-2.86877381466206,3.02760977682148,0.590636874697364,-0.164150576566895,-0.0513023303748245,-0.438877995757131,-4.53182827987728,-2.33973451155188,0.0995640290150432,-3.92293566913549,0.344766900660138,-0.650191778338226,0.221443520134799,-0.15366406894484,-0.685320381652102,-4.2464068070632,0.386256064946743,-2.41713950293637,0.900061526340276,-3.08838628909403,-1.44713485819512,1.22102462564698,-1.53101861358258,-0.95843477113872,-0.320169667669549,-4.74275080091245,-1.2384826553356,-4.29117614610477,-3.34687978389017,-0.0270582007199234,-0.495715187266738,-2.24077048381117,4.99723468349678,-1.43271996276832,-1.99190293133958,-0.847700952193861,-0.367180971684682,-3.90936928302468,1.5486334106488,-1.72848529140535,-1.41785178953647,-0.83317655275876,-4.99275817283755,1.6873004634495,-1.7031590919903,-2.13774052877954,0.0766127889245813,-0.67600786429566,-2.15645217449998,2.77542293434561,-1.81616002930773,-0.792929089990224,-3.04766846155337,-0.247063465035013,-0.354960964704274,-1.25409428289186,-1.68303655011933,2.04440638304712,1.07690782888065,-0.34602518790166,-2.51988943618491,-1.57457864633508,-0.588364183856799,3.01242978417849,2.26290129771255,1.36922616239934,-2.25725934066532,-1.05235983533669,-0.199699361282724,-2.41596965354176,-4.01604727085601,-1.09731151726472,-2.46211412494268,0.992975432812473,-1.42172764098029,0.478457060039087,-1.51877938408507,-4.3587262508213,-1.02646364701394,2.89592498426221,-0.798946090123929,-2.58709490273028,-3.81339930456429,-0.312767275224033,-3.33776152418375,-1.84285784595544,-3.71577797933761,0.543256416226611,-1.49325289802268,1.84544963096134,0.243104672966068,1.78750493228558,-0.956748147507798,-0.601523292032765,0.242938955982287,-2.81320495545107,0.753488370053522,-1.74776820812147,-1.23946095575525,-3.51888365871896,-2.88588465122596,-0.0417573061632703,-1.47021034182671,1.85499911920751,-1.5483284697049,-1.70936418670767,-1.21580593460851,-0.26734171773733,-1.03892639166912,-1.02905583796117,2.11304224123157,2.37803406977313,-1.83329201528837,-1.12192445588187,-0.214211469982833,-3.69697802456613,0.843966639591749,-1.26866767991308,-1.74880544219549,0.965973819469529,-0.392527343938139,-2.76716495659252,-0.680738136326259,-2.73580464378084,-3.16964506904504,-3.50479384274329,-0.0220724506056211,-0.296346943715061,-1.90748834222386,-1.31924083249892,0.500527810012039,1.31708618130378,-3.3538226691663,-5.21200232788169,-0.645536748283185,2.04687103557508,2.75468698253939,2.30112578394136,-1.33488421125368,-1.47519182686985,-2.8753454745459,-4.25962866708048,-4.53044504358088,0.736260416209333,0.342950432737327,-3.16090643042265,-1.22859472304224,0.130710850992963,-3.88575195224036,-0.584735855590703,-0.601532772115987,-0.540580335202497,-0.956817225171698,-3.82760190710623,-1.74624105188941,-1.5230057779276,-2.62020262888199,2.05138464785531,-3.5227661850226,-0.177590511017355,-2.9861112863608,0.17606451769357,-1.93862751964966,1.40789205205387,1.43083366365504,-0.0508609299685838,1.31406573150002,-1.55288298918144,-0.843859536951132,0.314669332181321,-1.33501456822656,1.21149611576826,-1.84883528655166,0.643416807743382,-1.8998180174747,2.34440223012065,-2.57571818984881,0.0930708498962303,-0.232710368861811,1.13538258113361,0.471594331261194,-6.39347294453495,-2.44235754162702,-4.27959862877661,-2.01404665333105,-1.66273516280513,-0.733581407636476,-0.782513111009479,2.87923106110712,2.18838924240563,-2.72121797133826,-0.794846454917689,0.623855634374038,-1.81255305958212,1.47631820503598,-2.25903476990133,3.11384529247958,-1.62031030554821,-1.28126837058994,-5.00397203058683,-0.163975752034077,0.981375746146289,-0.469338742510589,1.75943835201632,1.91603960881282,0.337325433142413,0.000568585702338309,-0.661898622816924,-0.963746700504694,-3.09268315585006,0.302379884036754,-3.42426122034382,-1.28725976776325,-0.0494480333525202,-3.28587915928162,-1.28332800650317,-4.83139653469031,0.673153524857366,1.05860795652559,0.736273021675295,0.796432271368982,-2.24331066814516,-1.08346002844993,2.15248835795874,-2.41388001686557,-0.578544840962234,1.43240352894795,3.01121412503398,1.48070465656443,-0.336454346431712,-0.0108043753500271,1.47939659563626,-0.464280911505704,1.17874888981722,-3.61511153540296,3.23924820273709,-1.07695474877157,-0.828117323946163,-2.32720002722419,0.074882565206227,0.17612711547704,-1.44057370019705,-0.399553228808911,-5.48524916543195,-0.585803270065195,-1.61268687046128,-1.47997786724837,-1.04263621148964,0.565257468347123,3.83320104416935,-1.34872468162227,-2.4421077675929,0.420750463080009,-1.4630673016048,-1.40675594504745,0.845394738090637,0.712591112763669,-2.51029565051851,3.67927244151737,-3.26218072788377,-2.22725903904981,-1.41304646297135,-2.58799162113406,-2.05885193426597,-6.79601028197189,1.35800185438627,3.35278647208169,-0.134900492815893,-3.55082241927768,0.420015583686529,-1.28298363023763,-0.467665351402923,-3.43581631436216,0.286829183339438,2.92224691439884,-0.645446695409007,-1.26939999159247,-6.39561576709541,1.00326933095217,0.546747634561936,0.146381787883108,-2.29129742997695,-0.770430451356323,0.581293610913694,-3.00548775983321,-2.28175027472669,-2.49401697342241,-2.38741195823029,-1.36791111121999,0.377298895907053,-3.10269036470812,-1.05332055029695,-3.3975158767428,1.11504810251204,-1.09896318196629,-1.88617200456755,-0.693641469462353,0.777154218413227,-2.39800187648759,0.283941258930428,1.41665739390697,-1.50823105465017,-0.619634522248539,1.48510985765022,1.90756101939282,-4.34109347774182,2.36319576998516,-2.60305108180814,0.917633752837027,0.255600188004494,1.89321158848249,-0.695802156911134,0.34345978263608,2.59193970441216,-1.62950070368017,1.36390492904166,0.762357004873026,-3.70286764603362,-0.406633024618127,-1.35132714027908,-1.73687819562399,2.29088298840867,-0.415129465907371,-0.491258241177231,-0.672537768281021,0.0858713532340043,-2.40953417822616,-0.0466365285585784,0.805556662857801,-1.49480474589748,-1.45323445312823,-2.15985313325552,-3.19529098681869,0.100657116259517,-0.995563386937907,-3.62249444532832,-2.79459930188035,-1.45395970662391,-0.28238363172086,1.28043860258405,-1.42683104881386,-2.30111927808997,-6.1775872097953,-0.437377348160971,-1.61490583453591,-4.30347195350265,-4.37733009870719,-2.49073269687246,-2.69393631092575,0.656874509057644,1.56305585502764,-1.01475788216854,2.93781691089186,-3.76064020714884,1.96897205547704,-0.219569378817594,-2.13009527808256,-1.15884422136026,-2.56106745322062,-1.52238943865317,-1.16941134571812,0.49795085944835,-1.14627061396041,1.48793350368978,0.605116922615089,-1.50856810327117,1.03983736842105,-2.32235161634146,-1.95801939365321,-0.773654502848646,-0.355576617546797,1.09723876976232,0.144416087505302,4.30782864712406,-1.09796351016966,0.602906544477934,-0.776849198127713,1.44830905019663,0.0340935724686202,-2.94023814948211,-1.81487991502646,-1.95061017292806,-1.54079627829022,-4.24992648445611,0.683542106728977,-2.60594519319979,-1.02309139520823,-3.00529044705837,1.88655446154362,0.871890942815521,-4.13902032704361,1.09455786685131,1.20853144552103,-0.727502043467194,-3.87993418297632,1.95341377543698,-1.02073160352823,-2.86206864568093,-2.19190712179731,1.21259044213247,-1.47799962330748,-0.462227197352568,0.162410055202975,-1.08152328978709,-2.82021089429331,0.812956684506667,-2.70283447857107,2.15300233085767,-2.54768981501903,-4.02992220565978,-2.92373883776749,0.484740826026093,-4.33482911710938,-1.42564315548988,-0.832619117917833,-2.53445000178044,-2.85705912633755,-2.47517576002888,-0.290315836831017,-3.83083806980003,3.07769025478452,0.0571961799316811,-1.66351616071593,-2.36248386645351,-1.63255810097101,-0.920785041645534,0.713204719229203,-1.9643672327428,-0.107123646147611,-0.651063779105695,0.589659468693687,1.24513570219458,1.42882544922079,-0.747527292751178,2.69643727398319,1.64399052086989,-0.776505537430172,-2.22350956610455,-1.08307676755291,1.35609116291062,-1.77249274852982,-2.08004941466649,-1.31042607395395,-4.78130117678645,-0.265886663385958,-0.562817581101851,0.971523671329487,-1.67570751016458,-1.2680184671832,-0.720894939260556,0.36014734069395,-0.944304816263518,0.541524673850504,1.82598504113082,-1.82785918835302,-2.24557832651199,0.24805250985771,0.993572682035179,-2.3430732564736,1.316056693695,0.894001323236599,0.917037917128651,-0.624965269288134,-2.72279564442594,-1.01835038865353,-0.75311022031583,-2.2526801397843,-0.228024060472383,1.34341961081696,-0.900558865237541,-0.420681778268451,-2.81755531461071,1.30342288987729,-1.03701287150755,-0.324179829002462,2.3983931508006,0.640794707119502,-1.10028721292925,-1.01497671393827,1.87242979157029,0.788578278816189,-1.16039318789129,-4.0707983714023,1.46271794466793,1.31469844019019,1.27034211784836,-0.978151592978156,2.32813640010706,2.93925438748821,-2.06469898581508,2.01882083387955,0.0460605582860363,-3.19948944089364,0.420415658742068,0.178814354503021,-1.37006122671642,-2.94495018670745,1.4742413054002,-3.80512834490611,-1.77413767265857,1.39626600012138,-0.61059872865036,-0.567611943297492,-0.76375600241116,-1.90227915076234,-2.12271584381605,-3.81674710827265,-3.49308706820506,-3.51959268462957,2.02558431906445,-2.74220275361671,1.36361731329191,1.32555212073563,0.927323605809666,-0.419274958996758,-4.07198431235289,2.36813501489555,0.503993968559584,0.636682018556986,-0.27415855495779,1.15874899610877,0.884656485758605,-1.6881754280983,-0.153985763955215,3.14605915646969,-0.945031190975922,-3.80498581698436,1.90760390474677,-1.12246464642823,-5.23059211288909,-0.318471078662345,-5.64484116367351,0.375008586273914,-0.312298857220782,-3.52791366579926,0.473540309052318,-2.43940912092538,-0.176428986233818,0.0478472893605635,-1.47706733197831,0.234151526622228,-0.680887740606357,-0.0688322211900664,-2.56413306690269,-0.0743118809040377,-3.06324949529756,-0.827619816040142,-5.39141976617224,1.57696056030007,-3.32853214262294,-4.1136909715384,-2.65386022739872,0.0839554310423667,-0.175104159156421,0.895496128844167,-1.42731100535085,-2.52670387440982,-3.47723750471863,2.40712881485955,-0.127906826426447,-5.10564432380114,-2.15736478639256,-4.39893471193572,1.6276116278371,-6.40547437933813,-0.265810243887517,0.870913540731825,1.20228675053892,-1.82512521144573,-3.44144866814455,-0.828720908821131,-2.60504001988419,1.48955622961706,2.43889123445604,-0.58600231885702,-2.96452650044174,-0.209590620037092,-0.782038107729541,0.979458605532106,-4.15640384086633,0.258999654190039,-2.34949711351527,0.907176306101048,0.212398385868836,2.58360429430151,0.149404013909978,2.15622149973913,-2.07545725415929,-1.45205847991837,-0.554458084874927,-2.51186524809895,-2.92453489234013,-0.13859867278966,-1.00021599463163,-2.26614184711978,-2.23469531471846,-5.39301102307012,-3.96336244350999,-1.4018065742865,-1.60387169678517,-2.71344942481535,-2.26492793985215,-1.4690539574983,-1.7853219605742,-3.5368333230053,1.24132445873141,0.296637935528007,3.07131033640282,2.24788391806369,2.63449292987357,-1.05463028127959,-1.09711591162406,1.75496357008135,-1.35534685531965,-2.35029467680423,-0.871100693764396,-0.326182539959344,-0.207332375267124,2.15724709242852,-0.312791885756558,-2.10338040130807,-1.05213038403753,-1.00139146713244,1.13001364171989,-1.03700990553975,-3.94471185835308
"5",5.99489443204362,7.76376171388152,6.63090924476439,8.76726603886246,8.614241561449,4.76741821327335,6.19018231263055,3.65087567977376,4.95769970078893,10.4826840471866,4.77015280535005,4.11709645951205,2.89773223774685,4.78069722433527,6.56538600306641,2.76696672224289,9.00749086330086,6.46457338521913,5.85530022084981,2.70321226491381,1.3877843037306,7.48491449593876,0.563707138563786,3.23272007837221,4.5429646293052,6.64603023550402,4.00199369688963,3.60567505553153,3.00169399214479,4.70150852749937,7.7631235886389,4.94130521481566,3.19716092471067,2.47174064015524,9.23538232413353,4.67436574494391,4.13583256193184,3.49062694744654,5.64835310219002,4.63816600031984,6.55400499067307,9.52638943674151,5.85059293022867,3.84278613977976,4.39522759969922,3.64852339198796,6.89416649517215,3.69187803741197,9.24333799176638,6.50474328926001,4.03939936751335,7.43938791217087,7.48052139537016,7.1476249506042,5.52440327078991,2.02338307536937,2.35703837342684,5.25027365463621,3.51870003422555,6.92227597509675,8.69609298818284,5.7804729094988,5.93871541382015,4.70209110206707,6.97986640541124,8.25223011339657,8.74747355059095,3.4184994600991,8.06968702760724,7.05497352524081,6.72734670768232,3.33121438243365,5.18366259223867,6.70916878306796,6.72013893377265,6.90040299023518,6.80722924568045,7.44400102212918,7.68684315983656,4.74963257676985,6.90416511872413,4.58684707850966,5.77837519420796,3.60872089256649,4.08506350917345,-1.22890376753319,3.49501275017892,0.987122608014188,-0.748948433627996,-2.07360965794234,0.229132604663597,0.724333753541951,-0.950401109282948,-2.28274653537689,-0.658433657287885,3.0223233666273,0.771018235276435,0.96681084647134,-1.65765560353183,-2.5318163869038,-2.06175935961962,-0.600917091114263,0.104668315421095,-0.283808773113578,-2.69144730715703,-2.82888479185195,-2.00643312562503,-2.51733998903433,1.09084961521109,-3.76843326573197,-3.5816334306435,-3.0146159156261,-4.49547436558161,-3.61323185438687,-1.21159249590959,0.661980688220997,0.619047570273703,1.21124222621561,-1.11025703034356,0.134954105192492,-0.911132069216345,-1.21766760335702,0.649015067413989,1.68167149880989,-0.116175961911292,-1.2765226397047,-2.78967672001291,-0.211446348615211,-1.2671199967696,-2.07861424292062,-0.788684896067632,-2.63369484805727,-2.62082592998814,-0.151922728319747,-2.53782220516176,-1.54313306652453,-0.350199891199021,0.341724591401896,0.703498112230134,-4.5388156640783,0.103624005093111,-0.689184075470955,-1.10020863313773,-2.20276829184406,0.831465285131276,-0.635007708197241,-2.50043082328404,2.53385277083086,1.79959448347777,1.18253532276662,-1.14942943788178,0.836898161734786,-1.86196534529991,-0.637082435023766,-1.27349844780197,2.11748027444101,-2.46602546550444,1.69594221793351,-4.89253393407746,3.83091880440277,1.20263151012212,2.42475032614719,-3.49551632781296,-2.15064322869802,-0.934086199888387,-3.11253753408639,-0.56262768056991,-0.219281396074143,-2.43284595702557,0.303735293230212,-0.321197460407796,-2.50691394025632,2.2514622769558,-1.7945818566776,-1.24160438031501,-0.600926426200554,-1.73880993826015,-2.41775591638767,-1.17306469886896,-0.340998163150494,-0.724009928973358,-0.517332474043384,-0.544430750426906,-4.41771378067701,-2.80626109035442,-1.04637517922356,-1.53980862381696,-2.0813226423144,-0.50181203401796,-0.715597950628794,-0.270022931443826,0.260775441727607,-0.190682704205866,-1.27288562333146,0.773890247629155,-3.83878184766162,-0.627543626545543,-3.71314627632731,-2.98618238203714,2.41302159770794,-1.55895383388253,-3.83974953111568,-0.361383653439819,-3.63118235284594,-1.8847467212139,-2.04776424985941,-2.59523525761329,-2.36340106847973,-0.895655456258967,0.782880478136473,2.55476073246382,-1.02251405692232,-3.11025468035551,1.0308881201095,3.07110595873069,1.61343479485999,-1.79873930178046,1.35340959754255,-0.035060678299259,1.79702823954365,-0.195243822665452,-2.41731244193898,2.06254116033426,1.3314146540482,-4.39995384501088,0.217160927041599,-3.7596885733333,-0.151836008411928,2.304634846731,-3.51851947518737,0.406928084905478,-1.13797906070196,0.449976166491791,2.06474133537715,-0.143473395773829,0.41579573183067,-2.38220141127379,-1.28174552022985,-2.6610249711027,-3.63926629207307,-2.34811931068148,-0.299842377001089,0.575198434521057,1.69252436013123,-0.489290716606421,-3.16567986007862,-0.560700077188846,1.10565536449947,-3.81969401460945,2.18023947994339,-0.0353297261949984,0.710935097403456,-0.270675817630284,-1.68220442916007,-1.4341745060572,1.03887004284117,-1.07001650368696,-1.77224768341517,-2.43847456953655,2.57856995267149,-3.08037146835757,0.353725090794961,2.45584350631632,0.385830375108829,-2.63018875279297,-1.01143290174776,-2.00821142998475,-2.5612874249321,-1.53898162004718,-1.82548413026842,-4.50335500189756,0.786250202781945,-1.66980440602899,-1.49691724658278,-0.0614311030682867,0.581542885310401,-3.05827967934497,-0.836633809662618,-2.84341897782943,0.311720006883773,0.134551265822642,0.393102091784373,-0.224237537585975,1.20727037517778,3.063735036685,0.697618662202937,-0.0596219210270056,-0.215209853764372,-1.22014129133843,-1.77429003523909,-3.52324612531112,0.253612232188879,-3.13750715955461,-2.73678242626394,-3.64415770067953,1.10428775393604,2.85027280636151,0.0775228206759011,-1.07033974684368,-0.665461351336963,-1.06320324850903,-2.50055023402841,0.922671270947908,-1.22808287646201,1.6419197267335,1.38328358156986,1.34198127134402,-0.769107161824793,-2.26585355997732,-3.01335872731358,-1.58879813023595,0.0845775800718715,0.0457648835648692,2.30536901783311,1.14178365021837,0.74285544404626,-0.744781126851314,-1.22649393386436,-3.98503913397181,-3.74198279401678,1.83845737651772,2.35911555969974,-0.257103483907337,-4.00742184096342,-1.97328049657943,-2.62391942489377,-2.15854666130172,-0.998082429048602,0.857251361117871,-0.824524829830891,-0.515780113277728,-2.30932041102663,-1.96945974812211,-2.58448774677727,-4.16830237543263,-3.36809071477558,-2.32667321850404,-0.869545102264474,1.21821335619551,-2.46116211081731,1.70223970614787,1.20602886711621,-4.02382538609363,-1.14900705801659,0.249995282073291,-1.77669986485818,-0.210609743993132,-3.06548826366187,0.491387087980351,-2.45111212367127,-0.0901683497846404,-4.97823328071216,-1.15953563973831,-1.73486051386816,-0.761133888195472,-2.37662180602878,-1.76199322609989,-1.51613829617458,-0.761382453414938,0.180194085836678,-4.23247499178767,0.919411261958681,-0.135956576041585,-2.63416522101554,-0.498794080375025,0.47265570327716,-0.588004799113063,0.767630934585087,-0.798597929975397,-0.686076644396751,-0.00148349217393917,-2.56419089447499,-0.69272147108217,-0.703970337747259,-2.53372175865455,0.293685789235657,-2.02577403950474,-0.839632188593906,0.367438181749445,-3.95839955517825,-1.19431979060277,0.279228036782086,-1.37732587455585,-0.823996666204616,1.89666825931986,-2.24600293318818,-1.61838794819062,-0.659734037555351,0.381662440137889,0.101629681774649,-2.06434672328461,0.926439204703557,-0.206292539105625,-0.294744653590156,-0.685956375812517,-3.21229003969381,0.40199434618647,-1.478279186373,-5.81933101223076,-1.45659105358045,-2.08942677985821,-3.21968587481483,0.489929317705812,-3.9768570741092,-2.29319098369362,-2.08349925135919,-2.54586398294649,-0.548992497776316,-0.619283603970592,-2.34610689502052,-1.05803958294185,-1.07097200843195,-0.763852791445211,-0.961360940506605,0.800761878694955,-4.21130161870969,-1.22587086956163,2.1686537332321,-2.08987773052194,-2.08706827606232,1.28643204864843,0.617161353117611,-3.79656119848428,0.82364033285044,-2.36128772461494,0.363469375293674,-4.44365294937373,1.22439405673153,-0.75737922110413,-4.14187170219445,0.160332767447792,1.02936312129697,-2.1284844723984,-1.36098374719521,-2.20225273173784,-4.38112423835723,-2.07636247759687,-1.73300345848987,-1.96274005819622,1.65906641232858,-3.54183875792609,-2.56985637669212,1.28526290662381,0.481219729490465,-0.4184922464535,-0.735439227707624,-1.11554404920494,-0.844349473935118,2.51637433965879,-0.307258242131675,-3.68443118912042,-5.5718212850887,-1.64873247472722,-2.07211961658268,4.05763424606685,-0.640809826794702,1.78646763460691,0.384356030537533,-1.699169257007,-1.23127558702232,-2.35512835254089,0.190311161785684,-4.36105911638646,-1.83749108243495,0.904905788127966,-0.987725755350508,-3.11587880394537,-0.891869616887287,-2.09913575861104,-3.34694703539082,-1.82074209223296,0.421608491134672,2.30488572821663,1.33786716830741,1.3147694321454,-2.41602357335209,-0.824046739563536,3.13432853264508,0.401090913674572,-2.05935456343509,-2.35453589720437,-1.25000504697301,0.0838533034665354,-1.70234887917078,-1.32824480371861,0.0831661320257904,1.42206839575714,-0.428121557340959,1.24076759524681,1.51276105906539,1.76795951946978,3.0503951992209,-0.911806387715403,-1.54349387310775,-2.03368690128412,1.82620194847695,1.02013177616977,2.75233251377187,-0.874413779670399,-1.09607941476055,-1.44630799437374,-2.8489529752573,-1.68783979175938,-2.16154724013919,-5.00961588900509,-1.60637083759701,-0.289395876388805,1.9970022133935,0.040201177406564,-2.74788685194073,-2.5414540938775,0.608085239912649,-3.63948899220619,-1.75789484819511,0.558494802364916,-0.85753453033822,-1.48272701533219,-4.49580102355866,-0.218879467665021,-4.65313891186174,-2.57787959019566,-0.558563859265992,-0.0613683275381816,-1.80832216074846,-1.74803565592072,0.11731995850432,-5.1743582281293,-3.60469379196612,1.4421084414087,-1.01638467164283,-4.53035224618716,0.272083707712206,0.51920357938892,-4.25137796657325,-0.701420468188331,2.58369142169446,-0.602068798634388,-3.20598943019992,-3.45814848334397,-3.27258702528113,-0.410630279630503,-5.29122989197621,-2.60227902285111,0.565067443338477,-1.35533427246307,1.13902955187839,-4.33273954380928,-1.33099061031035,-2.1274417719822,0.405807186457153,-1.17328930873115,1.91542056984443,-2.12944859732933,0.989912006404074,-3.23556857793749,-0.438985324517756,-0.777092444905125,-2.36786290565522,-2.31866471732728,0.697995862703623,-1.42370014491925,-1.14714099129899,-2.28474426744864,-1.26487807836828,1.11581684868257,-2.77310997401006,0.991332118038004,-0.572374726198837,2.1299262215157,-2.8575949773536,0.0572070109073344,-3.6223334750125,1.02141103038509,-2.42647060130344,3.55846957573628,-1.41682485606564,-3.51702718850026,-0.648758543900765,1.38543151197773,-1.62578362430714,1.95687631577949,1.02675477241485,-2.48598769349598,-3.86253289932446,0.896575495402554,0.722448088481808,2.87642636692786,-1.75787522352376,-2.65881242759257,-2.50417444960985,-0.0900500867888213,-2.55065375648703,-1.56702627084055,-2.31655697372234,-1.04475821598713,-2.03475477944864,2.22692804978255,-0.0333474253804281,-0.799102015831868,-0.335323578090981,1.83824584529671,-0.237358011275763,-4.68062969065967,-0.890106771269187,-5.16057525441522,0.413854927619901,-3.03038321133468,-3.6081973660422,-2.3046223682781,-2.4963904315214,-2.84265357496935,-2.47488594922034,-2.75026269220358,-0.568041760494567,-0.549880885354205,-2.42311673970452,-1.08408042245126,1.27814240830027,-3.77766762485164,-3.60767769606514,-2.7037974413811,1.81834875422314,-2.04608651810786,0.0747197314723469,-0.668291704551915,-2.16970441090682,-0.0800706161094512,2.62243241476687,4.05638001691775,2.52812028181615,1.34937073516018,2.45288236112163,-1.0372520996582,-2.58878015896465,-4.7412742296561,3.66813869961604,-1.08372166229112,-0.548762846245281,-3.5410355152762,-2.17496376840387,-0.895467761944442,-0.81608743157843,0.0636683266992417,-5.75095299667415,-1.41415381130394,-3.3344592924858,-0.189711267702922,-3.25110707654803,-1.64682939766631,-1.58886197745479,-1.7820295841622,-1.94173786590406,1.71983714563685,0.418931542687635,-0.2464935928873,1.25519982021524,-1.83538826222202,-0.628609640164216,-1.7923068042668,-3.47896827403701,-2.51463446855002,-4.05785092628226,0.268903518129549,2.42845929585446,-3.26621635723183,-2.48593073887648,-0.915935802518108,-1.15069745498246,-0.513752375805428,-0.737620838767387,3.91108862827234,-0.00273595409762883,-0.911016066558703,0.827183559639976,-3.46557546388051,-0.929684620123599,2.44813339759147,-4.72466471608021,-1.05543727182926,0.257689938700065,-4.61911741376497,-2.58593562155355,0.714588449717616,-0.0487985364420923,-2.11963266295844,-1.31509452627733,0.144251867459658,-3.20953400520194,-1.98958808978945,2.26732366273604,-0.861929468708221,-2.00350538796465,-1.31780773390554,1.67116090691338,-0.737149398101036,-4.95547303660045,0.561060721010584,-1.44813767254009,-1.94716090778516,-5.20270794032007,-1.89545971194686,-1.79509645056138,0.615263423507633,1.02677027631799,-0.0539372259692519,0.594871836322065,-0.0524068233353038,-0.712111329988298,-2.42582052160948,0.12582851932492,-1.1205254870278,-2.58207611597568,-0.840075172643306,-1.81245496574071,-0.0270044491896325,1.00756901611798,-2.39558315086844,-1.65649429095439,-1.71367008554034,-3.65834128874975
"6",3.6743762081587,8.19137703806409,6.5385837404051,2.81249848594626,5.00211490548287,4.65202062574426,9.63690843450566,4.65261396298222,4.43402441631632,3.7245612461583,6.08635827142892,2.78096289809982,9.07228524725695,5.58122505218444,4.60610846168417,8.83856891376632,1.13537887351993,6.32947842706478,6.21102012241984,7.45101891021733,4.83463234594525,7.20808559734336,5.05441676694826,5.41807791847678,5.64663288031183,3.59139908718418,4.4541306972944,6.97651056770313,2.54247373838723,6.03928472157209,5.02540801539,2.36987117633109,5.43650090951874,1.74587705388082,3.66440113044675,4.5756931951339,4.80881398478399,3.28206404427648,1.63707853857612,2.29746886325974,3.55417949222508,3.56004030236754,3.93340752958504,3.88210262080315,3.75792815470835,11.1357413100852,4.98031084909197,4.42361389632902,6.72654680656466,3.85529968996481,4.59846244592024,2.10405445282678,4.14704755823559,5.88240961274747,4.32301099081536,4.05309993911554,7.39726332470988,6.54674352159565,3.99055639312111,8.7588945711011,2.85455282149698,6.68469263016832,4.44853454338283,4.64627952433571,3.65782059389242,3.23887815272667,5.73544213073782,3.75925399068423,4.72216112947474,2.9727629614605,6.40228367349468,4.19498370635482,3.77226536031616,3.99158726966958,6.59702556221612,7.83268729090017,6.51947657709958,4.19974794967088,5.05326203378668,6.65724689947301,4.49010670225823,5.556902910078,3.62869732246765,6.40804365231577,5.2905400342196,7.30809005027114,7.65432591682104,3.45192501040474,5.99706899404089,4.69948454706187,7.64216622919505,5.76859625595031,1.6078616875179,5.79631400166307,5.09898198506333,5.0786391085805,4.85476673029678,6.28116803035017,0.94799118460304,4.87527387281727,5.16189321108732,2.61139274562829,5.18784927794966,2.29023897377962,3.319969685867,4.20481158652875,4.31960406951238,2.27679343236218,3.51860756962858,5.55815610249055,6.52363360329703,3.14554827700587,5.0451621456073,5.26168509579556,3.94499429899332,2.56349014596531,4.74938481798026,4.39519315740274,7.01915295912475,6.82580675112184,7.41089503378061,5.95673890475698,4.9872837534003,3.44935313584006,4.34448371048945,8.65457819715119,8.29120180090419,6.43829954207305,2.79397428588203,5.21202847428231,6.38412138540677,3.43402556000199,-1.51118360056111,-1.89404224691457,-3.86944273712049,-1.04316064398113,0.580150368796776,-2.19803269139416,-6.17954361935228,-0.757530279195383,-4.67064875567602,-7.16674476419672,0.832570823205324,-1.22173510355569,1.26247330921067,-3.84855218494842,-0.858511206787281,0.660194901103375,-4.27821798474075,-1.30393535926611,-0.455178013246262,-1.50759949250692,-2.50285102447384,0.934320000177775,-3.15257952232988,0.778575440233919,-5.11880113642126,-0.939722493578615,-0.437336313203621,0.204919142813856,-2.93376974230866,-1.40353742666904,-1.5803411227814,0.915049985910889,-1.09988724922375,-0.818571990618869,-3.21823804816858,-2.2424231689829,-1.41973434196942,-1.13604899502894,-4.59764017377108,-5.25729332221776,3.01741226232437,-0.923924891772464,-5.41867246335558,2.06647499923784,-1.57947028975749,-1.41301480332705,0.815035757580231,-0.803294119826817,-1.42370938848636,-1.01297246675428,-2.3774589911326,-0.65695916808747,-0.583880842411432,-4.09273261320706,-1.23700980466919,-3.88932510975567,-3.69932628651738,-1.7946115304797,4.77591870059294,-2.67580320375646,-4.76763486166481,-3.73937935787215,-0.898964705227821,1.16932685799986,-0.762066621047724,-2.79577314939804,-1.60914472281825,-3.79040249195349,-1.03590509674416,-2.22650488502134,-0.115350393325501,-0.425641574712417,-0.164974338846692,-2.52791934254243,-3.26113436861413,1.99773475482631,-1.67109018867728,1.64586530778414,-1.07794919234243,0.701555425074447,-1.25068773004631,-0.743120499228622,0.423434536362559,-3.11158991550145,1.44729709012199,1.11123686099642,-2.93903037023929,-1.07681313656993,1.43142945183127,-1.09791084413241,1.36329755738627,-3.15344900571144,2.32591893439315,-1.04279839827746,0.397720853427833,-3.60048384351531,-0.363041373276763,-0.731459642159397,-2.01132470783982,-0.957358674175377,-2.01873992711377,-0.837191893135413,-2.28419484822153,-0.0230707912394066,-1.71292146905235,-2.61528907349324,-2.65294966930172,-1.2221850509635,-4.145488062586,1.24409041183999,-0.987280424398455,-0.164954997576586,-3.4361777169803,0.910595103592776,0.584246472391794,-1.0107586349393,-1.57071492435844,-3.58373220564069,-1.52278666723883,-1.77485945551197,0.138782239868958,-2.59074540283041,-0.457145084435556,1.97152145841823,0.00845783727759497,-6.02732182661488,0.151556867042101,-1.44127332659068,1.63418195284476,-0.0513289850136553,-0.0774728123412611,-2.21710598416583,-4.46435858812793,-3.06153686306439,2.92126556034294,3.14547150672852,-2.6968849288211,-1.64161333854824,-3.56594714703623,-1.32367965558734,2.03666769754086,-1.21553748499263,-2.50084821722074,-1.43376558257688,-1.83124390914996,1.23784206246284,4.90424932428406,-1.10498278103291,-1.9975555889892,-6.5015456047163,-0.952185554372854,-0.30452208708742,-1.64064456143048,-1.82941711413159,-1.27715324237531,-2.52980698074832,0.295330566874282,-0.0161472361858862,2.63109062403085,-4.10725315400679,-2.30058945105432,-2.60645745096393,-1.41292888003001,-1.20190592055618,-0.101098777948357,1.81815719532419,-5.99524418013622,0.867170321878489,2.0234400389899,-0.934059666758029,1.50227579287439,-2.521289973399,-3.04211686230129,-4.12427004159435,-0.595520172883296,-1.16092388349937,-1.12071238415537,-0.555808522698433,-2.03063633815321,-3.18354930537758,-0.460754669664862,-2.08803379411244,-0.448586657260041,1.45669858822561,-0.265482857451443,-3.94899477318371,1.30988794352354,-2.90323638124698,-4.85528622670805,3.22203679170828,0.963276575593289,-0.88936478494818,-0.507132293535458,-3.16944950124923,-1.06243180604893,3.21098099461196,-1.31171917038245,0.178143674373834,-0.753994921019648,1.25391675795203,-4.5828365577605,-0.749061526719774,-2.16048199243628,-4.09237514748008,-1.44382723418246,-3.98359213233033,-0.623389984664882,-1.05914567870217,-0.741419072329069,-6.06725854247385,1.63797202123546,-1.55628393600475,-2.83926325683982,0.911877821347243,2.71367549188467,-1.66458422282893,-2.83285755272694,1.29103851636698,-1.97601351994633,0.679405550359924,-0.523087270337621,-1.35067486701301,1.33562621373014,0.775189757903984,-4.89411216282745,0.527047207390491,-2.3853418434974,2.87099771839233,0.632949686375327,-1.64883602632743,-1.60523425658805,-0.157729202182318,-1.42801892634881,2.25182211598278,-2.00399088332338,-2.06218218567813,-4.32468126406213,-0.993162687746401,0.0880299203657164,2.18870267263663,0.100224897146985,0.11333474282056,0.472440861805735,-3.23819895257761,-2.64932725442979,0.798790129472029,-1.43883743488737,-1.87914154127408,-4.01686876018691,0.91944645095383,-2.37935871898428,-1.4632945580289,-0.697412976076244,1.36835735507479,-1.03687024442605,-0.740537428961695,-4.26111446941849,-4.95355069551442,-0.0395041108769265,-2.45804845949196,1.24247711390897,-5.75642141377009,-1.64562343811917,-2.35127842758453,-3.57510257059742,0.905044141035342,0.346675060136576,-2.81233694004507,-1.06377898894482,-2.32494014792058,-1.95833945710942,-4.83720868598886,-1.22410300188001,0.84299986856497,-1.12503528946381,0.359999663132041,-3.09275083999874,-0.308060576258684,-2.28204125508436,1.43191690332558,-3.6307323971242,0.386839630527451,0.709222200908191,-0.763393570917634,-5.76248104769928,-1.28641685060563,0.091826627878175,0.509111423899512,1.35373623541533,-0.0264822258097205,0.440142595742864,-1.89886240706116,1.85199751043835,-3.15867635529117,-3.00617515387752,-0.934668118338094,-0.00507464635587418,0.777222784833163,-2.53339688876776,0.0960734341385878,-1.7526079834467,-0.19537135535552,-3.48064789638355,-3.52425098309689,-0.033467109063224,-6.92824849229307,-1.73814276374801,1.26809295228192,-1.0623640106434,-1.65030531019721,2.00977089298923,-4.80409177362038,-2.04151495103756,-4.49141290927016,-0.987159359377953,0.560040752203112,-3.04540520066385,-4.21513329821057,-4.18294782285132,1.02009938411153,5.21403975560042,-4.81538681566787,-2.31882335610844,-3.25030618935147,-1.28621981447875,-4.1160290109144,-4.50414157660776,-2.05755640639133,-3.00421428428582,-3.4523941039181,-0.265058913275336,3.27346540273775,-1.2807905617674,-2.50372513420785,0.96524077504075,2.22674300585782,-4.69718778660817,0.635357485495839,-1.69629420590709,-2.34708438286791,-3.23082469720395,0.0439107372172585,-0.760861954380067,-1.83526925180387,-3.44096373487475,-0.174703729209535,2.16631915737944,-0.955765749815592,-1.855213475129,0.061992123328386,1.29584653882176,-2.66304989853369,-0.509493896171231,3.47813732945496,3.1810556218495,-2.12431782237332,-3.93050640037378,3.68156564926711,-2.90411274994246,0.187138328708217,1.20567277134312,-0.873146941968454,-0.063275955393723,1.77277329706858,1.66693361328231,0.0708078684005335,-4.17616112661575,-1.76227127018673,-0.948686631310606,1.67151197611212,2.06453791398732,2.1684232382913,-0.887255426803644,-2.40161845893423,-3.96814282261593,-2.27882627152166,0.965639798983847,-1.07141023525517,1.27604460684133,-1.11506048838954,0.0836242712365678,0.309399604852015,-0.239367387436696,-0.674517415288217,-1.41046986601136,0.0518688444577737,-2.97323354743483,0.597843741473679,-1.14209251923925,-1.96877581939174,1.42483059390094,0.507957909718375,0.74014627512367,0.432641902340503,1.40228164238221,-1.18401738307969,-1.65019668289383,0.83579445454831,-3.20337651582132,-1.71317163656939,0.710534497230539,-0.803217466469254,-2.92726358854923,-2.09311401029883,-2.74320822837654,-0.66288396655557,1.03222983415994,1.47223702181927,3.60081662107083,0.231463797684669,-4.26697053811827,-1.15745563567469,1.00506166233726,1.51927536975614,-1.52359620962914,-2.78028283439931,-0.407048311329823,0.368766374346039,-0.658592665992484,-1.58948843967574,-1.36068261473869,-1.8307927604751,-1.18237407531177,1.34280274794768,-1.1180457035035,3.01107353614814,-1.48780954599912,-1.76009642889095,-1.17034438483607,-0.445545501014775,-0.219540053031225,1.20086978114964,0.728340895261057,-0.924137969599096,1.05140848016385,-0.315069333627566,-3.8575035278041,-2.42570115648391,-3.6472618770792,2.0784188813173,1.42499658305143,-2.41011288388468,1.1721293597427,-3.79186553236209,-0.537147248972064,-0.703331977034081,-0.73533744476306,0.485372484965861,-3.78732918878625,-3.86201487125722,-1.51168192427427,-0.736342407673674,-1.23859641742395,-0.852852210070772,1.22504595905817,-1.79112021103203,-1.12043671071869,1.0663963788397,1.98210535032233,1.81303772908237,-1.69276608083869,-2.93847992188919,-2.73477378561185,-1.58643276379268,-0.125079771012558,-0.368856245880605,-4.87657214747276,2.44633274754431,0.447988602420475,0.852017214319496,-3.82459696472824,-2.10373769499825,0.794594749366355,1.54447636084746,3.3265895373932,-2.90857790967045,0.777376668024468,-0.544397326733421,0.0930216316752923,-2.10479848110428,-0.881170129162343,1.93911903923232,-0.206527463798785,-1.90721705932062,-3.6135874305722,-3.51472142386144,1.22362260417707,0.569302931941561,-1.69324056412705,-2.89245419342914,-3.67187706373399,-0.129570818016447,-0.932896280517677,-0.144087721309449,-0.937103031110195,-3.6874687517737,-2.71282990478638,-3.24417277772551,-4.12162833352126,0.305799227394851,2.19075315195093,1.57766649485278,-0.987329376509213,-0.0405984311347388,-0.671844772604769,0.176660875848858,1.36053324554257,-1.25269876276725,1.15071684843903,0.0804456412063586,-2.55541016557313,0.807491133113885,0.482383591765448,-1.35122115638196,-0.876081427756751,-0.707100890647924,1.68455530190918,-1.63027976563383,-2.15440377159842,-0.741851638339762,-2.20289125236002,-2.63863823101538,-3.35723669248372,-1.34962364995312,0.343572101249011,-1.48671132192037,1.35280913759322,1.14322683291441,-0.297881953410965,-4.11625787662779,-2.30812789620083,-0.443653897961414,-1.99566095723753,1.34748266942514,-0.0986170144851651,0.475153016913516,-3.32913259380474,0.236569223514479,-2.54044813797976,-0.1181303101415,-0.622686249826491,-4.79742068145542,0.566873233953052,-0.588944360647025,0.717624838688384,-0.902114885316751,-1.37406334231815,-0.231653495728316,3.53783167700851,-4.72662463029801,-4.14333411414175,-1.17200252600894,-0.280490514287478,-1.94507717147986,-2.18993245132313,-0.200264142735365,-3.86214265354488,-4.02765327837734,-1.90366745063765,-2.80126332183156,2.18036449068754,0.430624258747994,-2.25304883131534,-2.30963463036169,-3.61408284000996,-1.81323043882235,-1.99265412830044,-1.64875153380067,-4.62658885879982,0.582922567841295,-1.13061627943905,0.439143234241643,-3.07765433062261,-3.43631593081552,-1.43471240241094,3.05335298642302,-3.61125271265894,-3.01579541528238,-1.56077317970882,-0.475274090028946,-1.78887082106769,-4.20922590720718,0.483658320036355,-1.66124666611833,-0.814239440999661,0.0802486343084665,0.30897513581498,1.33596829621705
"7",6.21356698537579,6.08428268306006,6.13141202867108,5.85229930454668,4.542077826052,8.07298657222176,9.58198473943233,3.38472672025885,4.76109161443216,6.03966279031453,3.88879867354874,5.89859129031482,3.07386754730202,2.64584934838903,4.2691408647845,5.71633735869945,4.20207055007618,6.95983793484536,5.28025938346648,1.74091897955698,4.68255511451955,6.60085453136889,4.06677954706859,3.40628349438914,2.07547325112718,8.05531492755137,-0.426708315449502,6.02924376343339,1.63300586296369,7.64651386563722,9.23557096405162,6.05248252928664,4.29657429757743,6.83402232894645,7.09045105793856,8.21982231549189,4.46216659068449,6.76629071741304,7.2019118550327,6.90872919804329,4.072937119895,6.25780461770241,8.50587362692583,5.22248181607507,5.63155164177778,-4.26644100043706,-1.80345856797654,-1.60641573388742,-1.0768253680269,2.18313327841151,-2.54672130449875,4.95434914956814,-1.42149012543561,0.701401633042843,0.254894145283513,-2.96975583124783,2.4527828568593,-0.433915145194476,0.810439867589276,-1.13493905207926,0.229651216449808,3.50505855756604,-1.94546727059825,2.90458476042679,-3.10861234363387,-1.76238896400799,-1.91203358666109,0.887258736199954,-1.06582227789141,-0.377900806271404,-3.31138103891182,-2.50377188713126,-3.93232877278926,-2.03626237398541,-1.8508443106448,-1.46065238239151,0.0670385579593078,-0.0479951078548108,-0.668267117946399,-7.61073517798495,-2.05171175041879,4.28227937066406,-1.90780546387098,0.614013163942498,-2.7497517348403,-4.84663933582164,-1.22736978899956,1.78914006204474,-6.46726115418892,0.610108444254194,-2.42026505608187,-2.15790420569608,-0.462165074208,-1.32104489961633,-2.75116041952378,0.183902394063921,1.04635292587891,-4.08201581655454,2.16764174818493,0.86650717834765,-0.301725009557394,0.485445875201233,-2.47118211543739,-2.3377607538256,5.75946654096975,1.88855658848748,-1.05585272183388,-0.303869968264268,-2.1683385782166,0.283573035400528,-2.5746616144221,-1.16581143788976,-1.93677669940739,2.06078304584196,-1.53424484160886,-3.19498794008042,-0.122925088929615,2.42589408636602,2.06103409857868,0.234019104471693,0.257585803566273,-1.54036568412692,1.04725618355988,0.97173337707976,1.09307772048995,-3.04510443939408,-1.47498769701094,3.3415921127988,5.03709590453886,0.379114499038648,-0.795717066637589,0.171977379136851,1.66650897433204,0.194978185913288,-0.610449091064435,1.43630725343999,1.63219710803113,-0.927491434510309,1.26993706255764,-2.66393873298148,-1.56580091529882,-3.31169395997623,-1.13006627866013,3.31631686603162,-2.79139318107478,-1.96625915918001,-1.87068523452595,-2.20503360297243,-1.22356469429524,-0.994064256131691,-0.550315184022471,-1.25471741140755,-3.58556983103477,-3.35859658427952,-1.84365152886522,-1.11742085911076,-3.61921625660487,-2.112497233231,1.15480739620448,-3.04240008296974,-3.11754654915161,-1.98595467499701,-3.80426033275312,-0.437306917790161,-1.23753129186916,-0.4664515959886,-1.8182530746423,-1.86694612841732,0.557310749680857,1.96795738235782,1.2661472610939,-0.957000001283943,-2.33701630825469,-2.20817085339222,-1.8491940912205,0.129656257651434,-2.8226598160261,0.655414365553659,1.77321075022156,-3.48108060173641,-3.29856143003729,0.100420556035159,1.66641790355851,-0.327326935616743,2.29160192546984,-0.569740288573179,-1.03371008150033,0.229378884720561,0.487832850702905,1.60115866179011,0.726797863173557,1.45237135748041,-2.19547331454158,-2.02280497756396,-0.00931124755693646,3.57743500218943,-1.69755558355429,-2.70667236149941,-2.23014458396368,-0.0435979068543502,0.281774715600652,-3.32782550910383,0.265473171503395,-1.58612818346764,0.392037849007911,0.60578701811076,-3.91604886434936,-1.90380288838123,-0.457694093999806,1.41134318029838,-1.9251822578875,-1.51467543973689,0.939255731867269,-0.663298273928759,-0.0928053660898092,-0.435851163508588,-2.11816703483947,0.940522606106552,-1.64219619165922,-2.07835108556886,-3.0689856494205,-2.80441793315044,-0.182235516476204,-0.704776445575677,0.0916376341426828,-0.650759020795569,-4.99439826653587,-3.45863099696997,-2.02909846273098,-2.52396781991409,1.57436305777851,-0.313450464047943,-0.967878698868341,-2.11483615198566,-2.64808556443311,0.931747459657425,0.287455574167345,2.63746432695873,-1.77040703628961,-0.824032889802845,-1.88339556859239,-0.221171713711795,-0.349108899277803,-0.10456743971782,-0.65781244645341,-1.46903701100038,-1.93832717446447,-1.3462085241683,0.236019484926766,-1.03643551036525,-0.818352562150412,3.19479439569125,-1.1206953860619,-0.73683459831599,-1.41349585737479,2.07077639622391,-4.78733801732286,0.0834068931739178,-2.73127175336416,-2.57051822953641,0.0300092355219514,-2.88504560177715,-5.27458612450455,-0.37858150552734,-4.10899321690779,-4.91676645874965,-1.56417798664791,0.425387146588289,0.0360140696659708,-3.41397495945726,-2.63629639608842,2.00365092055195,0.562287594917919,-3.414870780386,-2.45644726117328,1.64405460465352,0.632758277025119,-1.57109320736883,-5.98389045239915,-0.988317848698049,-0.640162038468875,0.277158971179909,-3.97142739940049,-1.68031727764266,-0.417999571285204,-2.57409568483215,0.276197403143744,-0.529668224282851,-0.607227042016151,1.69841494217907,-4.80111206926192,-1.92211324336039,0.583578932577297,2.98289613126143,1.10329874147273,-2.01651547718992,-0.441196943691812,-0.159570530531407,-1.00191459035979,-0.582005040173882,7.7655589034071,2.44401588945105,-2.79182473891478,-0.560286615028503,0.490153927155548,-1.42556246487812,-1.20725886137088,-1.96695044725289,-0.219665172672404,-3.2817208069616,0.365457145692975,0.254385330279091,-4.2473006962248,2.68120911750079,-0.925139985330019,-0.936174904166924,-3.42071780880711,0.27630766329603,-3.72616865743265,-1.39827144526979,3.62819208453938,-1.05871484207681,0.0208883884696764,-4.03683275490288,-1.99318669996861,1.43399710800753,-1.28188935101817,-3.70094996370391,0.278114023738347,-4.3067194004226,1.18997021540241,-0.937559460049637,-1.00901405071533,-1.90680895978558,-0.36031245990234,1.46067729139214,-2.78480750966518,-1.78191282122307,-0.61761705368419,0.903400025091808,-0.704994618529887,-0.498652705390232,0.739862109255459,0.40932087302248,0.0432188021272577,0.565882226253399,-0.92869924968808,-1.30539457022454,2.28288009583116,2.10320599576966,1.34275061285349,-2.24912665939404,0.22333134516941,-1.17104992038679,-0.252353590646282,-2.22292349718549,-1.44050333094247,-1.30509130000708,1.9428969652016,-0.34758175274795,-4.26938567085765,-2.26913672974998,1.10833096851772,-1.83490507634919,-2.68395947535027,2.75259388369,0.0681562842993446,-2.47838943327071,-2.28562151685045,-4.02993791576479,-2.61001028633429,-3.10616072655446,1.01924286381929,-1.11717136331934,0.297061815111361,-1.23940349628,0.954667076780736,0.404223965033789,-1.2677769567122,-3.31843271806612,-0.136526341590393,-2.17343721583679,-3.44259944708051,2.09660006688146,-0.858068654232064,1.39382175701158,-3.54187814511645,0.717097030839763,-1.55316076982463,-1.69873331320838,2.68605428512513,-2.48048646601087,0.395244444525078,-1.67411655217815,-0.938895823927819,-3.65553789091645,0.192717664251093,-2.9759021710306,-1.11789652448015,-3.29363444245661,2.57181839168111,-0.337921048900985,-1.44063096380272,-0.242987785141612,-3.16572836465851,1.98547530788454,0.418412973844469,2.81620725636657,1.67844060822919,-0.60063965714024,-4.81100186454551,0.134482855225808,0.319573293717411,-1.20344738739128,-1.155956813855,-2.29167122794688,1.36106891677836,-1.83689788854824,-1.30921365408855,0.535012477654125,-3.35314653010307,0.92032826440454,-4.53964450747924,-3.99274512089418,-0.453775937482543,-0.266633386874824,1.01983364630838,-1.31398303962675,-0.102029622540511,2.07453901630118,1.02234594408801,-2.31970684044577,-2.39884778875899,1.99902762498626,-3.57670780691062,1.84788618603325,-1.34580273867584,-1.15209037584329,-2.19628968484907,1.86349856815774,1.02493972722023,-6.91770780295467,-3.29422298951493,0.366345028187472,-0.439484303391085,2.62465498652862,-2.40028812172107,-4.59094086431914,-1.2403649735945,-0.0667155101426726,-1.54149245284638,-0.122684624465539,-2.47055894175123,-1.77894274847731,-2.28248480562599,0.97845918722813,-5.09047434824443,-0.423757161186636,1.2455606014881,-1.19967556490378,-1.43576340140384,-2.2986894235022,3.18540108715042,-0.951996468095796,-0.429683296053231,-3.28087370628742,0.975051575537834,-2.4516563107619,-0.320869488924726,0.0609795903830606,0.696171118022159,0.401886367993319,0.30860825849766,-1.65331005274897,-0.990103495066064,-1.2131513755554,-0.704827603421849,-2.34873892978429,-2.41335369780507,0.143891331100733,-1.45512835724155,-2.14273936996042,-0.0884312156402769,-0.576797677538383,1.55055813882368,2.38424880027272,1.5286385495741,0.886469267637541,0.18874252204985,0.73432048095375,-2.06373014056074,2.92323577751985,-0.508568203022179,3.00988571053973,-2.4544896907083,-2.90827834001504,-1.00423160770412,-0.638877772994628,0.160763862227914,-4.67378464111555,-0.715143313049483,0.456295277179218,-0.163374559782073,-1.67406937311754,1.50819353516098,-2.6071721337368,2.42690769240353,-3.53130562864579,-1.2466260450691,1.914104881985,-0.615665237169232,-0.65223301170738,-2.1225498444242,0.900523019050554,-1.27595862863424,-0.837177184406013,0.761811744840235,-1.49348033021377,0.0365048803684425,-0.870646662127016,-0.138164886373668,-1.22766578595832,-2.19259886854381,0.756328704826651,-1.06991973659119,-3.0872140333944,1.30494553045884,3.64047240763062,0.0490358312898194,-1.64990801328476,-0.743153372133482,-3.43502703954787,-1.00795220719254,-0.52748278066728,-0.414352718072786,2.99584050339827,-2.39032892480394,-1.31727550041951,0.922548057224712,1.41062908520431,1.39561511988696,2.5417250771636,-3.80915388329799,1.02818419253257,-1.70704124697444,-0.21410690641919,-1.75442721516882,-2.74871705323352,-1.98478858345056,0.933672841844397,0.483834440882387,-1.44820378191465,1.04164965358321,-0.594372612256057,1.24356753892123,-2.54474456863733,-0.273591897576748,-0.0922180199809491,-2.95498261696323,2.34845671364555,-1.27103079531555,-1.4834128821124,-2.50792579434333,4.32635125330992,-7.1497929906681,-0.553702117338499,-2.98263074579998,-2.2997652299903,-1.34446139995061,-3.83002941297406,-4.60681139311004,0.265110377933471,0.62821187172126,-3.12514956340434,-1.91860596338065,-2.79450178891825,-3.42544923042241,-0.874805930097684,-3.72085528510557,-1.60945961294516,2.49729277490962,-1.5169228860068,1.53327485642351,-1.65193896569244,-4.55098393493203,-4.37441027742045,1.43786944075489,-0.361705836941068,-2.568137314831,-1.10239360225071,0.73857892151775,-2.67980809081298,-3.00807623983852,-0.129356471749793,-0.152500018650789,-0.895331361261204,0.491059518416652,-4.78699335003648,0.0965460272306868,0.163912164898803,-0.988712177983732,-1.27921478970857,-1.77567012380322,-3.13038397010667,-1.04931500341784,-0.656621852937265,2.21195944819391,-2.19542171391017,0.335544007234719,-2.60608127457753,-1.57183103985473,0.539543044641027,-3.42685420339198,1.21578661529728,-2.70086556400682,-4.00616002475176,-1.13402497116032,-1.46262077285924,-1.6250988675385,-1.41060558534338,-2.05065765745236,-1.29905915692821,-1.05140754250615,1.45945285778443,-0.24378790893658,0.342892892572163,-1.83460619546473,-5.31800879223686,2.62405808684402,0.160247087640987,-1.62704301999626,-1.21312080301125,-0.516082268445761,1.00896769551993,-3.1976613649888,1.01233726454372,-0.425486142916383,-3.8192946801655,-1.21794903944375,-3.41836868992251,-2.44401682414263,-1.28099387504036,-1.43418679949111,2.6868603773332,-3.85638515276883,2.17030415280917,-0.444751786415111,-3.13444930461739,1.10219186294316,-1.58584552426457,-4.66400910027057,1.50063451462392,-0.217167818470849,3.32141848569745,-3.05816610072605,0.822104910102209,-5.72804404843694,-0.859873600678893,-2.922184408158,-0.157631507677313,-0.798300060234022,-2.07405401561445,0.215589754574973,-3.3476330329274,0.174109286815668,0.216314875875336,-0.553605637758714,-0.397853087429175,-0.901787966304645,-0.816162110741744,-3.48307683927931,-3.05518996927002,-1.38339414622932,-3.59196916508156,-2.94058636098487,-2.54799201169732,-2.91714946015906,-2.94377961795452,-0.962070032423118,-1.11085494496819,-1.13502061530581,1.54301927026065,-1.53237665208662,-2.16605186508434,-1.84929136541386,-5.16985089375628,0.09293307591448,-2.14212992154583,-1.05327521985765,-1.1347379769008,1.60037558848004,-3.3381822252951,-0.30981746323474,-1.62303160449429,-2.42062056368414,5.37089829325696,-1.46620675551467,-2.76865785307723,-1.23086124466095,-2.50353454181606,-1.37155194619474,2.68844217548652,3.20988931363579,2.26180227995828,0.801688540517641,-1.59189549201241,-2.34142729454254,-1.13879958910656,0.0777109035725887,0.247145802411742,-2.37810345986914,3.19394525740433,-0.698841891120528,-2.24190511728948,-3.23326907641681,-0.596641155428898,-4.49943594701535,-3.61468444434726,1.75203567904901,-1.43470406506072
"8",-3.15882995872696,-2.74535908337448,-4.83250234916034,-1.4622993253508,0.197638129041358,-0.794754344696545,-2.72464562159883,2.39922258246047,-1.36446196884738,-4.04616105093285,-0.626936867186731,1.9383805674175,-0.379083195281036,-0.0363069807885326,-0.586262937813191,2.93771176679245,3.20181387704156,1.51703651749794,-0.701615018743715,-2.61327444398586,-0.653729898093579,-2.05294652080159,-1.05113780498589,-0.421826274936473,-3.08440469011845,-1.02142409017424,-1.37522053227201,-0.785830352900566,-2.29370861149433,-3.31291976982424,-0.447675999205868,0.490772342086515,-0.478541451202989,-0.152246090193309,-0.436565751305633,1.02307594503993,1.17253785477134,-0.102737748144379,1.48195035634367,-2.29127830890148,-0.891491291591858,2.48834150458896,-4.12327039579406,-0.883396197169383,2.64646011477479,-3.08356819859495,-1.91907904646742,-4.97919223235846,1.4658890981939,-2.60563202382686,-2.29906218850434,4.19191792960089,-2.66375597970205,-0.621816132705771,-3.15082675776987,0.0131988731747081,-1.42444270483092,0.0469533044561554,1.70220951256352,-1.67609139875179,-2.45360917468796,-2.01918099108584,0.109173986998906,-0.820454804572863,-1.97636832489794,1.73291334749293,-1.48168778525923,-4.09412625257158,0.15318445885854,2.25108898580083,-2.12486187030512,-1.49441587137645,-1.34350658862153,-1.23012177220365,-1.17553937523971,-7.14923952779008,0.741400745019338,-4.55183029905138,-1.12583739676799,0.586650254990479,-2.16399626963768,-3.4785468239488,0.153814811980612,-0.672209356074364,-2.71086322185542,-0.114224892952698,-2.37392397407676,0.085126820400196,1.74927595011624,1.10049585516649,1.58260245292098,-1.65155777473585,-2.0555290342028,0.069868552382701,4.25773836923722,3.22206930396145,-2.79985216888982,-0.121934346937352,2.37913147805353,-1.12881687237064,-0.711151799788613,-3.70809241039329,-0.438260158422888,-1.62922662047693,-1.53845864794936,-2.90012493852899,-2.41422268417805,-0.232838113439845,0.239758897758334,-0.596658508503596,-0.863689006837755,-4.29204161020474,-0.863114438644209,0.138201146389523,-1.06555504849717,0.330019481591395,-3.67641984954387,-1.13174063257706,-1.47799535379202,1.23229355812686,0.486757480108826,-1.30032998727736,-2.00788680895564,-5.78745595840527,-1.7545782532606,-2.08334034426591,-3.85573837921093,-1.04269001353715,-0.237406594911454,2.15123729789499,0.656126920751507,-1.10306101287701,-0.718974315571653,-1.27723240973108,-0.6510573476879,0.782777080423279,-6.09416836652135,0.677105962878697,-3.21629019134447,-2.01183450711695,-0.0749367389618033,-1.30326687522753,-4.47982489677139,-1.16101329634909,0.717759729670671,-1.50460355340589,0.19928580621783,-2.00883909740337,-1.80492069718228,1.80598886561188,1.16164046599615,0.110379908662281,1.79066974072691,0.61689129126558,-0.261776077826261,-0.40480900103481,-2.51467502033778,-1.49443143756036,-0.210350712296405,-2.67466784636512,-3.20202888107078,1.39115065560939,-4.42900956700826,-2.16916056114354,-1.64884610047236,0.0714042216444857,-1.55471644625767,0.849608749731822,-2.97525491395474,-2.08643644895175,-3.00649255236408,-0.0350178231294074,1.48362496875247,-1.18396549425674,-0.618503751451757,-4.31809370216993,-1.90568874477788,1.59320634784514,-1.89234647570311,-1.64398771113761,-1.67617745207865,-1.24435599011259,-1.64968832809071,-0.603062008272801,0.154461800419313,-1.56796472193805,0.0473487789372906,-4.30713945110196,2.43200702744134,0.686943255540745,-0.868182524452393,-0.883460856574093,-2.20400613700983,4.83075103814189,-3.15312834609514,-2.86761445173028,3.34447116613449,1.31387894513115,-2.58351941109249,0.257486215567443,-1.09740016302718,-1.49910012194742,-1.27397449577946,-1.03572962746187,2.2982019334851,-0.278892339056196,-0.940713435642927,1.69368725563917,-1.15155322413344,-5.24913778542094,-2.02176173529075,-1.97052784865168,0.864190273064044,-0.274921316768782,-1.86473506275295,-2.1878760298316,-3.25649248945016,-0.743442079937165,-0.373260138520409,2.68692292263683,-0.0785131105882384,-1.09081393544459,-3.55495845296188,0.77826631549997,2.25380240977634,-1.6548968600765,1.28792050949079,0.337122591396964,-2.60447582449708,-1.92866174993478,-3.96427432581658,-2.64095233034905,0.456315396644143,2.61325216325808,0.862117027853177,-1.88701689224119,-0.245229034561561,0.000784565775826751,-1.61021107656077,-0.0375450948019377,0.514187966067003,-0.553814284909647,-0.0182136180098812,2.115930397507,1.39703041570608,-2.20320213692044,-1.70852376513543,1.5646385157044,-5.22427046404698,-3.09594523031502,0.101091342830158,0.882260612559547,-2.08517340219521,-3.28125158095033,-2.4661225736777,2.11251759433161,1.52199597002792,-0.117444671907687,-1.61499092106782,-1.78983027906268,-6.12156497672714,0.59139450300177,-3.2600678420971,1.56063901570803,-4.68462228974793,-2.57814626022932,-0.421951362765464,-1.95004755570447,-3.66456101230449,-0.342501090750267,-3.77994371660251,0.889381270044388,-1.55508350629043,0.154281973067169,-0.518145907285035,-4.87024828353512,-1.90905376353759,-0.131380811887783,-4.26589829519343,-3.04641777330193,-1.93474934994883,-0.389096345097669,-2.44681724477443,-2.58308552995133,-1.19793243403083,-0.112571978897095,-1.70940551520229,-3.26355992222389,-1.49443695448033,-0.939124629023846,0.0514229714788172,-3.23994532363533,-1.88042817950065,-0.191110302905873,-0.704145904158547,0.0444278011392956,3.23526532595509,-2.27679805781163,-2.57528123064252,-2.64804282709958,-1.09864229988584,-3.25991170660666,0.653050164532516,-1.61532694740978,0.309400270565467,1.39287511131651,-1.3027504413922,-1.24602506471843,-0.0626764155747346,3.54944273252397,0.944790115590892,-4.54277183468924,0.237330998385924,1.49774554811054,-1.57736174004303,-1.03174938061103,-0.26252945527901,-6.85951258330294,-3.60092277308704,0.0250715045892558,-0.731985949864519,-0.484142440474479,-0.627508474072552,0.778714630843646,0.705953795288691,0.459666033822969,-0.324190180515413,0.584813763864731,-0.599641393781837,-3.93966527006829,1.2182544670734,-0.0983266534153153,-5.79209751551758,-8.20589615642951,-2.79547177305711,0.308978712439619,-3.26599442273519,3.22552517351494,1.1840807036704,-3.1928181020364,-2.4895025199025,0.15923040382181,-0.43918539123681,-2.28173311842022,-3.32986768628267,0.0526710206829244,-3.40140601991385,-2.22726276463139,0.000395215782579061,-2.59051363133907,1.46399067973022,-4.41182472443931,2.86384484587277,-1.91759599886435,0.238162695914828,0.00448611686265821,0.48734866589314,-2.09547354010595,-1.69556345652294,-4.67040446183109,-3.76740194794292,0.521274229215007,-3.85593295600618,0.129245501232354,3.32694640113404,-1.17354263181677,-6.2666166072908,-2.21605937274405,0.979212324750828,-4.29423943117348,0.524410510884442,1.10474944743091,1.58256824450975,-3.8001320440547,-0.743930159066452,0.431754701436804,0.600005820347454,0.15239763813188,-4.47489217155699,-2.85451630739811,2.03773756937129,-3.54956477162484,-2.56728115672119,0.289657870831471,-2.25637411546556,-0.69134576006949,-0.0232254355758398,-1.49075459391609,-0.365020169003043,1.71960211729941,1.49082566109848,0.541026389345487,-2.96707945569892,-2.06606995083676,-2.74876847903004,0.123237010720757,1.49927682632473,-0.199077413946304,0.330054794553979,-2.91965921646009,0.0141505109883824,0.293213273181754,-4.02553957785161,-3.31429228191547,-0.401055258285412,2.82913171515258,-1.75015017444872,0.123601891028294,-2.21042506272869,-1.22875848749718,-1.66727598920202,5.23141204646837,-2.67861212259199,-0.552189910957487,0.495497253750155,-1.66351109991898,-0.337607191616545,-0.438078050850137,-1.24828789418898,-2.26927716107613,-3.31371707775182,2.8860512751793,-2.1774517052105,-0.494094750530954,-3.47862945161746,-2.26230304939277,0.0833367818585566,2.88785424756476,1.59822456214233,1.19314536372124,-0.525655313322424,1.76675477692392,-0.88989178788766,-0.473349861540249,3.24488843409918,-4.37984067653124,1.02480121766932,-0.164719802382324,-0.309526733397846,-0.634138434465684,-1.82141046567536,-3.62110938294255,-0.480338662633349,1.45658992647829,1.9894796364445,1.2351995838189,-2.33830308375588,0.392694223598572,0.755050840816944,-0.44682070858931,-2.3329396400509,-1.1459328049103,-0.441385204242411,-0.492970494358203,-1.58746211111929,0.846958674936555,-1.2396906884355,-0.843445807454396,0.0653385612851367,0.771188370542078,-0.482663992453237,-2.09566655347591,2.01413600284919,-0.929271808379147,-3.52597675601877,-2.04996888191539,-0.697466718597082,-2.29471848606125,-1.38115171444387,-1.05850870535886,-0.0431226188947026,-0.752822647555304,1.72454573265815,-4.35692642540096,-1.96979481751184,-1.65754137939105,-0.689359194414413,0.812386166933116,-0.889404096724685,-4.92724248077277,-3.94662391776574,0.21426585001038,-3.30777806856034,-4.50100527979839,-1.89581664146415,-2.26501781217291,1.07674675945645,-1.6087814967518,1.47841597572005,-1.05084871372777,-4.89827427860654,-4.22561212051735,1.91897137304411,-1.13134106373036,-0.725739981139632,0.217757689008767,-2.18495699834434,-1.85766812433008,1.02946205030391,-2.11961190865476,0.707416178823238,-1.99929479579954,-5.04575782472205,0.283900690136019,-1.3618227657302,-3.60222470886918,-1.12875161663668,-2.07908643967068,-0.288573260233322,-1.2184866784002,-2.91050320441637,-1.64044282579045,0.977323692314236,-0.0791605475757476,1.0508129657848,-1.2017379404431,1.32591881002551,-1.97559689371536,-0.930406656100113,-3.05564516439174,-3.21075318414042,0.327672557128574,-1.5672156526837,-1.98752446778302,-1.84124132212404,-2.43094261731505,2.04954335392666,-4.96950230309566,-1.10050372515535,-3.00291384837829,-0.548552499862162,0.967186785126451,2.50445049653487,-1.75386949021904,-0.138700397395497,-4.99414550072244,-5.48414820043035,-1.46748107636034,-4.38186154045999,-0.744967239757566,-1.66778090619458,-3.11655444620039,-1.06020144165325,-1.66182821116593,-2.53017253619629,-2.97500867481632,-0.436201451166952,-0.655445523039229,-2.82603843163509,-2.39462369458236,-0.101262529895113,-2.02778148293709,0.790747563124484,0.318442252965621,-3.37059957999105,-1.14280990090019,0.506286662960774,-1.3655692392755,-0.18484513135422,-0.95334714648219,0.0766087119408581,-1.72491253146267,1.23330117624416,0.958411248102449,-2.12882705950734,0.0343870080777313,1.11668850286846,-2.17951274169995,-4.75651022811853,-2.35455409547346,-0.850606597709131,-3.18505772065009,-0.723241581517088,-3.41563142760034,-4.15734662230155,-2.19012174639634,1.12620036563672,2.13493490867193,-0.704126650774142,-0.174582775933521,-3.85195981569472,-3.87802137704877,2.52530999047206,-1.01459480021909,0.501242108415321,-3.01773292227865,-4.31757101608216,0.214655920540577,-1.43288517812005,-5.33935699413649,-1.66626521731756,0.466604535031128,-5.10079961887683,1.96212517184464,1.39079031029098,0.339698789833452,0.810782155670709,-0.111113007521814,2.53842284070977,-2.40563542997989,-0.651588581478271,0.446674133125719,-2.45884306510902,-1.3828434557694,4.25951795731203,-1.59639231314729,2.19921596164081,-0.434745449207242,-1.9298113068272,-1.38241992577812,0.430731170739191,-1.26207922276003,-0.265325434279732,-0.948192063813264,-2.32066234982688,-3.82971074480878,-3.87251831532574,-1.4272510205922,-1.1323376247639,0.290738878513316,-3.41978105948077,-1.90331433702476,2.58509391571674,1.73514890420323,-2.54994681729288,-3.15914571537916,-2.95690528617818,1.14740433074733,-1.45297099588179,-2.76001261186981,-0.570141156379422,-2.86423684251247,-0.599292223263544,-1.07858845497451,-1.3822703028337,-2.9255629368539,3.32900881233254,-1.36410547229907,-3.29915771992773,-1.83358763320157,-2.93203922718576,1.27028061541282,-3.26345881326929,-1.29279075154472,1.44989633772241,-0.327947468281485,0.420634356817389,-1.96539542991143,-2.59720569726685,-3.49463133880946,-0.781414811877412,-3.36840115742764,-2.75030999007268,2.77135332851684,-1.43421550744554,-2.36509099106719,-0.162951081369915,-3.39644593138628,-0.870898473043067,1.21472558642358,0.258700013996827,-5.03884556342914,-0.324469207557919,-4.01526824092982,-2.48408900881181,0.220361231322443,-2.34307598285959,1.867383453622,2.78666165748213,-1.14545640269504,2.58580937345232,3.07181726788582,-0.753873856632839,-0.607446823749169,3.64445149383727,-1.72008955706987,-0.781500452387024,-5.34376765863979,-0.871533372000055,-3.50416708717733,-0.631819424823552,-3.06303023871178,-1.8988671832606,-4.88044581347969,2.45240309875947,-0.405906908346241,-1.21348384032027,1.48990280997251,0.283526622222382,-4.38389307865928,-0.0355062920414096,0.385675734898258,-3.54495781209984,1.8092179088822,-0.0423426198914169,0.181146600849528,0.585144096103664,0.109670915172166,-2.68172413421718,-0.105680076202862,0.750678191678568,1.46207944276916,0.655108440028532,-3.58366978296965,-2.83788228105615,-3.62755113859047,-2.84345932651078,-0.106154559816254,-2.29011920769061,-2.56397173344494,-1.41827568249948,-0.935667372392149,0.851078012139525,1.94854434096824,-1.29961484183501,-1.54130904803303,1.5423619346674,-1.38431178825487,-5.55539613177687,-0.174785285805487
"9",3.27223081822619,5.33828589284172,2.58095166092959,7.6776508270417,7.1803460367553,1.14639197138086,8.12613062766479,4.95336270156475,3.02684322821578,6.68506539223704,1.86920043201475,4.85281572016705,3.60261265938668,6.61959842662219,4.70492318055774,5.46720572094132,4.41258228434333,4.72328408607528,5.68185229950587,8.01053627536775,0.530211418093071,4.44913040732216,4.2456437290812,4.6320522951885,3.37284910793189,0.439304111828374,4.3990390345855,7.93065103765691,6.93528791148311,5.92387767269059,2.25614414570826,2.59089558499778,4.69396775909974,3.48814093880832,8.08534535100178,3.80590000850526,7.01597332094284,3.01258876620067,0.275942275726081,4.71263600301807,5.96428860491792,5.80905330577942,3.47777341612429,10.6545237472576,6.12260137313222,7.04714745548798,-1.34655997958677,-1.69782513523287,-3.93578666719145,-2.22916048815826,0.469856647994845,-0.864315906442653,-3.87784278260652,-2.21490262743987,-1.21913250988336,1.96276403706016,-2.84638834737756,-1.45230096771598,0.706868706998384,-1.51854219047925,-0.630134034509328,3.1898812992574,-0.625406671977533,-0.490506171272628,1.5013113600887,-3.80183385531603,-1.22693855265583,0.216497896077147,-3.62991632791753,-1.77080634512718,0.0850241774629068,-3.82671585066838,-1.5466987798181,-0.0677862600812318,-1.12060199466441,0.198681127732109,-2.2456009303641,-3.57241666056661,1.11670779681098,-4.98751498347278,-0.210665410224483,0.437921051549212,-1.2893448242366,-0.982266751307209,-2.81707076489364,-0.288565006713325,-2.85061841274315,-4.98757988045325,-0.0912379148613508,-4.00730748334607,-1.13563132769802,1.75140348821096,-2.44007262675887,0.250106005129133,-4.34188265410854,0.79841877770591,1.66852551397364,-1.13630611124527,1.8395974067543,-1.87079557002703,-5.24874779961635,-2.53942702322954,-0.575535812531163,1.72010177032838,-1.71550647685752,-2.94092039882764,0.667077400026006,-0.920173788622409,-1.18802120434054,-1.68366155870346,0.516072690831499,0.45250543483941,-1.01562106030812,2.23978326071556,-2.22308953291108,-3.54790214780085,-2.81760909441716,0.51130147356751,-0.710070408715678,-0.00911713447509332,-2.57408694941882,-0.413288782001697,-2.94494738318917,4.66136507170813,0.634715324637552,0.622674746265983,-1.4448776434017,-0.160201054580431,2.70014670831333,2.35442490776335,-2.79718120616358,0.820261426916827,-3.83510880737738,0.258331128342762,-0.734706106051453,1.74074518792862,-2.23359159542472,-2.37906597168779,1.28772056440714,-4.63699721991899,-1.8490331960409,0.036963562053417,-2.50101503399242,2.53681743493139,-2.63996384969312,-0.546018939076451,-1.87855599289885,1.04637368510631,1.16702859981814,-2.86415350819978,2.61607298083939,-1.06007436262684,-2.21020386661652,-0.232502241643303,-4.74439039130883,-3.9654421161718,-2.73305563905079,-2.73624869685932,1.60053374759017,1.25041291774071,-3.83862796308695,-0.260108881469641,-0.101590586127809,2.16169028967879,0.997266482828516,-2.67521373520943,-2.3513071924609,-0.508558329760097,-2.71428878987997,-1.30433136215123,-0.35982878294729,-0.0964295610171944,-3.31799187468396,0.530202147856917,-0.46435890880257,2.68426720090288,-1.99036390318392,-2.6324667566225,-0.910446029547193,0.597074287559161,-2.11298973913993,0.208620889832933,-2.04501023060378,0.903683185414681,-1.27119590242655,1.75549798722864,-3.35507601661361,-1.41308115885624,-0.439585351038975,-2.63550733733354,0.951960210437618,2.09890371803704,-1.74363428926836,-0.0301767810403539,2.37543176751824,-3.51868399488776,1.05401408582858,-0.639193276263304,-4.02683915095618,-3.46068822180941,-3.00697175644571,-0.0635861208526377,-0.531285058508856,-6.4063357719536,-1.4363558516092,-2.37163368111125,-1.99295188005778,-1.20564231094838,1.69273756030895,1.5372994573171,-0.784743139206748,-3.99780993393842,-2.0336289452982,-3.37161832284297,2.47738787117411,0.53708499320484,1.61156137304684,1.35362416293122,0.334461367783055,-3.45951009648772,1.25458412165603,-2.50334243639153,0.99588796251867,-1.07746311684322,3.47806079086055,-0.0623577131009558,1.42984243916647,-1.18830624700399,1.01412328830699,-3.02407424719077,-2.05296453842216,2.20423849943414,-1.83239600401108,-2.54032567389479,-0.535158192388447,-3.11420485095641,2.16726453039321,-2.41427169270953,-3.63617132495651,-3.41654813479761,-4.23198611570974,-4.23191223611895,1.04638792533215,0.461773556178516,-2.82012831086081,1.39602037934783,-1.24676792141587,0.705556747470764,1.20244877146317,-3.93460161519258,-3.86391673230278,-0.900846737651381,-1.68290893955289,1.15759360430943,1.11516204185182,1.71349820589637,-0.260485288682426,3.29061745331824,1.25156494673216,-1.48784999666094,-3.39398313419898,0.671057342850996,-2.60105163238845,1.32359296941431,-0.843997806788323,-4.00677722049399,0.0816032881927042,1.78749711158456,-0.24394248183476,-2.99559353666521,3.47862144934915,0.109969673379749,0.478327714954796,-1.98583077414512,-0.797394214028337,1.10897646135433,3.54819051136999,-1.48194026349795,0.53505712935891,0.188048867528663,-1.33305560042839,-0.357771414904005,-1.84958811443893,1.22557954635202,-1.80864511115372,-3.58111596901549,2.11318690977203,0.176637612005643,1.05548493376127,-0.226944101656321,0.897004845928998,-2.76384627178367,-0.717618167362414,-2.71831516669627,-1.77710736021728,1.13560863190654,-2.88910681171459,-3.57599121446912,-0.536681318554366,-0.596276214807206,1.56134640993896,0.933658640182973,0.479396504537649,2.65238788507684,-0.800333024515871,-0.426932971140312,-0.522456430144186,-4.02097720622015,1.74450614341521,-1.25678916422283,0.70795266389022,1.12438896722588,-3.30851022721824,-2.42319371239111,-2.94224577535937,-3.49224491526293,-1.58336051142491,-2.02415265431871,-0.680771051712143,-2.14050408799456,-0.769640112327367,-1.0366774638908,-2.53915027400089,0.0764862057043312,0.224893830179465,-2.57071200429029,0.900358404120662,-4.03475718851834,1.79326554111818,0.164169375219235,-1.6788192545367,-1.22724716058187,-2.92279305623228,-0.611158780123573,-1.73267577603915,-1.57128934948561,-3.91871249705735,-1.46954464751943,-3.57153367698801,-1.13471483464996,-3.77027912550724,0.987164913069232,1.93112493156773,-0.174838481669151,-3.29663314041695,-2.21040190794976,-3.44405201030359,1.47855611958901,-1.07473027187617,-2.8892987998331,-5.69163272924805,-0.803810049422957,-3.91286718738041,-1.95734727088742,-2.83622539056227,-2.71060919328195,-2.73970267942779,-1.68163659275117,-1.80832136754476,0.0414668978559125,-3.01674214561267,0.0391793638100828,-2.7669979277699,-3.10419502302842,0.475547786230525,-1.54022005673686,1.03743067633682,1.71070070559025,-3.5240411703365,0.485940744035641,-1.31506645055882,-1.24793033800833,-6.81594643263903,0.132409783739058,1.21435069496071,-6.87979202391976,-0.0234382825861358,-3.52919342447202,2.7015765531394,2.59714009595708,-1.06500620047115,1.57334855509359,2.19911881634504,5.06312458127855,-3.50541944371422,2.00804078244071,-1.46833727219893,-3.47797001452921,2.28835635265679,0.112491995971609,-1.17723352327627,-1.93135215984511,1.785538393765,0.135254159552405,-2.20262579147562,-2.13504717830245,-1.3852773704,-3.44940958027381,-0.409790801212538,-3.20760835650132,-4.56266782232665,-2.8132348768111,-1.97922956598589,-1.05782663900173,-0.287570841346984,-1.95519761795388,-2.37391343095476,-1.10010560532014,-0.48468074098808,-2.27124262489483,-1.53913285857725,-0.334194758998532,0.984857668416932,0.00508166585098513,1.52134956798266,-0.4779876681759,-1.62310391266158,-3.33195517647984,-4.50174529872276,-0.190969925689863,-0.621123995523738,-0.252393334079471,-1.87773070430343,-2.24411852357387,-3.89168080643434,-0.136537888847846,-0.215379303471555,-0.346920045028314,0.243845081136429,-3.49900786381068,-3.2962953926815,-1.97904339348414,1.49179755610866,-3.30339007849193,3.9575489781108,-3.33173731459415,0.867823490659868,2.3803413196511,-1.50251553917543,-2.6239096825961,1.19675168965796,-0.450385837599402,-2.99151092804937,-0.189191998822134,-6.30831222890547,-0.216003489785747,-1.06132234665335,-1.06500552444127,-3.16008766009677,-4.72247115457385,-1.70804065613582,-2.17940836544816,-1.70317111313221,0.654468011366056,-2.92916797390228,-1.34208250216301,0.957328112662878,-1.97330568861682,2.75507928413961,0.164089412814233,-2.49249949996659,-1.72157274150277,1.59795879026933,1.53599618985075,-1.00292775033938,-4.53939852227909,0.359857712701199,-0.456776759969249,-0.519185149682255,0.369908814373112,-4.96672781373255,-1.41903257348428,-2.39168271978981,0.18418342007096,0.303267967007362,-0.251422863481412,2.73760585606741,-2.828030419197,-2.06329322518093,-3.37542246837097,-2.12798111006767,-2.90845456469946,-3.05943622416564,0.622709961167387,-0.939619283215093,-2.14895457832427,-0.596613611770522,-3.8948021639122,-0.305740453669533,-3.17556750752146,0.388615488835074,-0.250396628984418,0.940747519864413,-3.10252535555864,-1.498326074171,3.8247088546827,0.687196336672397,-0.534627590413157,-0.0153608050094461,-1.62512725681241,1.50317059079632,-1.37866221240675,-2.1444258822256,-1.3779924018352,2.57853154914343,-0.712686188248574,-0.343419503912044,-0.135648638538732,1.12943216164123,-1.80468779614736,-3.45538634479853,-1.21248658284426,-0.311531356147364,-2.55509230606211,-3.37583008652897,-2.83275022856645,2.68839563521535,-4.03001664223539,-0.143084823655161,-1.72226306483923,1.1224219423331,1.56188019399103,1.84196317613498,-3.56414426347688,-1.80111510423487,1.35376994419327,-2.55413513635793,1.20367156772584,1.97490017854865,0.0666325913515473,-3.27727509524032,-1.95495987657918,-1.72616191652098,-1.87969149663862,-0.257440028930257,-2.88459320745448,-1.08865738629674,-1.06523949971419,-1.85954180611876,-0.947930579744757,0.90418400750638,2.11231059698943,0.597054861368639,0.164161517110578,-0.531886994628748,-1.41813894420476,-2.11850082436698,2.07334441140082,-1.20480899107717,-0.308722460208542,0.126732651389007,1.51723119684607,0.657328937466402,-3.02567244345623,-2.95800299580398,-0.760118775918071,-0.282502028359976,-0.0554218321858323,1.22100509763769,-3.89031714180324,1.74881731594282,2.62220111999463,-1.79136544456742,-0.485915801164804,-7.87411172936586,-0.934985827052341,-1.34728466842638,0.639127738693274,3.70251581185342,-2.32844255019804,0.877757842643073,1.34176527115308,0.377169533236202,-2.10849458980574,2.54767063091664,-0.551223565961287,-1.84141368242627,-0.90178527757886,-0.225581587699255,-1.22534499905276,3.56387620484427,4.4486381370391,-1.95767446389015,0.0266668889507489,-4.22541453805873,-2.4501579344786,-0.13621294668972,-0.45091828499675,-2.38535220701846,1.2486388389317,-1.02889164429645,-0.775645256393532,1.73073670875691,-0.389402344283357,-0.879715719403904,0.517144513034627,-1.7270515160478,-2.08130306684546,-2.06203952839094,-1.23626193525083,-2.60873807744174,-2.28800079986634,0.456024875688479,-1.86000242191576,-1.97792720592793,-1.24712562481826,1.25415557745752,-0.671981054780836,0.188662822196632,-2.04867368292678,-4.57523739777522,-6.07739621365424,0.761781158429847,-0.60262017508735,-1.08615417808644,-1.2448189430399,-0.262458202451037,-0.968641707134923,0.96346206200395,0.111474676514892,1.20477802219086,-0.720036844880516,0.144762775438416,-0.594356799353008,-3.94338789697802,-4.44734825514544,-4.70703233061656,-0.794020739829558,-1.82668487372577,1.70112150276785,2.06564483666207,-0.232231198544329,-1.76511158396926,-2.52006026500367,-2.28131233606415,-3.08483140527679,-3.98695346921918,-1.22154864937579,-1.25185157749836,0.81817025380337,2.9174501140133,1.33169307666609,-4.18900755158527,1.24560058904759,0.555564677318487,0.224118452841476,1.43745369385989,-1.81169013875269,0.0535010353792782,0.481805786156865,-1.6971633444451,-5.71789046719304,-1.61326106167345,-0.730181735197036,-1.12748043270064,1.13758062949518,-2.01337086517245,-0.670266459066909,-0.719550872067501,1.59111500216089,1.86239728831306,-2.33531869696106,-2.25816047404652,-0.681030169438357,-0.480195455357942,-3.01769437000939,2.43533913721537,-0.159017636720661,-2.39989287814675,-0.782633549174553,-2.63813911987145,-0.831861687548416,-2.40228444322969,-4.83504168680635,-1.72016820251872,-0.0625447923121667,-4.89363470292101,-0.594065341639194,0.518237374142162,-1.19486113117753,-2.27589552885112,2.04966623823713,-0.0304718358396148,-2.28398063664388,0.890878101543329,-0.548668158478447,1.16026958728244,-1.15884315342666,-3.32794442833375,-0.361259232237642,-1.23601947695726,-2.01741464226487,-0.370734608663211,1.68884579315728,0.930966340809039,-0.764172799572463,-0.237035091414669,-0.72727091315066,-1.53504102856053,-1.22634119893207,-3.61346916345104,-2.95165819109446,-3.80992260702249,-0.319456432821393,-1.4709068189062,2.20624221534069,-0.980152992308184,1.92633142688294,2.39365798284316,-1.76926308824544,1.05194657209359,-0.171660217744312,-0.203962308292484,1.98908866323724,-1.73537513232264,-1.66214738094488,-3.21781078335763,-3.69248268298251,-2.02601987612066,-1.74845602642659
"10",-1.0210258038455,-0.34482366602907,-2.02837429010556,0.89645447110412,1.47971986848442,0.603772103409073,-1.59875438528394,-2.80669616107429,-0.865007974361129,-2.55766286664464,-1.14747383000257,-1.86746720697832,1.70026423915013,-0.282438074023338,-4.88827172010529,-0.355140724801175,-1.05882262272772,0.633506356230933,-1.93768977202117,-0.809522822997627,-1.02743935578339,-3.44669200696352,-1.91283669431668,1.37634802220663,-1.4259162571956,1.7245608943213,1.53122756753181,0.872313563369941,2.1987281800583,-2.86113587684914,-0.451382664080383,1.22405866928852,0.793429358425328,-1.51124882474239,-4.43412832918025,-0.0981903263156471,-3.07028629775105,-2.74322860498756,-3.47193933500815,-3.05529275455063,-3.26235665324399,0.372004833134437,-1.43669987911367,0.551453696784566,-1.95046066279529,2.23978636231813,1.80663189202191,-3.32659133756402,-3.93223152116634,0.686171394732339,-0.745875456786998,-6.86189933053417,-2.93599838073418,-4.22862989018712,-3.05850224939065,1.62666913885979,0.908216965806369,-5.01528561027719,0.0566211332167847,-2.98586337054674,-0.260041826748961,-3.22323467531021,-1.8961967128278,-1.26258487932107,-1.10954680767769,-1.71616245466456,-5.15487931904106,0.129236720085123,-1.67524668150933,-0.672048750827133,-0.202132688477534,-0.00720323093817099,-2.88183326840539,1.90449594701777,0.874686496343,-2.45183067895132,-0.13992925938482,-1.80778178508762,-1.23265488417877,-1.43548183301951,-4.26122467350165,1.56108810657673,2.32231750414998,-2.88109158197364,1.03947150755296,-0.82980167643726,1.30620781595051,-0.462139699925749,1.29599504522165,-1.06770645638993,0.100352352377499,-0.812674606220204,-0.760968752127181,1.36084346588312,0.318030820523486,-2.26397148053398,0.418397801178053,-2.512437764325,-2.06491350338918,3.36218052244694,-0.926916045979438,-2.19675765704802,0.920878606147181,-5.68724036805872,-1.81252902442127,-3.30430858258599,0.296907822613675,-3.83344151939267,-0.929187947904366,3.86288495075272,1.00816085255683,-3.11672121719092,0.491348799824099,-0.651168648562604,-0.335537256589466,0.28316778557129,0.91242747541228,0.469066774098315,-0.536397158337631,-1.74273053054457,-1.5559242681837,-1.96482296543543,-2.28178457894348,-1.1976772030931,1.0699065709742,-0.461712491188829,2.57196716694275,1.03285223173833,-0.938521164845289,-1.99128615421674,2.49133583825592,-5.23861034368415,-1.0768793638134,-2.44290713707591,-0.465918958995585,0.314276348880986,-1.66558589374663,-2.97329706697631,0.838891938754023,-0.141150050794861,0.986828873456462,-1.73284685927575,-2.84019545303212,-0.667631255679356,-4.4463897357597,-4.62844749079207,-1.07189100923012,-3.68374301296403,0.191144994963059,-1.11054233609318,-1.57713798780958,-4.58944402854192,-0.798036946948956,2.32355286296412,0.292191103240378,-2.47495111483828,0.45042087608247,-0.214887547952232,-3.91253260973937,-2.40570047023359,-3.41565230806788,-3.03329089718733,-1.57394861935381,-0.542935400853236,-4.02859339058162,-5.33700745373896,-1.00897186451335,-1.43595497194474,-2.09406315250627,-1.71392648230304,2.64928287502184,-1.79722682603639,-2.73136466242606,-3.17446887316296,-0.706211346575039,-4.4244438263817,0.307820262612976,0.374089485617092,-0.151646602499235,0.849583697083528,-0.947102155717224,-1.57018213471574,-4.44949162425568,-0.962780980154251,-0.842723195101732,-1.185626758,-1.44077084345578,0.503218603726681,0.300124943407074,-0.810422623773579,-0.625056429416551,2.96812311472673,1.86133747299797,-3.2835775634405,0.845086161933416,-2.7123695822589,-0.0905503181001655,0.1508689819191,-1.99255670523114,-0.187681928631561,-1.35276593686709,-4.23570208960173,-3.80444744632526,-3.43232720663955,-1.64458139781146,-4.01824750434211,-2.8586560422534,-0.79683884840664,-0.367074503083695,-2.10140416239519,2.08826442263404,-0.890541474994068,0.285441014643455,-3.0834663071152,1.94331719491756,-1.24528968878255,-3.86112756624867,-1.34247255593211,1.91087754454995,-3.50202465594093,2.18463964311382,3.4766827355465,-0.208834664010168,0.811478477981302,-3.88250143288928,-7.17367678323855,0.224707472859798,-0.831076685107384,0.932654575184573,0.058193772797011,2.05061354748698,-0.889621192447733,-0.113693668449571,2.71934243473704,-1.96009632266347,1.14013426985801,-3.20629957599706,2.06897564543774,-0.316277615994382,2.3678666226359,0.979985262530533,-0.397027271658897,-3.41509968743324,-0.128762579335574,-3.15174992849482,-0.0967694683942194,-0.810022768273152,-2.53985449823492,-4.67074336635189,1.81850502618326,-1.89643269630809,0.422401484815871,0.347830097804827,-0.550395474827765,0.880531443521702,3.46983673467002,1.41844047648756,-1.78945810166634,0.829690544458,-0.616577642208892,-3.64944560836394,-2.08456798574403,-1.15992665267914,-0.157367595699458,-2.90425142391185,-3.14089505123374,-4.39984364081078,1.29216534064957,-0.981238677152298,0.660477336864538,0.349710123670613,-2.72744822068874,1.23845442157429,-3.22030023142181,-0.621639649504306,0.789346486751559,-1.72805051015863,-0.934623954888069,-3.13005951678545,-2.08526774775092,-0.128972408977273,0.348757374755585,-0.775970337287674,-2.26769473344024,-3.66127909001169,-0.824936789386127,1.93930763365774,-1.82204785814914,-1.65356767294412,-0.424779569518357,-2.57919583872841,0.511571744645703,0.322722133831693,2.07570412186218,-1.1696964618941,-0.757420785450965,0.613769262330583,-0.396030250910949,-2.13688812324598,-0.534223876068483,2.17912525242969,-0.880005351261529,0.997252395028828,-1.21734975173077,-4.34253511444031,1.6697230042734,-2.49637154421604,-2.53710433440255,4.32589647642629,-0.926482548320949,2.05753081556193,-1.57565753650694,-4.09202759042888,-0.65008683468395,-0.0546682783654105,2.34822728545826,2.13582031845137,-1.72571755598409,-3.14668361093907,-1.53958990072586,-3.5306089957529,-2.06983884313292,-0.140518172294867,-0.4810338489689,-3.78723077803274,0.289680257161687,0.540242738561861,-0.810298967332429,-3.63569853312806,1.70509193226699,-3.18383482826839,-3.31750816237032,0.40378988861569,-1.69183789717274,0.328021597687127,-0.560743348131303,1.42020683034189,-2.75844066689681,-3.6466049327091,-1.95880798348014,-0.711374398130529,-2.83090265328445,-2.7754862453308,-0.320634926391848,-4.7665779688231,-2.36321253363015,2.69287781231244,-2.09617358232679,-4.09126066750635,1.05655350508326,1.7888806739984,-7.39160807953391,-0.0736231389361955,-0.985412230298633,-2.59206593871428,-1.47168996417366,1.11259366345672,0.00647541474765689,-1.25772083875844,-0.272412555090168,0.843311372407951,0.557193144369202,-0.751397822722218,0.481817310584113,-1.01011289489864,-3.8129024366303,-2.26154062647107,-1.52717377697503,-0.889394496419885,-1.06087405303291,-1.17152124888215,-0.787376488323222,-2.59409132554076,-2.98640259236341,-1.80639357112792,0.0785811767772051,-1.55595817798233,-4.12387955174873,-2.29736651073226,0.499868899850748,-1.6321582747376,-3.16501796148982,1.60633521575697,-0.462438220352431,-1.18731778568755,0.62755853721796,-0.804309212428758,-2.65729092383839,-1.68082540105454,-1.95858885269727,1.74699380178879,-2.26691503388009,-2.23968425827918,-1.52998101530318,0.529691339185329,-1.29472349461433,0.533430161399007,0.439453013429723,-0.770487614369822,-0.306186970509724,-1.10147340669007,-2.1737311200001,-3.75807291044624,-0.30574335741308,-0.881171249650976,-3.45765621335837,0.612336964186531,-1.24390124781782,0.0689170240122459,-1.37981418623948,-3.09811141511911,-4.37554115080061,-3.60378110983687,1.85204522710351,0.10376803679412,-2.19080064658935,-0.969235594234008,-0.252193720920302,-0.2959047024969,-1.40443795169941,2.71367257925566,-2.35202747043095,1.934642190704,-1.93256908341941,-2.06377988378358,1.38850515803041,-2.21119326655425,-4.64073571255486,-0.395817472977505,1.11680690159046,-2.36590608715597,0.760824292951932,-3.13356928257025,-2.10672580242289,-4.18050359192604,-0.474954321747845,-1.29258168902549,2.10759196711548,-5.52614031596935,-6.38302110902608,1.81687004734263,0.122506402090657,2.10447572251625,-0.584038712327434,-0.923385463050071,-2.39093126734871,-0.495951797234416,-0.819712004184252,-3.23593308912211,-5.4369263807978,-0.478945863841421,-0.429990613447782,-2.3273397299096,-2.66172104572129,1.13297678816423,0.0949600670799198,0.64427410804776,0.725308982335332,-0.930914058143493,-3.08634271527881,1.76270712970426,-3.37621867371629,-2.95673087419905,-0.864842860271739,-0.0377803042385892,1.35389264499727,-1.20151910403955,-1.84013467519627,0.412277743085848,-1.02416468718565,1.0317570707178,-3.64436133673172,-4.52079523732808,-1.81503217085326,0.95930180056334,-1.08905274221745,-1.94532143252645,1.46866105551593,0.319451265085863,-1.08878403359881,-1.1438803197972,1.61281670534787,-2.19585207518793,-5.70092469400422,-1.2140394786726,-2.78933716982397,-1.45244632261153,-4.04434548216218,0.0420591692733845,-2.94139816761023,-1.13667734338958,0.209906734073884,-0.922474968743904,0.0267912985687273,1.55066845346083,0.573323857936342,-2.13194511074452,0.767108415118326,-0.0340373060358123,3.89660139059215,3.76630628137375,-2.14904271646086,2.36225290729461,1.19911024974853,-3.6186683581855,-0.532164948837554,-3.4291127429857,-1.75947815920558,-0.433039836507527,0.632983010829529,-2.0425286128807,-0.0693604019191046,0.803267025670296,1.80709533195643,1.01302180467257,0.753527969198009,1.45600667054296,-4.69146817397723,-0.592951415569469,-1.16835159695277,-3.24278626448937,-3.05381672161848,-0.301561346091538,-2.30627450422398,-0.836795754140924,-0.727892917534355,-2.10747141470098,-0.749368225515003,0.611977174063995,-2.43806660483807,-1.49174441752678,1.64040581788901,-2.62510790588123,-4.17765856038354,2.74644826167,-0.0941590674768461,-0.529117256491703,-1.49296957660691,0.0799037382522976,-3.56731357160616,-3.12245552038992,2.02478297888843,-1.77103268312168,-2.10004326105254,-2.40202341315832,-3.73665496223603,-2.16458194118335,0.498433217725419,-3.19312556305875,-2.14350541855775,-3.34953616360287,-3.50173624756948,-3.25628753733969,-1.42221318377966,-0.0343522021662459,-2.93992160834567,-2.33185438333823,-0.423136342591328,1.32805711822717,-0.322984746117778,-1.04712070365936,-2.39355500636156,-2.72960581620424,-5.85094309718357,-0.722012946197857,-6.83089443585527,-1.4920912709875,0.974131381311617,-1.10101262101773,-0.590719640879007,1.86332225131569,0.722215241431262,-3.71923558691387,0.137448997834196,0.0575137193697723,-1.79621608192944,1.66315488077621,-3.78360226016455,2.25389487597019,-0.459222402626886,-0.788261813218962,-1.19571438426203,-1.92107497360304,-2.79793969011444,-4.17013578205474,-0.585789064318991,-1.14729976582031,0.317216414538516,-0.620383929770012,-0.547641842019869,-1.91574487450559,-1.508322400065,-2.0350433061055,-1.64778666091844,-0.939799372994198,-2.45278374915715,-2.5048460351369,-0.194506403018536,-0.876471156862405,-2.51135617697803,-0.947023070323565,2.14803033933346,-1.32172255213161,0.777474414204324,-1.3348326668068,-4.56425574605994,-2.88853980938204,-2.13325481051813,-1.94547085825828,0.240989671224481,-3.98083362836917,4.12394353716957,-2.74957492777429,-1.01332505559946,-2.66300607819376,-2.84696409819326,-2.99696225396015,1.02106474598372,-2.34099980532778,-3.89544891689962,-0.34558707166155,-0.346072250762042,0.640188428726438,-0.0552604959000965,-1.75489901309844,-1.40765846521343,1.20831800324536,-1.70925727215274,3.15030647313119,0.829573806508,0.36372378749779,-1.61758587330754,1.78123100906934,-0.275240664604915,-0.522436527261824,0.121674507701488,-2.17052861370799,2.57592570505385,-2.32904486915092,-3.8790606013041,-2.85064116577549,0.422086798251142,-1.09305068638178,-7.07186559649106,0.521942444999734,-2.76420491390146,-4.09912263405027,-4.98278452670533,0.233484837994366,-1.6104074007903,-5.5623482124069,-3.78278031562356,0.255533264050083,-2.32480173485455,0.675081661310578,3.67241768238367,-1.24668329235097,-1.41441897472709,-1.78918112679908,-0.738344766192515,-0.66889575369632,-0.269953618049735,0.930186937702631,-3.65833742575564,-0.791123181273476,2.50700979149355,-3.4348589012322,-0.26412321208376,-0.836113830195613,-1.7760274499251,0.406885488813454,-3.60275534420256,-3.36600193133765,1.05552901226909,-2.31168738288765,-2.15387575176527,1.22141478437361,-3.52558398409086,0.836218533803479,-1.72674714555306,-1.18230438197185,-1.88595043440465,0.0149356454497209,2.97230216112841,-2.43788904027993,2.28429180490011,-2.74377101339416,2.08177422142684,-3.59560953886466,-0.409381104441213,-1.90157969465662,-3.58279503938652,1.26723712243376,-1.08446368564457,-3.5982402993741,-1.90463957083252,1.77450614549652,1.19762983438948,-2.86423612993422,2.49121277061591,0.58233947059508,-2.47199689390102,-0.133861220396949,0.00182620251239696,0.414906944754971,-1.45486554568639,-0.073227383163422,-3.01556918129747,-4.35144171102274,1.23143450456751,-3.82126810802546,-3.73932316929403,1.61187265519216,-0.876113918459486,-2.28203361789962,-1.19564893616434,-1.82332895078192,0.697596290204381,-5.25234804869994,-1.21149510149065
"11",5.08952262233889,3.19468155975064,1.96119235033087,6.20869048242126,2.11771181618157,4.36610587038638,2.98995185160243,4.63592518257161,1.32538383002769,4.03768031132006,7.71526859119704,1.39005938028722,4.83569929096611,6.16505241901226,3.8610688880751,6.73570340357369,10.0983044825119,5.07118970249951,10.322349946239,4.89925979216421,7.26875625312814,7.30205282515877,6.10766877356198,6.08523016243731,6.94303047808184,6.37478759784522,3.80935913032618,9.10573753113908,4.03445695700484,5.26625010183093,6.50438116599934,6.21521768643589,6.3543691429437,6.13600526136828,3.77606907519712,4.89343827267906,8.42409704521657,6.92720508138816,4.23050459419327,3.665167815452,4.49676894601877,-1.77737676407064,1.96642497057393,1.27065350790004,-0.315832581663614,1.36295869513348,0.195830859973608,1.14900482902749,-4.60251327234004,-2.19107351413901,-0.754473643941144,-3.39278661236938,-0.093682592411132,-0.125821941952575,-1.03418550762701,-1.44403968621607,0.0816152781256823,-1.92842138520386,1.18593092478096,-2.99584633056715,-5.45207466703763,2.40342721803784,2.23576210027608,0.561751328359261,-2.33491924022678,-2.9865450501306,-2.41419059330965,-0.0804655685462424,-0.660768675725225,-0.761479812047015,-0.782115635405506,-1.92544117651028,1.06688378298163,0.998021627724134,-1.83717016555463,-2.40302696085053,0.52534810989989,0.0790200709389779,0.96402304935917,-4.66658914746017,-2.47137886610318,-0.384265279735224,0.986995141413834,-4.42761817397983,-2.06531636566952,-0.551501037855361,-1.33006120456049,1.18287922076691,0.753703092959161,-2.27260677772576,-1.7745096698043,-1.55866328227515,-3.25200974472156,-3.79430490788438,-0.898807024139381,2.32885040411535,-2.30718554576078,-1.88982593189293,-1.01696669240115,1.17567925474034,-1.09695895967307,0.60233294252362,3.16521131153089,-2.31429467526406,0.964901095476463,-0.976280576616884,-2.67888978267979,1.8906421372965,-0.829455595231829,-5.62958677477397,2.5675540324752,2.07773861487659,-0.705659507512866,-2.75640850057068,-1.26024534846385,0.362397611543989,-4.74126855263943,2.02346009638844,-0.919726415812903,-0.230884272475494,-4.84187387979582,-2.43273336038565,0.224876898683506,1.71016672672111,-2.6893262052457,-0.245405201110186,-2.00598411643048,-0.632321670602678,-4.26898020798754,1.13347948041475,-0.253294845815369,-3.77677161650394,3.85334597911045,-1.83704358637121,0.939466942617757,0.21076543289491,-0.267913677868872,-2.48134240734897,-1.65363510806955,1.3720264913402,-0.452642802632036,1.91892892003713,-1.87327882585549,-0.194170967887275,1.195403086476,-1.88923903918241,-1.30513208525015,2.85687280977616,-4.11540361396192,-2.31575628491995,-4.36310211175403,-3.23792964945844,-2.07214319870178,-0.649084929607431,-2.92453739765757,-2.9484896355772,-1.19753715820419,1.35484877603567,-2.72704159829677,-0.147431332957185,-2.11621118177231,0.258377138925749,-4.76257131702483,-1.89779305590711,-4.18982555513587,-2.79103502892552,-4.82522729442005,-0.493939283442051,-1.61886863992701,-1.80581600162476,-3.17147212326203,-3.89741053642757,1.38724888383548,-1.40660847780372,-0.391025183556387,0.205590519364677,0.946509648296981,-2.51925453113852,-3.89071178631773,-0.437182633194968,-0.43712337488687,-0.0465398948789525,1.73743686644284,0.87105595569276,1.42413170433358,1.13888439111764,-3.26539441764175,0.466262946631835,-3.00388531818061,4.45844915244431,-1.90445540050825,0.576710978201568,-0.89229579029749,-3.92329754326854,0.842748668144444,-4.39794757823945,-1.07352706761737,-1.80439733343398,0.745648930354057,-2.49760941601643,-0.895884432116457,-0.501237105490177,-2.39224951296556,-2.57396741412046,-3.55768139187605,-0.270506429075732,-2.31197570967886,-2.5371460477344,-1.63195835297737,0.89525974306602,2.81874106565766,1.06909133844256,-0.016123858484949,0.969576847867345,-1.60882804269258,-1.39055330979493,-4.11841371733484,-1.44314259980774,-0.296549441468982,-1.0489700613386,1.03614244116229,-3.02286246509178,-1.56864924702329,-3.65583127632029,-0.980215750789456,-4.13823812023729,0.34484572137106,1.35765328026609,0.266422037946222,-0.755723292349639,-3.60115225213974,-1.65536593696376,-1.10557212843676,0.128616774558897,-0.466740301419976,-0.954587040525613,-4.14577565752302,-3.0003961682186,-0.763696468718378,-1.64522338300885,0.519219190065286,-2.62756216043015,-1.77556956551911,-1.74767934717056,0.674487982794443,-1.40733694023649,-0.191270957944091,-0.946869455381166,-1.03927621620195,-2.40918316605662,-0.243626414897749,-1.06561636797002,-2.2992409182356,-2.47756926997895,0.937471426532797,0.58753502675928,-1.14918014660844,3.08632886365284,-3.23204919902805,0.239995665237574,-3.91304574374297,-2.05167296341523,-0.072445913021815,-1.34247176956663,-1.84998336250147,-3.04485570447707,-1.36706914506362,-0.250696265462301,-4.22630842628087,2.00524952752955,-3.27942052276409,-2.21530164066692,-1.01523031499937,-7.23540596959231,3.75273191072494,-0.400938540002656,-1.0844098931818,2.48983783389798,-1.40720735270063,-3.4334542112497,-1.91933009410065,-1.93985608760834,-0.393171751777539,-2.0862897811612,1.35164266660469,-0.539477840299663,-2.07466634127484,-2.22329307734326,0.875404887369094,-3.86410634571947,-1.67630844486477,0.447009341544866,-0.884913164024555,0.546879413926306,0.979067686647864,-1.58215611513729,-0.329573543397649,-5.35522351411904,-2.23323246299216,-0.130772563699551,0.221788158007977,-3.59809917008719,-3.16231689645943,0.688707497782965,-4.22595679565539,-4.54409041356955,-0.215192266923654,-3.0761422659692,-2.71870327978164,0.630490552957089,-2.28242413122836,-0.495782208639596,-3.51076101031259,-1.57181344157752,0.141629346947122,-2.08507497189525,-1.20384939803636,-1.28761042578051,1.53100175430587,-1.3886608181711,1.76037126565464,-1.97427869395346,-3.97135551851914,-2.32792344696742,1.0896689042044,1.634540939687,-0.680983685492011,-1.71014419195914,0.531197140685612,-0.358497945556024,2.15992847401943,1.31686145852567,0.135902874158411,-0.726751527012885,0.20613858206208,-1.16068394348841,-0.637783351172144,-2.82494397726287,-0.117365234561106,-3.3211243879987,1.51116600087536,-3.16671465889653,-2.03662682963216,-0.527350400715199,-5.0713737649818,1.73011586063821,1.75328270580083,-2.95303917464639,1.9598992390261,-0.144610552358328,0.516324336840931,-3.55781172101403,0.106834081020254,-1.44689357567444,1.03915005552489,0.352658986176678,-1.58532488461173,1.7610922806356,0.687194242839848,1.3892435658701,0.750190404310326,-1.42437364248532,2.75660330439137,-3.85788103642159,3.27115524122671,0.580369735553697,0.194707412833219,0.672461605272866,-3.13687604257781,2.56946832826295,0.726705468844948,0.921356488445365,-3.99398229354582,-1.71678194343546,-2.60773609366825,-4.58263193618317,-1.22008847500462,-1.75725541065683,-1.23211614158609,-1.96894891917196,0.692711644511928,-1.28223118162916,-1.6096180475924,0.772998401623881,-4.8502369353103,0.296327997139665,-5.78094926102806,-0.657718971209112,-1.03785355964856,-2.01957860123315,2.897582295595,-3.67212176935325,1.88953293234358,-1.07493250180965,-5.75008514850238,-0.488210629670776,-0.360218172646677,-0.964742894705376,-1.46357517441557,-2.09899076341408,-1.95574314750188,-2.03351070459342,0.919235527418714,0.832120675336464,-2.40661703866035,0.761066909883308,-1.97382901091925,1.17421416314855,0.0927306267083881,-0.31725927942104,-2.50170840803265,-6.56103475837995,-0.0253500919428891,-3.4388246938435,1.77671248132345,-4.41967999817302,-1.42487077882072,2.31783339641912,-0.982804725966978,-6.5603744300695,-3.35532873841334,-5.00598812968314,1.61306330265016,-4.06773037164393,1.76195858558656,-3.26795527166021,-3.83209898204926,-1.83282087794145,0.156383738703741,1.24457750836658,0.971356795249326,0.627092743890127,0.565364356138272,-2.69538634287551,-3.7063353911012,0.835713078713653,-2.45982652777376,-2.07976075082274,-4.26267161064992,-4.26327836160167,-0.633344629394478,-2.5733761373832,-1.89229739177425,0.915033955693759,-2.13971874640803,-1.53575649662171,0.0681204616172895,-5.23066379560318,-1.22517618775779,-1.54991539297384,1.8257359382301,3.40958982786519,1.04149645321996,-2.38028128051143,-3.60526294638662,0.451139694300948,0.883793733023045,0.997173242716511,-1.30455684503476,-0.881178633517586,-0.404806199259453,-1.79240859665563,-1.34918590972512,-1.26100526354084,0.669797515635385,-1.48589632422215,-1.7744908364336,1.42522778690228,-3.90573997079072,-4.80756858538549,-3.2458789570878,0.308925407278624,-3.67248965928311,-1.49347696394523,-1.25329970866685,-2.92340512521648,-3.27196549004697,-2.13825624901749,0.919875377371417,-3.49855690319421,2.14344210772419,2.03417415527766,-2.49786623682478,1.08220226640499,0.0749298193326835,-0.223174563241841,1.25970508664921,-2.05479402399784,-6.04899523221191,-2.3603277780747,-4.0754226916999,-0.214183464447194,-4.61764843396648,-0.737171421578049,-1.60634832278294,-0.831713690855797,-2.6647174551944,3.59203418055617,-1.05890999980447,0.419631744671354,-1.17041658952016,-0.127502759810081,0.474101496433351,-1.38517892077238,0.0225016103194959,-2.76129086123136,3.72746694536777,-0.927205630162021,-1.41655041820702,0.436536668657202,-1.70879433341473,-2.27811626837997,1.28845056264369,1.11465087648798,-1.42731992824472,0.453401613132143,-3.78262983482241,-1.04203056784993,-0.971942887078361,-4.55029015062927,0.612898575494869,0.479727073171266,-1.35659529084281,2.28986717096216,1.70449955502084,-1.77822982199117,1.7604138766484,0.269076192720502,1.36789984134295,-3.29622527503506,0.301054119486293,-1.66750533686631,1.53932430634183,-0.983507424025938,-2.89700292295292,0.461459984554763,-1.81778584066975,-0.596584937447132,-4.75765670323382,-1.99560904595455,0.176952062636526,-2.88359382599011,-1.89961424586766,0.225566819811075,1.11026494829913,2.1957777645024,5.02452204902075,-0.898703779855094,-1.72124508159265,-2.94699737362407,0.938350145649488,-2.8933736459419,-3.84837001576845,-1.11943956454158,-3.83604029803928,-0.217933178931542,-3.2533209055211,-1.92986724250673,-1.64062350893697,0.972365629191042,2.13467769589663,-5.08364376293509,-3.02947315909661,-0.975206119175267,-1.37518849402925,-3.14094933022859,-2.50021554531438,-3.76619922883428,0.272269478200551,1.43629841342807,-0.551100726927531,1.57826418981461,-1.33216086728749,1.55782615000943,-2.02409956899759,2.47335020330384,0.40390546587926,2.86768702863235,-1.32692427816065,-2.76974009311235,-1.29564908414222,-0.895968106965751,-1.5301456935043,0.6182791989967,-0.643456288850189,0.181054355081374,1.79956961970292,-0.891915523793927,-1.14023265259431,-0.463850888599056,-3.76565120050315,-3.12051896663207,-0.79857236693744,-0.65285256276854,-0.595504338197851,-3.34084115591689,-2.83543502929062,-6.92440379421608,-3.16355824114243,-3.5509426260863,-1.37441411845896,2.76014282698247,-2.21763493327657,0.671903136578629,-3.57369222994106,-1.69511101442492,-0.60139373678012,2.07389392639476,-0.751736442953788,-1.83452381380883,1.06588331452624,-1.13989770494406,-2.50129758920801,-0.952632449203711,-0.44715622688501,-2.65849086533764,-4.17771239061888,-0.36127928333518,-1.29345167253995,1.12227581899578,-2.88367435515685,-1.01975507470435,-1.41859148007488,-2.82129062514028,-1.57948353338678,2.00059309970431,0.457338382150361,-0.462405664651742,-0.400244324268306,1.35090185844606,-0.49571643569551,-0.980950671082835,-2.34733304505226,-3.72839626933739,-1.20451386098579,-1.86962109011566,-4.83829586590935,-1.82039688520886,1.57622800367782,-2.64109974417543,0.896788969454833,-0.167227173821079,-4.71570023451344,-3.34884066679658,1.25774249261559,1.09099427141302,-0.572308667758879,-3.15764863527575,-1.75538196863911,-0.119103097098836,-2.17039751836507,-1.73350367985067,-2.36024060486016,-3.918557337572,0.675912224307796,-0.255139682513671,-3.3771838139224,-2.36635965168244,-1.68655662478672,-0.986296603896637,-0.0614329177352093,0.951901910945862,1.31913014898998,-2.23772065076418,0.499115123551255,-2.81606786848374,-0.717052474913517,-1.06644843761852,-0.71818972366988,-1.90407602966831,-1.57159980078011,-4.05482194178666,1.99121862413192,0.540327854503893,0.293285284907579,-0.541233741601262,-3.13459554878839,0.10063445382694,0.410250909330745,-0.675307082505724,-4.93865889571255,-1.29074016685469,-1.04672486064901,-1.91680532678757,-3.62861543669763,-0.534303113898284,1.40791474033851,-0.341565355291158,-3.06726453774544,0.529856152880978,-3.49393789392357,-2.44923456149079,-2.48892952130628,1.07080973400703,-0.696388044521685,-3.89057207786368,-4.86973476743622,-3.83692016471781,-2.42570635263931,-6.32383159389259,-3.96975330018665,-3.09500512901098,-1.5022689895646,-2.13784144781583,-2.30610324113704,-1.56913964771378,4.62334804874842,-1.38673027164109,-3.060129953769,-4.08952696018779,0.49658844489304,-0.22003622714659,-4.09899262413962,1.46332159594975,-2.28967763438138,-4.10065425016122,-3.57117533371098,-3.71543886761188,-2.65388108216003,-1.78752588809303
"12",2.94921164362864,6.5271422596077,5.91836620158151,7.99586725364645,3.00713869108831,6.76675742766531,8.38095649439429,4.00754876238898,5.22573902553495,5.61269742259347,6.16521391237784,3.56497142685525,2.24506830085378,3.57052960128474,7.4698905081197,4.06185840293018,3.96276336462706,5.74912159525977,4.89140158095209,5.64760121794087,7.48938438694558,5.09240446053632,5.9216321391993,4.91435922159385,5.37466566721956,5.41785987181469,4.19712892769212,6.8962000487305,5.06749074027335,8.81215822483156,5.81037125122896,4.46231475598744,4.91427401130324,4.82531739983624,7.04340799019641,5.15662082656386,3.48834897588483,5.46639566980522,9.1416090947268,2.51607539293906,6.31564122344721,5.11818724320238,3.75372265209567,5.97741700129892,2.49197000421173,5.31552372358516,7.04960270365756,2.99983506956085,2.06724901436,7.21628690330023,4.84657547958712,3.77229624136107,4.48233270304879,6.41960087665581,6.5818696731484,7.64937484042332,6.24054921518631,6.58193844863493,2.62509290818625,6.47491593675023,7.89050641916704,4.22100788878333,5.51758566296761,5.6330336307288,8.14847622100515,5.67737365727542,3.9549906195553,3.45430591342943,3.5629284452424,8.61929558925752,11.4147237853558,6.96042082307277,4.82928953456304,5.70076647484005,6.45062046932348,0.679486804657732,0.702847430105158,0.468543537242436,-1.73578077593991,-0.09205049076451,-1.00685130957401,-2.82204416864161,-2.00020545076602,-0.0614880498879782,0.278053939697924,-2.49134260846965,-3.00604496535126,0.592086741294643,0.193849384932557,-0.87640122448424,0.157437912966599,-3.87520629963293,-1.42190753699144,1.03497920917501,-2.45948995429452,-4.37628336384781,-1.73383374517778,-0.969035297399981,1.09169927934663,-0.214066356912517,-1.12016595890225,0.450397221255167,1.13589177055515,-2.35843695273004,2.04013910687564,-1.3981565237476,-0.737100422374777,1.27206276882624,-2.50728953077653,-1.83946818163175,0.246772974498767,-0.225283952234144,-1.24525828705105,0.0146381153187654,0.350839041437129,-0.702544161477954,-3.93423230989616,-0.706646081630668,-1.60211168219476,-2.06943801412471,-0.894784112854789,3.25429267337267,0.767303665037971,-0.000147944343853457,-3.53698705527645,-4.56375279885102,-1.75053815719458,-1.11576411328372,-2.96742067738236,-3.80962998742993,-3.77468738122715,-1.32369694739977,1.32573404392237,0.267828675878559,0.435440714541871,-0.207024400673694,-0.0309605751701132,-0.175202782885277,-1.25504134151082,-0.384961405951858,-2.9140255816405,-2.63203840055312,-2.69410434584858,-2.23673969779878,-3.65010460057981,-3.05930415513673,2.65691579550005,-2.58624737685612,-1.28075589685949,-0.0434162619391294,-1.84475055652567,-0.465444220625055,-0.225906221558266,-2.65005985402125,-3.10609196627459,-3.79356973934532,-3.91118020586047,-0.560434576992514,-2.48580428016824,-2.18307609086676,2.19643561844266,0.685313560350583,-1.62698889439025,-2.12265071342377,0.404153696646805,0.363618512656321,1.93582556796266,-1.08372747961075,1.9693406374282,-2.36357677041429,-2.28048740994108,0.322765305484352,2.62180179586138,-3.81802285965917,-1.77551808287018,-3.12856883032884,-1.88263786277623,-2.2425951363558,-0.832306638557345,-2.96602370978763,1.27525099993847,1.04461779240459,1.41168741075222,-0.274914251070449,-0.0318870646679387,-1.00439315175947,0.769211984825791,0.0723024991707291,-0.485253158328239,0.213636605452176,2.06478538308814,-0.982652785650559,2.67980627437754,-3.24229594256094,1.19444154294291,1.77258669044342,1.86440158627053,-1.18755752596468,1.07292579924574,-2.04840757877819,0.359347596907299,3.17503450982999,-3.80553427849708,0.517880898872366,-0.617081120236873,1.5938182293015,-0.0581334535930212,1.42211381663758,-1.1196250839051,-1.13468619353281,0.4836007412153,0.179655558012183,-1.80102988592137,-0.0227927955570655,-0.392756302756607,2.85386855133749,-1.83671638674952,0.932180693655502,-1.73590806729247,-1.0528367595922,-5.3818209988872,-3.16819182237585,-0.254373299062636,1.73986692918293,1.92799434251444,-1.60970087804161,0.983802230127892,-1.34627145454472,-1.92184990602418,2.10625852034327,-1.14216427311084,-1.13875833188124,-0.105365905378005,-1.03207106761766,2.00821676608619,0.0718195347234321,-0.697649015048827,0.109259008225869,-1.63362374700186,-0.995933450440605,0.255805197633768,0.258295771060694,-2.43182559098423,-1.52038385311817,-1.6525654393346,3.43424717053543,2.33329940031865,-0.478906691785316,0.720550394465511,-5.44056565536815,-0.941939574903417,1.19700281016877,-1.17559254306198,-0.866836472696996,-1.27143869959553,-2.15056790798042,-0.634440585254577,-0.76518435802158,-2.48327035503434,1.70547072003472,-1.19152927871136,-1.17602029819126,1.39073409108126,0.403266477345358,-0.0745752326518092,-3.14406319625074,1.81991899625241,3.70017647580097,-1.42858591765016,2.46073579767939,0.429538761969784,-2.07064471792054,-2.74124536386408,-0.0561026150384746,-2.85878397616409,3.65877497692932,0.929995811516017,2.19612856057264,-2.21979438362682,2.3556621041828,2.04422516141164,-1.73798621013235,0.584478905857499,-0.603360096462737,0.0713548717171526,2.28072158270642,-0.581225272347409,-1.79267851336894,-2.56978022494008,0.324122980437272,-0.792287915299545,-1.59277777128514,-3.411554978847,-1.33778842708184,-2.02061936474879,0.183208618677294,0.713214554261502,0.652599846503851,-1.12467503102891,-2.70353880647167,-0.942032979433438,-0.995298783650174,-0.860990505269629,-0.283515921327913,-1.80077253995459,3.38755567285194,2.07483251140835,-5.16065636496055,-0.467841837247375,-1.12611857570119,-1.42143983857854,-4.09785530497023,1.51355001665033,1.78014365747213,-1.50206435148468,-0.0176731643359572,0.772140493188339,-0.737611587818256,1.865606529757,-0.0732733006949257,-2.77239334105874,-5.00018394855625,-0.985273401226068,-3.13341355291232,-2.71308696721072,-1.80647171191049,-1.3450288832395,2.78075406274364,-0.383109424400109,-0.582538262506899,-0.23117365611565,-1.78551659560612,-0.374737855651002,-0.918789647637242,-2.18154006243324,-1.86009118415837,-0.952825795471638,-0.952849770532601,0.208717726168777,2.14703955039378,1.32257790568301,-1.64444715788231,2.03064922335027,2.09361020669127,-3.61081938848509,-0.952965900176919,0.124703673778986,1.19395269151429,2.91254499466368,1.73684367113614,1.62470185758396,1.41319289829786,-0.704417922768482,-1.90993129238526,-1.58697683261999,0.678946995506821,-2.78226732848668,-3.68939394544788,1.01731614384795,-2.38761174117828,1.65925707416415,1.73575369231169,-0.504009381141541,-2.84518010718556,-0.899941373952734,-1.8680930995476,-3.55581909720584,0.32937586345043,-3.59007262930845,-0.0836700200181397,0.307608001618107,-1.34409779006606,1.39763246306538,-0.379903035709235,-3.72736623531948,-3.62838960327565,-3.30914539512034,0.427969916671708,-1.25605900683521,-1.66707190142512,-0.150155516480811,-2.92699654288991,-0.598788934987464,-0.47504090064993,-0.213227350076683,3.40043843387662,-4.39971918021492,-3.88021368054876,-0.991384562793442,-3.17934418932618,1.21559346763342,-1.91516830577705,-1.27875912143264,-1.701183029915,1.01645248057709,-4.48705565629272,-4.08103410910621,0.624351427812916,0.873000391463528,-1.30678372582378,-1.58614764839144,-3.02250612242862,1.12736999732248,1.17669115578502,-1.03267997621252,-0.318478862862081,-0.388373342590499,-2.05123758381184,-1.41034945392893,-3.88408040754822,-2.32557664872706,0.19387360120558,0.0130161524162602,-2.24428212721688,2.49484422464379,-1.01617434440804,2.54761478475546,-2.34351089406244,0.263169350957322,-1.23535118856219,-2.76986395197602,1.36416425132951,0.630826806457818,-1.67530443114983,2.20553743081794,-0.510532432025509,2.52106586240106,-1.45926082832026,-1.03048433704949,1.71513264297831,-0.70193592577265,-0.553510087098411,2.31150446464076,0.783081557946594,0.606578852203331,2.56810015125466,1.77406148357906,-0.226511929584179,4.12893663234005,0.137130024502742,-0.0752704006047115,-4.70474999314694,-1.14412887177223,1.96787942326918,0.186363766546155,0.0137275014484757,-1.13696095901792,-1.16328316850301,-3.14684984200483,-4.78301929403204,-2.80781893548599,3.04768478373278,-2.93696728413933,-3.40295937477372,-0.757868643940856,-2.61252213506076,-1.17092145595265,-0.667108847500248,-1.83050160824367,-0.960700347482985,-0.55208523824676,-0.00176132842467547,-1.98091756755083,-1.30432386651786,-1.65645530293446,-0.693851749059711,1.65823837763408,-2.2324714419429,-1.12309050755506,-1.34155041868979,0.037319700829054,-2.84832682018624,-3.43242750975306,0.296174906282059,-1.99438322737613,-2.31543129499567,-0.332538007707736,-0.862153604801491,-2.42437867751514,-0.619292040942358,-0.532351967806314,0.139199080480793,-3.99291609963492,-1.65391601447353,-0.044448596033508,0.213746904319746,-4.67621667984148,2.3219516111715,1.30195813329785,-1.94554954876803,-2.77305496736089,-2.17887457699792,-2.20277250195,-0.835406752568036,0.627173977556191,-2.83148679323802,-1.72873225602198,-0.83324502882684,-3.02324869847976,-1.02886703018502,1.09674785332644,0.646628220276123,-2.48439018671877,0.0548889055848465,-1.92275011471265,0.495010024356724,-2.34614210256692,-2.9917335242282,-2.35475691443926,-1.13836270290647,-1.19273241871006,-2.09856909684986,0.920993493757047,-2.3908161539203,0.177359664704707,-0.981959808134934,-0.761619110728157,-0.845738589189762,-1.67366934805705,-0.559223999263389,-5.52120672964849,-2.36928321106602,-4.58525695093071,0.440520746889907,-1.21532621873369,-4.98974823998869,-3.13557992900885,0.497143759046175,2.18952589531563,-0.0482724946939738,-0.628537438150196,1.52727805847808,2.36437029501374,-0.997081645544493,-3.49189278402596,3.83924490925826,-1.22814754775916,-4.05237508269986,-3.73182179638177,2.09582744581038,-2.58398826702242,-0.903919881766846,-0.286357029829196,-2.39464357144062,1.28429062550463,-1.42005359300088,-0.420882695485169,1.89871129107388,-3.00792007319832,-1.00791788592412,0.239232773383879,-1.22900206627769,-0.444912844969984,2.77846260694201,-0.426785113018736,-0.280274038622528,1.31754689958523,2.62460750430881,-3.05184112848584,-0.905338243789518,0.258733151463981,-2.72216186269439,-3.77569899093352,0.226260024504987,0.458774277780817,0.248653630223198,-0.984830328637162,2.10996316203451,-0.640202105073963,-2.08805518278092,-1.88315308868036,-4.30998261344835,-1.77838579816004,-2.24538115438565,0.0731834323947314,1.56951100127025,-0.643791293741121,1.13886975697181,0.911807945501656,-1.36289164630616,-2.85835532127936,-2.36656041062669,-1.26001477149971,-1.07754161562567,-1.65135869620951,-2.27055413808853,-1.51687967435728,-2.10383838612686,0.315555240922846,-1.93548140651215,-0.333697210536016,-0.608034771747561,-3.22675929096712,0.608435654610334,0.629316595254542,0.576969384855405,2.59745429453219,-1.79017450643191,-3.00937227888629,-2.22436987282743,2.83490941102008,-2.25903639587968,-4.48993298110947,-3.6821019183199,-0.920441982139306,-1.10295036626115,-1.50439735183056,-3.9070936796062,-2.89060195650457,-3.25973962877978,0.628667179966381,-1.326220270377,1.33241694174541,1.79856405568326,0.0469442898442598,-3.62180973455763,-4.18086221737158,1.00327852947047,-1.70854007331393,0.78099746099059,1.54054275573572,-2.30950436065512,0.181564936620233,2.91796157827768,0.618067008233038,-1.19278344029913,-2.67204802985048,-0.406794390464548,-0.749693655165329,1.65007267171014,-3.0937144432725,0.430446890771941,-7.12214861100967,0.377370793744437,-0.207044740230159,0.342063182727886,1.68774540197953,-2.53782283505033,-2.63071255016609,-2.15886374118165,-4.1041350823463,-2.69512741920607,3.11821730732071,-3.98630555525806,-2.58436391028771,-1.49813002283719,-2.79169884882666,-3.10182070952167,-2.09070991764798,-1.58949601199849,-2.77206337182026,-2.03706384173081,-1.57632361121603,-5.35837114128151,-0.38345749408067,-4.56962223792503,-3.5471045632094,1.20073016218225,1.30830935482112,-1.07912062887946,-1.77298487449244,-0.237159467830188,-2.81787912079964,-0.114457756812563,-5.81324160380402,-0.541884572884836,-2.58125543483538,-3.23325562331811,-4.15182209118644,4.25376042389016,0.316696161239682,0.765520086352175,-2.98095600990015,-4.21476415213849,-0.434559250299435,2.02011504063232,0.316748315247412,-3.14442916116995,-1.75662912096741,0.355095973155441,-2.28841829400676,-0.732998584199095,-1.52162618930599,-0.651464690472994,-2.4499657327716,-1.87932123240776,1.13212773552602,0.100011720051701,-3.97831617986947,0.266637347600454,-2.56028806067839,1.57760264170757,-1.58363865288879,-2.25955731189987,-1.98750037061478,1.81682631113227,-2.45913366256671,-2.31579981744769,-2.51720664803838,-3.94153327687432,-2.14511776060989,-1.65585869180619,-2.00332386331181,-1.9838409365009,-1.63217528132106,-1.59536100802947,0.670572127751977,-1.80798102425463,-3.09080839982561,-5.16571241720925,-1.99515609453108,2.57555035330323,-1.18915044713813,-2.51307276035049,-0.922586040518184,0.828186146356676,-0.82012489232661,3.34030502510621,-1.23632615816835,-1.70122349574526
"13",5.54163790798172,4.66350611407382,3.78776887413129,4.61348498874771,4.27424141875236,7.93527206781805,6.67140594675959,6.42925144140452,3.33533481712,9.37383217474763,3.43625532526367,5.10993747797486,6.32971484368427,6.2292095676865,5.64248912111372,5.43822329527533,5.52424873714184,7.81879731470198,2.19275077101329,2.81181834499549,3.56396365640609,5.12604649758984,8.11297401645875,7.69328445495292,5.10159584327105,5.0108033539944,6.00028016764688,6.52536875794186,2.0047356159678,5.68821522178621,3.82965468010394,4.84035249597245,2.93379294730528,7.34285378485535,7.87439974408465,6.40188604624166,5.17257976738226,4.6940380453646,4.57610954904452,4.31560834243612,4.16788937100399,3.40151652824309,3.63388838919351,7.9128844340665,6.04699615438679,2.73430595780689,1.03155112776593,6.03002965604455,6.95788441896692,4.45773638119275,5.8179874429672,4.67076457583177,6.22656797300857,4.96232161130582,4.50086218625284,4.60047417526773,5.67372051491354,2.49491081555481,0.44045072866524,5.25193381689093,3.75275595407366,4.75138882598358,2.30240841025626,5.1141393874746,2.83518993172563,10.4577453181333,4.25940345093605,2.16794837833417,2.30629649605765,7.33804027008943,5.80820500578382,5.05247055889423,5.47956426823298,-0.197657072306224,3.82031042048822,8.80568909868496,4.19002193576005,8.24083077123401,4.99340502889374,6.85062795399678,7.59157227357663,6.15152609460676,4.72199415860313,3.96974194044767,7.2199319766098,6.70327822994045,6.00147320775343,4.64960009163781,7.26886379584487,4.89974822202213,5.51810470385339,6.77923959163258,3.61386886408001,5.34289776750243,6.10125614093162,7.30925200583001,3.14569421617978,4.25694801654645,4.23089208915,2.77095263802755,6.27363736620567,1.88712470484774,4.71257053546,3.86141787114401,5.35173088474428,6.59266795340555,6.44245202542644,5.63532970908384,5.85527219126375,4.46089842249172,2.53473267591006,5.33024684390398,6.3787838029191,6.08012662107619,5.41400529013483,4.79709028510579,8.75988234130574,5.04832425718616,2.59556400712781,4.53333498212707,7.412938126234,3.18565678687389,5.39622517314608,0.675206881690419,1.57846232241804,-0.773684024825822,-1.72552773637258,-0.459573197064687,2.39887809131413,-0.578827230475636,-1.03363557480857,-0.9258510331917,1.5967842676542,-1.32234692903148,-1.07702793906571,0.282632734951566,0.329428810333974,-0.241480353983334,2.70422243190138,-1.15281168551299,1.71799183362663,-2.11412038088388,-2.15598875508414,-3.04070217493325,0.810309480716371,-1.80924033693529,-2.93559631427618,-1.78392917018117,-1.91065420972355,1.04991211772388,-2.0017127217219,-1.3069140574711,0.839416857539482,-1.66649981881776,-1.34996057667037,-2.85955073001832,-1.71858496282424,-2.91453356671581,1.22111921746911,-0.426292573564307,-3.18250548358337,-3.98819694526608,-3.55519176963843,-6.62171899397341,1.93209720375568,-0.213566681801187,0.00698154002064522,-5.61140359512521,3.45251387087159,0.17149634646079,-0.791557171472199,1.66472476671151,-1.28229433814452,2.21919940682648,-1.95480548120645,-0.412992983261105,-0.437309864990263,3.73410562990463,-3.44568508436937,-1.59636519120742,-1.82889842545782,-0.751505758902995,-2.93873060329263,-1.50759066096931,-0.054386601243322,-0.725970918815545,-2.06526563518365,-0.085370750806813,-0.309628964003684,-0.271024538832875,0.272541437109862,0.342635891918606,-2.25048547249787,0.407369976695898,-1.36058837580938,-1.0409810482285,-1.00132787443055,-1.40083595878601,-2.53704374210259,-2.26411463626999,-0.130962961779589,1.64571092313613,-2.28515111655545,-1.65123339007784,-2.89963058867705,-1.43830607590731,1.26676363352355,-1.02643042389442,2.74026785224159,1.16228230591364,1.84039880495429,-1.74165642845145,-0.451928425241326,-2.34749081080627,-2.05172521772801,-2.5739956666752,-0.403636031978234,0.806986521314868,-1.57135887999543,-0.787525107406411,-0.849397720053271,-0.144180757834674,0.155686685518989,-3.53092904862002,-3.02436165776756,-1.28847366169479,-3.54793863169002,-4.71404531845153,-0.444182999822267,-2.12227282291722,0.454652343846786,0.143153495366229,0.740748814593679,0.833421283620587,-2.66578184698215,-2.38131118227428,-1.58515603931645,4.48896782431192,-3.18709519988383,0.985526249686058,-1.22482266978012,-1.71041768749471,-3.46155379543573,-0.628445292117518,1.45801320751384,1.75365030542532,1.7791746375046,0.407372263125916,-5.18271293050159,-3.81904317781705,-1.17018022891472,-0.973685084271863,-2.29041158814542,-3.37363347644795,0.394602928953917,-1.50315443008916,0.141545845650942,1.41493070086351,-2.50578443764168,-0.534313344666623,-0.913472695703373,-1.76408367272828,-3.00860345666975,0.147963858694219,-2.07447740497726,-1.84434899349043,0.868427826483897,-0.172590113779956,-1.4655045823418,1.80585133339338,0.8512092025437,2.39881152314855,1.69209698233811,-0.933471520831362,-2.77713382700142,0.397120746166729,-0.9271457799565,-1.4469536100473,1.31687530701705,0.12083736055052,-2.13485850719613,-3.42382907093901,-2.99036043621504,-1.26620829990998,0.790304615024875,3.7037130823284,-0.502825997208007,-1.21342312434916,-2.37538999261236,0.536068036809418,1.40225149670965,-0.6143635676203,-4.76606887163993,-1.61531910996496,-0.207572321187589,-0.658817498660406,-2.13228734150664,-3.5251053882597,-0.764668087553166,0.988711158219937,-0.545714278259815,1.77082766184704,0.545906990485112,-2.71284444168252,-0.781021093875398,-4.35585488973287,-1.19062083409554,-0.135855076577686,-0.992103896261665,0.0791989688665902,-2.0044762408182,-0.357051184892833,0.269486636564111,1.44731782268188,-0.169842821527916,-1.50158744210878,-1.3739665845741,-1.26568124264357,-2.92791186403004,-3.75264209835055,-0.858030399475261,-3.37786272030594,-1.5121589030493,-2.89718645447105,-1.82193012570154,-0.647345050337018,-2.34380566499084,-4.19679634527955,-3.46971792147025,-2.04310679402372,-1.9110972564276,-0.113449415677747,1.35756939610624,-0.0419495264382118,0.539488092912447,0.712220923856353,-1.54798221366625,1.75147254592649,-5.0067583676437,-0.406428997120317,-3.6255356517429,-4.85756852358727,-1.67443505770442,-1.54870042741742,-4.88925918112403,-2.09143876437055,-0.575867892384045,0.0703456398756148,0.283147823744962,-2.16880912715982,-1.82337624878491,2.53219792020117,1.21336618479437,-0.340029744624796,-0.697695442034515,-4.30171954731584,0.998318588023092,0.781078831803558,-1.64616315196852,1.57648421330307,-0.592794999548096,0.425339408552035,-2.3579828280408,-1.79520582891902,1.24851262558241,-1.38386517788896,-0.0712258586561705,-0.426622635795951,0.938333622387508,-0.163426897618414,-2.62828148755386,-3.0910907199397,-2.20275589748394,-2.08677605621538,0.611402680573104,-6.24002213698968,-0.160135802961838,-4.06329338234077,-1.24170488387125,-1.54378981646031,-2.78348405421162,-0.725252357244046,-2.53715866797541,1.86207326384328,-0.890689857443317,-0.114669240708111,-2.01552796784243,4.21660439368612,-0.131142749039419,-2.74955290434016,1.4753860127226,0.574355443655739,-1.3877454798361,-1.0979228411833,-1.8102971712218,-2.55412825276396,0.19652820841712,0.455528628074203,-6.90429248629572,-0.581310265751219,-2.91043887972555,-0.651395773677383,-3.82058666452586,-0.959533494708495,-4.04861174334039,0.454336257725506,-3.38532970649809,1.13749234766274,-3.0394181054419,1.66033736105514,-0.814832903880944,-0.256737832305479,-2.29089450807352,0.10297451098892,-3.28842073174266,0.471586432651391,-2.84707080177702,-1.4486142481602,-1.73102967869157,1.65389834930235,-1.52376102233802,0.592519831413288,2.29951985232383,-4.30254684843403,-5.54709291116933,0.365160509004975,0.817863947195694,0.805556080064463,-2.71229647242046,-1.09023664307347,-1.02041713611129,-0.934181660097279,-2.04004038354981,0.390939702484327,-1.72002663595738,-0.606527981256487,-1.57935626618493,-3.04009228618043,-1.04664607813942,-2.12309494385772,-0.28508001581899,-0.250293843130206,-3.48814563614479,0.00917743785223113,0.268513663325844,-0.571876946386737,-0.349045896117369,0.387660401708183,-0.158561691253284,1.06200775476498,0.509772782636179,-5.8139912922305,-3.65510309123422,-0.213162795473882,-0.918641076881743,-0.795380678011143,0.96308210297933,0.230519155618538,-4.43629799802161,-1.09540775395002,0.0773725664980154,-1.74147888785158,-1.68319903293669,3.42016234409971,0.686206379568969,-1.29656057237598,-0.485324843290904,-1.83423673201832,2.06813875004365,1.78621971293336,-0.804200208855648,1.61194435631394,-2.31540916489464,-1.34229689573662,-3.69153446616327,0.585921019452641,-1.63452359979508,-1.12765699962926,-3.77857118280726,1.37646496601775,2.83909363207175,-0.798330684308146,-3.22989002470788,0.12279774749891,-0.212866308316373,0.0904227124789063,-2.29979522498858,3.57216896740141,-0.87640452077188,1.80909468111838,-2.97905690520004,-2.2309720397236,2.19893389210133,-3.37488696451389,1.6530933199562,-0.901507122550762,-1.49725239879648,-1.79105153256952,1.82800796111193,0.0796578056862907,-2.46386116785492,-4.22455151826996,-1.92955776800619,0.287501816207949,-0.182421905710749,-0.986516065871013,-1.84546939654784,0.88150462817703,-1.23308233138357,1.13632994961992,-2.58246501965004,-0.42589071905149,-0.666784247896782,-0.21358707051652,-1.46326745659209,-5.27121195547736,0.962828844911905,-5.27243916258435,-0.683136752473993,-3.58942758573706,-1.3893410429748,1.24753787717501,-2.24257059674376,-0.780892474020417,-2.02776688616104,0.254868552726406,-2.83579640703282,-0.817588996285171,-0.185463904005904,2.74223837990449,-3.46574790109361,-0.84141659378976,-0.0868210382726965,-0.179892489990652,-2.17005940053077,-1.62100901817341,-3.63382387631822,-1.93692802654504,-1.94134057905035,3.54378543300462,0.194751157891244,-1.15730437302837,-0.892234686484288,-0.579157720780204,0.268902627118372,0.351931776641812,-2.06740590819766,-1.08335856964523,-4.1499576620703,-0.0497056689525479,-1.22047482265021,0.508546498986431,-1.20227203344323,-1.80607417403248,-0.972854559120231,-0.696435264350351,2.50324638422024,0.0104917457074978,1.44395782262571,-1.99219380065563,0.0115906435152018,-0.959469005985566,-0.621908202524567,-0.627681085776295,-3.84158480828008,1.35103939661709,-0.645866932351122,-3.81554239554228,-1.51831948149611,-2.13453375177628,1.02958939186222,4.5713959839633,-0.563339080786835,0.265851635589434,0.76294459831554,-3.71954504335647,0.426462003401409,-2.33448121131542,-4.58063403131702,-5.41498422963818,1.70740552545147,-1.54414222944032,-4.72986419857551,0.78468059290319,-4.55663301738479,-3.54178359233859,-0.701125866172181,-0.900851815249456,-2.82704975595058,2.20886178983619,-0.636183368987372,-0.883302517797195,-3.63577772356783,-0.581544498736163,0.50182364658096,-2.90290732368773,1.27033689315149,-1.64189350009252,1.4184670034865,-3.16974237699422,-1.40259855667198,-3.39643980038711,-0.0224758981247536,0.35792418362112,-4.05677140537321,-3.80410351438395,-2.48792425630005,1.56231667066512,0.695762261356339,-1.77627547408472,-3.49132479821067,0.464070034707641,-0.268983689515211,1.20286674344065,2.70200409328062,0.0904872862557506,-2.34853396721932,-3.3639649961429,-3.07835481189856,1.14725951816519,-0.526737481820767,-2.03991798545226,-4.70651813205473,-0.566805898147143,-2.04926596971472,2.87110768169685,-2.69122664312855,-1.33020958148042,3.85915662923598,-2.948238794246,-3.54920845837936,2.37956853491057,-3.18003189048358,0.219853953943635,-1.71072743445531,-0.387142483419707,0.0446195325182923,1.79243226659178,-1.74639739113197,-1.33320087555393,-0.977069993716399,1.63685035634459,0.535490788147775,-1.9548423614334,2.22863394533494,-1.70457317270565,-5.35644879364581,-4.45707755904046,-5.40813229019526,1.95907195434611,-0.980590046634906,-0.556493370424438,-1.90147125926332,1.07880847426909,-0.906920077195962,-2.74194203871502,-2.15332476903786,-0.225112489732522,2.14846691245548,-1.1679392188008,0.664034476806443,1.76183748748375,-4.30267998363533,0.870049525261788,-2.80246912598664,2.34075552495971,-0.0130049739134421,-0.0990936717205577,-2.45751873009327,-2.25096681103045,1.08787347830421,-0.866176465074577,1.74872281911802,-1.05865500555014,-1.5745803535292,0.885066580496716,0.530113108384052,-1.29369804027447,-1.39332790332385,-0.218638296893612,-4.30727087462288,-1.01739352585974,-0.659287213430899,-0.511818553377648,2.59374818875051,1.90963570289075,-2.08608595604135,-1.0883254323199,-3.41647149926172,-0.0431055948244801,0.577692252755774,-0.586004223947228,-2.28944934451003,-3.825284532903,-1.52864364465039,0.63983845924036,-0.755993773492277,-0.0285700715327153,0.221397735980319,0.0513343124297594,3.50908858426088,-0.811386819297018,-1.33772231787726,-1.55794063460682,0.576569128574004,-0.937808970605459,-3.89817683152837,-1.91613573074036,0.140892483261398,-2.75034515695239,-1.64076247037415,-1.52185356982334,1.011822827285,-2.9171791848701,-2.51262510052008,-3.94820686378143,-3.72665929005479,-2.81177856791234,0.0576652646622917,-1.04002547118225
"14",3.71673557358221,6.51283814817656,4.73463381373205,5.22164601098226,3.7438759181997,7.66158864968333,7.88182614212171,4.73685096851733,7.15294791764671,7.66488173626944,4.62123519593974,6.582699031282,5.98370015108654,4.88569616547078,5.7642611637894,3.78945900758867,7.79071795661302,3.33566111474207,5.4429316571998,7.8154261845159,7.54348826736645,4.86993176314459,7.17819276548703,8.42098949822405,4.54915809585266,7.77680081461927,10.6456958663332,6.32691002155106,6.11024047651906,6.78830398331457,5.55954324626691,6.16430748214575,5.44876406620074,4.86906664803343,4.6384881505082,4.043650427631,3.96703279928812,6.5904549056261,5.83520801604333,6.73085692154579,3.9665477694038,5.45002596183675,5.90367407014371,6.81638431929204,2.84351200471184,7.05583893660504,3.05222073895131,3.68112866086933,5.83539533020379,2.62760435105552,8.75597466924661,5.94263286577934,3.78207998597074,5.33759417501759,2.98483548871844,1.96550476389326,6.34715015085172,2.97651958855262,5.39162556700043,4.93562690755232,0.879245303956345,4.23562144670876,5.13028058230035,7.07612413889058,1.46725467519069,7.34034633068805,7.16164571977993,3.84129002146625,4.42554486658107,7.82010879050436,8.18600531747761,2.26511058249532,4.34082372955804,5.70180050650107,5.31969529806228,7.40771358624155,3.69943091942629,8.18383731580366,5.85062860642905,6.07647360882285,4.33849950443625,7.1039849998053,8.56805693336762,4.8205550293985,5.01801046703204,6.67952366541956,3.496086032353,5.81587445546698,3.29287805183703,8.06709831147328,3.90705004779406,5.35676079652566,5.3863382807169,6.42359245410735,4.21666970038266,6.96980828331355,3.89582973733412,6.43396188419741,7.35167019548397,1.93503416690041,7.50387957919135,3.06574243174647,7.53897403667326,2.78175774851671,5.9375424696434,7.42354039033232,8.8930049989394,6.02377460790503,3.71302796356998,7.75458490501596,1.89629235957159,4.99211791894508,6.75090670787236,6.90712255885313,6.34513236770342,5.23665163512325,6.33158353443944,-0.606058337664306,7.96247929745505,7.95487634546411,2.85629216541906,6.04345450681872,4.52750202553985,8.21513946161415,2.13186484911592,0.864264773202346,-1.90201219050225,-3.01196117571081,-3.16643894260505,-0.338716383033693,-0.907876265782055,-2.41241216806659,-0.322066105392305,-4.73342765485969,-0.957270052476551,-0.352967808723326,-0.569999478695379,0.280247553831513,0.851413849779856,0.372068603845529,-1.4106520859973,-0.683876996085785,-1.35825452339711,-0.161121616227089,-2.68542395711872,-0.816623638210882,1.38463133055539,-1.56772672426861,-2.73567785724043,0.719438153132129,-3.69963844274772,-0.066355402281937,-1.99558030340751,-3.60907036552939,0.63346443035851,-1.98201718337169,1.1162463961408,-0.379490758748882,-3.47142506771649,-6.922788422086,-0.324259509864255,-2.61231514022385,0.161526501751174,1.65515514011813,-0.766397092506365,1.60163521175315,-2.77654721941508,-4.04202313554111,-4.3558513692962,-0.42680008919514,1.33506767578239,-2.37482005528867,-1.37623150198782,-1.17573513200198,-2.02916185289175,-2.45934576086376,-1.81940912181611,-4.25808549134279,-1.56814644919073,-1.8380517664883,0.895592334130369,2.68931364120743,-3.73008932586716,-0.837441953595561,-1.82217302930398,0.489934945317693,-2.0301935171131,0.0685841732085739,-1.80478273479628,-1.69625372710544,1.49177441990758,-1.96351595339476,0.176426820107054,-0.447897030982255,-0.862642667464248,-6.39609901879272,-1.71915359534811,-0.0354734527282711,-1.2445565724823,-1.94679888754945,-2.51448653248909,-1.59457729803723,-0.198029381443006,-2.87760480408619,1.20954296409868,-1.57219834323893,-2.63646379332408,-5.64292381655139,2.58519860261142,-2.86280106558572,3.18821222468081,2.1203460889002,-4.86816214091079,-1.11639505125757,0.616562949035515,2.24604947706528,-1.0079412545077,-0.945512138686578,-0.304526627218956,0.540408914363148,-1.84626418982194,-4.04460353564333,-0.902895745725125,1.69992821430541,-2.94064641473617,-0.285083739350246,0.621822867521771,-5.28427558787379,-3.19776014293772,1.97030562185854,0.92531034124613,-1.77058446377005,-0.875140553088144,-1.89989378179189,-1.64650899980057,-2.59151775546951,-3.79723132471418,-2.48797055248984,-0.192126860966631,-0.0341222725491729,-2.53680859618046,-1.63283528753687,2.01812109181269,-0.267843286975701,-4.57900226809283,-3.25973169007651,-1.42201096445001,-1.80773027078565,-1.78217914738179,-4.91931464707798,-1.18924823824929,0.419394790533557,-3.67574440564092,-1.75120719185145,-1.28613384461353,-0.924964046165996,-1.38271747563608,0.383133411155027,0.955932498643441,-1.85329746538577,1.24322486938086,-2.6082145418297,-4.19226385032474,-0.364499719125606,-1.6542926123273,-1.96683651801343,0.480034944676173,-1.43780993857117,-1.23669534805588,-3.69085912126,-1.69945702765746,-4.25190387703921,-1.45126356107309,-2.28383602771341,-0.0905255851063453,-3.13969366687433,-0.0170142883217534,-2.53632643735227,0.100436495474036,-0.312036993740784,3.50999368027485,3.44400935938942,-2.28510349879592,0.544037259946725,0.388191469492323,-2.9482742841277,-1.24188622499321,-3.28696848640465,1.67947902200348,-3.79417410408015,3.9502660908513,-1.21741058335412,-0.157438249622237,-3.66694636494275,-0.373479185742953,-3.74512089445654,3.64861485861063,-2.21256486451102,-3.98114236854288,-5.11554264379298,-5.58498793508993,-3.32506959027038,-3.83707227221922,-2.16314450193463,-2.33644115983538,-2.84607560019129,-1.57040616189926,-4.23054005849138,0.907159902900789,-1.44184443672701,-1.4796970055823,-2.19601372008761,1.88876554539299,-0.633742004767677,1.64381533517524,-0.00294011037272723,-0.150983213893997,-2.92107195690033,-0.205639842797551,0.174412564416895,2.61091544991181,-1.21741411742326,-3.58926295178283,-2.34144688315859,-3.03023844886191,-3.45591810121907,-1.76723500824979,-1.70021062649323,-3.81937994947248,-4.31686588716453,1.66994453915031,-2.10502020914864,1.03985096372752,-5.14260938739556,0.202104454943888,-2.45591282769172,0.306936830017415,-2.73904400845163,-2.93948555565702,-0.40695057912206,-4.56012700702593,0.128585464329361,-3.34562267943713,-3.5621049795923,-0.459385903036777,-2.51545793764568,1.51912223846833,-0.883072727141875,-3.89415297847311,-2.52971680614781,-3.88334610941567,-1.93972066683755,-0.755062355232307,-0.908802161133939,-0.159821514286233,-0.561273087201265,-0.0556154846562783,-1.9213491064247,-1.78892076098519,-2.52230937788936,-0.903419198779464,1.41001703827964,0.63334433904617,-0.396668220177065,-1.24265703860967,-4.7457713990871,0.043955708811813,-4.02882958232664,-0.046770550004944,-0.876839836019781,-1.75224379810902,1.96642047760024,-3.09513774707258,1.99520229974229,1.98813938390358,-1.56195352974838,-2.55500760397407,-0.85148042005366,-0.193492702883914,0.329266331618364,1.08059368230196,-1.21393829448643,-0.371233135522117,-3.29889226522733,-1.06848845449736,-0.636937751563592,1.25254480860707,0.243972754504491,-2.42038174839627,-3.11022070167094,0.490511314173539,-4.86321784365896,1.70434616125087,-0.741899621435605,-3.0394666402137,-1.57353060430683,-2.47830917741298,-0.995065827708039,1.62511247689668,-1.93974821437134,-2.28620544126476,-2.92252743161371,-3.62413982093538,-1.43546749529113,-2.68034663163984,-2.97339779714584,-2.24599808268958,-2.68788340430085,0.175973013001587,1.74788126282321,-0.177073962864249,-4.92723019533344,-0.344484456775232,-2.52341624957792,0.324664471824714,5.32689577971486,-0.87464338517799,-0.652912446737548,-0.953695895362639,0.170815359565554,0.172269212382975,-2.2604527160013,-3.67019106800243,-2.06108585034905,-3.73142433095449,1.29485892217231,0.600782519695831,-1.72281828666993,-2.10067897752001,-5.64692344004287,0.586155831546459,-1.29319583083473,-2.02290186937868,0.278733023780403,-1.50502710293033,-3.9067660988508,0.324575759676447,-0.744304508080478,-3.58705804489724,-4.14921837995572,1.40431868114866,0.03196352947944,-4.28401026142736,-2.56912744281625,-1.91859896389214,3.58128493335583,-2.0296824331931,2.19709665006118,-0.142840540755811,-2.1535350294853,-1.85319660996361,-0.966597988509553,0.847017167820746,1.09428227251644,-0.980677556962618,-2.28671707161984,-2.42398255770996,-2.05331889979027,-0.198003675252378,1.82024841808039,-4.69975160980701,-2.35109270158624,0.065183676601462,-0.278367690766545,1.42752601010574,-1.81017706555213,-0.888293321817597,-1.51522062559662,-1.54372260150877,-1.32099937627325,0.0922345003675946,-0.352708882867429,-0.577262668038968,-1.67935659489177,-2.34777580515397,-0.0488096504189174,-0.908505607631707,0.0302896160939516,0.119870731649414,-2.17034799035206,-5.24995881573707,1.18841862563813,-1.48096031282968,-4.30162977736637,-0.0271648634041683,-1.91654805530071,2.75956312252416,-3.09636553731453,-1.98978370195527,-0.816345822058301,-1.63390091551158,-1.03267726897402,-0.798693772916137,-0.601636259359307,-2.66449273666205,-2.64542090663984,-3.8918914205756,-0.836571164193096,-2.41618008978726,-2.06175184887913,-2.14214193151731,-0.386228201945463,-4.58159963017889,0.549996159239507,1.36477242163013,-2.49120735734245,0.728483830667365,-2.26572282670815,-0.807776854465171,-1.78685722860155,-2.47520400845874,-0.132830399973231,-1.53033162176987,-4.06470488109961,-3.06583799982656,-2.31441041089698,-0.49692287637463,-2.33991163494655,-2.25643547287263,0.494984943297618,-2.47561370526467,-1.28823795762323,-1.46238592288177,-3.63416226366084,1.54438740349489,-6.06825901194267,-1.62574259750393,-2.55449251745068,-1.95770966130669,-3.81515031145289,0.194574332491382,-2.473706405417,-1.77639659893465,-2.80504135782843,-1.25901134414491,-1.15413616565125,2.01279507473213,0.0273789978073788,2.38558615230163,-1.11752401394464,-0.464392750488757,-3.77570906542608,-2.09926525616553,-3.88461001344948,2.32052299718904,-3.97187649140442,-0.426475515850441,-2.84022811710482,0.307963835031594,0.849107020231783,-1.32824674450133,-0.494886812022968,-0.69846166029998,0.522893401501735,-3.28610353332803,2.12549876814194,0.863742008477076,-6.27032864986742,-4.18211866152594,-0.93375210136409,-2.48782964268123,-1.98114586788914,-0.169711845222281,-1.91090724435815,-2.86447310353486,-0.269194371680453,2.68000783667388,-0.425485496968987,-1.69611191759636,-2.56168237658095,-0.8627405751958,-4.96267232175834,-1.38903923851874,-0.273415023258701,-2.15367907300379,-2.90076531145024,-3.91018347443994,-0.595838699783546,-0.262094053897616,-0.869537320765475,0.945868372297552,-1.54654838527825,-3.16954241455234,2.50215837805374,-3.2152211016783,-1.00148383033123,-4.06013473364404,-3.78302464734189,1.89508493853674,-2.48727484709131,-6.69608378387645,0.0390709728694822,0.717729847844314,-1.51611433733232,-0.289966973337725,-1.11017678111229,1.40835977637391,-1.76396610446167,-0.137912067758231,-1.93951453384129,-0.686319773271246,-1.25481961822598,-2.5249538835684,-3.62207576253661,1.01689769314255,-4.14574588939328,-1.54990929307892,0.0767398985726575,-2.44663765486446,-1.18222820343218,-4.33911435812738,0.608738539454683,-1.48963320883851,2.70958341322764,-0.800157702722467,2.47803757124734,-4.2762874184483,1.34971945600011,-2.64297722540735,-0.563644552107575,-0.971436919160079,-0.932980402606097,-2.14622367265274,-3.27230459167377,-2.78336100863821,-2.43493524723208,-0.283613931826485,0.831343634159184,-2.65998404525856,0.734561940576541,-3.41569968912585,0.517670982538955,0.721506881266391,-0.871312161735121,-3.14596758190862,-0.87206090051813,-4.30641248849258,-0.267250312642356,1.2791734817382,0.351925792156873,-2.21454456908715,-0.26778376764812,0.352350163150826,-2.44764210747272,0.790944029819552,-1.43592350049292,-1.9308096940356,-3.24221389387564,-0.13821278435396,-0.65893858172122,2.69077877621453,1.61021289130877,0.450331175040315,0.63102825377541,4.3154059841044,-0.272279792396673,-3.64052420353296,1.90209380108227,-1.09041879355432,-0.00810835227287232,0.266067000621094,-1.63373032956969,0.0862299194865974,0.94628959737056,-0.689721569828421,-3.57118745094416,-6.99108747991254,-1.32360712650397,1.63640874696852,-1.96861756782351,-2.01441341013636,-0.833781850615902,-3.33715134545615,0.517138663241572,-2.50003180131123,0.110078706027693,-0.622679382049842,1.45993739685839,0.637491261148232,0.087512108443714,0.654249152059204,-0.85659113155126,-1.30255426659279,-3.06873217281842,-3.57496014745527,-1.43444816548468,-0.448257343860781,1.41898009289068,-4.25995309736134,-5.59834686797097,-0.262235612597746,-1.54690731230176,1.38462336067839,-2.98058056025062,-1.32846672038913,0.9476565300819,-0.836516412196144,2.28338413928586,-1.48183409171185,-3.35926383655351,-2.50862065239829,0.927372878839439,-0.503818122732291,-2.05063287480672,-0.844010365305475,-0.901988695431263,1.11838789603825,-1.07467388651641,-3.23356721066624,3.63433517550091,-3.43476221056663,-2.03058637926578,-0.489261095594345,-2.15486194043651,1.67401615672303,-4.0961333120671,-1.67428648881669,-2.42829528557191,-1.28670991026354,-3.57600625101564
"15",-4.24969419646699,-2.86959162519042,-1.88513057413179,-4.53272727013125,-0.672266385302922,1.64531852391851,-1.35444925023443,-1.94404132220688,1.56402240191133,-1.46975527240803,2.73266495809622,-6.25997470550113,-3.27518583203137,0.0850277260005035,0.999576633343171,-0.422686621190435,0.206200991607107,6.39509960081095,-1.11326923707905,-0.912695593439161,-5.45392427733861,0.12284481158399,-0.964588340863138,4.49500749051116,0.387096935444704,-3.35967851503768,-2.38816183594526,-3.43604521264128,-0.120318358131382,-1.79269493166693,-0.00164526178458924,1.35205689232539,-1.24547174583324,-3.91097368309009,-0.266193611292201,2.68870649505254,-1.7966091442581,-0.447582570878008,-0.938594938459337,-1.36551746098673,-0.862953395086889,-1.42782310332541,0.30112732857246,-1.85572146860824,-1.33343128094489,-6.23252604860896,1.70428438121177,-2.2278405965821,-2.21804958893075,0.62884812012501,-4.33163234103182,-4.03972672366013,-0.513919754252857,-1.74153419685466,-0.896593668537561,-0.579487250004942,-5.61467795037277,-1.81354574893513,1.44737411689835,-1.13967759018204,-1.08194051947018,-1.16982760386806,-1.35242833155749,-1.65441394408937,-0.506703801962151,0.96291816110582,-0.10581639524197,1.82707143421905,-3.41788365227291,-4.1419522950213,1.69368987963543,-1.39548138005116,-2.42799960212557,-3.09810408845694,-0.212881613726444,-0.429296826603472,0.610345455464019,5.05016091613951,-1.67278014345085,-4.19186949270977,2.18815156733092,-4.17956001922809,2.38268041284822,-1.46173059250231,-2.11413529425244,-3.10836162520615,-1.18089179620665,0.298377335042651,-4.49137120446924,-1.02895116500305,2.28796171087068,0.781214020626838,-1.38898500857236,2.05053394356323,-1.9198159970224,-4.22453154110683,-3.15281453633169,1.35826342350357,-1.71171867277118,2.77035853057979,-1.86470127360349,-1.30783676711649,0.733884193113092,1.18242020078721,-4.45455734369278,-2.96959843872008,3.30553590341635,-2.84689331902765,1.0543981648315,0.600899104679492,-0.80529230391586,-2.15299537228922,3.44794677932843,-1.78532534305304,-3.44933892970564,-3.38750937575184,-2.75898664792468,-1.19158592194678,-0.97923518072269,-2.83382214525472,0.673656348818447,0.746293965055872,1.50177947588503,-0.38586126225308,-2.13155842492494,-0.626122308160969,-1.29786481775758,0.941540159216826,-3.46374747697353,-2.03548594165848,2.08766355282618,-0.196311819066257,-0.30563850801238,-2.35791467038793,1.25393658499965,-0.545864853622356,3.79722168410873,-1.86134533484884,-2.59171363904075,-4.7120085735675,-2.96065689833344,0.0655817721319507,-0.163115168647331,3.56559248125101,-1.7119219148328,-0.467984252059092,-1.9789199033106,-1.05211066453051,-2.50082931807249,-1.76499960166492,1.40407252362465,-1.17175649943503,-1.03314067741823,-0.321926444622172,-2.39069401114692,-1.43583101760627,-1.271286407086,1.73320275823397,-2.76857650567323,-2.16543034488774,-2.34794777707142,0.123686272034295,-2.97528206363399,3.111350400788,-1.40608439650545,0.706420183595542,-0.148209516842295,-1.06312451237024,0.603818205434873,-0.187002241814512,-3.86741946240184,0.148180500552687,-1.6088737900918,0.906572383223891,-6.27168623327452,-1.7497069757291,-1.05999417660438,1.70066737649524,-2.26034038409634,-1.82214492680736,-1.10292284461767,-3.13862569146539,0.885060873256167,-2.34015005455609,-3.20838783097249,-2.53764353283384,-0.777751893756434,-0.756043127865341,-2.98879723963492,-0.635067533347722,-4.73513919052494,1.63726976287424,3.13047159244626,-0.283690727015352,-1.89745091090214,-1.53091405533465,-2.70144495893398,-3.23908315142225,-0.200468913868751,0.726773181106673,-3.98446151137214,-3.88058750862414,-0.842260661362831,1.07664111600372,2.58727858633133,-2.20295825625453,0.383548531826885,-0.047458741202244,-2.96811762104629,-0.290840706335377,-1.8692158465286,-2.1500265524458,-1.09959472661094,-1.61690065509908,-0.637743872231217,-0.0244758552675227,-1.18989887516511,-0.0290774275332732,-4.01080783399097,-0.974030320199484,-2.20741728898784,-2.5066763100807,-1.54776771488834,-0.646182752528466,2.7358583061215,-3.67285938251942,-4.50322924702744,0.191908061413328,-0.355799145956433,-2.46740039375523,0.113662146654918,0.0374744691013533,-1.48655164698679,-1.68268263536191,-3.6641483196323,2.73553523446299,-0.623548307979716,0.0814469881412958,0.931550884321872,3.4149448289083,0.477878310518899,1.64686952663474,0.503159561886802,1.97886386437464,-0.874919408820316,1.13970447561753,-1.13692734069048,-0.0389671672395172,3.21694638374202,-1.05298005256895,0.341032009467926,0.26458905164022,-1.70902158310709,-0.149652462234525,0.259230617947371,-3.00445203869253,-0.157736237361966,-2.90131049016049,-1.87758510471003,-2.45618696520804,-0.188911101766702,1.00562317513564,-0.326386614715447,-1.16275181729871,-0.640518578883486,-3.43538377774779,-1.17537719233988,-1.98254710152401,0.681215824254023,-2.02910963589363,-3.24678490238903,-3.59878047839898,-1.24265083468534,1.49532768466551,-1.60843694660344,0.882751715439244,-1.54175843329936,-0.531787304366372,-1.15734979855183,-1.6462996345266,-1.25927663292461,-1.14354947441632,-3.78192412316343,-1.11911363906922,-1.92600254790163,-4.06848714361963,2.72981160298112,-0.620298102042993,-2.31342819111815,-3.084156302993,0.33843807987369,-3.24665660268976,-2.628318442097,-0.786384270209328,-3.3507233260229,0.957705490240379,-3.70436640372941,-1.05734866596233,0.660549645711352,-3.1557493712916,1.0428437027208,-1.15418261065551,-3.03698524402287,-2.47678654098241,-3.46864690259778,-2.79901032506161,0.21375474309962,-1.28812779805581,-5.85650242927169,0.630868936073841,-0.938385954744423,0.748539095085642,-5.00708054574126,-3.1483744497119,-0.149649827212816,-1.98270399842593,1.91478677229671,-1.3728544986941,-3.09651758895547,-0.957466827213126,0.19726871336798,-4.32258661351635,-1.67195144267503,0.731667894779476,0.236206434531395,0.891806969487185,-3.69427056020105,2.15392621973989,-0.295120221920867,3.64292916268289,0.763988599160553,1.0940149471911,-2.96866135800797,0.104535361903633,-3.5947250279894,-0.00882777135750468,0.564501162616844,0.422450151977573,-2.05727219403241,-5.53275599783381,-0.977280198738848,-3.04198030370484,-0.940518257967784,-2.73061724105105,-5.70739159047773,-3.45142080723807,1.92494838180428,0.211209814021802,1.95320393114354,2.29112597220168,0.441059519813196,-4.23293181035601,-2.96119098425596,1.6631707298383,1.24135255831656,-2.00295056334209,2.64404866358881,0.415599211035379,-5.30066701736521,-3.23860934382572,-0.118141713475963,0.183528345620623,2.26268457801568,-1.63706326020721,-1.62162399118404,-1.19016859699885,-4.74911360343276,-0.383881711868335,-3.87591759511238,-0.0833702960300122,-1.8513012736523,-0.306206380110937,0.588947788526173,-2.87723826335526,0.541991342003094,0.7307345573894,0.565779336546854,-0.878825823747396,2.95462493359043,-2.18809439919939,-2.48906071844856,-0.883870516346249,-1.91482989946654,-6.28363992111228,3.53519753244719,-1.97020206416622,-0.659301660750928,1.43823620403901,-3.01448994558444,0.591245031827916,-0.0237076168239309,3.76059260862603,-0.186542909714729,3.29679621800113,2.10398394467734,-1.15968762779949,-3.14595121724401,0.449615278588996,-4.53466239637004,0.778491390832303,-1.08704849264517,0.100866516533446,-2.17265937996539,0.35992657821644,-2.06938174169551,-0.32514972248147,0.97785214680324,-2.44598002139494,-4.7044381421466,-1.17267484926799,-1.85910781017084,-0.371069103200273,1.15352130111643,-1.00070071100384,-2.80267856309438,0.705969833634247,-1.55941071990889,1.6168813406252,-4.1089278517293,-0.955554503225096,1.3089161095435,-0.585024108038781,-4.61120595019575,-2.53874193866767,-2.27772695215551,-0.111744703898684,-0.126465154802517,-4.9480738007863,0.616486084632063,-2.94943424858729,-0.773930929376264,-1.0102658482645,-0.388793580788965,-1.34577713631888,-2.15421944955421,0.110139478761886,0.545729865179932,-0.588344023021253,-1.98424602732094,-3.4802870591611,-1.77675032865973,-2.93888156875076,0.336130246918685,-0.386722420444613,-3.07843731667183,-0.915216570543673,-2.77505365055021,-3.68218754003063,-1.20653331323718,-2.72935711471743,-0.193256077318756,-2.02276199220821,-3.29043694887003,-4.16772226249205,-0.538173523977085,-5.20443097706297,-1.83872545933187,-4.48261245068905,0.760975135693677,-0.302188454258327,-0.363967383552638,-2.81832486264832,-0.287052355203749,-1.67032728744665,-2.07632619160778,-2.92950737207651,2.24508302182943,-2.10281248687686,-1.1559972509109,-4.19400386067049,0.0930731840613532,-3.0158919793202,0.601448419063669,-2.81245790840566,-0.985305823258444,-3.22104670846712,-2.20347257624372,-3.0704048248885,-2.03976886852367,-2.79258647995364,-1.75242872381874,0.0582066006079787,1.58602950289906,1.24862847687071,-0.0212350847604014,2.44516109797776,-4.89405881025066,0.3281834614402,-5.58489031916098,-0.331337640207354,1.33605128867258,-0.936671865980557,-1.63511092820933,-0.139808941698768,2.99734061298085,-2.80183382202561,-2.93402605437019,-1.4481894843741,-1.68207037898738,0.902914295667906,-1.75838607328057,2.18532596171987,-1.19503042934362,1.5218672024926,-0.0893861046794644,-1.40505250563151,-4.20429161617003,1.13719648015925,-2.77930524128867,-0.356304861041202,-0.435680727268051,-0.746485418587619,0.0879380376870016,-2.10124268345122,0.228952334932921,0.516373740710235,-2.37704300699454,-1.61058674189829,-1.57260491633604,-1.58177748998223,-3.61059700448477,-3.43819440450971,-0.248685321097289,-2.76300578238241,-1.2579934472489,-4.51160929464502,-3.38519301922031,4.53455291089635,-0.0530991374785678,-2.24016764190886,-1.37915127343509,-0.501498355501233,-0.112662999309745,-2.83441739999599,-2.90238650304417,-3.64989333498291,0.40837917761535,-4.8699088950221,-2.47984297299586,-1.79828882178565,-1.68286137424412,0.710603615862175,-3.73344328095425,0.10593863933947,-2.83198933524836,2.11377125151731,-0.631805588528476,-0.965201596811464,-4.20911519057841,-1.35345965053361,-4.32491407508075,1.23663645756898,0.0161770222337387,1.73815937421205,-3.95487668148168,0.779960328030721,-0.918911821667914,-3.64734646402891,-4.0370026229727,-3.12230135010653,-0.690170455962111,-3.24501645538307,1.74282901876067,-0.606022903892226,3.79662120728928,0.448402948632675,2.89053207252357,-3.76569278222394,-0.373184420632684,-1.38041489872529,0.0452486906542806,0.414473073995128,-1.51700977074875,2.71518704254653,-3.55560409104776,-3.57680536158483,-0.477639189305663,1.52280364325459,0.976977850213594,-2.14091176022288,-2.21023709006984,-3.40723706806919,-3.38082736173062,-0.784055136385133,-0.347879674058197,-1.21061727938409,1.70744757781296,0.488463319425571,-0.96353416968646,-1.83936218283144,-1.08453785029758,-0.815629580360278,-0.717937166407634,-0.528910285261857,-2.82258374894356,-2.94915110739372,-2.21800530877712,-0.842071250195227,0.362702936261723,3.64625104208963,-0.695884781819376,0.0314778229962527,-2.84290195268709,0.967525422003302,-0.989056648243617,-2.55608395969294,-0.101825930176117,-3.04403642708803,0.801937730440352,-2.98206080487725,-4.92190136959335,0.980773152568893,-2.75563699430434,-1.69914852728529,3.23793674301581,-0.487152284362262,0.0348080115839526,-0.664227278124165,-0.429649943490051,0.65944398639394,-1.03312794443999,-2.25050058871913,0.305182306011336,-5.35339383821419,-2.37676183173234,-1.92006850253221,-2.68378088896736,3.68771400028818,0.604411616686798,0.788556308254083,-4.1729564865163,-1.06629327690133,-3.95805689491446,0.0140252380460815,-0.218195550959296,0.590688010122027,-4.89911469546722,-4.86382930843375,-2.66685313994023,-3.31356458799615,2.13331293889325,-0.567195506411308,0.392752091258994,-2.15579452351084,1.1843269085352,-3.72392303584221,-0.278010234065492,-1.28293203576662,-2.54318374206375,2.62845188987086,-3.5785628488949,-3.337392441115,-2.08622970338151,-4.89299494084995,-3.70118802810521,1.11642026493405,-1.12066146338041,2.20373417568365,1.20945786285018,0.905216425344809,-1.89625116455327,-1.34625630139034,-2.83886839681529,-0.0271586184603845,-1.50891863004289,-3.95657134334617,-1.88217937025092,-0.392160049849569,1.24206856242816,0.589869061636851,-1.37246275249687,0.724885183770309,-1.15767833918798,-0.84773377031555,-2.25991331832546,-3.35832432010583,-1.91739829693295,-0.647205050864209,1.85292887271444,3.00724436936368,-0.651947039925494,-1.80431150381657,-1.06798982736694,-2.56734863670947,-0.0294775569356412,-0.697879817080098,-0.229353301080626,1.68155050442994,-1.39957559197738,-3.5014978606746,-3.50907469923227,0.848670326535278,-0.899336734655327,-1.56218304351445,1.20336871555733,-0.892039334024384,-4.07468258131394,-3.15157460456862,1.24599561361636,2.07913260887733,-2.49607554743216,-1.82767817447428,0.16608695986548,-4.2804036634991,-0.753650372344581,-0.0177228086627732,-2.72168951758296,-1.55725823166662,-0.480444233459968,-1.73240679143427,-1.52843989174924,0.501946840909606,-0.73006471921798,0.829647577788816,-1.93431365843049,-5.54216806356629,-1.8264377968043,0.221915798794361,0.0413422857097427,-0.941030777969128
"16",2.60554970079286,4.00963535397988,6.5266503537245,6.70409959111356,4.46637319410514,3.37656998613135,5.56133764784714,1.90697351353156,6.16403516718436,5.8687599466824,4.9571638552889,9.09774961379078,8.96526891433069,5.03013136074039,4.18020047279939,2.9705119559815,5.87689844379584,6.83417665147661,5.77850776334488,8.5623070278642,5.8303540912355,5.22288209375949,5.35302666011541,5.28785069498499,0.74414328951554,3.42925046748589,2.88326466625285,6.10814019526092,2.45438663279899,1.53245437295636,4.25132777525669,0.348717931732318,7.60121109716355,3.02202210088741,4.65582429977098,6.02860567433358,5.08454814858604,2.09264510048756,5.68855809250934,2.47390925392267,5.40041042123601,2.06493311760246,-0.577847752579788,6.45640931558485,6.08161149153341,5.59135027646274,3.51561782407098,4.45627593423607,1.80159379337385,5.82052820953154,5.61048060820844,4.93568137822028,2.86596901542823,7.64815534792702,10.6776292557105,4.97007586757918,2.70421476128023,4.417264742693,1.73705414396198,6.81471159752615,0.534486292226894,6.12312704536764,5.13980155261334,4.65394968301552,4.65263659232361,3.51657632141723,8.83652724074639,6.60028953226855,4.96027509660435,0.430905318300108,3.83637308155624,5.85605488612516,6.57988733918031,5.91634588913061,10.1241352356611,6.82757455137,5.98343569327183,5.92802864581285,5.12868830306111,4.60424055231693,4.10144529217227,5.77366370313128,3.95249319640485,4.62766955468766,3.69593449559827,4.23265707996226,6.61638069245738,1.88647689831203,4.42335338619542,7.86512763411562,6.85477109155816,6.49147564736232,6.02741175480475,6.56179560650662,6.30819409513129,4.17472162031014,4.39448623830374,2.99943864049047,8.32769088928447,5.86274278050763,7.13436514597578,5.43794469911339,5.16688462016639,-0.661490017640512,7.94060171239835,6.78351190405152,6.67658698741418,6.22089716469793,5.39186533953174,5.86251410121556,10.2490986366017,3.07602062347218,4.11581398589458,4.02102751383965,1.73130913509398,3.04227776475344,5.91728745590089,7.00439479370272,8.05882705609743,6.02296279969691,4.82172141356995,4.88350880895615,6.07519715328893,3.02048286814032,5.02237057535636,4.45632251888715,2.09935139177738,6.469535017939,8.63383229579802,5.21346806610014,7.65587259866608,3.70504414564407,4.95136317403975,6.55859164982744,6.19257303904424,3.6302923287237,8.10480354675955,2.5023111538332,4.44844357522758,3.81309047332686,4.38599859449657,7.39805872578835,6.39672370705346,5.60246965265959,8.11165610374982,4.47310745786089,7.42019694996068,7.40538394583091,6.24003931693424,2.91024541633376,4.77166215571976,4.02131827687539,4.57185812252591,4.44231397705922,3.79668382663415,5.20416512557475,4.18755743925417,2.07196632480475,0.210673874566953,6.0743242892202,3.19683643154956,3.91478247269636,3.07018178465272,7.76786060733157,6.87472774650138,3.56222236778074,0.176627992419926,-0.176664685951937,9.19100683162356,7.62181794085912,1.95548049474963,3.01563353524595,2.7744917196135,2.40451443556715,1.85076011096914,6.90402164798638,7.6445576457344,5.88406620485313,4.62720160824719,0.712473840268198,-0.102381234830622,-2.46317576393042,-1.26149466069844,3.01311316922254,-2.75151061383984,2.19247686608463,0.0985841733848587,2.46663142983073,2.51012442518023,1.02562448468488,-2.73229050529472,2.93628511378277,-2.13092181269418,-1.55695771124973,0.110161957223915,-0.366798257290913,0.989731419668011,-1.64631384721829,2.10924920286456,0.634679415918977,-1.4602929074345,-1.37904689449182,1.08966956135333,-5.47584412025793,0.773137678634692,2.25304863340105,-1.42269462429505,0.374957752359659,-1.37551052380459,-4.27946861214725,-1.53526091200454,-3.62208123407449,-3.9533803162462,-0.817608593320043,-1.31567497425459,-4.00470859186257,-0.510432076781587,1.32795293370577,-0.141512674884944,-2.42947102329875,-1.69151297224461,1.10522563224899,0.328773135260455,2.0806240603593,-1.76154631852272,0.271252275921814,-0.355891263682669,-2.97344952573572,-4.47981696316708,-0.277826309618024,1.09286415775398,-5.36976652762558,-1.58362499015446,3.48008278780466,-2.09787768942967,1.65810307623005,-3.02565823453107,-4.89525581878375,1.6544479760737,-2.76696317156747,-1.51835758681899,0.824130034017761,-2.38135006133302,-0.944364715024491,1.10945970464311,3.34235721054575,-6.01555304017483,-0.0668063321342216,0.890184691382236,-1.10056703264188,2.77647955382009,1.37544372800848,0.546242378704587,-0.643685215823202,-1.68575179135107,1.63044537437595,-0.245735678168343,-0.780231932890093,-1.03705736789614,2.60831427857993,4.65069472629194,1.27156782515239,-0.349373106882675,-1.18077218322602,2.42639419638659,-1.63471611813907,-2.86707401260337,-2.3112882794378,3.98959482189343,-1.69389232127121,-5.22541831599425,-3.73437349503566,-1.32424652917806,-5.18143004523039,1.84497615833462,0.290769787033246,-3.38337638545001,-2.09811758423069,-3.73658410640815,-2.61972426178014,-1.35999733771435,1.0742903446183,-0.0216887136201962,1.31072223004041,-2.25399848033027,-2.28263376123214,0.986468481799786,1.5074103593997,-0.0569739591517596,-0.932473270862482,1.04452018481645,-1.26800594343048,-3.02681532095145,-1.37601160849477,-1.03655154983108,1.7941339543953,-0.253381368164171,-0.698035947288898,-1.60805496200047,1.09632699231811,-2.66016367045839,1.35420184243282,-3.02113548199102,-1.13686190468532,0.625729652727437,2.20446436813541,-1.16641618237789,-0.639037329418222,0.521058159526504,-2.3646651508636,-4.07136280908917,1.6111400793978,0.586533279885354,-3.37136832939781,-1.94111319507394,-3.23464685573035,-1.96112287613007,-1.94659237525442,-0.371802678016408,0.15015914639449,0.142545281717154,-2.72453215015867,-1.3256809852768,0.553616281720681,1.68263554129623,-0.313781674263633,-0.771721734328324,0.823548055149698,-1.21740351906615,-2.15049590361847,-1.0416814848475,2.07198347796589,-0.600310776963721,-1.38197194177522,-1.40630840004813,-1.2823330838805,-2.50291035017003,-2.86658132814563,1.18574219233917,-1.0953907349278,3.83926630593654,-1.5224885712281,-2.72761230103191,2.5378776977837,-0.73688232463692,-2.80511629380855,2.93255395791879,-3.05410642226498,-0.908704585012513,0.201174057796841,-1.06642010680197,-3.20402685229122,-1.50269237794833,0.128198398558084,1.94317459006183,1.70456967795942,-2.30144783947368,-1.595807302241,-1.77137880653076,0.563202247898015,-1.09552506992022,-2.5834995445621,-1.78410160920002,0.632263431392484,-3.92198043166997,-1.25363785446668,2.16473456066625,-2.68720268290188,-5.08166485519554,1.10093333426672,-0.930162502663258,-5.501378702026,0.348440345978589,-3.93729132065268,-0.861064585974364,-0.350239337967574,-1.20635987941761,-1.15079732066541,-1.79474514026128,1.9969061311685,-1.5195127385507,1.45431759315662,-2.36457299370629,1.46621193677172,-3.24048802257199,1.43945609806873,-2.63564150779228,-2.68394032913373,-0.215329707995835,-3.07421821123464,-1.09149726386969,-2.43561438415698,-2.5721863599199,0.674154710648159,-0.732963432147266,-1.60869847985661,-2.90548402664111,-2.19936747990095,-2.09563489666134,-1.70292776035004,-0.74349936929421,-0.619570114095264,-2.7215257392862,-2.32453458309107,1.85192220448779,-1.95093351171265,-4.52211682779728,-1.95822208560781,-1.16421984336284,-4.4481237019363,-0.624496524724601,-0.799753930998647,-0.959732714794592,0.700080804346182,-2.41907469474734,-2.33047763045833,-1.22850744592775,1.05680963969192,-1.9122466678925,1.6808533221497,-3.61221205031383,4.24409178003383,-1.07390134707189,-0.706890652162808,-1.34539912536935,-0.343017198810762,0.770813622023972,-2.42174009095195,1.41205293305178,-2.29205650091173,-1.71090709482924,-0.0313352586178419,-3.33349625584174,-0.915514523063532,1.42329800011111,-5.5227828215254,-3.52102502266469,0.341615418223462,1.46971793418298,-2.13253090269703,-1.65978927349103,-2.82913816035218,0.535961532561194,-1.32872249561673,-1.87567360098768,-0.270637746866367,0.886291836723478,-4.52885879995382,0.664654768160708,-2.06207784082269,-3.80001020576928,-3.16462235500857,0.831638079788025,-4.2671848212388,-1.4128987716842,1.44019217794562,-1.77272750843087,0.44272587599012,-5.18926574799837,-0.406479277947994,-3.30722775328354,-0.320494375243434,-2.95378114545438,-1.09266705780777,0.544447793833408,-1.97540513732488,-0.744341068540242,-0.135292092695171,-0.21087311301323,-2.11699800949354,-1.21729188290581,-2.73822327357875,-5.29347283415068,-2.32449333503384,0.737941674054934,-1.91168310743393,0.937018148903146,-3.40050443047096,-1.02656845350719,-2.45491146648382,-0.736017175691668,-0.100543769891787,-0.514989051006412,-3.69699480168756,0.82823644971132,2.9600122379823,-4.34725744967144,-2.1242160149133,1.17438684623747,-2.95607051544645,-1.62179021378104,-0.196005772116812,4.54412221537206,-1.18176667698407,-3.56225451054319,-1.97943296093435,-0.572549276968977,0.468224078268278,-1.55312211835943,-2.65055458453142,-1.74319878020347,-3.99450670495512,-3.26822902741158,-0.344854924644887,-0.721009485283765,2.29926483812545,-0.77657809106554,-4.03237210939301,-3.91967609874513,-2.02780922140856,-0.899772119882056,-1.27594833928026,-1.89792559359706,-0.722808541549684,0.81922716486152,-1.36507106768726,-2.12085588026189,0.0402596249588458,-2.10205338778473,1.87326242884982,-1.85576866587074,-3.35259680307168,0.626053418393875,-3.45827311390178,-1.30887742385034,-1.69842027405942,-0.41229795545768,-0.931863276647816,0.24672837796393,-4.19373491998328,-6.65125517309173,2.61129648652126,-1.43602182659495,-3.98523220572845,1.08447365147085,-3.56995668837752,0.695071458837559,-0.425400383653459,-3.21661731859248,2.58974322528678,-0.0307311747486632,-3.53146161628495,-1.17737928014814,-4.52379758177309,0.139484584276268,-3.1220782389041,-1.14350120291974,-1.50339901555554,2.51537038236822,0.291835957161805,-3.60750413417763,-0.329806006925293,-0.624691407078696,-2.35708046085089,-3.91957574140943,0.443296083364768,-0.64648753181049,-1.22915396750247,0.464919891540678,-1.69604851855932,-0.483619949595856,1.42616563214485,-0.876974158130692,-1.48427815737359,-1.52699221298989,-2.21624321761529,1.17513128413458,-0.551189398989478,-0.383060480661709,-2.00097376840821,-2.45827735142953,-4.43854507436977,-0.627749949086489,-2.89529878330471,-3.03471297341842,-0.715780191001802,-4.90382593829544,-6.47874918835826,-3.20866725732984,-2.55822871940258,0.905968493462689,-2.63544910736424,0.370140219625285,-1.98857797519351,2.70224142911694,-1.63904179595813,-3.08753853763702,2.4541716629552,-2.44230492131214,-0.772824812642919,1.24376071067211,-1.26147936721536,4.49530077176634,-1.16933637415451,1.4420497052846,2.05326489849542,0.641073139976529,-2.14825109272314,-4.50597692835909,0.661203203594728,-1.20118818764905,-2.76797373687324,-3.21962519813575,-0.839462934852129,-0.254875877051567,-1.25291117502959,-0.168286935798087,-0.0563743674859176,-0.851376644983565,-2.38423692916319,-0.363856923218502,-5.70712087807678,1.74501642682492,0.209388747306211,-0.207618803188065,-2.30053462626301,-1.47369282466436,-0.86413492176367,-0.0304123984937776,-2.50510898657831,2.84837054000208,-1.92597894228205,0.233866504205041,-0.199572429119614,-0.541000798888828,-0.587675341103961,0.638965338764042,-4.13531194001222,-4.27171432688491,-2.14071719820608,-2.09763723779898,1.27050259344995,-0.821079463063137,-0.727457633920771,0.884221821449111,2.2021920367121,0.195544568286113,-6.67495364137129,-1.65147859622545,-0.512167978679816,-1.54312358351611,2.47929796459235,-1.48201247027049,-1.72106362573298,-1.20733457488269,-0.769280043638042,1.45670029347467,-4.60652579064701,0.562381488104859,-2.32197234539232,0.09831697401484,0.442931374083202,-7.71338961592833,1.57177537083279,-0.804882719601564,0.715732513010942,-0.287114273486811,-3.03378687969746,1.05859342295898,0.757779338339717,0.882050489771909,-2.03161004448325,4.09552411913962,-1.22336359865064,-3.52923872454831,-1.81292453449465,-1.74385555041595,1.56902938837339,-2.39106455659875,-0.90575932241849,-2.95354543825211,0.209675234166141,-0.217017092709646,-4.85831017706969,-1.96725511866461,1.81908252249257,-3.35204182213976,-0.998742515954051,-2.03647298056307,2.0261886455788,-2.09750670197625,-1.63818592831507,-1.02548928065101,-0.267580723029903,0.346789850786706,-3.73083600456946,-0.778677249658574,-5.0486577781888,1.68624105794817,-3.86524728589084,-2.5254363290684,-2.93090945700458,-1.50810837550037,1.70418334280891,1.95493537575394,-2.86086734179371,-3.56922579984373,1.47971790029881,-2.45630372929066,3.86524962139827,-3.87081788112228,-1.8739641443489,-2.01586871620595,-0.933614171890633,1.3471723217407,0.704086644040641,0.550179222049738,-1.98596082151214,-0.553641560882471,0.810847820177588,-0.122896579260588,-2.1629655201291,-1.81740748080211,0.337347194801421,-3.33559897724221,-0.625074551672289,2.38246173336346,-0.678501468287422,-1.61994938003494,-0.975289286129327
"17",3.30557870565052,6.15907960969698,3.18476431454489,3.81156496343977,6.76841353181254,5.66698333321001,1.19793104768498,3.20374351242322,7.87602863859946,5.99190800468683,1.1527488311749,5.65181312529621,5.81627501883139,5.77723373121818,4.4864867183966,1.33019372903096,8.4876973065409,4.63676303419184,5.01209364351403,5.34628336621049,0.153436800917573,1.08311264314497,6.80643076650723,3.43231988619665,5.51500091422481,7.42576153952552,3.00260169778496,8.30789835404487,4.2777349174191,6.07493309738459,6.67569653943517,9.02389512787915,4.96819448529631,6.8664484449845,4.01121066534914,2.13348503491548,5.47698359108108,7.10130148976691,1.91971845034623,5.83843132598321,2.62170737775031,6.32407646068682,3.71991873978718,5.79551327074618,3.57550746833245,0.369473560453501,-1.20005961702797,1.10257651231157,0.807406886435279,-5.14231533418807,1.67302545829087,-1.8410441708537,-1.30545687394685,0.546279532646277,-2.22372695168772,2.91495247745101,-1.08765332498164,-1.42748370448392,0.660227856679375,-3.40388530109694,-0.521714119473285,0.193059732904305,0.451709578891809,0.323475978049354,-1.49668057736039,1.11531437019299,-2.11235717314005,-3.06960326259039,2.51599966364136,-2.58413026229554,-0.000711110811345228,-1.92070560513332,-2.05004301326752,-1.39530774872478,-3.08117253158257,-1.32578237244676,-4.06006884927325,-0.851317989273133,-0.315044696279007,-0.733449912538708,0.449099788883655,-1.23822469602693,0.878743112988572,-0.794755160297684,-2.78522588538127,-1.60616474757703,-1.29689842994354,-2.5531689148608,-0.522666339485357,-3.80628398472047,-0.788041492447405,-0.487321751830013,-3.74105899276852,-3.87950734129753,-1.77484449664923,-3.12765622970228,-2.14130038646599,-2.75413505370332,0.259932193408179,-0.00720995644067746,-4.04214589548094,-2.79601624372538,-2.5078459642571,1.64365424184502,1.27777208067395,-4.7621493439866,-3.36298228155605,-0.691117259787184,1.98614612383993,0.0846447562420682,2.21094396373827,-3.04635239192767,-1.40086031773366,-1.77375849224049,-2.46357088695024,-1.3350279902066,-3.8584554588696,-4.67560630701157,-1.68635782965154,-0.898057891160138,-1.64679952024268,2.25018891088975,-5.4961566548461,-4.70283224631471,-3.23299220001654,-1.93341446329863,-3.41560308667922,-0.213653995116709,-0.446106700754548,-0.362593810443814,-3.33011323809826,-0.597288657580197,-0.155888203835119,-2.44222953474693,2.27387865695406,-3.93172243720554,-1.16901079217468,0.984442060818278,0.655906982729221,-4.27208531967979,2.63339955267586,-3.30351537217029,0.796837124892819,1.7824578705442,-3.43547026714282,-2.78648564145241,-1.40167571662363,0.921674547001759,-1.21841564726244,-0.934411550719139,-6.93642812687118,0.47468294473481,-3.49692148460308,-0.49634320992416,0.422863651382082,1.37184341445662,4.44630436950404,-0.447307658435015,-3.20938330592687,-1.08566614430168,0.0541677128301512,-3.2236887567559,-4.47195778062935,2.66143870755095,-1.74055263835991,-0.206253966438944,-3.44847509959106,0.202480613942858,0.106742211196024,-4.41038942867919,1.67204012657026,-0.783434595446768,1.16787007363921,0.667562348096741,-3.1095328980838,1.99499382512179,-4.62308214179928,-3.08144424309435,-0.386252944091179,-1.38616530437068,-3.72558973885004,-2.73420544792268,-4.1813414413465,-1.931424555988,-0.608390858325641,-7.1716056512207,-1.51454009884691,0.598160094510221,0.072548573217452,1.22415322178639,-0.167150968179084,2.59175531460409,-0.758689141963278,0.354334359848925,0.488990083689037,-2.08708536650181,-1.77021480601574,-4.85861339468711,-3.26151136846156,0.676858842550113,3.20544872557375,1.76600083722644,1.46388251417696,0.864642613209916,-5.61300022542469,-3.1480175757088,2.69379311466102,-2.86950370841707,-0.145271697897924,-0.996536342944507,-3.15925549773141,-4.5111621463648,-2.46365004108213,3.54499494879032,-0.0774745535469332,-3.63750386307588,-1.73052634867757,2.20412371278912,-0.50634811972846,-3.66254049846077,1.65361084221903,-1.26389711852115,-2.23600322176134,0.490473068286829,-0.506609951156871,-1.01318999508379,-2.19354525296928,2.32429811700042,-0.140614724456705,-0.622490654513272,0.494841455452303,0.70818411242775,3.31529971871046,-0.798218414822774,0.167708244003668,-5.07065290769032,-1.64357699024793,1.13373764867324,-2.59465857322829,-2.46100305175122,-0.597189295489133,-3.65216191691328,0.646600089607696,-6.16378002620381,-3.21214984367464,0.610770756507877,-3.63391509917966,0.731905974717687,0.99292776762374,-1.77246347421413,-0.910800932757386,-2.94920825982277,2.74766548688402,-0.1293013837253,3.30868739867084,-4.68014505972847,-0.582226625127595,-1.54086943265351,-3.97739863989085,-0.313374298930189,-2.4919905349439,-2.93574314906769,-2.20640094817836,-3.49125509916665,-5.14332681260012,4.12854848060323,-0.312769598503998,-2.05924003772679,1.25253535138427,-1.7169958272015,0.644860720250578,-2.00899674101294,-3.16332830192342,-2.40009172603946,-2.23858714561047,-2.89136047124641,-1.39906242703214,-1.29316519248272,1.63299586619872,1.00787855679074,-2.43621314050432,-3.09907607271129,-0.0717614206201436,-0.536065833666966,-1.18465016079277,0.328274398572267,-2.22619576832447,1.13637973096646,-3.08635683155188,-7.1608531445951,-1.16087029409784,-1.14412847790604,-1.97593267429912,-2.06673982620855,-1.33290400280614,2.04718955437242,-2.79847525466002,-3.98204492777513,-0.014138499193462,2.55873212424356,-0.787753545917418,-1.72676420595628,0.128902800050709,2.80652848851984,-1.14414210350943,3.02845129191994,1.41905348866633,0.372346347523821,-6.50082836128836,-0.0314142971997183,1.76596468080146,-2.30015417642522,-2.58209526222967,2.2569952305536,1.24119771206732,-3.23908776860082,-0.425745946073246,-0.104258176883057,2.06974669814747,-0.94595045948837,-1.94376456726974,-4.75548664694117,-2.12469361151601,-1.00224623391058,-0.713026976103639,-5.46872876993774,-0.564455187351601,0.0778020515070521,-0.269680462622614,2.21764559494679,2.7688043751637,-0.0643476899434861,-2.90428122111098,-1.40187628411621,0.466896936062798,0.987722976352894,0.454310795444318,-0.476434194623791,4.66828837482597,-0.251989079323694,-1.92334309103853,0.111666284561019,-1.94703578266725,-2.76216549000257,-1.7976083429817,-3.26591744542409,-1.64289635282081,-2.76237712928861,0.771289024860517,1.67029117861454,-2.96548596739886,-0.00454000231983587,-0.440641676945044,0.138668110091227,-0.662509889638929,-1.91862724686057,0.736628756277177,-0.0221021224320515,-2.69104475154364,-3.4744525014393,-1.67368282235121,1.19889389509386,0.496929770470063,-0.170946127592961,-2.27465887789548,-2.20231572914585,-3.00879317896953,-0.0521161090800756,2.67873296002857,-0.154381283736625,-0.404567486096892,-0.256163929265438,-1.0260588743858,-3.23380928667322,-2.14031536572835,-3.671157593858,0.53829669207357,0.877574384914093,-2.00208246415177,1.86490522049882,-1.00605638735206,-3.44877444244481,-3.82229071219998,3.06474436834765,-3.82671956062297,-1.43963455981289,-2.80036227011622,-1.51552609065521,-3.0356750356106,1.951203954685,1.41278934286221,-5.58369744673838,0.699439992751373,-3.95211778290624,0.866683380877543,1.77357603451803,-0.728583413120588,1.07051242708372,2.38642172747069,-1.39387002267564,-3.06658006343138,-6.19882254581887,3.28066516186418,1.73950710797082,2.47910325011609,2.78450248410201,-1.88902819461467,-0.265791089022054,-3.20066914253356,-0.975667793446344,-1.99935820432923,-2.50447620990133,-2.55077929413646,-3.47158279633046,-3.49482365528283,-0.611066970549951,-2.97463692552081,-0.384865260968161,0.21271171085422,0.709531691579919,-1.12086618260119,-3.23942184387896,-1.46546259388421,-2.96559463407487,-3.60478217573129,-0.753515268788737,5.20984625839123,3.71678449827112,-3.22366874687153,0.260984647629762,-3.63485033773671,-3.78760956985842,1.56781862018002,-0.618300806038986,-0.825073714835152,-4.17234442983291,-0.635813664586346,-1.15349826847626,-0.742182467102628,-1.04029191986034,0.568108814127047,-0.730918232236544,1.70273381134135,3.03783477459854,-2.86827150534093,-0.898765904038155,-0.314046182246184,-1.78595680666416,-2.05176066545306,-2.05269474188194,0.445878149421277,-0.192687895635606,-2.13646922326812,-2.7640368147535,-1.28108833779057,2.94510391183125,-3.07333271193429,1.93983545222773,1.0665549472116,-1.78299404594638,1.98986416725202,0.243071875646354,-1.81335334720856,5.03736760183979,-2.17442477348764,-1.8540022094095,-2.05527671832123,-0.894087697923036,-2.50636419171331,3.10448315453829,1.29616404149336,-2.03907998323268,0.52843285496015,1.14542436598582,-0.416339713481693,1.36578494706455,-0.413694338014489,-2.5747289164251,-7.44786060772225,-1.50965144196033,-0.130408288558329,-2.30212926556958,1.89861066222461,0.444422130916025,-1.40814003441214,-3.30222820235307,-5.75958610712077,-1.89336839337792,-0.779304741048068,-0.894161834356713,0.932985965071716,-0.396016827755673,-1.59184463959409,-1.74910306085148,0.343528850465434,0.106830657785061,-2.31425154276275,-0.962030981706048,0.886088374376495,-2.07326215984765,4.35000622619241,-3.49925692406056,-2.037913589879,-2.44400073654964,-1.65636061375907,1.69326759879723,-3.8341395813238,-1.69429250202585,-2.27030979842458,-0.443647170452628,0.714433967282294,-1.67023639619822,-0.68357840296702,-3.66980621472202,-2.31657752158124,-0.921184117486893,2.09871235621426,-2.83006049026463,-1.05096192029031,0.392827255933092,-3.72473614624473,-5.97824291984143,-1.09186051567413,-2.40113175229671,-1.40303428409119,-4.69198604055333,-3.24235590629541,0.215937169603666,-1.2858781745006,1.99487261280031,0.0153403250398227,-1.08797510317776,-3.0048291776811,1.5412300010002,-2.22215882413916,-2.15622210414298,0.106307616263156,1.0548253714451,-0.302656979304727,-2.68383512038796,-0.8503501630342,-5.06797896019455,-3.08236794922617,-4.14489117629773,2.21120938867476,1.20171475543134,-3.85071494234758,0.474516291507442,-1.11164454916087,-0.985519285785763,-0.215521532271792,-0.259872706181597,-3.59060761788566,-2.07492467117454,-0.727210091526873,2.04574509515345,0.677153553974778,-0.784957639664186,-2.66275593006286,-4.03171856680084,-1.92609956433602,-2.35749181968791,1.11726591769074,-3.32034110270434,0.263692632660587,-1.13840691776641,1.070176108768,1.6927467202688,-0.404354541923765,-2.77247799898581,-0.712215710524244,-1.38647063242988,-2.81085379181263,1.56918413367621,-2.08944173305695,-2.4187253697089,3.46699581156345,1.36948535215323,-0.658670156293659,-1.02203469854688,-0.631349184485633,-1.33490761505258,-2.54955228367308,-1.57299052215561,-0.560515338744487,3.18458259062528,-2.46081336056457,-2.02263679851074,-0.251799922309013,5.29716125295292,-3.32520921154414,-1.74420922629491,0.243179690097437,-1.55963388380265,-1.34393574289421,-2.07523126590672,-2.32687601848194,-0.497053813307249,-2.73901348993526,-1.96662943218665,0.609826679725252,-2.07818001404659,-0.68082375794801,-3.28629288498799,1.22615726191746,-1.42792090224104,-4.33646614442447,-0.0743942966542718,1.55538170125913,-0.721807951824048,1.39268213903101,0.731347032513392,-1.56804532827871,1.10521836410603,-0.28839478689349,-0.948289232330353,-3.77534685981946,-1.98457823999549,0.886506971373413,-5.50215462420184,-0.0437220818045618,-2.47006358313059,0.62713487852778,1.2083648445136,-1.52953296775166,-2.55284925663323,-2.86176452503593,-3.5270515209426,1.63915551489502,1.58594192034787,1.82020993306562,-3.32366305731421,-2.70158781469977,-0.53199960208461,1.8795335488751,-2.94590741204706,2.93580814358789,-2.11554393247665,-1.24007458879028,-1.66817148696275,-2.05721731755818,-0.601293783012931,1.40163601642274,-3.1655856375027,0.211349314609532,1.27656623943304,-3.67402253711422,0.281809249208016,-1.47344076547676,-1.16419708193916,-2.87030532754685,-2.17047270274452,-2.18147493958745,-0.486561598270749,0.58912688431466,1.08152002834636,4.23214716412963,0.710499479068274,-1.80608141833595,1.28970389890356,-0.653998029695308,3.47611595381226,-1.40022115750932,-0.000347506543817211,-1.74693771119801,-3.03653437378325,-0.277800216990424,-2.67199080440592,0.0902953397491451,-1.38012712677134,-4.39172391242585,1.24836903448342,-5.40513390700424,-3.61999921093195,0.868420170765286,-1.2911347905059,-1.33588154377431,-4.19412326043762,-2.23358703935524,-1.48048431273412,3.35658565907265,0.185426433507302,4.33021914800192,-1.28906605621696,-1.62316652431494,-3.29255128871837,-2.89097643412071,-2.83172725923434,2.43824978509488,0.781033899515632,-0.0998877352892351,0.384680933775917,-4.36789896503321,-0.562795155337715,1.13258722332124,-0.149205310729047,-2.26206341590127,0.921114472452947,-2.33689320830148,-2.15777597889568,-1.8202010687158,0.536782239530902,1.73213048274236,1.52212005088849,-2.56751568963798,-2.02559369947035,0.719546618042352,-1.22989224146049,2.38742611958186,-1.74178120217327,-2.25426962247066,-1.30234257538384,2.96739509149855,0.309911651558574,-3.97927837292754,0.224110858649818,-0.806878797097045,-1.57494293467289,0.212708059620997,-0.680498000535333
"18",6.13753725677678,5.38228618422695,3.19763648009988,3.89981447862143,5.88380906492917,3.15292386580988,5.39486082718005,7.31716750237396,4.33049278969991,1.9100876171039,5.53463882548657,7.60480851249568,1.73144898933071,6.82354886833702,7.92231837193485,3.84479613587104,8.20792042110307,4.46440226012509,6.8048614135142,5.34668747148304,5.56069885342792,3.83968959990005,6.25091259223107,8.51932835207977,5.33620613219998,8.93593031624316,5.52130607120563,6.47562438291677,6.12349406473455,4.68130017525393,-0.193711214678279,-0.0978092701087736,-0.912663992662959,-4.36773071114864,-3.14388547925376,-4.14013775316454,3.990000855645,-1.86313250940037,1.16731068337373,-0.0523860779713325,-3.06844864493504,-1.49545486287573,0.395940689941171,-0.729308694606591,-1.92562431769448,-2.02793781417459,2.84358808256458,0.788185760063084,0.989168230338744,-1.00252257604753,1.40863750181534,0.146003965232713,2.10144800890682,-2.94050584584234,-0.879207586080911,-1.23119502793903,-1.68545603520137,-1.28041912192042,-1.99213697349162,-2.09374444263634,1.70380836498959,1.86191814243418,-0.509077944934011,-1.71977773608965,-2.80629672329388,-2.58168573882047,1.33335415507581,-0.559363092961434,2.80952993931093,-0.912929094349995,2.42526513182702,-2.52899080003232,1.2953525854263,-2.89593702393898,-1.55171625388399,-1.51357013746841,0.446118688981069,-0.751447323630495,-1.2717447280622,-0.79591717706929,-0.355094485757178,0.658228752567523,-1.20341999540221,1.54077342706907,0.966499993005027,1.94212121152572,-0.283365898913613,0.0729667599444535,1.82873415888069,1.18305828180014,-4.18429269025884,-3.79217580471877,-5.71981416348153,-1.2156816803617,-4.04850046781308,-0.333075230926182,-2.27053363570521,-1.60868319411569,0.622845861732816,-0.288174454458965,1.0105688868497,2.25573948291072,-2.97279956446715,-0.715521399397727,-1.13103690286143,-3.96045277147692,-1.23107495445826,0.291604591635898,1.16439546847578,-3.29324266622434,-1.62782074125426,-4.37809277143606,1.71347782684845,-1.82048266007337,1.31349341824777,-1.39679754072263,0.16295901694486,-0.232220706113832,-4.6307439804649,0.955722189491694,-0.00304577112135573,-1.45086638178692,0.240770291488413,-0.555155210804213,-3.92623793477855,0.886104820732762,-1.81238074024374,0.195866879052055,-2.57175652868365,-2.8633606270229,-0.577573833685889,-3.15034725161644,-3.51727683846455,-0.835186656996522,-0.454622410539239,-2.699478965329,-0.698516770660142,-0.955386883309348,-2.03286296714075,1.7459469651447,-3.99265593215121,0.0326282944166856,-3.06449409114362,1.69615289109907,0.146900562401973,-0.796970314035839,-1.73239432393351,-3.09614491432547,-2.29738506229436,0.356719426803493,-1.87747459650818,-1.18346060279746,0.312756646052782,0.0624437049286646,-4.5027713823219,-5.33403689927889,-1.27534579378257,-0.907484412715577,0.385067824724326,-2.0860174855405,-2.1968082552292,-0.388837332248203,1.43069854661242,-0.944782488842671,-1.30221642371423,-1.25899999119662,0.947631320795459,-0.384997261091327,-1.81181219248684,-0.400547016344876,1.74699398007907,-3.68400627228923,-1.231148667117,-1.48961921848698,1.3780841375885,-2.45652170031032,-0.714162616724109,-3.97939527110403,-3.83143691260669,-1.73234595917864,-1.93558497317208,-5.30253134324543,-1.68700599750451,2.04361298254383,-0.551357159842424,-4.08740020326847,-2.17282019794062,-1.93450782307264,1.54032185244733,-0.534497403191133,-3.14409551632957,-2.7157075333151,-2.11235916133414,-5.06280192344974,-0.316726863315233,-3.02638173564013,-2.56801824474838,-0.952539683424197,1.0884216215453,1.02961028096236,0.991837988790057,-1.41181325878112,-2.60720054069333,-0.145348179034567,-2.14792806278445,-0.674318781511553,-0.959387562292634,1.7132496946551,-1.41836351849724,-2.63200177511103,-2.04985709452534,-0.954705259310819,-1.06838246908997,-3.0815219822637,2.74034577248882,-3.71205829565739,2.3599886451321,6.48006177494712,-1.04870918868768,0.515126551412106,-0.865150653298134,-0.72202785118407,-0.0175789899167214,-5.30667888995853,-1.19044680691063,-5.09143456311538,-0.692166278916126,-0.800029556240116,-0.547704229631064,-2.19192788500315,-1.45216394103576,2.40902966643223,-0.685687147407085,-5.03239170555542,-1.46160793558202,2.41125799267234,-5.16488176193484,2.1736450870617,-2.25519332979691,-1.5817337662711,2.48542616406897,-3.552848745544,-2.25782685296813,-0.446471794812051,-2.7402153688403,-0.591488317149326,-2.54997428010144,0.233619942656768,-2.74031087794626,0.769472319331993,-0.0554873669253078,-1.70408578102024,-1.01957942848943,-0.0684959947442636,1.87282243457816,-1.55248595155452,-0.966813617862509,0.700887082592606,1.1912788294252,-3.08216198811416,-3.61621841114644,-1.61785691253041,-0.653752517094903,-3.95264816865515,-1.22176843527363,-3.07853257485816,-6.65367919221807,0.0850509439602603,-3.05918856159412,0.589640673191539,-0.646224652296946,-0.597440723023805,0.926203175216173,-0.0621442654877432,-2.03808562602972,-0.462372579718829,-4.2564796267882,1.38369113143972,-2.75806671862428,-0.06094169533394,1.20480231005716,1.98641542724673,0.162938793046882,2.69521538695035,-1.39783143360149,-3.68444754227315,-1.0189933483346,0.347487891664696,-1.98813495822558,-3.39392837304123,-4.77685218019301,-2.4195488655914,-0.476721644488282,0.497528350748986,-4.5006552896497,-0.467413638568715,-0.645218011009669,2.70845236073104,-1.5172769757738,0.306900848795868,-0.096817906188064,3.16110048133899,-2.68894962692487,0.119796187469031,-1.10993160381241,1.2186305308742,-0.468288023795286,-2.23985317791766,2.5309577400111,-1.6079423970782,0.607715361951357,1.19738730206156,-4.89291031403991,-0.978176724922812,-3.06102623773878,-2.0523883989499,0.883519147457553,-0.532327925915384,0.151876410692487,-2.41406520885417,-3.85302877600596,-0.062706087340032,-4.69371015409741,0.855109488350106,-0.916050766437765,2.03490011444058,-3.87515605731559,-1.88096931220446,-1.21495095791106,-0.707616393281927,-2.33705799418293,-1.16578228186125,-1.46458493606138,-0.781929851674196,2.10160356951951,-0.874447985214261,-2.02766290203272,0.815877052865544,0.931984838573894,-2.38552536412317,-1.33799179475301,0.0666272856524646,-0.915242297225797,-0.976625758796428,-2.97762320051897,-0.543723039762133,-0.454049021742458,-3.67900222294071,-1.56649774628461,0.0900163431735594,-1.37663078900338,0.761269185127088,-5.08415723719203,0.0938052640528957,-0.759963827796961,-0.468286548865979,-1.87737346435867,-4.71534321013425,-1.48070559598526,-1.86847646338271,-0.706981149048387,0.867299476876057,-3.22009113684383,0.31436058362471,2.53288084204871,-0.389204446739455,0.710633746175254,-3.72875389448754,-4.73022708480748,0.926034358314343,-0.915431459840114,1.51035299284989,-4.55580182097629,1.31962647322476,-3.72437122052835,2.78540319832085,0.831430335844853,1.56267194610477,-2.57309417005225,-0.218712236884982,0.453152208734021,-0.300769518759214,-1.16501440811561,-4.22352003875624,-1.17843624697803,-1.08544205272684,-3.07205043879015,-4.20978561849711,0.519232989459051,-4.15200420931377,-1.54844929516257,-0.895113853888969,-3.69073983863398,0.385772100138682,-2.31384105499644,2.64240578152499,-1.58762403874596,3.32050810860365,-4.60042409309833,-0.301843045832186,0.776993907893361,-2.04487431934365,-1.43235478250083,-3.02373468804519,1.13991977777456,-1.60905122177232,2.83735426399212,1.73276392066272,-1.78492236535779,0.338140754398522,0.473848598628032,-2.42651525100439,-0.90790105511497,3.3805212734959,-1.58361544664772,-0.883645802475878,-0.0243006238384355,-1.58132907546057,4.0842493668619,-2.87001196637484,-0.576464798528552,-1.7209101940458,0.984797252074941,-2.42930205391279,-0.525956706547662,-3.29476850631792,0.708703636436597,-1.72795675583898,2.61915033969642,2.22237086510968,-4.44738721210469,-4.94659039057148,-3.59586667857553,-4.1721779816987,-2.63778667892629,-6.52516137357859,-5.70664329968263,-2.6709361949244,-4.46608369077829,1.96055420617685,-0.131911247838629,-0.438548584968627,-2.53779721752264,-1.9974388554738,-2.96386553915102,0.873559058479973,-3.51579438324367,2.92899678945817,-4.10665618818085,-2.06481734816337,0.560208238774758,0.0258413359103202,-5.41288750883153,0.445711700278038,-0.849390337673324,-3.16164547099499,2.2121101642866,-0.0166595476104523,-3.49653685403268,0.868370258769881,-3.36481368055088,1.47035876691913,1.51205007600493,-3.05674492030923,4.11310699253173,3.14521407802353,-0.623820361988177,-0.495891245036823,1.70821783506849,-2.06975019164176,-1.93979175424461,-2.93725797546496,2.4703709377722,-1.29261084595003,1.08750674377786,-2.4141124514037,-2.64469075252046,-0.0450040289900073,-5.97613584025506,5.1359932304974,0.337850074011472,-1.12839206669653,1.23393194595818,0.443748267148078,0.381311556223545,2.43313474668063,1.22711659612954,-0.119330684286778,2.22232824041079,-0.714677861438055,3.87553923468341,-2.24818739994318,-2.34753707915276,-2.76982118464031,-2.21718800506168,-5.62344620334576,-1.01553345602949,0.88673600875777,1.36897031763256,-1.22889908524799,0.407898981941554,0.837923544260526,-0.0808331771040648,-0.703132675320506,-3.57062148450396,1.0765547027542,0.0515242334143615,-0.712562027074704,-0.00349800449101112,-1.53368762402405,-2.12897328413809,-0.620038396164603,0.726658920582077,1.78464672914148,-3.78348245206059,-1.35659208779715,-1.53503001916825,-2.95095793995702,-1.88171467374583,2.12044929960687,3.56854332176735,1.37069663962056,0.741138546158113,-1.69263888464245,1.03675678481947,0.838439116205079,-1.41173023256898,-1.00850036611986,-1.96090040721682,-1.54647916100238,-4.74939685299705,-1.61028863070444,-1.07518010548618,-2.05614875064793,1.56844635649168,-2.15541741151599,0.549162718975045,-2.03073372127313,2.5497473673327,-2.71694847719788,-1.41550092421792,1.05426415191778,3.69145178407046,0.964353543162439,-2.18907340196733,2.95935312608078,-0.422793858157301,-0.240597049100142,-1.44616245238493,1.0381838904562,-1.3854912705284,0.757409767095923,0.862835262827296,-2.64986858618709,-1.69680737517803,0.967680275333597,3.76230963470583,-2.0224722950678,-0.337664609286547,-0.535712390290109,-2.75677144724494,-0.232808054327881,-0.664974697445258,-0.492636159549941,0.666687409050019,-3.5248103578532,1.23864144462896,-4.920226746961,1.42444909906643,-0.280352795529168,-2.36908811659793,0.556516691821781,-0.299306102636628,-1.04104903104663,0.769702019113275,-0.586968045539931,-3.04013340146257,-1.28513262539046,0.00294032552685408,2.29032668770174,-1.40743108552139,-3.5203885700103,1.46387539253836,-2.56940223734166,-1.1973895502627,3.21833041078877,1.09304249252326,-3.75840205015652,0.0901582825216363,0.580787848447729,2.39696409902983,-1.58749833324578,-1.08276972411336,-2.5363220213728,-4.91437434373998,4.85496394420521,-1.45213981746484,-0.0729725957445244,-2.12363244997873,-1.53231333229458,-0.815903091804817,-3.42950554499334,-0.536045790635828,-6.14719205904762,-1.98131468373147,-0.178811734337836,-2.88379642114638,-0.0126702774615508,-1.0388299658091,-3.56884147363507,3.78897757408319,-5.69591226732505,-0.283234204744045,-3.43632970898852,-0.748996790339207,0.708192152040725,-2.25263305807924,-2.17468090933951,-2.1990849364116,1.59069248671287,-1.78488824003655,1.97322306692044,-3.83748913048161,4.04596168984303,-3.34470588023519,-2.05163637551965,-3.15570209827573,-1.25205723451935,-0.638420254759754,-1.82303981142084,2.86215157490278,-2.25510533961145,0.843405850781372,0.252040925398204,-2.91033699409179,1.41261551256198,0.0654783799446801,1.66501320532879,-2.02976947469044,-5.27394195175622,-0.0462813273283078,-0.586047746420496,-1.99870225437955,1.61665724429112,-2.65453339228506,-2.83878639691511,-0.61030111314446,-3.29619830716621,-1.29043380646238,-1.07870471986003,-4.61701871602109,-2.30921016731572,2.13788065667243,-1.90933387467954,-1.1303515951976,-3.58388798882597,0.332230913820233,-1.31863894222815,0.240763603438956,-2.81341209238965,-5.50243473972196,-0.36136175396088,-1.65293672155847,-1.54021814659144,-1.45594663973085,-1.26856340744737,-1.66609254549427,-1.30391653446509,3.57996280343872,-4.53201909326881,-1.01318785939688,-2.58793749732528,-2.80735563809903,-0.135405208425014,0.0400970123105497,1.40441129539147,1.51185304454401,-1.57104533165448,-0.18424183965714,0.0670655501202768,-1.59529912201929,-0.330960666888164,0.269224153461064,3.22023980976283,1.31321810580449,-4.77380719077313,-2.1629657331168,0.165254321013175,-3.04652681105218,-0.547332527907066,-3.78027189013463,-2.73465656516574,0.402774469881359,0.837833903021679,-0.815429699695204,-1.29295066702861,1.59433028088593,0.568551349672261,-1.32902348548405,-2.79253141558707,0.0859579667180332,3.70008863400453,-0.919242515088707,0.999972604299103,-1.32033704800982,-0.699661758731855,0.382849542444987,-3.33840072281752,-1.50804113497467,-3.44726599086656,-2.49036162275331,-2.3763883395716,0.749576679557289,-3.96948482711203,-2.09218678937489,-2.18370041650841,-3.13980377831745,2.01056888372122,-1.4872545941875,1.31228057912367
"19",-2.12519104004382,-3.41164688766473,-3.88851170987836,-1.00306161382002,-3.55493709298203,-1.14411802161482,-3.27050428436473,-3.88511082200583,-0.0237478327838357,-0.0800509069910887,-1.42224745744834,-0.576297088701838,-2.23284401374048,1.00401109733156,-0.788472014525578,-0.609122777433099,-4.02768741983301,-2.76441193327486,-1.6941834356496,-1.05923500722926,1.17180795193671,-4.14113882338792,-3.43428357131234,-0.351256324131837,-0.00730564554804569,-2.01590306931727,1.00030310915506,-2.2119277000259,-1.61820810828371,-2.4733324121455,-1.34658582652268,0.416781506903767,-0.986794638276371,-1.08360079906631,-0.804377656625258,-1.87706221793951,0.0770081966890241,-0.109400785500734,-4.5272971139916,-2.39006954291241,-0.745648513893344,-1.54584926272396,-4.37885097193996,-1.59834275352439,-1.0838936703703,1.07468926033706,-0.376131399592823,-5.76548026625931,-1.51699804966203,2.43125695223888,-1.50310882551284,-1.26650968790585,-1.51126143354746,-4.67334637386345,-0.981741445691404,-3.55113873739036,-2.57935667879029,1.57039174815485,-0.452515086743439,-1.33321209391604,2.57105654196716,-3.08162003236891,1.50142544690006,-2.04778354621039,0.821882650302187,-2.5181267589457,-1.60372581301752,0.609774250397417,-1.54155335895407,-0.154555747820099,-1.75932883508898,-1.97986025326572,-0.318217321821888,0.107608024653526,2.55565424359227,-1.59961621156842,-0.410732017405061,-1.9385938292392,0.995656089689469,-3.04896757905372,1.55014912140489,1.07291579492872,1.63616770942038,0.634988010170793,-1.82817279749673,-0.378535662567932,0.829688384614626,0.51562442673939,1.43806009115632,-2.29230288994285,-2.14840258463938,-4.27258533972202,0.865879884150489,-1.36023051451944,1.02015889712924,0.0732844461961744,-2.76961970600532,-0.368487041725826,-5.03584185264242,-0.564180169929984,1.68503048037211,0.946558380541211,-4.66229911388877,-1.62439452985097,-2.1588950232785,-0.165431866875546,-1.68522776540822,-3.28441695421621,1.039279589954,1.12678099193555,1.10124984155853,-3.22956765475765,-0.674908837722679,-0.582033643821596,2.34133784420912,-0.607972415715218,-2.27394494653807,-3.10791853780743,-4.55419192003366,-1.92835994973846,3.11643268191879,0.0211800105971098,2.06824372871273,-3.20617125511877,-0.700572016989072,-2.81481186410247,-4.22479220609288,0.131528486409951,0.866127123372551,0.0878037390663076,-0.754725250079759,-1.04454344652176,0.189553360404365,-1.3127760274332,-2.19777858519407,-0.721022850829415,0.418232800303365,-2.60943279915995,0.0655234663174957,-1.63461331361685,2.57020991586776,-2.02279480726652,-4.42692425553981,-1.49925130606875,-0.482231741599965,-1.55264836203358,-0.0362938974305919,-1.44288535180295,-0.0401984901523392,-1.62538339318428,1.49343972548883,-0.260942012873132,3.88748976156657,-0.0722201965737356,-1.23758088361421,-2.87703679669568,-1.97978047852278,-3.45644662067958,-1.36179766000207,-3.64387951046071,-1.15017013282111,-2.81408522557362,-2.18821709388492,-0.156415111988817,-0.563356977139686,0.538576587592354,-0.988302933243946,-0.0979125594316476,-1.34637580671203,-3.04164168137644,-3.559538832383,-1.96574270936559,-0.595143093033971,-1.40384488367557,-1.95022648709677,-2.27380265153736,-0.830704537000678,-0.591347540782995,-3.53097520374248,-1.77393442095407,-4.58211040002703,0.858413223575708,2.81920067671674,0.837716154748453,-1.99925863247217,-0.0270476315745807,-3.01443933199952,1.93251199570996,0.328848211585743,0.257417016142612,-0.49311359432235,-1.33675699998215,-1.04424356075478,-1.75847019247146,-3.86827381039364,-4.99219358932825,1.20502648016632,-4.65139605610265,-4.87684401479021,-0.685916089543564,-2.01629037837223,2.01365657222116,-0.427049657820914,-1.0740802951769,0.293138936171402,-3.17620228669663,-2.80892921412332,-2.55309305392149,-2.60643393717085,-0.230496344999211,-2.04145405438731,0.40574164807739,0.073277430633802,-1.441553927913,-1.50559839289776,-5.02011713781159,-3.16176826012723,-2.38503131547447,2.71865272831638,1.07583883624715,-0.404815754235522,-4.55955996652667,1.33347866139535,-0.167609880445662,0.0960543148017095,-4.4403965708736,0.932273797895797,-0.878579435329385,-0.55946834912124,-3.76046693146785,-0.995731143156559,1.46468319808394,-0.472386583972417,-1.27665494066404,-3.95750566621778,-5.10951362846958,-6.10225538560077,-2.03447242426761,1.47817021211952,-1.01904633827596,-1.54058785303705,2.30642847230004,-2.46858157757849,-0.283991716164096,-1.24833536572309,0.507474039424412,2.50336050454444,-1.53353894708319,-1.225079193875,0.0671493093584574,-4.22140616837782,0.874984527234727,-3.0660120429069,-6.67440280140495,-0.605196079804522,-3.61818414671989,2.04455994720875,0.0532050178652852,0.961945235776012,2.08010595463523,-2.84535076468532,-1.73550585273719,-1.092082129304,2.81457718646853,-2.60927420472936,-3.52826208923216,-0.633680791224373,-2.70032504914023,-1.61733387951388,1.93948093117645,-4.10331384943963,0.063175452757898,-3.65700924282192,1.68329108044875,0.5343237480405,3.09990654014984,-3.75728172916907,-0.983477322177371,0.302923724949149,-0.490785799819229,-2.37651669125274,1.07898590676226,-3.43611636867845,1.04118659184052,-0.00649435262310638,-0.300570612871902,-1.52756991424931,0.0464433874991865,-0.396940001531853,-2.8800881864248,-1.79122136954334,-1.64283722555738,-0.860951055046116,0.149472830106494,-1.1727599878296,-1.02386604820274,-4.03738699885929,1.14573673962546,-4.52101085946179,0.622263618600146,-1.74184072517121,0.185076714257608,-1.87917121458281,-3.14667056999992,-2.18996605521962,-0.91678882285864,-0.283808371109348,-1.37095354927625,-1.98391019992501,-3.40625336019939,2.67998219750337,-1.73111648446353,-0.694645283411659,-0.910442200614329,0.146548589397855,-1.33463312756114,-0.655707424143335,-2.79529835684256,-2.1963478277101,1.48346446553187,-0.441095458973542,-2.95943670315794,-2.03010703626482,1.40914438577192,1.43688415502466,-1.50734719955705,-0.119885479481514,-1.80207677713836,-2.18790749673891,-4.53676762585987,-2.75456561654159,0.677161528274467,0.837953129286905,-5.83977904642529,-2.17058726532927,-0.584090374434025,-1.51045136022194,-3.33012792899729,-2.04788725717419,-1.49745153375303,-0.930528077403846,1.14771330835022,-3.27796781229813,-2.37729588816368,-4.39503531867285,-2.02618910697956,-1.0663690837359,-4.23145216596981,3.77869028459375,0.168641858979918,1.26849360172445,-0.0826755690328331,-0.490523653309666,-0.046517138763834,-1.29242959832121,-3.25073377145107,-3.99363535344068,-3.54373172252353,-2.01523363764177,-0.210949388912726,-1.32657743374912,-2.60813103844625,-0.402047085919102,-1.55605186813422,-3.74761774821289,4.90648050879685,-0.849035403431906,0.887810297063661,0.919810490615391,2.70017377953012,-1.70575882071844,-0.253881578878277,-1.93612184950262,1.31323226563594,-2.63594422328988,-2.58606264304258,-1.45370346361551,-0.63737399501973,-4.03993897252452,-3.03822473799001,2.32372114613641,-0.49239712030764,-2.4970813651061,0.457018055738686,-1.7364817637259,-2.99803075856953,-1.99695663850891,0.289750946275768,-1.35799761984833,-0.121749272366436,-4.10810649635052,0.573518593570058,-1.31628415618336,-1.66985788478989,-2.61196836127953,-0.529324634839874,1.69479752128821,-1.70969702497086,1.39511083861931,0.486696064712127,-2.15553929291312,-2.85575834051038,-4.27718982179671,-0.0961402515727606,0.0977623063653716,-1.03324646562525,-2.35206299852738,-0.956998960013181,-1.27705849924868,1.16776721904353,-0.964495874902167,-0.248011834652487,-0.349076146759017,-1.37198552217943,-4.15009909846433,-3.1300585835345,-5.72419631146433,-0.472761493252629,-3.26171261152544,3.70707914908647,0.0584737384904488,-0.393040438450616,-2.38740592505027,1.36265041399715,2.01903973571568,-1.7476952372731,-2.96253184804616,2.9022319166578,-1.37659582657054,-2.79996513509366,4.0826010599227,1.86465152663796,-1.89128178971013,-1.7535915264285,-0.952645611786156,2.03887698066843,1.4871258375586,-2.1119738877446,-3.00209279566557,-2.32396040716537,-2.08282683082839,-1.06684530965756,-1.08075143322677,0.365058213463498,-1.63307179662618,1.26636110473619,-4.11284192937019,0.662678821638113,-0.559039756494337,-0.965400298645681,-2.23702658769449,-3.02115654971406,-1.98262545370599,1.3514560033436,-1.13795701797605,0.181556029698785,-1.40971146987179,3.19839238632207,-1.7336314009166,-4.75375737532355,-3.76053393757532,-0.476758756849042,-2.17565992642093,-1.31724188962009,0.582309858591763,-6.78081911216922,-3.31530780112453,-3.51696965705759,-0.375386009228782,-1.32096174264102,-1.72073154632613,-0.654783714875344,-2.60245743087729,-1.95565488737273,-1.78509686617338,0.127688308840324,-0.799770896102568,-1.14059986669398,-2.70728686464841,-1.91753421202493,1.46883579554198,-1.53790261804837,-2.76836896180303,-3.41011129810502,0.508333711576329,0.743822220697577,0.4567585140183,1.96134597386413,-2.6356132808703,1.78117553519509,1.6921470045297,3.03970202009209,-0.513252577991619,-0.315591735152913,-1.09474381127975,-0.922877463558974,-0.105531332373962,-3.5491810051746,-0.34735982228617,-2.06698627470715,-2.17541669922374,-0.138006545646292,-1.02893247149683,-2.549623429368,-5.84959537811842,-3.77588841897827,-0.0830445220542348,-4.17800885718538,1.56853923160666,-0.0340420448107722,-4.10677324515148,-2.28249087588985,0.331257088970192,-0.00409798804730099,-0.699930565471998,1.19546798064101,0.902717476899081,-4.76781002198788,-4.01348860413151,-0.134545547954712,-2.61490491636272,-1.3709820431542,-2.60184480496495,0.70368190055558,1.27047552846072,-4.45351121632814,-0.311263510256278,2.96728960409518,-2.96225181545032,0.374343649424308,-1.22225710489045,1.57977957650206,-4.42979749246845,0.612501281688746,1.31268191261905,-1.19256280958397,-2.08371802657453,2.54120012244727,-0.481999952665492,-1.1316897744399,-0.276044850155395,-3.87715920348384,-3.7679029999539,-1.89674740487441,2.78042952439421,2.6140876243028,-0.82235542881252,0.571321665293631,-2.99687776752131,-4.07496085040741,0.935168495312315,-2.53620943537805,-4.41598882434868,-1.00112344222699,1.96044116140981,-0.659353785296688,-0.250803234854643,-1.35935584411496,-1.53474505273662,-4.82977876117288,1.19530333803664,1.52178914371338,-0.113173028156092,-4.03070846806845,-3.87126870943718,-3.89429339993965,-2.91853815841806,-0.374148976247384,0.0350395624125741,-2.69253952220492,-0.774085634338899,2.47008869483528,-5.20122559119469,-0.750362086634476,2.97213882434463,-0.193351320500672,2.35594022135723,-3.08663750821731,-0.456279639897195,-2.66499291897814,-1.54801756229228,3.2576609999077,-0.0023375911225868,-0.402614612556547,-2.71271981759251,-1.87255740916249,-1.5010997532482,1.88048720918367,-3.28059151222461,-1.77959936517442,3.35431865822239,-0.312166691415266,-2.11598161369668,-1.79764118989378,-3.94871742279796,1.54148419985706,-3.2925168443305,-0.442936962358591,-2.74463953254147,-4.10539837050747,1.35677173036353,-2.95027052272455,-1.88116466260307,0.179883193549672,-2.88964951987382,-2.49180537986722,-1.94651622382837,-0.98231623125009,-0.153897680145206,4.43443255816678,1.7719623584403,2.80720594817624,-0.74326963844839,-0.309661227083073,-2.88791265811583,-2.46212125718121,-3.08089007308723,-0.898830108333947,-0.356098938057359,-0.23280992546993,-1.35369287169616,-1.46222814004191,-1.59113897870999,1.21592681827273,-1.12000986583136,-0.782493734155374,0.99247505917015,1.93216435860023,0.92029048444578,0.337402320656154,-2.71386000243492,0.375027216799394,-0.137905507104161,2.92639544893157,-3.66736818217793,-0.470953955161012,-0.333591300479495,0.100445691881931,-0.552609026121018,0.355578116864613,-3.14632674477115,-4.52919565712639,-1.18292565671503,-1.66715636726992,3.91657939660313,-4.84009604849058,-1.13367632815847,-1.55323520147182,4.33478249394822,0.0501873892482279,0.0299055081729964,-0.360194387472019,-2.79593199919001,-1.06185054698354,-3.68124153048659,-1.38842850711237,-7.94954623345938,-1.74767397258126,-0.30921169806759,-3.44571082298578,-1.61627282885497,1.55245746869841,-0.291499447441485,0.0303550645061499,1.22891896742825,-1.82154923379731,2.45099992144862,1.24782362464325,2.07172933832813,-1.9702607274609,-2.51814226660475,-4.93508035078704,-0.0145300215884723,-0.906095457119018,-3.52995843496626,-1.86859894498853,1.83446357766705,-2.30592655929497,-0.466508337403042,-2.73109976444113,-0.790092772208552,-0.903930086469666,-1.54510227697775,-1.34320988655525,-1.9328449895092,-1.65489476619893,-2.69960882850186,-3.28321119790002,-1.84407143604899,2.23489689240858,0.638915234056724,-3.45753562355512,0.213492471303703,0.44425733758493,1.62186041536894,-3.30081503046812,-4.07943717972807,-0.015371510699177,-1.91788191450792,1.07779358154725,-3.40646586592904,-2.32560326045607,0.53219737901365,-0.860777881644241,-3.18964270737954,-4.07818087030627,-0.306682914827276,-0.0743774738991613,-0.706488511373565,-0.290866001907277,0.86480336624366,-1.45849316612078,-1.30154579926665,-0.577739020648325,-1.22004925910142,-1.77843705588905,-2.75664842324298,-1.84461602452726,0.753495156931138,1.58430669944156
"20",5.63209969770694,6.29437517908234,8.51369258259422,5.28655724538763,5.73621776566321,7.27521514139537,4.90019745162148,7.77194456792783,8.05981936658188,3.56814517266004,5.89341072022953,8.27275922318796,3.77622016347887,5.85960785263644,3.80815489609319,6.57019457001333,6.20899789591725,4.98343296192184,6.60271869364966,5.72864323585012,6.16948641017505,5.0174321949249,2.87121232631784,7.33989785120803,6.31798318974863,4.91285824805115,5.78687218343441,1.79988635608648,3.56367565183722,5.71848330924358,4.01245212725664,5.45517349176063,10.8703353046928,7.79412655361773,4.34064988628236,6.70768477239202,5.73232287571438,6.02623096899613,-2.26570592373347,-1.24518334376088,-1.40212553128206,-0.909055062888676,-0.617464342059596,-2.66069314103269,-1.0643290587677,-0.498193845007499,-0.629074871291789,-1.81021637029427,1.47254395306354,1.02745856575785,-1.87692516818766,-5.24269429296061,2.25184054468567,1.6535375284186,-5.17929242956902,-1.93318344483477,-2.98795531376758,0.954388798884395,6.205398010354,-1.81794523765365,-0.0970362323784435,0.623332405860378,-3.16789725228276,-1.38141976702408,-1.86750732968862,-1.40363725670459,-3.85515383494273,-0.88926050206871,-0.345978932515302,-2.99729756457485,-1.94070403903719,-1.13532266573976,-2.67330021716798,-1.58565383490098,-0.22829455552988,-2.03656696731885,-0.622808663791633,1.91145009124239,1.88448525894567,-1.35394040421238,-2.02540807108927,-1.4792162406185,1.04143976053101,-0.190176351916588,-4.24151357679174,1.05081760720349,2.87701777325744,-1.84032276807505,-1.19190264044678,-0.056843490069559,0.45944916219755,-1.47233234181117,-1.49547987679852,-2.13340009314343,0.697038090748755,-1.06923622566402,-5.06626482279975,-0.922776556849836,0.423167499852338,-3.2835150404958,0.497931062962789,-1.42631371843006,-2.37008477722644,-1.15687760419111,-5.286499594867,0.0254725206649595,-2.03541104641599,-0.708892164367057,0.188634305050352,-0.835972954225924,-1.81959932636733,0.156869521795356,0.626632762698345,0.338847098143779,-1.60801765599234,0.189060997148791,-0.667597858053037,-1.47675663344035,-5.76409693224367,1.6009200341274,-2.50960483866095,1.05577539974307,-1.60087504692402,-1.68819870121437,2.31392809452965,1.50066224665113,0.0916332879898982,-0.407300780609814,-2.85410400335046,2.66094975582348,-0.492899614081057,-2.18727709868918,0.768243706711392,-4.43750144444992,-2.05644075544415,-3.15793915956822,-4.42462592993632,-1.87501621012351,0.133923764461352,-0.848065284868962,-0.118605369107624,-1.99768262931862,-0.774562481380964,-3.78088599611615,-0.925362273002633,-0.340452775518815,0.529200110737681,-0.488235136389723,-2.43044992583965,-2.32860345795975,2.43139998385459,-4.54973319299523,-1.33734048813554,-3.70076177910099,1.14145289434584,0.215137287664029,-0.457959564552078,2.69650119310768,-3.09293270543685,-2.27536102095927,-1.60227312088913,4.82639237531615,-1.47181866662171,-0.0750445833776942,-2.91402316000925,-1.76507343474504,-2.52283220894275,-3.04936038955509,-1.79477156468625,-0.0610167883313727,-0.544840136885002,-3.82894468578987,-2.18748640555742,-2.14094977759224,0.433324594310763,-0.556028705765179,-0.371233515774846,1.11116603627225,2.35116298168076,-2.2684243112542,-1.82384453868334,-2.46420018011223,0.271381608427511,0.729726960164802,2.49174311316904,0.731317643766523,1.63011591288383,-0.154516906930031,0.93920757027995,-2.27377469444307,-0.858034889174872,-2.78886473017658,-4.39622923188717,-1.27271168265864,-2.31001137454503,-0.22912955369841,1.03343687927098,2.58692413664357,-1.78528924657662,-0.621866693007438,3.32650237780914,5.67340017931904,-1.00935146402695,-1.40528035790129,-2.35591418703314,-0.278852311775834,-0.123937624375803,-0.800759222522551,-1.61738480079194,-2.05222078497467,-3.14953072037362,-4.22820822620689,1.76045849309351,0.420271477016582,-1.6577374169316,4.20776506120109,-5.63226725177471,-2.15992128620849,2.65057437395158,1.85163077251083,-1.29288569715826,-0.303264321724778,0.0130769794091059,0.989488233584514,0.142122979608158,0.350541908862155,-4.08643998170435,-4.2367106088307,-0.902683011186385,-1.1183079190802,-5.8658761965221,-0.63194672125644,-5.88112521043851,0.212118607162812,-1.28117392058133,0.812083965650958,-4.13310348714133,-4.55415343585563,-1.56698466870962,-3.23813699660006,-2.90370476685458,1.11869011456765,-0.150299808039897,0.199543993153257,-0.382776438016829,0.0505203041029472,-5.97758170997113,1.8710432816047,0.79623202095884,-3.96142573908711,-0.921647973185154,-0.44799872320923,0.360782756902311,-2.20996468491673,-0.570561329184924,-7.17616551567219,-0.436086517076472,2.19931191376533,-2.1952648226606,-2.94659182124615,-3.65335207409727,-1.73312639700673,-1.34307668353836,1.54381076972149,-0.20647177180455,-0.194528180058542,-2.1809439206717,-3.65489700846855,-1.05119699576445,-2.66385096330409,0.714829333325494,-0.710842070996234,-1.48338950394572,-1.41306358569471,-2.93615590046194,3.14223296960275,-0.822934378684312,-2.03226825072603,-3.24497896655371,-2.88434629082789,0.0451319506446539,-0.492128288698335,0.172473377977329,1.24198110860286,4.79090756579394,0.674632941044833,-4.26376467232299,-1.83850526213464,-1.94931769575019,-4.18501115005085,-0.321514369355274,-2.03900709884262,-2.29839189690298,-4.95210191478351,-0.438993304624496,-3.79505177697025,1.00148791913407,-0.142082135489629,0.654067773434718,-0.101621931543989,-3.76580228598604,-0.217722627105652,0.216792683833408,-3.44179002820408,0.64223837744643,-1.84233323959617,1.71082203780741,-0.853420720422362,-0.0982769156150297,-1.99648032261237,0.283806009239099,1.45349990838768,-3.36919599116243,0.433675961228465,-1.07057659216388,0.146257487014426,-0.680661191230754,-1.790033961364,0.553391811919149,-3.55897418199314,-2.44341825294944,-0.428637946271235,-1.92941521095755,-1.40899738581861,-2.16501919806689,-3.50079312188965,-0.914059381675062,-1.26730320437067,-2.72801027711047,-2.14600696708009,-1.91748200158868,-4.39373322077716,-2.35303750486885,0.441255102314334,-2.51487774665026,-1.03359179991047,1.34736212716145,-3.26472857427037,0.858483016066246,-4.6074299228401,-2.45116252621986,-1.65102021204475,-1.3841922330848,-3.14908850516054,-2.4906343369207,0.0700188345952639,-0.0152995011267562,2.55932272075226,2.24832486708018,-2.08387733551115,-0.700891730562499,-4.92644256863792,-3.7882164414426,0.667513033378165,-0.282130827127147,-2.12954095586246,3.00581247278176,0.344903995823685,-4.32493757737569,1.96132514073023,-2.59243574184104,2.55375263614368,-2.38706109030435,-1.60046380179807,-3.22391995190552,1.96985975734628,-4.17784647459254,-3.17255654630769,-0.994362413516002,-2.21570231528039,-1.79120546665114,-1.66978236740189,-1.70304958362184,-0.711972799256185,-1.07094287928159,1.87800773545565,-3.53466944291026,-2.9400588077391,1.24938038062054,-1.09737160963482,-1.48508788309408,0.720973102095938,-2.82235802760397,-1.37577790641405,-2.00504780785223,-3.05332951861584,-3.32816686382636,-2.84988668701623,0.831202647073575,-3.18493521041004,-4.07055811552383,-2.03358514381153,-2.22248885636503,-5.16960568884917,-2.77225563433007,0.348610615502848,-1.69842772295749,-1.17196435119882,-3.56688795659554,-0.788620081576519,3.14629342121657,-3.25585361301236,-1.31054786171348,-0.627256506774882,1.46045551741382,-1.45876648056605,-5.83737566995581,-1.67947435033209,-3.42909675916146,-0.60680914124548,-3.60093591266144,-0.950815646162941,1.61704705113857,1.50625713027498,-0.736984460450524,-2.12912309901681,-5.6491262186087,-3.23495811571621,-0.860944186311307,-0.803762423830057,-0.150352909882418,0.940787729320186,0.672486315145927,-0.611166067326208,-0.494432286573548,0.621489423449227,-0.515993476963185,0.749738928565026,-4.5247299925487,-3.3670927611383,0.486064892655779,-0.142241290152537,-2.85483445198692,-0.188550240300493,-0.0266734690402577,-0.0816119567794235,-1.89200804995402,-1.07555513590533,-1.42354424356664,-2.70401717168998,-0.620900099689531,-1.85450444288817,4.23536720863688,-0.565751995644703,-1.02505386642234,-2.52103247068498,-0.145603177230945,2.50471937715964,-3.61473930609226,-3.00633596316432,-1.87078017438387,-2.00687507525999,-3.27154014067602,-0.771094929259105,-0.458263158859281,2.34158132937279,-1.30827477233804,-2.75578991661087,-0.655210808083094,2.00073057120699,-0.00949539395253407,0.189936572992695,-3.2113702948581,-3.49980752909229,-4.42358315674652,-1.46709521685659,-2.15556767648384,-2.68274129160039,-3.03723260487127,-1.02771880544426,-3.36431555461379,0.334555974543953,1.75809481821585,-0.340199931799293,-1.92164133319943,-1.80654931833518,-3.59245415859117,-1.82158346705159,0.560190546780172,2.34800860065741,-0.585756365676838,-3.63506267307253,-2.3882572624427,-2.68953883574944,-1.43403556413159,-3.56627304763521,-1.16417313797172,-0.409468546226987,2.29865388946779,0.00115672514133891,-3.09928009551823,0.046092152448125,-2.70098177247336,-3.42039402988326,-1.055149837405,1.16880702494242,0.346932958288112,-1.10963474102117,0.407541800601701,-4.87263023040673,2.76774950575542,0.579808469537013,-0.0838519029422626,3.0932435266009,-1.55909594326309,-0.611545808459461,-0.76354812646047,-1.71017655427309,-0.981526339210599,-0.0299079627926193,-2.03329739853453,-3.24832395434258,0.252317344393033,-0.0379929028004987,-1.91242615433567,-4.70842776892896,0.919150579244716,1.69190122690643,1.17560303127201,-0.213033395619972,1.01657958062838,-1.43350091981425,-0.826313686501861,0.131674228957322,1.56042321638815,-0.696345471216768,-2.26150013539051,1.45853518190451,-0.850787705829236,-0.763951771874997,-2.51407019535873,2.18945327205346,-2.78662896932309,-1.48620791882964,2.55158187641748,-2.14698951525336,-1.73624364630443,-2.9548558332961,1.638860202479,-0.744628160178754,-0.360020464008347,0.988836877310175,-5.06746895762802,-3.37126638660339,0.631591953914152,-1.13946311215896,0.497381948079169,0.379304833996746,-2.84572094741671,-2.40718210828832,-4.09372687764612,-2.78706059459005,-4.03638968030227,-4.91761740773333,-0.760182378520975,0.003074440132949,-4.09803379045589,2.18082291106531,-4.35501937777919,-1.41347408696315,-2.51243343913841,-2.86988620263891,0.839395668283837,-1.77841534005535,-0.383074001211621,-4.71210340601875,-1.22468352137013,-0.850688071160985,-3.73220879552624,2.64263685285157,-0.710718108328343,-3.18529758408452,-3.43057614136705,-0.179971749865737,0.396170504301397,3.28635357274264,-1.07767757550761,-1.07186171098668,-1.73574690248713,1.93274680709299,-1.61107237495957,1.21687929424162,-2.11216800473881,-3.00510826247365,-0.677578838105127,0.0580017925638741,-0.545893195299407,-2.40262719753925,-0.918597498437289,-3.82658689542296,0.186642524835444,-2.23620583552527,-3.86305101120253,-2.74142415874046,-1.65853141860667,-4.00033700875675,-1.8016711082253,-1.04317528055908,-1.80459011501594,0.569417021212961,1.38030343113442,-3.08084960859547,-2.10496932872261,-1.60513209264273,-1.86266351282392,-1.45435780902588,-2.6234947679287,0.46900278865091,-0.9189241558851,4.40431207046162,-1.21479125242737,1.34845306285614,2.73146434489362,-1.74700835981635,-1.65279212792224,-3.29071175749331,-0.77535163974719,0.332710584637682,0.777290992867332,-3.0643032105876,-0.475823472066557,1.93886203329329,-0.363864490191474,-1.86992876865283,0.420778550572472,0.0113505216437899,-4.46395241971274,-1.37824448431113,-0.342876401933634,-1.96018235519018,-5.63509548541431,-2.11209153183195,-0.90387735516633,-1.41461534955416,0.249727157995136,0.793991941104837,1.30666111657938,-0.500011759180965,-0.169077943734312,-2.05971872572509,0.329551754121274,-3.35144638662936,1.67708589999981,-4.08001162330619,-3.21219646831561,0.494385084793239,0.150913903651322,-4.25594108367115,0.583419830016812,-6.15234332870077,0.211995172821375,-2.36801805370099,-1.79670932344877,-1.36774416399669,-3.9788204633329,-1.78756260393297,-2.1842254004278,0.428463513674174,-0.603019166174039,0.099045817662875,-2.73581179264772,-2.28916038905275,0.989165249147122,-5.36820581174482,-2.08282741496771,-1.26023815868891,-1.5215570581306,0.383976240580441,-1.14753271594485,2.79045284922452,1.17073513449435,-5.51328787535051,1.6530923368303,-1.6208106391971,-3.57398947807672,1.87069973033667,2.96956433058548,2.62166194785578,0.398386357031298,-1.01697807750908,-0.573676199952647,2.28054256395014,2.36144609448698,2.58327601475962,0.61194810774396,-1.72418077586276,-0.799406113009477,-0.536069596978914,-2.53616619322278,-2.61867567014221,-0.69197506404065,0.76966502103347,-3.18233794489206,0.956626660768825,0.0109379669184511,2.3077520861034,-2.64756483674461,0.551735677191082,-1.23603833948053,-2.86946440434411,0.615372700415036,0.199600095952708,0.384873487138933,-1.09415216956654,-1.31174934520237,-5.75078656338357,-0.126368640554502,0.139117732906369,2.55265949964295,-1.39750480551229,-1.31590233810646,-4.26843159571937,0.882104156836385,1.00042494647288,-3.48878468038673,-2.59239768147655,-1.67280399983204,1.60023233097872,-2.84553323396717,-1.14683802850733
"21",4.39945413974916,5.1621073783528,6.99669607479177,5.87515954018709,4.30197955259163,2.01733680665199,3.18776021214212,5.48024328129874,6.54185799791732,6.41938069375644,7.01262891165395,5.72828507262205,5.04431220041677,5.53562165219254,5.80579364702943,5.86069246708704,2.93478286110207,5.19921404488933,5.39204508811424,7.66841758690682,2.56829894690097,2.70519864263884,4.88133347575262,7.84880001817967,7.33319311369339,4.57096099725446,7.62029623430655,3.64434386578157,3.228591508335,2.35950883731806,2.69938950691094,4.97838981702923,7.39636198678374,4.2333152759496,3.90113525091014,3.37205949876929,6.88591732747657,5.00018412703348,2.4355760344085,8.69190354728963,6.37053593690331,6.88866401233143,5.00692910606635,3.69505723990604,3.58781645563417,5.04818855497836,3.3295337135973,6.59664312978353,4.36248689388853,7.23540277456671,7.14013549068025,2.347963090695,3.64481580093758,3.06627322189023,4.76621114921912,10.3862463945938,3.78800852236711,5.4586588824665,8.00155420664766,8.9607114143444,1.46513712944299,7.22542706100896,0.638799923163091,3.15896460801343,3.93462926481841,2.58718631479343,6.64789157561412,3.17130666723426,5.01886126926584,3.46436751842924,6.50046860901688,3.61887105299424,4.48447903449763,5.45511847935976,5.48610377732538,5.70075919820384,6.86349420844658,2.12786382904998,3.5807342403352,2.25770806587181,8.59052419142024,4.37407105018043,6.56823731665129,5.75748255922451,4.12866234238272,6.63335198688758,7.7453760282675,7.4964939231494,5.62851729978926,6.2610055612728,3.62144868800837,6.76557322282104,5.59958614885484,7.50926777820363,0.194912216413273,0.12881598540145,1.44186534687345,0.923946799176596,-0.843572276361386,1.44147910028865,-0.391246375737142,-0.12116249171776,-4.15268512979204,-4.83550723326775,-0.266039922749587,-2.95498186483064,-1.42030622014195,-1.77480800384677,0.589007532836139,-2.01026004256515,-4.55864997235861,-4.16517008458546,-0.288740556120148,0.165775254204635,0.950941979865753,0.50023407661712,-3.36514741612046,2.36140902421611,-2.57192130863563,-2.79580892793109,-1.00784388036794,0.943575820047656,-0.385356992238383,-2.2149458554712,-4.93343920931772,-2.33774102152064,-2.76162065701,-2.24394468318634,-6.47047851173795,-3.83801515192241,2.15578195424755,0.240336033824347,-1.64751438757994,-0.819244507165178,-4.56380238398254,-1.4307849253365,-2.54240765338471,-2.49321710604728,-1.67066396594928,2.38166600181864,-1.37314290179439,-0.368699409185688,-2.19445254938807,-2.32619358952902,-0.551570273268414,3.4072871400769,-5.19268998902258,-1.78468505494796,-2.09376479543495,-0.632684904441989,3.72488724478236,1.087270912821,-1.58075544213749,1.469494343851,2.44991738736449,-0.880755926991684,-1.51317054098026,-2.07155859753602,3.9970383561314,0.31068767153393,-2.71218172629571,-1.50888604381588,-2.69752674396079,2.09185326590156,3.53337575309715,-0.743156732316769,-2.00895714209069,-5.49745553704091,-0.614003940611008,-3.71985472188253,-1.46052563504375,-0.177828037093484,-2.12528373774569,0.0280278025605381,-0.903618297473209,1.169481945342,-0.2587978380335,0.298036369809388,1.6671348159624,-3.40822474399032,-4.71242619829185,2.71528892207246,-1.68411106478815,-0.191557461855313,-2.99446943137622,-3.28857134757223,0.761288162114496,0.459053205889114,-3.43638943326846,-0.285681278071755,-4.67921922110385,-4.66514319359247,-0.225612569253327,0.768365528552478,-0.195207950281475,-1.11949060515941,0.300769353090684,0.243429581245471,3.30917942484014,-3.23853181583007,1.20592151686111,-0.640582487427617,-2.63365938908691,0.0398202977844919,0.664227989764609,-1.12858072867946,-1.07407727089992,-0.555536185424591,-0.786462418587283,-5.1047147385193,0.0688239016377643,-1.48732614053645,-2.160308810253,-1.86247086322784,-0.649728038825881,-2.04371917406249,-0.952693072103003,-1.77780121462183,1.41378579572679,-0.279952485566391,-1.6816484090277,-2.56977832560959,0.527583876222044,-3.45305518513599,-0.456454941801889,-1.20904557624068,0.301463329934546,1.71683222925245,1.62301772013639,-0.491329158438273,-2.05176691944851,-5.31529486042282,1.29517846552688,-2.91404408223045,-6.17371403631421,-3.37446691403896,-0.0631096087357745,0.767237979574714,-6.09096381898175,-2.48338164999113,-0.053555143877798,2.1574725311589,-0.294558698772091,-1.80999302381121,2.20180472408435,-1.24565681898501,-3.7399236522023,-2.02345882459714,1.1321355656094,-1.73596255338265,-2.4649729586011,0.443628156855772,-2.75705081505377,-3.49660302770694,-0.0206037785807643,-1.77988473424324,-1.191846117925,1.39941203358038,-0.0300941606864802,-0.487179636571491,-1.26215535864045,-1.72562313794978,-0.545630038972798,0.539160501593459,-3.97582046216682,-4.07533139532603,-5.41368800632527,0.522781214361959,0.731850684168525,1.31595816580959,-0.581631666318971,2.48371277176674,1.03768300714089,0.381158402960502,-2.85715066470228,2.89275609545631,-0.246028436516896,-1.08653880281077,-0.335152794160087,1.08626617353334,0.226193604034125,0.730623536597468,-2.77702200545236,-0.306091957893873,1.38489361988168,-2.72031086125775,-2.08097600356512,-0.85254590675949,-0.493838558553875,-2.20548317131559,-1.80398419302589,-1.70346385903939,0.226798250927216,-1.90004058918913,-0.903577011649679,-2.12981684994902,-1.66463754681185,-0.545334419971782,0.187279953871535,-3.05446586069698,-0.384223052742186,-1.83083990121453,2.14025303945317,-0.0902981006192356,-1.17223031191966,0.561357487625509,-4.05896086115751,0.0245795583258483,-2.50723125248845,0.499602142574757,2.66131506764148,-0.728452428529596,-0.637765824150333,-1.01899631162073,-4.612070387158,-0.907715559790373,-2.07795007006236,2.56522252794785,-2.38608787557644,-2.86346588673482,-0.396366229619257,-4.76375534948347,0.847258867620502,0.957643728791199,-2.68563254495387,-0.0937835927203887,0.76778844333577,-3.39214965620696,3.20588704535606,0.986946453491058,-1.75153096632155,3.71899686559368,-3.36513694155817,-0.447059419798469,-4.51703679958593,0.0845001343919978,-1.09220441971933,-3.9301132783141,-1.9039613886537,-2.15075232616243,-2.13101140864075,-1.64435799629769,-1.62351498114772,2.75439503548051,-1.38942590108126,-4.78833304161678,-3.76681210149384,-3.85799074659257,-3.67265583104708,-4.28793362726998,-1.49278827789112,-1.44054548794205,-0.516558302836499,-4.54716970707862,-3.76332373199224,1.35473405688007,0.754910913896238,-2.7489400946672,1.3966067233584,-0.875642754192786,2.46007214012474,0.525515494265941,0.229402834988268,-2.43449796246952,-1.13063214734985,0.534449133093236,-3.22295574294391,1.39701974121859,-2.09403167849302,-1.74743140625,-0.583221481886517,-0.76580522287604,-2.02732401519389,-1.24506397665798,1.44108503134329,0.960174303541766,-0.355835049184219,1.96414704101896,-3.54186976362837,2.05978973024627,-3.07332049865041,-4.19847438334094,-0.889666414090597,-3.27245283950158,2.83840962990576,-2.68130859705449,-2.94168441394349,-1.91067939878886,-0.963905148896348,-4.20324945176413,-0.532121129237085,-0.892064943338145,-1.91347430652415,-0.511326604727294,1.47102335797757,-0.590605379979822,2.29604559260643,-0.919595178801158,-3.93603028746734,-0.837367682788769,-4.1352347546264,-4.48810161900916,0.0553187957885413,-0.760136171728426,2.85138128430488,3.65767399349057,-4.49645059462095,0.745566352974936,-0.72662337341463,-4.43884246655484,-2.61572391079272,-1.84587808049606,-0.513984516892461,-1.50629419207001,-2.12785001906635,-1.42963044913499,-1.58026721037657,-6.00678838981528,0.564185261129652,-3.51246112901481,-0.141602553530881,0.0297644543371787,0.667531245316764,0.15807909636319,-1.00872117024424,2.03955847065561,-3.54536774837661,-0.166959617984764,-3.87907351903655,-0.2494502355264,-1.6409720663348,2.70483954791651,1.0278720011516,-3.68561530192282,-2.3481269743624,-3.83114932500909,-2.86322191490449,0.337738776680155,-1.10473425289162,-0.97965657422904,1.80674200158592,-1.46138189372687,-0.545369887699429,-0.00199008622783103,-3.33541938407017,0.0797663549354553,-2.28089163635881,-0.515368264273113,-0.109758368611372,5.05483615563702,-1.78801271902127,-2.89650665475355,-0.94733499855046,-4.43090579480453,0.472023142822003,1.1287025324722,3.5361139655176,-0.501516139652193,-3.92541143264797,-1.06678955602658,-3.48016823682947,-3.97741269434022,0.475895500976906,-3.83070338872005,-2.39997476708329,-0.27188604111893,-2.10072309362506,-0.771799762106176,-0.397719688343553,2.2238995612815,-1.50654099616031,-2.8936024263975,0.544522677851627,-1.77058570771171,-2.62378857561063,-2.45068774674028,-2.54459367869775,0.595341095808597,-0.474359069995072,-2.38967070456961,-0.0326389092388414,-1.92152548860365,-2.86565541637594,0.119725993694588,-1.32848202774633,-0.795176034535306,-1.08296768778063,-2.27373798191127,-4.07758229302146,0.849936411732219,-0.594073802444612,2.7849021547107,1.70123997352919,-3.5933746993409,2.28871888280911,-1.87306726353764,1.37388883491668,1.46231583106209,-2.63403536945708,2.20992831956006,-3.62271638033286,-2.84193887286025,-2.97243359392253,2.91367695262976,-1.47511097002866,-0.930275148441771,-3.12746512824576,-3.53517120840502,-3.07673066748199,-3.1706413951103,-1.21161962216145,0.0740216268675915,1.2370517828055,0.524626380544455,-0.800484573812862,1.09537974751652,-3.12162670497571,-1.62780803396422,-0.687780348328583,-0.415657986243345,0.824584246931773,-1.50997570094394,-1.6434269406908,-0.457016531306032,-1.01397389563558,-1.83546833481778,-1.27593303124405,-1.09513764855051,-3.04486841381217,-2.62173153098989,-2.28301019795813,-0.767638786048934,-1.59302954478048,-1.20231079519458,-1.58578448637561,2.62711441649517,-0.0729471017889816,-1.70372352906385,-0.429906951947371,-0.934908707915544,-2.68305000238579,-0.48515277876194,-2.73022627285833,-3.49127232359729,-1.62212138015043,-4.06729976064883,0.223984191551144,-3.14256037861009,-2.9548850978212,1.27548097309318,-1.51710034632693,-0.989725331009703,0.771522201587902,1.15463267978276,-3.22811547794689,-0.301970093571796,-4.0268475821874,-0.765892031988412,-3.29511769853095,-1.26220003542622,-0.180249563231628,2.26723015019519,-0.31137430125628,-1.62835669178381,-0.704810824519231,-0.021896190651882,0.534824100614119,-3.68715702644886,-0.344579038385626,-4.63628270885689,-3.373007810366,-3.4099463656488,-0.810972404550364,-2.5486034759705,3.08266848179783,2.74863178200428,-0.151702662181856,-1.96890648683224,0.226972424428522,-3.55997590381086,1.4544079671695,-3.83538142650033,-4.3623644893675,1.18212521698515,-0.975532388673956,-1.36617924504983,0.117134845440172,2.26636530940108,-1.32269600273781,-2.18967426365558,2.34157210008004,1.89029491009827,-3.2478072457103,-1.47088251910463,2.215546262082,-3.41197832251275,0.872576540284038,-1.16677473129239,-1.0514286582274,-2.10807415790669,-3.63833676035127,0.80405365699005,3.07966754963876,-4.02352244105272,-0.0398504059318087,-0.383500705772587,-1.20370692441345,-2.95544743720206,1.36260712061527,0.775886522795196,-0.481258978579506,-4.0973026988818,0.609291306193753,-3.41694718733127,-2.41327218562329,2.23116479072099,-3.13905037220965,3.5255299251701,-0.50016086766383,-1.85402626629658,1.27414084608254,-2.04171234306273,-0.931032089944145,-0.230036049295343,1.31852804008571,-1.0071475319503,-1.43484890939562,0.526895044362063,-0.389922841923225,-1.22496766093078,-1.05425700877751,-1.57209455321024,-1.02460443565948,-0.924872355451846,-1.4729107059279,-3.76509024721325,-3.95138580572824,-2.02998331815675,-2.70339622748797,-1.34638327197019,-0.153395492299342,1.18071610798199,1.09500961445439,-0.0257022179948406,-2.67112404270399,-1.37721146098731,-1.80030203333321,-2.12505361175626,-0.878938661053079,3.89018006452148,3.55166905595108,-5.9828742916843,3.08990955295162,-4.80521115845394,-2.86601129331263,0.0193170650294117,-1.17758528767891,0.433869884860335,-1.86412111671437,-1.39036193951819,-0.546724780766437,-4.67602694641074,-0.381688067937408,-2.00587887033991,-0.49221634511504,1.72226256498853,-1.43776266384833,-0.456103776765948,-2.69262813247948,-1.72531041400446,0.856062026875935,1.81356719372798,-1.63945229983525,0.266986972363265,-0.97339571245591,-3.07773932323593,-4.06676698658878,1.84042245056024,-0.129602134760576,-4.23760908116364,-0.94708208641845,-1.1846316542145,-0.721779638864725,-0.748628770714639,1.19874727577874,3.27018202629693,1.07448787742964,-1.72726123789443,-1.37416343372826,-1.65386789983388,-0.223673986384157,-2.01160454932075,-1.10022258820502,-3.52165882384929,-1.47202215315908,-1.71775386585325,-2.37202653710788,0.789881012976329,-4.08157524618951,-2.63285136731337,0.695771424332074,-0.840797308970031,-1.57400635763357,1.6569895139735,0.718083915548062,1.35127005815164,1.29825484702754,-2.78813932161099,-0.286721983660821,-1.26014574086681,-0.662183301388995,-2.56985942354169,-0.456968194056806,-2.60541607288407,0.689491018805799,0.324092513449798,-0.937021209204964,-0.346665805841411,-0.701314592797363,0.43216350933678
"22",5.39099555900508,3.73156145827671,4.40156787830945,4.9183581891646,5.46636952281434,6.38650225238321,7.28285108273634,4.32493291577871,8.0637722883921,3.6273034891345,6.91271830907492,4.81094708231287,2.100553547754,2.59475799034812,4.36569785152744,4.73779556117285,6.4416054924336,2.9355039576039,3.29293407368543,4.88054832320692,3.96825255282793,2.18786796127094,3.87086906119969,4.27240503988548,5.60880581144171,3.07424730353472,7.97459573598336,7.92565787212899,7.2608305404093,5.03070375021597,2.95163419679299,3.43081213578505,2.2033159652543,1.8595349043026,3.84079979821505,2.85977841242371,7.30987706119823,6.39953791234462,5.58634392232809,3.59637334319861,2.74638928322962,2.43626676056832,5.32005703326189,5.27935195415797,7.1400656387763,1.46732528766923,4.25974076035868,6.10883831940253,4.15372431076093,-2.18463020145749,-3.36839891544724,-1.99967374606301,-2.98187800516703,-2.77653157787893,-1.04001620326823,-3.15557815248187,3.32259594945288,-1.55495689687997,-2.10316266276529,-2.90229652006033,-1.96096207818524,-2.54528630149717,0.381353312413452,-3.73089936668658,-0.448239733519462,-2.57279045359206,2.95802287618889,-1.81064357678291,-0.660688589534119,-1.61951890972894,0.574472615311577,-2.04099156264141,1.53863078535621,-3.3040062561909,-2.13062947599504,-2.914395155183,-3.08388567237031,0.281851243834824,1.541277100773,0.320125983024481,-2.15932349535352,-5.47829468974847,-2.00873035453013,-4.51824655520604,0.0432769128252624,-0.514065829760689,-2.85794739958376,-3.64442059785378,-1.26716389399525,1.00256483599789,-0.219220381886019,-3.05626216620305,-1.58841094688472,-1.47134687432584,0.96319809990638,0.930781030273774,-0.293402779783786,-1.64974161114341,1.2381832722439,-3.00931836364461,-1.66257895343591,-3.76575525195979,-0.394419551575933,-1.07646995868126,-0.844471716254846,0.873183487766527,-2.04438792769518,-3.66198641492208,-1.51261693149129,-0.393620372594903,-1.57140872675937,3.16735430499528,-1.92827970561097,0.995122946118624,-1.77158373552514,-4.82246911201823,-1.11900038504589,0.0162440254438077,-2.0666303225423,-1.54965448561646,-3.88552099245392,-1.65065519755716,-0.353054442022486,-0.288385137212927,-1.9016793857824,-2.34780477592495,-2.5797569532802,-4.56012638734991,-1.83436354688974,-4.72559507316243,0.387836441566868,-2.87901352271712,-3.29859025142984,-0.688077536333538,-2.21791362180105,-1.86379737525434,-0.114442139440284,-1.89378194328449,-0.557433852897786,-1.41051238279872,2.41181725958731,0.405670346370456,-0.92089734465404,0.517417535668285,-0.482019062488447,1.71913197531766,0.320033330929023,-0.244212451915819,0.565653190679388,-1.6807083660473,-6.39744486162958,-1.48040521186732,1.60539692137742,-1.81034886633269,-1.37950697281009,0.621176416534902,-1.79418212071897,1.69539047485395,0.398049385134729,0.634772158062781,-0.481602968658427,-2.40565042832282,0.290739074553043,-1.25575154856505,-1.27274500572112,0.0375592243104645,0.602670039176263,0.645423474004078,-0.282977709804087,-3.57679733873958,0.879881784852056,-2.93118221636614,1.58283419591525,0.0226866626607782,1.11268629359846,-2.68563902104318,0.0312570620959967,2.28977388709929,-5.09027227448514,-1.37773767892052,-1.53520381507091,-0.00379575351671824,-0.856860876804729,-2.45747133608345,-0.866272596899858,4.14742391845345,-2.34215028656932,-2.50781198677507,-0.96114003390305,-3.17827810553056,-5.37495118776559,-0.73639916441472,4.32902458831932,-2.58815646930745,-0.765999280714686,-1.49751270279769,-2.68058100511685,-0.485864587099743,-2.4334360934767,-2.58117722429156,0.00507658455309024,0.240513866468853,-2.28794708238044,1.35442517399685,-0.52411936732784,-0.653608077966096,-1.81058879631349,-1.15885327534866,0.964410944621984,-5.45111730995404,-2.19766300604617,-2.16582221835069,-2.35831174540647,-1.03182816221719,0.289254015891538,1.12379395663581,-3.63406686770208,0.996341052901244,2.14061083473131,-0.713634839108615,-1.91666576023709,-1.05070821998928,-2.74768192250843,-3.15268919196257,-1.75426196767369,-1.00069226787853,-1.53894606431238,0.355402383488771,-2.67919703911172,-1.12377738240793,0.845772216225855,-0.0388995883089471,-2.78848899831873,-1.85998785202278,1.97182267012694,-3.08092511030787,-3.38732276944147,-2.28268336504597,2.12760553770859,4.2981968941268,-2.23737180080621,-2.39417494714252,1.67328815964377,3.31948784217441,-1.13774947176725,-1.39700396728347,0.16270812097201,-2.73878696397298,-1.70416733000243,0.577431381668118,-3.03479704133477,-1.02157226870881,0.771407434548606,2.26152741380635,1.16927752617549,2.68322763458261,-2.24202894095994,-3.29924935375311,-2.16346065195208,-2.94882023036646,0.0310108857099214,-0.203068411395175,1.29834896828121,-1.57739822603212,-1.67499956853274,-2.76947989946626,-2.65114692029698,-4.82011394185729,-0.710745556370522,-3.66886037184979,0.734570935250063,-3.86318502781101,-0.428072612319348,-2.28385059239068,-2.79256596079205,-1.56959959943419,1.35810405840357,-0.643749771489659,0.440284729810728,-4.53922777678431,-2.32035438062131,-2.15941210853093,-2.66745829904883,3.56362341505859,-0.05079457308992,-2.81233392247034,-1.28892238193713,-0.660797675467314,-2.83135556207625,0.651870136374242,-0.670623467684035,-3.32191459955049,-2.46783284610665,2.0940008295328,1.04322800202113,-4.35071477844495,0.975398269700263,1.53706029408618,-0.0533808630654192,-4.59842422435239,0.184493532227179,0.789300998304638,2.93442015568913,0.32462185488514,-1.63002519663777,-1.42337132010188,-2.37175263675144,0.84939364121373,-1.58283172569664,0.822508207748836,0.997958343621281,-4.11168040299177,-0.680073731259173,-0.44508675054428,0.408199914595949,1.99418712493478,1.1683166758186,-1.9042492309095,-3.41405016251727,-1.97207893560792,-1.7480875248855,0.12672194334011,0.711696039030677,-2.58162697168903,0.691500062127876,-0.0143117841981353,0.347694723919085,-1.30303153016332,2.01668064312611,-0.802385911989647,0.443960601021722,0.372204637214112,-0.0192207795329815,-0.399398393910305,-3.0148983237326,-1.51555024095119,3.50645692186148,-1.31736472237022,2.35285077070682,-3.47715152203346,0.313237351781144,1.67204706979734,-0.410158004478424,0.169383126364031,-1.33520795524714,-1.13195904708449,-1.48495710228528,0.328298390343984,-1.06632260015348,-1.71293844466016,-0.907438408494437,-1.72268620484904,-2.31067645927603,-0.0476476162144126,-1.177727249015,-2.50723766446278,-0.923073460654327,-0.128487232274659,-2.93423368092354,-2.53194212024332,-1.08023790589269,-1.06994206264551,-3.01632088918096,-4.17817132490376,1.87095535044327,-1.54306301287205,-1.34894440790774,-4.03171115884927,-3.94707849104603,0.548942799404001,1.08920540897651,-1.43140909816779,-5.58191449383855,0.396256084366617,0.294753879896814,-3.22615833751903,-3.5443676777343,-1.97950841184061,1.0347255711769,-1.28037780822527,-2.29651793206493,-2.34580001508821,-2.69470146131685,0.458868434536909,-1.41411631062737,1.24105104137337,-5.69209692285585,-4.4970386549855,-2.24509088746331,-0.541466789905299,-0.636436779937423,-2.03671851553482,-1.22840421135133,-1.86167571226635,-3.42357575153563,3.18815079936372,0.139747813832415,-0.974051238207333,-3.85194444457633,0.0462972081765374,0.234755498971565,-0.505309209680289,0.13278077387226,-0.0399319053167728,3.4059706325356,1.34280811582747,-3.73246999981394,-2.68893749339581,-2.08578299538355,-3.9543183735933,-2.19780152398715,0.0626912184171631,1.43964242889119,-2.76976005174134,-0.862495839875883,1.67349153264371,-0.619522845172563,-0.97712366569938,-1.65822261834609,-0.416146361923562,-0.433920205489794,-2.15872408700964,-0.882957024675783,-1.32720546836396,0.95175620382384,-3.28998653451678,-0.538396669524731,-2.95491040395552,3.24690897350069,-3.14572164282857,-0.757686896102114,-5.56997629804447,-1.14957478163113,-1.42814960635134,-1.15363215699773,4.06306168675385,-2.24711643339368,-2.63324876276547,0.226560329385333,0.994908906346541,-2.01908048238034,1.43311076920076,-1.01883383824892,-3.04674755021406,-2.27364363770026,-0.294643628145949,-0.741303064192548,0.950318941473097,-1.92458058163043,-1.30270874284632,-2.63975110734116,1.09547273097954,3.96786014339822,-4.52557326767399,-1.59654656260777,-1.1799877878776,-2.45733007053923,-4.0946438247358,-2.64516865825765,2.31274364202456,-2.86428533787856,-3.41910074975004,0.7349548235582,-2.34289204063997,0.520099055058286,-2.22500870839812,0.485834304814564,1.87814633419183,-2.90675916430322,-0.763938421241614,0.0802975231939131,-4.92222726251656,-1.01230858816328,-3.47027715827302,-1.94521193275144,0.753073054248481,-3.65732208637203,-1.43235088488299,1.70703396744873,-1.88002163936859,-2.6308178126251,0.771463447731612,0.449276021730234,-1.59255085141763,-1.10344135237359,-1.32244836885499,1.73100658036897,0.204472089262285,-3.79772734684176,-1.92156460434925,-0.485637701317747,-1.34649273925754,-1.86338714732566,-1.68122499749263,-2.39025733442835,-3.93219581950387,0.353653680124802,0.931632744263092,-3.13944716294907,2.58413296391541,2.44813954440533,-1.61175089121297,-5.61111368225223,-1.57663241547139,-2.84219733590079,0.0549168260859954,0.863982157923738,-2.80678214428539,-1.47428884453172,-0.36029208501785,-0.390966585152996,-3.55851402627302,-1.49495264864862,-0.598821504152747,-1.5233838840959,-0.466198332204536,0.961300268951182,-0.963824632041711,-1.72242631841963,-2.01157657644378,-2.70226279401333,-0.702928503888974,-0.816222720759833,-5.23994746105887,-5.69686707748036,-2.22346417281144,-2.5561835590955,-0.0683419021743104,-1.15683808202563,3.25280958809075,-0.66379834230878,-2.12118892125989,-0.932191705630082,-2.64947003598314,-3.27253566020355,-0.759412281019587,-0.473091931844136,-0.44743765124736,-0.609574928760955,-4.20903896894034,1.11264370393705,-2.55274922750698,-2.6734898125458,0.00341780640112077,-2.30287408393523,-0.68497049216613,0.724140290795876,-2.61888105180236,-0.162239420768969,1.51661016739771,-4.37517688553933,-3.42812783304597,1.71246896018982,0.490115759413244,-2.80643737040912,1.34965108883013,0.778790357358662,1.74700034968681,1.11567522869047,1.59041732638897,0.613660917453368,1.56418417838,-0.638077319511975,-2.3732888541216,-0.439906111860324,1.42727106975847,0.273071859456349,-4.20227617270678,-1.91575378360532,-4.21516951093905,-4.41023583505275,0.299853466130554,0.271321741525145,-2.99593261674049,-0.396176152908996,-0.358112179144697,-2.65866147225929,-0.68358317354865,-1.52918851453661,-3.32635858721982,-1.62353060389302,-0.865400152169329,-0.720330288023583,-0.388878219278709,-0.42042980975371,1.6766649975424,1.97390947309676,-0.548653193098612,-1.19717699375898,-2.55760745980873,-3.04806989870115,-1.75928735710984,-4.03901489705993,-5.28023190448884,-1.68747072156039,-4.32587451482831,2.771802639327,-1.69155846308781,0.129869654566987,2.00219871470902,0.544235414034723,-0.402854353491187,1.53854629120699,-1.68616756845611,1.73533410391646,-4.95181944749279,-2.12890525264789,-0.0281812434531857,-3.38511103312706,-4.9127240455739,-3.63791251576015,1.94794664592771,-1.01320504779645,-0.00314793261241431,-1.59264308705826,-1.55173419640322,-2.38284476976883,-1.64648829646435,-1.94706756906262,-2.28168463562762,-0.899504329591256,-3.00193608092434,1.76866325074667,-0.85154278810247,-0.606204358670353,2.9707844586852,1.15937262335698,-3.88324336860377,-1.59127427361592,-0.45282819590655,-1.22726584615982,0.736234699210081,-0.936132412373573,-1.53557957537533,-1.69421660808762,-7.86754214892177,-2.57952000841144,-1.55863976363248,0.894329854876399,-2.49133025641448,-2.61426803239813,-2.63168705006799,-1.84926405147214,3.10158034414893,-0.831161183187175,-0.991623302585868,0.379480988826189,0.206270807870548,-3.96031466132544,-1.49108701764764,-4.30847684418942,-4.38197023872848,1.00140532332228,-1.87280798675114,-6.09865422921531,-2.92348903486152,-1.02307105718845,-0.099193959670311,-1.83002447498358,3.30885383051381,-2.68266114561699,-3.60663558014542,0.623171944458538,0.0962058927552769,0.628538738687497,-1.50249530982637,-4.12172707936142,-0.510450590969577,0.0948265493211544,-2.60427998427242,0.100131964037165,-2.95908424522158,2.96773745159003,1.36826693011579,0.862896313463889,-0.10101786788082,-1.60811365592324,1.70819834457781,-0.829271892319244,1.13387063553409,-4.37156375937663,-5.53592787445706,-1.09343228138945,1.05418942459274,-3.35193621890555,-4.20056895562416,-3.4711237791027,-0.577463983677424,-2.01817215315651,1.16223618544117,0.82936166960551,-2.51414957829456,-2.07520047585198,-1.95709837056724,-0.86631930442047,-2.55161988889333,0.435499361163783,-1.14406669981198,1.15511278367486,-1.91266593892222,-4.72395854535251,-0.118729083752149,-2.25990675533293,0.827155887795185,-0.869741636602929,-0.00299832515250298,1.26786161067139,-3.01226974616214,-0.408468716055684,-3.19987493730273,-1.61635534312936,-2.17702977160497,-1.44536061666772,-3.57666422926913,0.0296749831901755,3.06549890924712,-2.24094972966176,-1.41686701108778,1.2145443791426,-1.78865762475255
"23",7.57104911659301,5.92133066576158,5.37334544630171,2.54081187046156,5.38238994456132,3.75544097928602,2.04708953301089,5.92928147501007,2.04655002268583,3.66698195158596,6.19413954858182,3.4176083422606,5.65923221100533,5.97086724345763,8.24372259191751,9.25528747024246,6.67046828967868,1.42736270448626,5.43823262499245,4.3188134163233,5.22877455402282,3.60945897857498,3.27297086774971,4.15744415039832,3.42589496729427,8.30722504811629,2.30538626891519,8.53514718171625,2.95035551775959,3.25018278734152,4.18257520433227,4.19676959043463,5.72822763797596,5.2798590523154,3.29641260738179,7.63179024329765,5.75288145622779,7.00496347827672,4.84558097259098,2.17192587802152,2.83847283501821,3.39933013801547,9.54244756142391,5.90912434409528,3.86254469156508,4.68225642794182,3.56338136149325,2.96191985542719,6.83208572839439,3.70735173877525,0.917086656395314,6.20049359233453,5.61011082429356,4.43229051567565,6.12234421696674,3.98337146852134,3.28772158774204,5.81609151053781,3.45940244803129,4.30000019684379,4.79317232036843,7.2486723269501,3.90531787363123,6.73302542077884,3.02760825299959,2.13690068615868,5.51632704928817,7.14575907461243,3.32786956343357,3.97231033186561,5.6535912775226,3.46789957876169,3.09116551920935,5.36426174093368,7.83516880404284,7.36625529225188,8.52070564539041,6.33968796926049,4.56937165135067,7.74967205651582,3.6151378787762,-2.01309663940218,-2.16134781532175,0.609207784867046,-4.16115712258893,-0.426830717382344,1.58481743591889,1.12284287284287,-2.64933354688692,1.97913616734941,-3.01928766988038,1.02893441154222,-1.19623222458817,-1.91587977040451,0.768214511267662,-4.3309996808413,0.0442345364723828,-1.36716962359817,-1.71678892192652,-1.2730961326456,-2.10884430976325,0.965260415343161,-1.46716360405773,0.12304935121394,0.326323774281516,2.04445052851025,1.50118573592819,-1.46462647152317,-2.27307214743629,-0.662521108014658,-2.92935895390382,-1.12208320561809,0.738197091661041,-1.63424093772574,-3.3555795764522,-0.883304301658417,0.311222864285794,3.57681274119976,-2.07966177006776,-2.98885579541291,-5.104235876987,0.494318532229353,-0.574894012406847,-2.36169790831503,0.584146768355557,0.0223440745396879,-0.929754562371041,-0.99446135033486,-0.619465467268791,-1.16528306357287,-1.38288285000292,-0.8318027730591,-2.29600988844684,0.282774663017701,-3.74857437376123,-2.95933883015791,0.417557783374185,3.77305823169407,-5.766828255085,-1.39002854358724,-3.61650596357056,-0.499072138032588,2.03035221361472,-2.14359094073979,-2.5638818924338,1.6689643397756,0.0163124706405191,-1.75919080631748,-3.71853545267636,0.87598873296275,1.20401843919643,0.912208905449984,1.54640307884982,-3.18983789952382,-3.62231402241692,-2.20621468256959,-3.58143253583615,0.431376451295161,-2.79342159101377,0.739606721782722,0.576173152473423,-2.04692273820383,0.508754972493574,-1.55335463882391,3.0365568621465,-3.13743172878516,1.06330269715578,0.543754547088693,-3.22321198238317,-4.20250989203018,-1.00282335350071,0.642107948944814,0.73848574467635,-1.02800190520937,-0.974897923472735,-0.880391640498157,1.35820914529888,-2.91053987964786,-2.96512493556883,-0.780609956535603,0.323963407597257,-0.818517351358321,-1.90773752712003,-1.97070621799941,-0.958929478293289,2.07052840636181,-2.88325487101628,-0.0238490985199137,-0.952405186794769,0.598947155657829,-1.11312472231072,2.38350655619439,1.86548931691761,-3.61458792202358,2.03169210491054,-4.44584415637635,-4.52534432705346,-0.10057295221674,-0.426081947113289,2.18876120705892,-3.83803208173836,-0.670183838442829,-1.35038065674064,2.86327063417538,-1.84169283770621,1.67554307959626,-0.198120199011769,-2.30999604680792,-0.328053398026785,1.20427382735751,-1.16577738728601,0.716315170313809,-0.558210515604221,-0.888315019293189,-0.504343868622587,1.72603734289229,0.572306161136696,-0.274701848657111,-1.62427088556364,-1.31914490517227,-0.131130084350683,2.73383502697484,-0.110764033638204,-1.31409426968707,-2.57023548448763,1.51381826516375,0.378662460939299,0.583879273946478,-1.20311274923562,-1.81597484177032,0.221416935747817,-0.496770237162608,2.00733636776514,-2.28066340353243,-2.66598256542962,0.855980143248749,1.5660759511729,-2.1635321276069,-0.108142496927076,-2.97735099266963,0.495188460024663,-2.4946777007011,2.25186775611336,2.49810773120286,-3.47149034802577,2.26491396075895,-6.44073880695449,-4.62469808365047,-1.71885502196017,-0.706462801868392,-1.06080392743859,0.475439829590663,-3.43129383343882,2.14870721780987,-2.91172928417958,-3.80120888987672,-0.216361262856917,1.75660643716707,-2.79262677158655,-1.23917758739924,-3.44880582681064,0.492168868451283,-1.26850134043659,-4.62118746029788,0.230922695089645,-2.953255150024,-1.23587574487221,-2.5155423878476,-1.80096801114896,-1.62257900112427,1.85997160238121,0.0156030761270649,-3.71809990867219,-0.283185316267461,3.972833632798,-1.40513302898914,-1.43493936601416,-0.892896637183174,-0.084362185191071,-1.86513625528961,-1.98794023240781,-4.31970513598288,-1.33320558438477,-5.37664181323239,-3.33731272706041,0.116303701589616,-0.631215488361075,0.0739687894451606,-1.83394278396564,-0.23823237809319,-0.734678379609864,-3.63946503645984,0.256622411410568,2.34500976829599,-2.84563428695478,0.234362676678829,-1.2270905019368,1.27000023361762,-3.62462429473621,-1.39980209308789,0.269134470173108,-4.82880381331269,1.31357195011727,-1.0905601742851,-5.56639639478567,-0.213310217844222,0.513848842890177,-3.10927387584104,1.16430291152024,-0.15958909423417,1.34999748774896,-4.31275163277012,-2.708753511958,-4.65366216485203,0.156834595302372,-1.61329617214729,0.227952465383226,0.952901005868967,-3.19032433727353,-1.74634224174641,-0.6152138411488,-2.55558959604555,-1.46391829324893,-0.522828039080302,0.0785278074004734,-1.75759152447427,-0.181148270855936,-2.7759227134871,-4.27929775472406,-1.46431497847384,0.625566866138538,-0.791584597016671,-0.129628852819466,1.465621222669,2.80857461787744,-3.53128711364983,-5.27587884069089,0.172183741633049,-5.67424803887339,-3.20407347354899,-2.61022964991869,-2.56058518749069,-2.13992285476853,-1.32503357492424,0.359779205559184,0.716819706536734,-2.77014838377588,-2.1179083066936,-1.82823787001383,-1.09789846926572,0.746428440425536,-1.14549876094132,-1.64781239749549,-0.678553823497036,0.144903701110846,0.931949210835786,-1.26921728007763,-0.915824413831063,0.107049072158628,1.06238855066766,3.52303890615894,-2.18145938399857,-0.105710359531723,-4.46155145199427,-2.19404568468118,-0.264508340658068,-3.44522971249861,-2.05003788069872,-1.91186791767434,-1.54321315297662,-0.494432846447972,-0.239947114596111,0.862870763055188,0.707865704517659,2.36508928882554,-2.64424703937164,0.589469352503308,-1.19967443037766,-1.2121759470888,-0.375011840105423,2.76902613994568,1.0591174259402,-1.13610263538575,-0.254512205544884,2.88897426818752,-2.15879367387845,-4.58999235092847,-1.92980852395128,-2.73769887911686,-3.54992378078118,-1.81420980240202,1.11843861605192,1.31739197337775,-0.434380990774914,-1.11121631927693,-6.3800005969499,-0.848990268103295,0.949158878439072,-0.586386670446028,-1.48292706710652,-2.94599440146367,1.25740487076793,-2.79212596092983,-1.11093146365016,1.83684465122813,1.12022737938142,-0.132693771520255,-3.21175482252823,-3.06023873163488,0.805674792863255,0.573833225338608,-0.460254638437428,-2.94834726184076,-0.69164961897951,0.175449152528878,-1.24548620113767,-1.83381484402822,3.60112859898659,3.02859373894184,1.61157305238559,-0.899759796616985,-1.99587322623928,-5.06233392008763,-3.77467881460128,-0.542220418829023,-1.97760144806032,-0.193446480363932,0.655157580913868,-4.94444547018253,-0.990187385568495,-3.66856282707949,0.390837188506044,-1.38483151880683,-1.19809992682092,-0.586310092226303,-3.78263158914613,2.49737825446244,-1.85229947756846,-1.73837530249141,-0.255394421024514,-0.0525134765245012,-1.24662959179381,-2.1672124395437,-2.79052381548136,-3.11659536164469,0.976241749497369,-0.16472134970178,0.217189000521164,-2.88760078763387,-1.50296125462425,-0.603069410489614,-0.553030779310594,0.52111634419445,0.791315958786466,0.681987405683775,2.03515058134677,-3.41172467241434,0.397986870568371,1.59818088397492,-2.90899385800388,-0.444876853401597,-2.0096144677908,1.4157142836139,-1.13904955930561,-4.1134490615136,-0.937823653829202,1.46226352795748,0.618346591476684,1.2484646360544,1.30923486339762,0.0664426453643738,-4.11780518887134,-4.41587306860952,0.00607852117897911,1.22832415190645,-1.73907322851027,-3.70365408480829,-3.09061268895315,-2.57451000066965,-2.67614875626317,-1.58510917817997,-2.87802695659349,-3.22671202701823,0.148145216057581,-5.65663292375015,-1.27681588990362,1.46204127434717,-2.69365476793734,-1.14645441169416,-0.329043842142783,-1.10609281774364,4.05869224083224,2.73802207927434,-1.7898617811771,-1.46908791432124,-2.64511262688081,-2.85670533458717,-0.573075181422774,2.07630294293068,0.202266706988985,-1.25210104592558,-2.04044242700539,0.709769896258445,-1.59005444338906,-0.968521082074596,-3.35072271020863,3.6726504519927,-1.60499582519868,-1.75706586880172,-0.677328641346394,-1.27248651426975,1.26617279717205,-3.51227163336993,-2.96868063338246,-4.24547142102719,-1.12967289762458,0.469939384420222,-2.51073039104891,0.891110577085188,2.09259660056366,-0.391801274761803,1.54236433267559,-0.0955194717527296,0.0195486962043676,-0.401283602135817,1.43667576839656,-0.0516993568965021,1.37817408763893,-1.82741008539069,-2.85438693372541,-0.200189173492642,-3.67835818069243,-1.2212251675131,-4.45029673733568,-1.66094518586766,0.676735100625097,-3.51553550480742,-2.80071644927142,-3.54473881977276,0.178322496749221,-2.05859919985426,0.358234770307757,-0.347817234877008,-0.275131438259501,-3.35101892847468,0.127479278588013,-0.596398958475427,0.883270446066528,-3.55999099243465,-0.965696147536207,0.801385437947566,-2.17200718481815,-0.394580982136845,0.752788055575014,-2.72578137613412,-1.01899909237222,-1.93636488902779,-0.888680549327571,-2.86046028359136,-1.84869681849303,0.70917328765817,-4.29559632247363,-4.97082840844583,0.699193104223564,0.122383873052832,-3.42107167857591,-0.636455847228391,-1.23277880681615,-0.303167885263559,-2.18397962273548,1.61061687187373,-2.88364566545985,0.182729328078989,-0.983314496816281,-1.8241675974026,1.90548174213532,-2.86242186668224,-0.409332887928959,1.14244992417055,-3.34858851661367,-0.868782721818071,-3.13997218817781,2.22385002226484,-0.493107550983405,0.664739144593413,3.47783307593658,0.272117734096108,-1.80330360153087,-1.84568938685441,0.221263167780231,-2.11703576657455,-0.064171933605581,-0.11604406648851,-1.24946325209135,-2.27562076100378,-2.64305754057869,-2.70252761623999,-5.05814639320203,-1.75089546071501,2.48279903159881,-1.30790924931044,0.309438748769531,2.11333534847609,-5.17729267093826,-6.43305053064362,-1.18132903521812,-2.7261067722166,0.240070888885198,-2.5599552486298,-2.69291262822486,-1.38566454119127,-1.14909731789711,-4.37583513381594,2.12634671098069,0.232140083969337,0.699904906281319,-2.63680089422739,-3.22040609141835,-3.01460581918192,-1.28549589206649,-0.824963600456608,-1.6460012938572,-1.59661894688939,-3.69896036767965,0.781412554149814,-0.283110680991234,-2.55688648469241,-0.160113244558763,-3.27480367223682,0.30410967273293,-0.729658624095784,1.43708365075607,-2.53093684419472,-6.66501579081213,0.312755221265557,-3.14291618873,-2.48529690177528,-0.744894991272642,2.12271046192954,-0.869021338997224,0.821183386722802,-0.590726734628181,-5.64717487277497,-1.22631390959163,1.2663751032786,-1.80339237274186,-3.79784319959671,1.31592446449422,-3.57918333059159,-0.742966500507634,-2.33100933433517,-2.56017158616077,-0.759193325758409,-1.89985902124277,-4.69784196751917,-4.00316106901874,-3.13136241999733,0.404247516962675,-0.609846933334606,-1.4806418882951,-0.657986077613507,-3.48810859118869,0.336429623872455,0.536678306262727,-0.736605985444228,0.0502473806490775,-1.14688751487954,-2.95130017414952,-4.17054494015572,-2.62929094984204,-0.403674280999896,-2.03584853882062,-1.7157193721453,-4.44836608182679,-1.0816968961076,-0.101876706333679,6.79222167963519,-1.44901921816348,-3.85349516147215,-0.383242780177585,-0.622170767004521,-2.86020352892221,0.123702020494815,-0.356341797602617,-2.11385084116901,-0.166875271152278,0.377232836723603,-1.99849235477826,-0.954146958262324,-3.36874227336161,0.0941368765340345,0.653374593111242,2.0497827570164,1.62224647162205,1.33227333069184,-0.0825923242917255,-2.51010838512472,1.45485392912766,0.331889562259619,3.57279607082061,-0.853026653323757,0.52787586305938,-3.08358735473702,2.11114900495156,-0.480062367084124,-1.3777217010169,-0.938966978938943,-2.56827368601995,-0.781049728843148,-1.11289495586519,-2.14206350429071,1.43177117509827,-2.68235914811664,-1.41074693507498,-0.367057140541546,-1.20815501484446,1.32563181734607,-0.458019317044598,2.13030293157286,-1.14156045870973
"24",7.59403323039145,3.33809791442096,4.26334747212858,3.46992030733025,1.5752540229752,7.08185748685683,5.6339679768532,3.38368829169884,4.57390308207841,8.63781867985218,4.54710728843869,2.65085819896726,5.91459456725544,5.67983859937327,8.11793285360297,4.1382541363591,2.49909041809856,8.67498726744888,9.11946884074839,3.46676398086127,6.36865189038544,2.79977555035982,3.73544537463045,2.83826142979372,5.78806363539744,5.82744553210747,7.85707238218725,3.32901736559299,5.14751721903653,4.10205902810253,4.74153164947413,4.11711844790823,4.28206815282715,7.62490399613703,4.93147935414331,1.4335585116663,1.41033659684993,7.37826607121401,0.764642976416281,7.5185900136838,4.10647122505488,6.44956766097721,6.88827933787706,4.18217987924101,4.04844637898753,4.20845554613091,3.36740352254482,7.96283170444929,4.8618268521459,3.33050737143765,3.51705829256071,5.38005261637404,3.14701389455923,6.06032849902859,4.50862495669033,5.5099474121145,2.50472577129323,2.13765090558669,3.96120057982227,4.65759459584902,7.20245075843486,3.84826440384264,6.36062238885706,3.36400899241344,5.1815494964756,2.728113067948,9.8962778235002,5.12877000390921,4.32042953217254,2.54481692396209,6.24549974286373,3.66066165835464,5.66904199290894,4.91990962476062,9.09233475931295,7.20980817694236,5.72061346057779,-6.50043149875659,-0.443296063093751,-2.61745535837597,-1.06215531379069,-5.91820033758842,0.0687421511562596,-1.66394537382092,-5.02328271617565,1.16447880358172,0.120955524879664,0.480252011693915,-0.934395534014672,-2.30359048105395,0.895863485578775,-0.165236549058452,-2.74549849424512,-2.54343445809857,-2.053144911815,-0.624263518390513,0.690555906020546,0.472972965008867,-1.08058695807151,-0.939137726410874,1.66284059635799,-3.82809931849664,0.26978163720467,0.377552474606364,-2.50531947250937,1.9131860424998,-3.64346550819301,-1.58059556666779,-0.66855700884391,0.433275008869683,0.826478789430869,1.028246558964,-0.264299247823327,2.2222262528357,0.770623934356888,-0.253880763649589,-1.85425312180587,1.70353727166694,0.222625628292612,-4.69857238676554,-1.89156067677928,-2.80923307216571,-1.60947505875613,0.0726467731291298,-1.23054339578928,-4.81891118408209,0.777011091128681,2.077410871947,-2.04328647144566,0.303237082408149,0.437628192388961,1.6379392380114,-1.66005121746758,-1.2093938687254,-3.91617379564808,-3.58865925898719,1.7072330342584,-3.87152901771037,-0.58502850025899,1.66566092739886,-1.44940367677694,-0.0753368900162151,-2.39521412051658,-3.9081659595246,-3.52106792617837,-2.65902885839251,-6.36510312692055,-2.72445486268986,0.618111215502832,-2.59033194942576,0.369648545840491,0.82208270291062,-1.0840206595594,1.77321317652065,-1.88747237819892,-2.6056230491271,-1.37850194352258,-1.66521918073668,-2.20951073282369,-2.07585410918234,-0.845752482720925,0.715340142412617,-1.23937922660049,-2.41680319414298,-0.240882090139252,-0.358789455121893,-0.492566916099748,-2.61134211462546,-1.32306178148854,-1.89583493566081,-3.11490913615476,-2.40917013325927,-0.908016726493591,-3.53950317642642,-1.96349055479669,-0.389635698570763,-3.38138068549851,-0.83721874528756,-1.73515547886177,-4.06122462676311,0.23176001017134,1.50462419267909,-3.51653444541077,0.051971611687166,-4.84824293822586,-2.23968614055529,-3.27616760124317,-0.492165538400939,-0.159235147091078,-1.20533833862276,0.852578510172262,-0.20758372629708,-5.34950930323595,-3.82600784017477,-2.0977675393486,-0.320774647197871,-2.65423011581524,0.0548698229901705,-2.04965617762079,-1.27914123744482,0.153885607377306,1.67081244225594,1.91101086750577,-0.712838520392734,-3.78987989346662,0.243741334303945,-3.02780509025347,-1.08180100674372,-2.10805132987899,1.78116737714306,0.846669157911365,-0.365386247976942,-1.0845365847384,-3.0576750529381,0.392957878260894,-4.10973391953566,-2.98610626702343,-1.24983617577902,1.04546689555565,0.672077226827398,3.13955862401419,-2.16331715539017,-0.11347682399979,-1.11484244606058,-2.30914184835109,-0.909509214822207,-0.295915513467017,1.71771260780725,0.217940713873122,-0.205341530113377,-3.91775686355361,1.12009253349406,-0.209939397878688,-2.65533460810458,1.96299294336852,-0.939797364068358,-1.89038404723283,-2.94297415867764,-2.64484117040015,-1.22186497684923,-0.57489973779654,1.69740156752143,0.306430884380718,1.48953415933916,2.92599134817345,-0.58434415083225,-0.776261834308628,1.85147731405223,-0.856490094045606,0.0443632166203811,-0.905930355119624,1.19744005325972,-0.0217539171406292,-0.0827872965518611,-3.87245727070502,1.1941141651296,-2.79846807926292,-2.68343922676942,0.00475106413225745,-0.572147392320612,-4.33273687578302,-1.44699634277072,-0.852401737942582,0.777050061658121,0.65567502030893,-0.371874326218863,0.0542278145467163,-2.15527530500842,-0.291385395436027,-0.408956056709262,1.70570774066995,-1.17390182232239,3.06274696434761,1.81955983016759,-3.15243574687004,0.656780029934172,2.66863136628139,-1.78629837898181,-2.53651610859992,-2.74337876443435,-2.59009949502906,-2.68860892261691,-3.66244680657143,-4.76850862045241,-1.682325331353,-1.70994288440759,1.43678600232413,-3.61805882507374,-0.70280076728617,1.32744029509965,2.47395150962714,-1.87617355657654,-0.277324108537598,-0.902603859925893,-2.57067021809945,-0.651313961591423,-0.397948904628853,-1.25581313911032,0.748574798905134,-1.09454101992502,-1.26131220249685,-1.05647045568707,-0.983447309758481,-1.3948994088418,1.01474068109332,-1.94674573615054,0.612003820495845,0.294923752908251,-3.16150612821517,-2.67013193431046,-2.36595106450105,-2.80563119585744,0.547200298129638,-0.200261937514838,-0.87809309292495,0.845794795588618,-1.61023705562863,1.71813744146503,3.40952859141194,-3.3840294672496,2.72914813839594,2.21334896265541,0.214455622390935,0.435645181368294,-2.78470794936572,1.85252103140193,-1.53401505879209,-4.12003991702446,-1.06461968301343,2.99646858177868,-4.79264729956912,-2.46590813818002,0.267485081044898,-1.36967078912528,-2.82061525941732,1.05207790087066,2.33441158477688,-3.16936044007244,-0.243032897322133,-0.841185449576992,-0.0276380871866517,0.66792132867197,2.29916029438455,-2.46671342617554,0.857281371859242,0.0380194361599038,2.12575103047708,1.54481475674902,-1.98189825684188,-4.48503641856487,0.3627369641286,-0.760920552531268,-0.251925084697313,-2.60165146679892,-1.40414589975089,1.65362076911102,-0.187170029168651,-2.53285448379621,-1.97506923968546,-1.20937156910558,-2.23425120655055,0.589547128641315,-1.28953007571059,-0.4079214357105,2.91087795108899,-0.682819270038469,-3.11382631954574,-0.752621367435783,1.46922770271649,-4.60853653897942,-1.91016843633397,-1.69681107339998,1.79360869365008,0.448476224280788,-1.85694707585677,3.00368722833461,-0.240727829525258,-2.10083912527256,0.162875103814565,-1.89672097355502,-1.56113213966274,0.451636896444301,-4.05027952278019,-3.96170191199984,0.49052768952236,1.60164472397557,-2.59599525514936,-1.57102525446421,2.74153812530891,1.42415986693849,-1.90238626344321,-2.45700694915502,-1.04279213949655,-0.410325271444326,-0.649775311957963,-1.85327690484884,-7.06649097371257,0.905154822949999,1.49985117739123,-2.9477175749843,-2.60826431130249,-1.09403931176699,0.221364178516731,1.7647962469746,-2.90038459106834,0.743083866088928,-0.1270291687544,3.93598914758041,0.416121106062838,0.749017562495918,-0.747712298032615,0.01467889416058,2.28010613202305,-1.16027684446342,1.81554881468755,-1.06266992800722,-2.40978788276768,-1.55262469378289,-0.230960471270369,-3.40733138405609,-4.06255751854689,-2.19773359137002,-0.885937949260555,-0.67196562823646,-3.45551144190556,-1.53881266354549,-5.6907279759832,-2.67471126663071,-2.66774325004286,0.943127711725212,-0.951095826424823,-0.247192125487945,-1.53862050741557,3.213669158968,-0.524242012657119,-2.19032280994534,-0.0954216451719372,0.288638851699946,1.38801540311494,-3.00689160226941,-5.29743492433098,-2.88074539136752,-1.25125277795636,0.5183178198087,3.12310883000189,-0.156813567519692,-0.354252597605418,0.665574227896098,-2.06941099718625,1.09880639803265,-1.316187102816,-3.20608106192076,-1.63953707642131,-4.41733469741988,-1.20180031281662,1.85311441713806,0.953983247217714,-4.98067575229707,-2.56631852921389,0.800880986566031,0.995804963485669,-1.50310224906794,-2.31519692766722,-0.791237517017287,-3.00936652330112,-1.07366597081372,-0.138300206462283,-2.68271523021026,-3.76404669916392,-1.33553654378663,2.11975107720442,-2.0428673270255,1.24397680355713,-3.01475458643679,-1.17723946125657,-1.10127596493454,-3.7675137110788,-3.81336347601432,0.346803142083418,-2.57056071030416,-1.97106404346024,-0.688576328889,-1.15195511645642,-1.39336051029401,-0.356129183374882,-2.81249710940097,0.997042320569937,-2.08783934344359,-1.9738067035161,-4.35704898348282,-2.27904863802693,0.503755327259813,-3.5103790821975,-1.54908996031118,1.04264852577256,0.298276258893269,-4.3246790114474,0.947547391851741,-1.85513708769766,-6.23258374852185,2.4585474027296,-2.40630457532243,-3.52812056365019,-2.39217203736331,1.88162205386296,-0.905159953455229,2.19534704498309,0.50389526352038,-4.28244530438412,0.133578495938266,-0.0697510189434014,-2.55651363134557,-1.96385992363091,2.2207729647877,0.191804620704029,-3.92411576201055,-4.19984914360024,0.706801230785457,-2.49727478646012,2.29557426376493,0.28368022495964,2.70354393671763,-3.54330088982455,0.0491191022465047,-1.84152113351886,-0.146758858899063,-1.01101291730434,0.839927790632286,0.5877414173427,-5.20231735670514,2.03721062259841,-1.94778583377764,2.59204703204451,0.671251978096842,-3.7432683535302,-2.59420296414047,0.918743040720574,-0.306094595594609,1.41179876042306,-1.74285868395141,-2.02000741071112,-1.65878160624361,2.44384662259942,-1.03533726719852,-1.24089589761832,-3.62159651445158,-3.04894612011684,0.725437082732736,1.06372180987519,0.306081132973149,0.472878356127548,-0.99655042291313,-1.81622910167039,-0.256974636596526,-1.10020587008328,0.0981789451103576,-1.47086024442917,0.0562745287903652,-2.99879213710128,1.13188733961965,-2.81089159121377,-0.338290534901482,-0.731575091972616,-1.44073696223763,-1.48056789497521,-1.51392740546101,-0.971746743627768,-2.34539016398564,-3.29026739783672,-3.07934102719708,-1.60151915380858,-1.88841410716363,1.94268687722409,0.655818136891692,-1.84375280718985,0.426699692654185,-0.333605062007252,-4.9244087810283,3.3220029096787,1.10954281377139,-0.688019206387812,-0.334907983746524,-2.3279551017107,0.0414829915160311,-1.76469394303625,0.131152383796064,-0.0938630176364186,-3.02363335992301,-0.539410623598543,-3.54993468557205,-4.32577607205119,-3.99746729104358,-0.349895554100921,-0.672668903721273,1.14046887822881,-6.39977472566328,-0.780588536250734,0.833503914845833,-0.0844396694756796,-2.91836059829858,1.16240004009931,-0.772327674326955,0.764488041864096,-2.96177094685511,0.258686368073504,-1.73017183896995,0.317911516210736,0.788472634643352,1.18612490219357,-0.234397801773479,0.0811984382371769,-1.81866556393347,-0.341870850878566,-0.683464146282172,0.164252977169727,0.325010324497552,0.0254872358964091,0.868028747118257,-2.01918817965565,-0.975469291151723,1.39270585856338,1.15511052959733,-1.35422584808936,-2.28313883659165,-1.78016434053778,-0.843164143605722,-1.24718531269232,1.09711085304578,-4.97341031673718,0.848414475694587,0.139146469752844,-0.560248207579598,1.56343310682477,-1.95015049896117,0.445836841730902,0.224952506744282,0.828771804568089,1.07080418907676,-2.52377890129748,-1.02639629354838,-2.68378774401849,3.45233869839402,-2.70187832329243,2.07332771251539,1.53863881995994,-4.21781671315823,-1.30140781341029,-1.27662374022903,2.83372342552627,-2.33855037454366,0.139538176173947,-4.37210096500399,-1.01384826761434,0.87404477671245,1.28922546247262,-1.33311136544236,-2.78956166939611,0.302971062333983,0.218721229474391,1.35128622700932,-0.908679534453979,0.849224792200478,1.5078535891768,-4.13269593217076,0.825094748027008,1.65605164918323,-0.694872718405844,-0.703556884995697,1.06592894491784,-1.02293671424432,1.9397732779174,1.79695472987509,0.0610688200793512,0.385110334076018,-5.19583645885656,-1.41990673863455,1.76048337430686,2.7627585404664,0.353032951234357,2.01458073152641,-0.575501805939677,-0.968181187488131,-3.02178228323171,2.38044330134293,-1.4135669459538,-2.12520375276171,-2.58430702746209,0.612353097650248,-2.38311818974471,1.81701027816845,-2.22585769543234,-2.70466522344006,-2.60523430527133,-1.96865829775903,-5.99138710892089,0.00816513217194492,-3.39714337548682,-1.25565923350027,1.47719947531545,2.35069718462653,-0.345900333710916,-1.35327517756488,0.12016365579654,-2.76344989317742,1.56924038308941,0.0227583543166294,-0.815770251606884,1.5472694362293,-2.09515930324698,-0.433390630253264,-3.92543963559581,-2.08357730748064,1.38528807640863,-0.137933590512899,-1.0625461908973,-3.38174422444607,-2.09817850914599,1.89482554055615,-1.72885896568092,-0.135416390088471
"25",-3.18057075218568,-3.98214779564367,2.06360623984107,-1.47892090110352,-1.15191658126837,-2.73391543951436,-3.06348267186189,1.64170967869488,-0.718291338152223,-1.33977438201659,-0.970423816525271,2.01446532045671,1.82695587733788,-1.05688262791533,-3.42975407357002,-0.628374130805386,-2.44408372861924,-1.94061398513639,-0.318293711317963,3.19888033888669,-1.94285147716759,-3.24626437811096,-3.29147246019778,-3.57908299084836,0.934334767271431,-3.10673526532872,1.37484119163632,1.08789288625746,6.66423035585925,3.1320200754978,0.416884749489176,-1.54174866320709,1.13681746894686,0.266500122847031,-2.37872981016089,-0.309587074735506,-0.762775814068625,-0.494115194061652,1.59094018060834,-1.53594957679364,-1.50648627488286,-1.33494444628665,-1.05103293740986,-3.45426300687292,-2.13829725757766,1.72290828543928,-0.455808715349445,-0.944762555369693,-3.80467088006658,-4.2810384059229,0.325628916017056,-3.43170604622032,-5.11677513734891,-2.65912648782791,0.0849117194389715,-3.34536736675964,-4.1659495534047,-2.09312110152734,1.21695784801619,-2.32037761200911,-0.843374243489867,1.17756968061658,2.15987504727703,-2.58120958939332,1.22673629348482,2.61800650302413,4.16598749694108,-2.97211274657171,1.65792592702065,-4.59325408833307,-2.02914358427687,0.324507186618479,-1.79950317058968,-0.852480300769377,-4.35391691565234,-1.07630882561121,-2.26804991390659,-3.95965243207107,0.609247519792651,-2.25200553047362,1.79909013725332,-0.18472997512537,-1.33432067804246,1.98955879972591,-0.690635371769705,-0.449843285579164,-0.590802149802881,-4.83961547175448,0.758699680442518,-1.11364773473547,-2.08789761162524,1.36039529036578,-1.2030725028102,-2.32970619223344,2.12371947068864,-2.91117155245583,-1.48319906657967,-0.507448214300669,-2.70206320065859,-0.554899093742808,-2.3583268011556,1.30124663325908,-1.56572143886596,0.874582738648088,-3.43068116183226,-1.13686885268166,-0.6467232660478,1.22205221092662,-1.14295182910554,0.648941003880481,-0.0975279693118639,-1.13522156407153,1.48241908197887,-2.55172564625769,-1.30969542359739,-3.4006403091774,1.30868953530798,-1.48130919733351,0.68505563732585,-2.11314582839279,0.379700044886384,0.394353531491562,0.579406800350228,-0.7005118145267,0.154129495901896,-1.24535699951144,-0.773980904039432,-1.72430284525824,-4.19468307881717,0.335530989068576,-1.93118021808848,-0.41332664647335,-2.70639030589272,1.83506228780561,-2.02414341617495,-0.699752959859769,0.0455289752006141,-1.827827382537,-2.47784222778526,-1.6105242400642,-1.60968160106236,-2.97191843129971,1.12420122328256,-1.84723174707035,0.743283628007675,0.107684610887239,-0.197053621921732,1.15443892870739,-0.0559951872036781,-1.09896222796932,-0.875182092534489,0.563669084647261,-3.19245358265304,-2.4393840855939,-2.22459441345858,-0.764355977529082,0.123235801506032,0.499073047900608,-1.76472215951511,-3.17012215539319,-0.418243118193222,-1.54243105286189,-2.41869694960171,-1.50601795414247,0.516358700341582,-0.759167228162032,1.17594834552707,-0.578919830833868,-1.42300509650296,-2.66976824627728,0.0827011749378774,0.656312894577231,-3.87016257791503,0.758454786785136,2.59797997994082,-1.80660090761435,0.0280120903365806,-3.22942461606479,-0.485551669899666,-0.563179759064657,-2.39297079417964,-0.963208279856918,-1.18935321686586,1.23381329021295,-1.70192565577973,-5.66657827798686,2.40169200108717,-2.99782394211214,-3.683441760108,2.38839891569569,-3.91881183971911,-1.80127309775958,-2.31348654428921,-1.09952376161619,1.14504706622719,-0.782404503132598,-1.92536097644301,-0.80608755770659,3.4688388779362,-0.0614232034613181,2.8564132778916,-5.59740943938133,-2.56139808611043,-1.70375232251351,-2.16771606538378,-2.69390596352647,-2.00276431194183,-2.13888219512967,1.85130458829364,-3.80002974648528,-0.0916236681731836,-1.47394498358248,1.37727910610767,-1.69924475345406,-1.69354605356287,-3.38987183065335,0.38496576541239,-2.63312390436094,-0.481529741094618,-3.7769026827125,-0.186547840165048,-2.22537643044523,-2.64837461528017,-2.97060242477267,-0.977486432281845,-4.85151025543057,-0.191306907461581,-0.83345872172501,-1.7750533327798,-2.82053543205679,-3.42203067054922,0.0106353136233099,-0.388609893517534,1.88148680516266,-2.34281460838925,1.19145536512261,0.420266807285336,-2.76738404320786,2.8540586692163,0.161606380996571,-3.43813916955396,-3.55818989634106,-3.05269699316088,-1.4330033335169,-3.03091755735021,-0.428891060319068,0.121162286285922,-0.148567598912331,-0.606959748355442,-1.19946571218387,3.46855867951374,-2.17943384626696,-2.85214449763513,0.482723041980254,-1.31877428640891,1.26270146595078,2.50547496208151,-0.248746056665042,-1.43280717886029,1.06687847329049,0.759462203777889,-0.80813226227533,-1.5380314793225,-1.30456360513675,0.0779920349380963,-1.43505380405926,-4.52128620129496,1.32789629377927,0.753058488204658,-2.33830848173027,-3.46487052149832,-0.252048251764066,0.253705939715694,-1.14690734855584,0.660435007874701,1.12050355039991,-1.86526754278848,0.269404938422374,1.35861109698571,-0.298038685010706,-3.58969692773917,-2.9616340205716,-0.401748055349206,-2.95505952861392,2.5785535966841,0.0333301502541703,1.81344886937726,1.38032770651697,-3.17693792102294,1.06111977710925,-3.75919849116609,-2.81877751131503,-7.35458430458293,-1.18541368116871,-2.63232788890631,-2.87767419097922,-0.923278191707195,-1.20011471282097,-1.71107438590254,0.608998152034922,-4.19357483284326,-4.83470268511783,-3.1537427956877,-2.00434012312395,3.12724876990657,-1.93818080674427,-0.0147948250824558,-0.626825592261523,0.536803741232122,-0.790751203402696,-0.931681348205324,-1.92699048955773,-2.72546078761612,-2.611357192218,-1.29939213790662,4.98200617667038,-2.18120707152514,0.92234047733655,-1.74553796419971,-3.60576631402266,-0.603051731183663,0.382659868182513,-2.40167488399102,1.59409956138121,0.550446087115261,-1.18878839589603,-0.345365884951084,-0.829261934594195,-2.29620159862095,-0.02324223604372,-3.26814048595699,-2.18962419563806,-3.59509523795262,-1.90499305822245,-1.49661553965342,-3.06825187354397,-1.50923302798739,-0.889230289606237,-3.38138013351394,0.979038092237591,-0.532593769372242,1.54967101711402,1.78052942965108,-0.161906616927582,0.45223720115045,-0.494561131987087,-3.96891870015835,2.01176954786637,-0.542817046227541,-5.17848405096483,-3.00523463355845,-2.87223361189252,-7.87530809740027,-1.51732204296782,-1.71015208185351,-3.41364538995163,-0.109303434747016,-1.87323470833116,-1.48001142253955,1.2580741289347,-0.0505466262614727,0.352751246026671,-1.34434194123033,-1.80352785530291,-2.84884037171191,-0.0448956250062543,-2.76325008754859,1.27109167325797,-0.316483026316693,-4.18575251808726,1.54592051779789,-1.1170995630239,-0.771010764734789,-0.376707499050467,-0.597061152754945,-0.181726728560248,0.454390358879842,1.53128173645578,-1.20994465846167,-4.47745937861203,-2.40490309577497,-3.0845816346154,1.03887456698103,-4.17313748878805,-3.09526208992204,-1.89773105842106,-1.08500089926573,-0.679744926292786,-2.73175326846053,-0.637868595495333,-0.633976795204581,-1.85879942546204,-1.38270259681624,-1.86071514445005,-1.69078489909636,0.743395831791019,-3.24536461549376,-1.47434808842228,-0.111742955390057,-0.0138969417439621,2.63297249945129,-0.0933395047487912,-2.78240337557876,1.73336645816565,-0.642673909645084,-0.889640815598628,-6.00355075602437,1.05959286987632,2.90172647594163,-1.87691219715102,-4.36065265557642,3.43812291239223,-2.6831271613235,1.02835308629954,-2.95494938674425,0.556416357095054,-0.888411824171689,-2.29386881143909,-0.304636606325466,-3.5924008873621,1.93421529583001,-2.32607960572741,-2.7351581191844,1.39627231187,1.35317392142842,-2.0020538544465,-0.967989522628168,-0.0954204026449131,-0.560309488639243,-0.961551352912516,-0.970384900594165,-3.03621166265557,-4.58721342998832,0.62899506628861,-0.830874586496196,0.55403901158353,-3.20808053812919,-0.617046184082998,-1.97212333889067,-0.534164034484812,-2.50383535819617,-0.593264840798975,-0.596001856895392,-0.133767576778272,-2.44144051705928,-0.849808520002086,2.02980177377723,0.760244348822789,-2.58594729620883,0.487995958187611,0.437549238046134,2.55283930589426,2.04437147070209,-0.514086726786552,-0.765708623115209,3.00853889803743,0.973832374263089,-0.0710525952577372,-3.43135465726215,-3.74249614690442,-1.45217255819618,-0.515097251565824,-1.28320115703505,-3.03120833800284,-5.89529475562251,-2.71446632403108,-0.0214928446977918,-0.556128082773478,1.82573446468169,0.681989083554323,-0.273433307874872,0.14430831769856,-1.97106864549087,-5.00328156504587,1.39893926233694,-1.7045712352542,-2.5571206311344,0.051761576902255,-2.38919966520881,-2.95292075657619,-2.09930666569699,-1.77572864063307,0.0848477194958606,0.197245062742425,-0.543015247922527,-1.30326619931112,-0.872184918784254,2.0022359854649,-1.00438067375481,-2.00837094488578,-2.74803046519837,1.1057522074479,1.97805001488709,0.286047359018437,0.246221729449911,-1.82784962722891,0.967444233265616,2.40837595175761,-1.09390019071664,-5.22737749353303,-0.406877395614126,-0.167476865918883,-0.00460308928706865,1.97895666251549,0.246854955609112,-3.78729408112734,1.96573691919013,-3.9040440583952,2.52636979222984,2.8843185908907,-4.52297918436568,0.908747992280611,-1.20422406558887,-1.10556682376949,-4.03299703127968,-0.926209774972416,0.905900729268367,-3.17750771695729,-2.68413375449904,-1.23827497154788,3.74020133867255,-3.50452264507603,-0.409187751423751,-1.28630796443468,-2.48948523659211,-2.76092259409825,-2.38054922910771,-1.04191845126721,-1.00304574606002,-1.44857886817811,-2.07159080125967,-2.7179331958613,-0.603784073421045,1.68228941064863,-3.0444916708994,-4.8998194558794,-0.269594725960611,-0.123466987285835,-0.825911312231372,3.31777325750342,-1.92725276136126,-3.61022211475685,0.244418841252418,2.32942028524928,0.179154191927445,-1.47983159903274,2.71634544588193,-4.06274463523553,-0.52255867958553,-1.80099592645408,-2.49910223928737,-2.42788489600663,-1.93781996263152,-3.53136112088374,0.23984671779788,-2.92859819791894,-0.0791403744750968,-1.56884256727011,0.983729595610937,-2.32872472325288,-2.36879873163045,0.1831554437399,-0.39809466540271,-2.52629096629442,-1.41950503930254,-0.381751061201457,-0.0380380712127638,-0.136507716126367,0.734154849122906,-1.13723776287893,-0.263498120876932,-2.16164746922863,-0.905086507273177,2.4721743573875,-1.00567250251377,-0.979893083496964,-4.19860064503191,3.97007317885374,3.07019144102337,2.25776187725979,2.7488234720271,-4.68488361443357,0.375553140047956,-0.376707841016933,-3.5715924298373,-2.42351194345693,1.18876221042939,-2.32430224186063,-2.30572948916782,0.945228863742549,-3.07120558798681,-1.43746040932703,-5.40397670654466,-2.67536707167708,-0.302751053801163,1.2937366347923,0.361913421402608,-3.61925479032434,-3.86086754598533,-1.99667825521854,0.866083815136051,-4.14440284106616,-1.48596231469003,-0.402304223998193,-0.576978514654821,-1.35062709705056,-1.3254384275022,0.722909808390815,-3.6557371479285,-3.09583176803344,-4.04856727653238,-2.08823880441995,-0.61871203237695,-2.35287062853001,0.874374156687148,0.0733794343468019,-1.77050975380493,-0.154192613114983,0.565006944709665,-0.828426963180187,-2.58220547454679,1.96794350459626,0.435448204088679,1.58498011466899,-1.7833030457056,-4.30738265145144,-1.07970790387758,-2.12817342936628,-0.393804633678171,-1.10411781878936,-1.71059226753601,-0.584971869833896,1.76034531369528,-1.94470824130129,-0.0120478826657701,1.31450626706278,0.251811038707932,-2.04093292904947,2.44746693967701,-1.72626927139893,-0.932399272555367,-4.23296500031399,-0.159317399708423,-1.12655110704387,-1.45879719141328,2.31017887642802,-1.39755980492097,-2.4517757562502,-2.84026830065884,-0.365994399374218,-1.91031654858162,-0.762545668087656,1.02214713424206,1.25191278213595,-2.96928867948639,-4.19390168440819,-2.92865187820139,-1.12724324033751,-2.41329400802619,-4.06921206935296,-1.68958378423373,2.95430154541063,-0.685192333880132,-0.783160179771553,2.60480632869957,-1.89285521248882,-0.845824345323318,-1.104064269628,0.188539505947768,0.98992630121294,-0.504401341017354,-3.57251827726534,-0.589642672846518,-3.95303875058935,-3.57169905167298,-3.11969556287684,-0.0404748262582048,-0.272779036593676,-3.10493941181234,0.751067232376685,0.284734144116452,-1.27296879279389,-0.671966699837441,-0.761218482555233,3.1318649225038,-2.95692910263337,-0.474498085447021,-0.874366069499335,-3.39062934407036,-0.333389843718402,3.17618617892629,-0.309771368492444,-0.429198103786049,-0.892004066888581,-1.15541893313524,-2.84530250350285,-0.756834092888747,0.379959813081144,-2.32850432979758,-0.759846065318615,-2.43774973168986,-0.784814850547452,-2.24110545602585,-3.24413970389282,2.27920842238776,-0.281835955207322,0.600146315043087,0.101407298434927,0.374203022062188,0.981152934589182,1.77923860666807,-1.05485427287129,-1.73664990864701,-0.354158946103807,-2.23001364106398,-2.26681241982395,-4.31663504666977,0.0438617734762834,-2.27728584875759,1.96800603540999
"26",6.32816850735437,4.80360296978836,3.61245459522805,5.16575456647581,2.92772906728141,1.84354583538146,3.06503192961076,5.82566737133723,3.78270797394798,3.38020769240123,4.20229637009785,6.40265273637363,4.1750463912986,4.37039798690911,3.60658850334313,1.42182343028994,2.27538902890521,2.30044743827108,4.72261912118432,6.38637519688808,5.05867240730789,4.37829496113313,2.81980362452475,7.45936395412171,3.64586364888261,2.97714482332004,4.95010752879376,5.24157566887426,5.22936995065089,8.05736361995877,2.48919694719023,5.87475338788226,3.35520418911497,6.82781550101264,5.19679574913569,4.85326652312418,5.78463526363227,1.77025878440111,5.71406580933533,6.1631193971388,4.7512639028144,3.90391639086105,-0.298201164395088,1.60154819604728,1.9357814580023,7.09339296906287,9.0920098397014,5.45722766736348,5.52756302142141,5.55854731020431,4.27959920755143,2.71633958221148,6.2035531269881,4.831768490121,6.62130939152158,5.46846413567488,7.36360816181706,5.12391234214891,1.34818091087847,3.80107282950494,5.62871236254754,3.80127107035384,4.74520101873506,5.92908717344166,2.54155618730716,3.62189740800736,2.90480140607791,6.31950674789839,6.94800182874798,7.47562558861757,4.54826570795176,6.18054209169444,6.5420345881225,6.60775976243731,3.66856561267142,5.09831633222523,3.2001276003066,3.94804998435291,3.70798658326101,3.16794367481159,5.50502926828311,5.41484337865026,4.44158955778248,1.05269815952741,7.73824116856601,4.18335990053381,2.25516927405211,1.17249178730988,3.23454430658164,2.46565594099191,3.51840807401193,6.16500412868591,5.61735837515675,5.37203481264695,6.0052661874663,7.73360411602037,4.34983558920244,4.29506488810306,3.33991114204202,8.06246314700611,5.60484987729689,3.50595202239329,3.14951587609298,6.66014333588318,1.83641207358821,5.00379502874814,2.18890303642134,5.28102212222116,5.02602965200117,2.13587633724786,4.4068249985863,2.93499296788169,3.96882738113441,8.22651129510394,3.8174662288176,5.27549891400086,5.69990085975222,4.56845970221332,2.48300287520046,7.0268385261882,6.58483127484761,6.24261649828971,6.67109636220863,7.18388115698317,4.305348258678,5.38390503932322,5.34833034835154,3.83333316440059,3.57989636777601,3.61646993509916,5.17582626737776,5.05484632009028,5.43711993750771,4.01108931904776,5.42009130328983,5.66876743999055,6.26352800832317,5.8966434321148,2.59492830380744,5.06705181646927,3.94713553517002,2.276686032225,2.78842592561461,4.78887692049439,1.55067401741889,3.64748378538988,5.23600313977098,8.61181077562542,5.54966915340909,-0.43979337450445,5.44404757953618,4.78049223866897,4.1201260900558,3.27605987222784,8.0066768871356,5.54329087503149,2.87168282236297,4.31975750350882,6.78925573771759,0.543265807106546,-1.18164052456816,-4.95853387555142,-1.45280578369637,-3.87911014896657,-3.66563322531854,-2.00602266988498,-3.76418044526265,-2.63474068112427,-6.51573016204572,-0.810611667837221,-1.99695850028283,0.765741089001749,-1.4324914743236,-1.47120210978611,-2.60098075606191,1.5023167517272,-4.13103475442337,0.445459459830968,-2.79263052073887,-3.16496919149049,-1.11335560698513,-0.465414242805231,3.1424997717724,-0.546782548453061,1.67600308811574,-3.51202295547622,-4.77771534306625,-2.44239102768456,-4.04925505389536,-1.15999144435382,-0.214925441167834,0.124458788304872,2.32888157138769,-0.891006137362132,-0.510048376982063,0.193338175434544,-1.25917878923156,-0.447244504160355,0.131676293742304,-1.9428998079707,1.6746275805457,-0.658785294379895,-0.622406858929841,-3.0887296426699,-1.00541548144559,-3.74136831116635,0.546359640364263,-1.08986749882738,-1.34295276584405,-0.170211065652771,-0.838878388805113,-1.1132201662927,-2.77211717638132,1.06063899870517,-0.331285507329316,-1.20967844807376,0.00499064391988502,-3.30238956079117,-2.36022018347036,2.36799581592153,0.171814949661411,-0.301875844381104,-1.29612064211759,-0.486513902211671,-2.36175887128562,-0.265000388929693,-1.63786593378762,2.1169910801642,2.45169314248783,1.48919962609005,-5.03197720392731,-1.56695412023239,3.77587367555911,-2.31702117039615,-2.09647042739904,-0.125930340772154,-0.065921343326693,-3.26768828122191,2.61566483478923,-1.03630020839948,-1.15859607338443,0.585922055799512,-1.83091735801445,-2.95751490818187,0.790692067603098,-2.76837792780405,-2.27179892728833,0.529745906939226,-4.47069775529436,-4.52700784398525,2.67793708767184,-0.684965088976024,-0.866487366085728,0.525665765278609,-0.982135441786048,-1.55995115316052,0.990765981646518,-0.791638125463658,-3.60777009367766,-2.488507539279,-1.38170842245116,-2.09463278563987,-1.43430797350311,-1.37976917277495,0.122064667161125,4.37011428202017,0.494716066047046,-3.47963106432585,2.22011983754861,-0.00342117550387955,0.496873276721904,-1.46475139039083,3.51369242949924,-1.10216470505371,-2.5762640130606,-1.49402042247916,-1.21388148652382,-0.522689820597901,-1.23500393161703,-0.429060695742617,-2.9371018180886,-2.959334609163,1.62121655149081,3.39578548039679,-0.503308325478716,-1.10133767102859,-2.03212662474077,-0.883320969136284,-2.36615285287941,0.591974926305348,-2.54888226283836,-1.68440153001004,-3.96271213456488,-1.67110695504502,-3.18536605143254,1.32594219235901,0.471729548748885,1.40436131073725,-1.3997544382222,-2.08371922156524,-1.34208892318181,4.61412724291004,-1.06179487646778,2.13668734006747,1.23437320019483,-4.10533384110352,-0.807087406083774,-3.50033914550114,2.39143093368563,-1.91973020220163,-1.8252984954332,1.35406769504151,0.400625531977664,-0.567578276655507,-1.36665161634965,-3.39446560587838,1.94390811271432,0.269123300545956,2.39524097858388,2.22928529994108,-0.521598686493055,-2.38609714226052,1.56237206921862,-0.110097841129733,-0.512167548730048,-0.0413525727286406,-1.54168786559654,1.59968931222154,-1.4848267962719,-2.74482549513263,-0.790983597867301,-0.959676167931881,-1.05218876311012,-0.928465655346661,-0.150696380346641,-2.80250647502698,-2.9257171750235,-3.65357313904211,-5.4212293598557,-2.08961976568282,2.05558755004081,0.353114785582231,-0.781951522350008,2.34111566131113,-0.301308485351423,-2.82841170293681,1.1973832800988,-3.54122291824424,-1.85217974949389,-0.518814569712216,-1.5142105038716,-2.32540902182627,0.571145998026099,1.66666795060792,-0.751827335165817,-2.48266310984488,-3.93334875229199,-0.165871439582088,-2.58418463200551,1.65603340569815,-0.0358461437101695,-1.27788363451718,-2.86644093462503,0.700541209212921,-2.15181818137462,-1.48179952983959,0.129756274918105,-1.0222906980539,-4.83525566220305,-2.03668303341377,-3.00006546758513,-0.273016693250821,0.0660221402833427,1.42991987278532,-1.02943524056728,1.76119881713145,-2.89171493383835,-1.83840876529152,-1.15069576091073,-3.5006518339593,1.15164905686992,-5.22972918325902,-0.391396712009605,-0.815514267440336,-2.56562764246787,0.247244679979337,0.113917390798487,-5.36497387791977,-4.21403191374296,-0.375364631882706,-1.63383836331884,-2.98829184826729,-3.25945791066988,-0.166758886310419,-0.570250852799962,-3.65401078411033,-1.30733590284585,-0.0516079046535107,-1.21336242268956,1.07375476077477,-2.05849697093173,0.00663331061977823,0.825257184692721,-2.08443284874586,-3.93154489368542,1.1993727016157,-1.45124078970576,0.78127758383805,-1.54162199184483,-0.499816842002352,0.678373174027045,-0.368344664919795,-4.81056870680564,-2.00361492410321,-0.898135968203297,1.19903418662926,-0.95575913726603,-1.00486372149146,-0.758064094764166,0.137730031402612,0.0404592227605396,-1.52509688005611,3.33575745816613,-1.42662089460338,1.2039693496456,0.629240020854764,-0.601540979885766,-0.201349843578139,-3.88411059899851,-0.341567422048715,0.902665734585322,1.29333294930999,-3.20975336394624,-0.500528449603484,-1.40378959857762,-0.172997351055178,-3.35688032890129,-2.57843277769819,1.9658068541141,-1.93049426974517,-3.15553287964242,2.00380011770649,-1.48323612407587,-1.5701363612313,-0.716556878352558,-0.0111828677753485,-0.690609786663062,-5.58324844081337,-4.33655400371909,-2.29831056562817,0.626372413994064,3.61536306672791,-1.32737983886927,-2.41724014950033,-1.32156377247383,-3.32040524463201,-1.0322168294874,-2.42266247104109,-0.226919809430245,-2.05922573044163,0.19828656298177,-0.815243645121559,-1.7587471639729,-2.26167164917369,-0.977280213379324,-0.386772983523689,-1.25749021454053,0.393879900348025,-2.21658510667792,-0.0212454401154889,-1.29788702932958,-1.9271726992058,-2.53733124804684,-3.26619089854531,-2.97360803213215,-4.71021376535895,-2.69568757945531,-2.24174585013377,0.757188028340699,-0.495341956959699,-1.56687835475169,-3.5296475008781,-0.373662065193259,-1.46610851403199,-3.33189195665613,0.314130465594566,-0.825356367083821,-0.998850481062002,-4.94974023616789,0.382615360800849,-1.31038082554279,1.30864397762046,-4.15406562208064,-0.0624358663812941,-3.28088113679872,-0.46800085460105,0.407539469576853,-3.25640099592609,-3.14951946994827,-2.50303697087751,-2.1355847244721,-0.672650291024487,-1.46895415181606,-3.04040863574393,0.271697292445625,3.22571074363482,-1.20263801019367,0.51685831591615,0.555666913106516,-5.12192953601276,-3.21098730381568,-1.24931919343841,-3.10544840582464,-1.82269423133161,0.746237604169397,-1.36439659776151,-4.17119193956992,1.95462921566364,-1.22460317851191,-2.79740566237728,1.01586399294242,-2.17496251484494,-0.100291271624867,-1.63307681935143,0.373525109924284,-4.6231360915683,-3.46135055735063,1.4351629251538,1.12114850816587,1.45550051653966,-1.05926169581933,1.07054073259506,-0.309951555810415,-1.38815552352095,-3.18157739563136,-2.36181883634943,1.36836077264081,0.962782157797057,-4.54247156639113,-1.20795586373083,-3.16519144103212,-4.07864495885401,-3.36264965226499,-4.76531131963959,1.12454353070019,-4.32498791475419,-1.94526673426236,-2.30249050883706,-2.9797393307304,0.287817918902906,-0.579317179272156,-2.91504776153431,0.914227373464143,2.10665299343823,1.07687533106729,-0.0957637320586474,-1.02479929138388,-0.0778043661177605,-2.79397234773054,-3.23506096844256,-1.22058137832404,-1.4826109010272,1.928400577547,-1.21270350265489,-2.90182462835033,3.21814290840685,-2.06407690489469,-2.24144083868786,-0.621085696393183,0.301673424943352,-3.14033606183523,-1.10500417032985,-0.407014208858261,-0.643608760426691,-3.28260584769503,-3.10699398717419,0.748220320642093,1.71301618928217,0.832813179334479,-0.369913438877656,-0.433130899404074,-1.80856622934979,2.51070004695056,2.18163545796118,-4.28982543377713,-1.05695421844157,-3.07471421587555,-0.797641125297966,-3.6674455244462,-2.11705779582496,-1.89132462904032,0.0134663080334858,-4.70274860155796,1.40325070514331,-2.82802393450673,0.967012102782009,-0.00732684567117881,-0.0981007663132796,0.938512569909678,-2.34280931803691,2.53248295725902,-1.43740077702923,3.29146093455995,3.04156104120106,-0.494991096470419,-0.0144110243267455,-0.277673181240106,-2.08585371731088,1.12916113323827,-1.81344846781756,-1.04567698503617,-0.502724973433387,0.159714994608342,1.08281026428788,-1.83716640637511,0.102962697858744,-2.4157048187096,-0.61832921800069,2.84201291255603,1.51457988007615,-3.93351841175308,4.89966721075838,-2.97466505940669,0.101181313363178,-1.82481183135821,-1.51600754276486,-3.20423598422864,0.181932496889897,-0.452174027527526,-0.97739106529538,-1.9423428763489,-2.02247152353812,-4.84005180910792,-1.71429399781559,2.19164544979826,-3.67665948384629,0.152678385385757,2.71569911874297,-1.36724305132051,0.860222326432413,-1.32283250962791,0.524630049039125,-1.46301864048826,-4.18502564560223,-3.0001935551055,-0.633491292265806,-1.6588366579453,2.55047814434085,1.62525863117784,-0.916192658072983,-2.0011199924481,-5.37212314375989,-0.824856413898688,-0.573670921759199,-2.06719911339277,-4.16913003108996,-0.341750094218832,-1.79938346662025,-3.49307052293633,-3.84135211636091,0.0674991343260152,-0.226742806669739,-2.04786513464736,-1.2103656356778,-5.4100659281121,-3.50885446135126,-0.945243155903145,-0.321418959501392,0.819838733923929,-2.63743840170894,-3.44116024255172,-2.79962119663492,1.82799672323337,1.88768396008628,-2.68296226908844,-1.22326979767229,0.198254019722795,-1.96082913463851,-2.79840882597414,-2.59444593673305,-5.11663513918403,-1.21105782053331,0.0792651061829996,-0.972622835900087,1.00239947472078,0.567563537651488,-1.79619733840066,1.04255674089009,-4.40664752246569,2.34499007733662,0.387070762494576,-0.88653141307025,-6.51886145299883,4.27529871561068,0.557027028106579,-2.22534436136975,-0.801572568081112,1.85783560090434,2.20641206256887,-2.86618593552417,-1.69449361428247,0.863455733067391,-3.63955010441931,-2.33960984308748,-5.03120169897086,-1.0501669013853,3.04801502553463,-1.07473397553351,-2.10723763238668,-1.80009937275396,-2.02663937109168,-1.1834543278611,-2.50834989124636,-3.42545221462426,-5.44902455899453,0.034354643831725,-0.873338739069521,0.834036559415679,2.70384267035213,2.46841732828957
"27",4.35721843866413,4.46448893561753,0.208785289698591,5.77730500382455,4.44967021813652,5.50196388806856,6.80855003053445,2.38119507868409,5.53818495040377,4.60074993723777,5.65643381769595,4.38714321970038,6.26750991053299,1.85157456370379,3.53246815843984,6.02165821143432,3.36743705274765,7.95900198486406,5.60251686806039,3.90542170499844,2.67879310186491,1.61635641481914,5.93912953747824,5.75633919171958,7.83412688275801,5.95889960039204,1.99130450494706,5.48261800369957,3.28515602303414,5.44925627691282,4.15492818705736,7.48708781150325,3.70643135989978,3.91205028084445,5.30533013401159,4.96823970916303,2.30252936911291,7.69698034975882,7.50458286888341,6.55743512799019,7.52707032068541,4.41145143312353,3.04111446119955,6.91344336524045,3.53783041460012,6.16781432328877,7.03577733029892,8.27631973104392,4.4180140777706,7.27368020329047,6.48892290906249,5.45466960895519,7.32530665758708,4.89287770300506,5.63771086565498,9.06232752575336,4.28557121902276,5.096009342642,8.47004811153128,4.34962422660714,6.11269858935202,8.34420558279018,3.61924171185245,6.54904275628819,5.65194722769155,3.36108774953201,2.29468941738661,5.79540613481354,5.93897278199225,7.23467612953778,3.87883326469769,10.0832527114478,5.26831107559165,4.6711067149025,4.01033466037125,4.79119062709334,2.29740954664381,7.12660796801781,4.47757796334013,3.42963382041558,5.12983817678483,9.85460989504886,3.95548362559809,4.57870210490686,2.33186797936084,3.16560463733126,5.85993869304054,9.45729718547317,5.28056694939163,4.61473971861807,-0.567813388520775,-1.68531497920562,-4.65167495471598,-0.373863615745365,0.528278604023932,0.308416908634916,-2.88067508959673,-0.722138758376928,0.164014914384328,0.0027709130324769,3.23201443947675,-3.65752356460873,-3.87278507334077,-1.86042629770258,-2.34342935147377,-2.02468450858333,2.30312477661646,-0.827310425017755,-2.05414168102576,-3.44838377184597,-2.20788329072735,-4.97742204441255,-2.4641211094607,-3.5926005102847,0.284669854350855,-0.522025428118111,3.79367691419779,1.80440280702344,-1.29661074155195,-2.4201125683047,-0.432879557018108,-2.25287024801939,-0.443702337325351,-2.77171133886266,4.20939800913828,-2.41155752888441,0.660059442184137,-3.40973123407869,-1.62132484780082,1.2552495392113,-2.08080551333299,2.9013436975037,-1.43353133233079,0.759360551464459,-0.718761244336594,-0.205590116056861,-3.27412289337041,-0.286862733604413,0.714544075134018,-2.10726027165663,-3.03827101659649,-2.62541905950064,-2.80403564739516,-0.106960424137765,-0.124675518853889,-0.493279527420827,0.891503930144711,-1.39830337383217,-3.41581627975496,-1.20992947753933,-0.82240787586993,-2.19252718581357,-1.53917668057318,-0.502150181538761,-0.654154777772707,1.4769180420018,-1.96291761223764,-3.22707839845232,-0.331047441463307,-1.80395228667931,-0.0150579603227062,-1.22819213421897,-1.00720778693049,-0.75709150339793,-0.138261079632357,1.7587207273722,2.4869182478151,1.41290868080776,-2.44422409452225,-1.89389184368401,0.0797419699562503,2.69689065761025,3.64175942607766,1.62755546975942,2.66313696068328,-0.506952328127989,1.60772634274874,0.761237495182993,2.06783532871981,-2.23018822055004,-0.526591023485832,-1.21544535994401,-2.96248783656601,-0.208686918113222,2.81823128984065,1.01933602262863,-1.73372316219687,1.51073201195271,-1.72274779344073,-1.41645273372776,-0.924630122368786,2.64615971953496,-0.667639255642537,0.210216964260762,-1.46471320322797,1.36400121310852,-4.52530802633384,-2.82779353083388,-1.58919233283303,-0.139247354299085,-0.949999995193304,-1.09379151810216,-1.21838010731384,-4.7845404629901,3.37608347399584,1.05720061578336,-1.69572172673448,-1.99259641856697,-2.26468072820603,-1.47357705753401,2.38619316646497,0.738212401909207,-2.74025719085275,-1.87916390777987,1.03898636143186,-3.00551837727015,-1.41141546478518,-0.58106130249277,-5.09983644938758,-2.83282546596906,0.534731553955316,-0.114695284925329,-2.36661295832647,-5.12783476524549,-2.77432800474785,-1.67337399316303,-2.53647868820837,0.0208754417188011,-1.64188322644056,-3.09571451915365,2.08032001885093,-1.85287094668418,-4.78685874308566,1.37120330617504,2.15970097317493,-1.44400051099212,-3.55062156264477,-0.677144279108477,-3.13612808989796,-3.59396862415282,-0.123981748155318,-1.44646805614481,-0.535586065828773,-5.77696237344342,-2.95932217490646,-1.70102737600142,-0.72832019013464,0.694514327257233,-0.0155478732153966,-2.59110019940017,1.39856915519558,2.95590961087088,-3.45875371726577,-2.50564390273564,-1.48306787300093,-3.18050016572634,-0.0795122667320853,-0.434145879751717,3.62369373410328,-2.82362685689572,0.840471162970019,-2.32507443961532,-1.44961847860963,-4.46558972771194,1.25518483653974,3.0399863098375,-2.10699516875439,0.70087354745447,-4.80407223871954,-0.0941140411472583,-2.76754405707735,0.437286370527437,-3.96706739582631,-1.43889406730049,1.55738892141017,1.14810871407027,-0.712220035885907,1.29579073066805,1.30518771731469,-4.4702467055721,1.78935789460349,1.58246691486559,0.54512598081871,-2.82416518014588,-2.38064670510107,-2.03102298202252,-0.198865059688617,-0.199173258894755,-3.62348512224639,-4.13929730034173,-0.91804471595436,2.65142268611495,-2.14629989652031,-1.0555590247851,-1.64291476695284,-1.54649859870997,-3.73406261810673,2.37911077483835,-0.00782689783960488,-0.952739759571011,-1.46555683503094,-1.10615234709644,-0.816174062701246,1.01615739658187,0.119609701855081,-2.81825182846969,-1.51157957313519,-2.55301293722057,-0.425630755696185,-0.0882891113195631,-2.96559172050737,-3.87424828913727,-3.73176131740002,1.01186828884407,-1.37373620457081,1.75204761779337,1.2398828697157,0.242871268109346,-0.826593867881015,-1.27217441865525,-3.37958024408434,-0.0670405056559399,0.535658265898452,-0.423089174772924,1.74772809002789,0.104718003660128,-3.17932694905756,1.12412535518589,-2.59400706247482,-0.935785509202458,2.22037061756512,-1.12445825084324,0.43309317148768,-0.461914359899045,0.653242424889036,-3.60872688077305,0.189777127555958,-3.05616360602692,-3.19763954261217,-1.92218525654097,-1.07228849345554,-1.39657292329449,-2.92802134392802,3.96498676985249,-1.31480846673497,-2.21314032136478,-0.876435149996663,-2.34725896737586,-0.147749716087778,-0.344028937699263,-1.38851319781493,-1.21315476227779,3.09355468367389,-4.20876395808327,1.72304761443441,-1.16175462867876,-1.77341349847143,-4.88030813869955,-0.111726809339485,-2.9936516491472,-1.6200281032585,-1.879220520547,1.14445893111841,-3.27547652576809,0.930168699316327,1.42301654812702,-3.12890440933422,-3.63811460965997,-4.47141910762832,1.96603116355223,-1.12987509936121,-2.12776655595815,-1.85991985278618,0.227904880363977,-0.208010080888742,0.0613743938290041,-0.877395152895708,-1.06352379192258,-1.20447813441759,0.456711759974294,-0.962921177454265,-2.35051514094354,-3.47681629364599,-3.49009151718795,0.638262423153178,1.7829701260903,-0.530871206591908,0.609087507453533,0.440481444606545,-1.50317857597642,-2.71675341116962,-0.889400675634221,-3.27363402565773,-2.58058807937372,1.66485194056548,-0.159164629401773,-1.72050307280611,-0.83080940610459,-1.47367121492613,0.370914411433722,-0.267667347933296,0.798703136460039,-4.05227246499639,-3.58671392438623,-1.15602416540124,-0.895431431762578,-4.12522351339484,0.156086598168061,-4.60867856901734,-3.49451057266772,3.39372326478228,1.16759419917882,1.00249200414294,-0.842190169437703,2.59319822022242,1.33687996083894,-1.49116557493137,-1.36027578384039,-0.285156854136483,-0.859209055260189,-0.533886562992672,0.256618632400561,2.20102797560372,-2.66099242110872,-2.29996336869263,-5.81402726537139,-3.20462758287198,1.0749166662726,-4.82319215603399,0.465498154269852,-1.03657490462291,-2.2034965301068,-5.21003284073187,-2.45339392359442,-1.24825837796419,-3.38302100013183,-2.5836561457017,0.238286670660243,-0.00937236461854063,2.61817816970917,-1.12855171701919,-1.03196658723428,-5.37508600621274,2.42657728967627,-0.0295723753671194,0.342202318930803,-2.26320676053023,-0.805655076673706,-4.09468783101647,-0.191483658057159,-0.497378323559321,-1.61725983866386,-0.452033036010914,-1.33111414842967,-1.57949682444359,1.11964753756446,0.728142579402221,-0.377956002285821,-0.669644206955415,-0.83214850222143,-0.532620255443392,-1.5871460205037,-2.47018894220734,-0.316404095367988,-3.14428419399056,-1.00559460063134,-2.06709039531829,1.81233010744225,-0.698789677439819,-2.08959968244051,0.223747452058482,0.831254872056969,2.53640322954879,-1.94298380658577,1.29316549027245,3.10220987403363,0.708450949769109,-1.35939596619016,-1.62867142088709,-2.86447475810483,-0.679060051109975,1.286833375427,-2.00387230992217,0.263708612638602,0.57376217907779,-2.14078886479486,-6.05998845862824,0.38701077653143,-1.12254281013554,-2.29096856927504,-2.63224763099808,0.915144113937094,-1.21507245942113,-1.45930310870443,-2.05939413661005,-2.54017225863768,-3.48046829664658,-5.81077363279197,-1.39276835412635,-1.42697564334851,3.13200661886891,-2.13366445961663,-1.82511841214662,1.75014397771904,-0.234360647919355,-1.99065293476754,-0.812271370520447,-2.3064272432519,1.28997683149672,-0.440083625670886,1.25394259318767,-0.958158698359644,-2.13635263424736,-1.37174282350773,2.15443671281508,-5.70033627176871,2.74517451400613,-2.00344686573339,-1.91707026221268,1.06274658342266,-5.03905798910765,-0.8941782046771,-1.60409785679573,-1.17806245063191,0.402572179888616,-5.10333754142584,-2.38933071947091,-0.850692026596833,0.589438357966589,-3.15415118587553,-3.53793995110525,-6.74147579731045,0.357709149452841,1.41892925333003,-1.45458756366706,-1.00768653990421,-0.480259694163369,-0.834917547878934,-3.58197171912548,-0.328929126296004,-1.2576150062413,-4.20388174962914,-0.353908558100031,-3.43191188641839,3.43466469415705,-2.15997039094621,-2.56463484176863,-2.48608810305392,0.126373700542889,-3.12990483594029,-2.68205941162622,-2.78625094947729,-0.474609913002057,-0.341921234475794,-2.00752387923732,-3.29562355937961,-1.51796284967646,-6.23689966852693,-1.55948048619929,-2.5805187650027,0.724806996475829,-0.842769637598543,-0.877036581340234,-1.7942483375516,2.66503509859974,-2.07959816384974,-1.58329804954359,-2.19935199816473,2.41731970539344,-2.97157944363339,-0.41021726939636,-2.53791916751091,0.763662446827462,0.236900716125699,2.15983299468252,-2.10452440699817,-3.3595414864829,-0.166934681560888,0.554398133745276,-2.3605278730279,1.81687261836776,-0.260607071831137,-2.72410458287029,-1.2825144629278,-1.50017189931653,-1.64587966526247,-2.97110370835042,-5.21239887638003,-1.44236304880077,-3.94987538849793,-0.539692867481592,-0.881008087875191,-3.82908215151993,-0.520931248703842,-0.641599909035622,3.78075145580305,1.11521149854599,0.688403083696311,-0.143835107503157,-2.3925193852471,-0.573777873846732,2.3221409263236,0.0476125579868105,-0.58402899625496,1.00029739261842,-3.48920569402403,-1.3347286820772,-0.584628444692932,-0.540609107541482,0.128989511274667,-0.767026794523411,-0.857935148450701,-7.89534012338696,0.0120869382185618,-4.35345151113265,-1.33734279205422,-1.0931041887239,-3.58373189050142,-1.86624845976703,-0.407577886654659,-0.920518866610659,-4.02905485402025,-4.24355382186135,2.5140206233687,1.25221178569897,-5.13467242265185,0.156983709247562,-1.7501658854191,-0.350375814790786,-1.63147815397163,0.677773738236522,-0.768367524925672,0.666222748884021,0.303337786169869,0.95572485792838,-1.42333174759539,0.0327173445060367,-0.224306853991359,-2.15240735662606,-3.0843078802058,1.40350720653624,-0.796245040225815,-0.342861960744344,1.12366743821617,-0.28654152216839,2.52632994830549,0.538105477861167,-4.596988312169,-3.39547058962843,-1.94513506117723,-0.994405212421657,-4.88218748623098,0.586055975400577,1.58797856116528,-3.49367031734321,-2.99165299109799,-2.09599648168972,0.0828498689593349,0.280335686026754,-0.414245108277221,-2.32558852649457,-2.44102411959913,4.53416842284303,-2.15072185133724,-2.16281871552422,-0.864342854068725,-2.04424009949618,-4.67873033856522,-4.74399285301478,-2.58505504425288,2.74578904186259,0.26111052760692,0.633377491135795,-0.036943775333262,0.0663478654650718,-1.56590101689972,-3.26953287896263,-2.40008881993111,-3.08575064993293,-2.00746438742328,-1.62452992113177,-2.62298182295506,-2.00340174493956,-1.26418498468921,1.47053767211495,-0.149969024231894,1.21847121272153,-2.84022287098799,-2.4697188176566,-5.84598349565274,-0.23236895284522,-0.889986983509413,-3.17937387372894,-2.78612938924228,-0.208006365274689,-2.8076713490675,0.0105266196357137,-1.97337733521089,1.73047197321451,-1.86247724281277,-0.675897553308153,2.73724008371977,-0.116865948275479,-4.96744734022344,-4.21850994116342,-3.15489701398319,0.503317524082273,-0.195960194169417,-2.55912141327224,-0.665071040086477,-4.39049394859405,0.64520083224676,-1.88379161193854,3.11087694882486,-2.84973749646661,-1.61403510721329,-1.8762401419185,-1.31444490341544,0.83089286282286,-0.796159172444628
"28",-0.474426965137146,0.435787965569517,1.30047373657888,-1.24242612324606,-1.5649942725463,-0.406179971777136,-0.0450141344866531,-2.64226192609369,-3.40542604295615,-0.524706417224458,2.58008632297346,0.681193315923243,0.469965203431103,-0.49790399640945,-2.00433223961979,1.42361724656521,-4.98409908225778,-5.69497883211871,-0.294033205661578,0.589700358112912,-0.0859562104303779,3.75217116999872,-5.02832637691001,-1.85929001616869,0.644693531100938,1.6846449262556,-0.560452935991171,-3.31212355928672,-0.967612748187769,1.06323112592425,-1.94210682098585,0.110159320988442,-1.18573624217664,-1.86483060321687,1.39341365530131,-6.02456365369852,-1.30471227770994,-2.20137874903473,-4.82207839505736,0.877943840529817,-3.93216401565716,-2.63732798376519,-3.33675515575585,-2.06149925523339,-2.65185630149852,-0.884172588600935,1.58614398038091,0.0767593319523303,-5.46409573339036,-3.27903620925526,-0.768582656530294,-0.346382372775366,-2.37917071247753,-0.940732194825395,-0.283693928125529,-1.93556107404982,2.07450782122086,-3.22989085521405,-2.03493952132194,1.36864056119946,0.258954284453869,-2.7490712279009,-1.21013031678033,-2.29331183941668,-0.629153746361036,-1.61309100719219,2.52196953716595,-0.261794561898291,1.48604927527696,-6.48029581913763,0.10949141528142,0.419196429992213,-2.46094899088419,-0.591067361792726,-2.42667495389974,-3.08512184759813,-6.46286821878162,-2.93703062269548,-0.944621381433053,-0.499094817179275,0.330801471626551,-1.32201435571709,-2.4955776455561,-1.46694248602654,-2.69535048167693,-4.70825182902812,0.935289063651282,-1.96353470475096,-1.08214582060921,-0.311882047391305,-1.29168835030601,-2.53094414725231,-0.360803047696794,-5.80319986535913,0.0798987837197027,-2.20591187740668,-1.68663116983962,-0.57798757643729,-2.47740245745874,-1.03702637391033,0.560714711488179,-1.38202736479588,-0.848721539245848,-0.657380593016164,-5.16424950544702,-0.660406176423933,1.82130548090512,2.91155782263607,-1.9725389670231,-2.33916210943014,0.609612631968935,-5.27563395993166,-0.675012696498561,-0.552780273345773,3.0184583347611,-3.46796648717595,1.36305900159053,-3.61728624667826,-0.747909037411484,-3.11272237880056,0.0475241065104373,1.98130638891924,1.86907279772419,-4.27419559751581,-3.89663688719897,-0.713365378631788,5.33467958869717,0.389265217499755,0.980941302420167,1.94046385561306,-3.09913040522961,1.26686119951668,-1.53908025945297,-3.52011250120554,1.02169485063315,-0.51905429196557,-1.9232627230384,-1.13408467069151,0.412432532576241,-5.57295901298168,-1.63199868202572,-2.50807415658816,-0.0405836338616238,-1.15332301037854,0.199053083543149,0.272847602433104,1.92682555283894,1.27694013320528,0.129787627700942,-0.309081733742487,2.78826922978937,-2.72848977815845,0.292103385655226,-1.7402633976572,1.05204800570605,-4.8926848535037,-1.86704005052814,1.56306045078554,0.424229739597092,-2.2735677007801,-0.339161107986205,1.03348464250725,0.560886774164475,-0.670450670741158,-2.08126610379698,-0.546806046516587,2.58607695159642,0.680354221333771,-0.613685471021949,1.8983024077023,-1.3304980681638,-0.97673573364764,1.09888909369286,-2.23790638383621,-3.41546320507075,0.0883384253696553,-4.05396591817659,-1.9460166201191,0.875302868533105,1.66592977000867,-1.62967985840426,0.475685763615685,-0.0582627994038274,-1.62035896842371,-1.52215703066521,-2.43695716908586,-1.2259428034888,-1.71075309091061,0.125817561411852,-2.48654374752333,3.13187223389323,-4.75460646754817,-0.663631042554251,-1.46192797666208,-2.10930234423619,-1.05714605122123,3.05835557762986,0.111115325838276,-0.921339469399148,-2.54148981770441,-2.2607308152559,-0.819897090920298,1.20896909395265,0.551439760024282,2.65665310019396,0.845836102735213,-0.261814557656155,-4.60190941913936,4.0594745868106,2.14092244185293,-0.864246450486051,-1.46647274515095,-3.35364656124435,-3.17461605653949,-0.167313904887072,-3.00492379567667,-2.21428734092372,-2.86472794179515,-2.28431921311761,-1.76911929424612,-3.38235766366235,-0.759573371433351,-1.8891207691497,2.32295160502917,3.81893655764677,-4.22409947406632,1.0572010614144,-3.06943670270993,-1.33515065388287,3.42514766037592,2.41497018349332,-1.27428083185705,-1.35702976948937,0.0789513739640457,-0.296049472268797,-3.88464428051003,-1.4153544399963,-2.16539851554694,4.60459952735699,-2.27942559946144,0.132249738677015,-3.57177370341277,-4.91254594125533,-0.488249092098468,-2.12128921937042,-0.245273871647417,-2.35325239206719,-2.16888966082966,-0.195098139421062,-3.6070811854739,-1.78407331652852,-3.37644053952827,-0.070954441620294,-2.93726155776545,-5.22043163787289,-4.89602069458231,0.347495980614243,-3.29019209532925,-4.35628806834918,-3.58423779285089,-0.483750676943121,0.837776767366323,-2.05891744420706,-1.37509495016228,-1.81906501305051,-0.778295762485055,3.29219349396712,0.568950091401028,-0.575769932337684,-8.47059645797599,-0.377099507546374,0.702848096492792,0.66528742057441,-3.64290916384764,3.35887032084354,0.523439320925423,-1.92087016640547,0.838466325344581,-0.963423847673039,-1.10176675183518,-3.80303649553255,-0.196156351884431,-0.29448422784138,-2.84404270525809,-1.72179880450295,-3.04191118527359,0.220905205138619,-2.57718406261036,-2.8564638596482,-1.41618637208483,-0.180925888719507,0.548993179190892,-3.36251041819003,0.232109656776438,-1.48344462015785,-4.13898640923268,1.34289122137392,-0.0627838067954986,-2.1873666694682,-1.12609316733968,-0.763853155773021,-0.355282248883213,-0.873034986753272,-4.00284336923651,0.428685803313302,-0.538498024714385,-1.42059177451355,-4.68179011240299,0.0162826536977798,-3.22874085794238,-0.470674646197191,1.69306497178737,-0.968998789545455,-1.38939959358174,-2.75950112248158,-0.388537214544678,-1.07842289008174,-2.55298931248988,-2.16503953767784,-1.30251102941693,-0.81458792290663,-0.510105975042715,0.476631692554444,0.411085202992317,1.97397453462736,1.44499108718605,0.318248919872238,-0.341675176743702,-1.06636824544925,-0.915685603021844,-3.7267297557439,-0.0867571521435376,-3.51915236008831,-1.75407148709555,-2.10042569849421,0.650308278151252,-1.13976319886617,-3.54792197345793,0.913149887657964,-1.09665245609223,-1.84804862172603,-1.45218360614053,-1.02741474508234,-1.21873959757045,-2.8498176480409,-3.61310623090129,-1.46963611229794,-0.574375757381701,-2.51764014316582,-0.82371331388567,0.797515303490123,-2.248667174683,1.18132619266852,-0.854113181403319,-4.55846022099298,-2.4265218316855,-2.06922213631855,2.16090463744401,1.34852221021201,-0.406361105765416,-2.25247239884097,0.479725693200809,-3.48286097733956,0.386094151639837,0.786084455923008,-2.08211599523103,-3.91298882301126,0.926822373311774,-0.436121933676993,0.258716668075866,0.507979124992334,0.0275602754780042,-0.652438621189125,-3.42248182429274,-0.806210177722303,-3.04674509696255,-2.48565772613411,-2.84279442545774,-4.59774738138641,-0.857640028102189,-0.200290661332457,-0.506075861448513,-1.59413954648899,-1.78998800826572,0.459995275570363,1.39334773766448,0.110997475109618,-4.00552034897277,-2.46277409625668,0.166350272627222,-2.89803643729861,-1.51027217962895,-1.53036486721181,-0.262335639833017,-0.65725334276037,-6.28099175443242,-0.109340392749305,-0.352662087077213,-0.445456838474277,-0.153942661232016,-3.72223150253254,1.21127775595677,-1.68633713670962,2.51080809386975,-1.20562651779145,1.19127968576304,1.04516248154729,-1.62961994545981,-0.648744818156882,2.89007607527579,-1.17807161905914,-0.678560927896748,-2.13818831494665,-3.43979237083368,0.208522394765626,1.45260504951018,0.829368292246452,-0.210890822277773,-2.53253850803238,-3.04857462892537,-2.52629506528335,-3.92205309088378,-0.891165046195175,-0.328237564604912,-1.19467335305143,-3.507674039332,0.368336080728209,-2.94405345148296,0.612325820790288,-1.94950684446675,-3.42977425129808,1.16518740186231,-4.17946759878706,1.45545389360967,-2.38496540541907,-2.56758799858379,3.25529925458085,2.49874363660849,-2.13045157810097,1.05688652133708,0.414397680046843,-0.251511697948764,0.578926494357359,0.588826998429538,-0.699248943302029,0.310477325989396,-0.590212669623589,1.12925831958582,-1.06551424539118,-2.22000152322443,-4.80591746486532,1.51146183055053,0.09553885306236,0.00664190032142598,0.861142829545252,-1.93684649901967,0.631229948626213,-0.203923484299456,-2.38227087886028,-3.05805562328555,-2.09215638976896,-1.21482806361194,-0.16740141703035,-0.910908120374187,-0.639197063942076,-1.36044800885877,1.13236573922459,-0.815453124639791,-1.46941470041987,-2.04817952470813,1.0233001056768,-0.789744851376009,3.54581719577908,0.13448160242492,-4.28232116170819,2.08779517527257,1.87028244610074,-1.06749531485219,0.952444838966783,0.650047024639447,0.703220128874544,-0.465642428837709,3.24508735767155,-0.270445475468888,-4.38331671644683,1.24477948357557,1.88266702688012,-0.753393327541794,-1.14425108354202,-1.49688575317399,-0.00600000569973524,-3.3338945963908,-0.64236970328989,-3.54714073925121,-1.93280527201581,-0.699260054243324,-0.331361167462389,-2.98875759374468,2.62120626279001,0.333945063632202,-2.584249759288,-2.80873948519489,-1.79209763044486,-1.79109255808112,-2.53381982005269,-4.96816246461247,-5.09849811239669,0.363780566075586,-0.878098281105252,5.61908168468214,0.645047282661502,-1.80668899439819,-4.83935982421243,-2.88184026609802,-1.5465990256775,-3.27060200367005,-0.531507254444267,-5.25522784112099,-1.13780097393676,-4.91844662576806,-0.0193631093601592,-3.30464261187942,0.305221993962494,-2.10499987821519,-1.40844499096044,-1.2835814532833,-1.15172084336602,-2.1943856489172,-3.73986718782459,-1.88209756317115,-1.57645269521413,-2.06063774760006,1.06618693885716,-2.8147732176703,-4.06346265377242,-1.30164488296842,0.475634279538492,-3.29087109515817,-1.91805799133069,-1.76399904938258,-1.22728859778267,-1.58798979175103,-0.257176052074261,0.121812595104318,-0.62808694267293,-3.20324588120713,-0.986535714234201,-2.26945330240987,-1.88959521344269,0.248940328688712,-0.0236933101288157,-3.45776808486754,1.36172083304202,4.16634910131053,-2.21083835639216,-0.0675283030712855,-2.80930019764122,-1.76564264547682,-2.33741790529351,-1.89697046490136,-0.217575853855521,-0.832063156818814,1.22894483882449,-3.39337791965178,-1.60826472686071,1.03461896761226,-1.39212711731888,-2.85083499833519,-3.33631286958055,-3.13889342114438,-2.25258052327597,-1.54947226292671,-4.58119633675873,0.431667493741079,-2.3195192324657,1.6722165096778,2.34358268522688,-0.504264088696828,-1.88061623474037,-1.59053219560608,-1.23298286473933,-0.0702183225926617,-0.919055901438378,-0.291961246906532,-0.132770700393213,-1.76562142687807,1.49343942124586,2.31902704146738,-1.16224687991572,0.47149668054425,-3.57237106412217,-2.77544532893785,-2.59517070049352,-0.445239232455809,-0.792825865206527,4.35522506778518,-1.44486546245837,-1.90187176320857,-1.06172220015276,0.955951077535881,0.595612926481764,-1.70042551427306,0.0287158282458087,-0.697247179823461,-3.11102542598062,-1.17832616726606,0.870947703411378,-1.24144194996454,-2.74642176275437,0.810786962324776,-0.0800028192606367,-0.401838916843069,-1.16248712443972,-2.11847734328599,-6.19823066065,-1.54156538580354,0.391731497390963,-1.29190204816596,-1.54621590797591,-0.87504788366002,2.39528670967577,-2.17690763729737,-1.88493531248857,0.951429021064112,-0.303760036882898,-2.21892800221028,-2.27337978032965,0.0900240401705199,-3.29576830879126,-4.59917330978738,0.558905170674776,0.254262982358281,-1.69587692911201,0.0871351243420295,-0.398116096104397,-3.33339008050728,-0.248092747326097,-1.19772407910095,1.26243785379951,2.03435420492202,-1.12750438281265,2.93266438002109,-5.6385224336046,-1.92238323962903,-0.595985107483727,1.39190052703624,-3.5424928493242,0.926451689309376,-0.643998076247058,3.25394400978814,0.115400734118005,-2.06545295397486,0.928737299522702,-1.81741695979486,-2.86654561086218,-2.9786613964938,-0.5300765335312,-1.53037751034675,-0.549217351645511,0.707930368576913,-3.08020141898262,-3.87179809595448,3.22318061837415,-1.66617853116754,-3.96660588394596,-2.5048725719974,1.03844865890071,-3.27275821066748,-4.28902483801833,-0.16326643680094,-1.02829984792942,-6.20063938068086,-0.0773839210144469,1.54161039600869,-2.84099162394452,-0.449716903408297,-0.687398329778815,-0.905089807831205,1.82493752749579,-2.84782325762043,-0.816867633401827,-3.70017602799325,0.443726302373227,-3.66944077614519,0.507244287615577,-2.44402437389447,-2.93893084215225,0.480847863888997,-4.03781913923309,0.071352491498911,2.40139303800912,-3.42592011643224,-0.185553390674764,-3.22705827662677,-1.77238848346899,-0.58872319147721,-3.39571580336695,-1.38902369382708,-1.86421118610257,1.99329218851007,-3.64508968130143,-2.27140534387033,-1.44963346489812,0.245434782391942,-1.11540451856923,0.739490649151203,3.09080041362906,-3.76254747077001,1.53531957656473,-5.6749547122491,2.35015853219457,0.865759797959578,0.239069267711187,1.70909732952693,-0.759565495331403,0.929860212558108,-0.397277835109091,1.46183372136389,-0.352614821308476,0.688569413984528
"29",1.74420617108709,-2.19976790285801,0.918236866094144,2.11821957555562,2.94905794870951,-0.467935644960704,-0.338341071342875,-0.338886772550449,0.234610308444786,-3.18205870338522,-1.87263044567765,-0.00371021681201855,-1.73762481576467,1.91102650206223,-4.23571295046554,0.106698229481742,2.46176408438125,-0.964169208499333,0.24743124296403,-1.41746944390691,-2.06894924375657,-0.343417154489537,-2.83062425619537,1.6420595119975,-2.67080618920967,-1.47035624325064,-3.84050684046509,-4.16044270719236,-0.53236670436526,0.701099389479183,-2.60570412559364,2.23758818160411,-1.74012949084838,-0.458874525262239,-1.20887756505733,-4.20584615826142,0.47325230283861,-4.52165702348057,-4.71889373218172,0.78838165808833,0.240604849141635,-2.79660376230193,0.271897067059892,-1.93188789522684,-3.28863421838064,0.693099481366859,-4.50634641790311,2.21849502151936,2.39925838973885,-1.06561203815601,-4.99624827847847,0.412449003342906,-2.204077857012,-1.2417278284219,-1.6909651336247,1.65945151067504,-1.86863244044238,0.217927791963592,-1.34267539350699,1.61742016254167,1.57085671648568,-3.37022024413673,-1.12346292056502,0.0521960473765364,-0.0439128955132523,0.202614387675399,-5.73754183502701,-2.20428179257839,-4.2489802242874,0.0978735327150713,-2.21743252699987,-0.154601154294178,-1.99761260495049,-1.9869015349428,-0.635299133742521,-0.93858734622702,-5.71293550748759,2.5758268137047,-3.38565920289755,-0.831172369399875,1.30232949115219,1.57145362236716,1.99886566558224,-1.55656479727413,1.90237322392141,-4.31741292289526,-0.391159755148325,-1.72209544081548,-1.09503005141467,-1.64041793079904,-5.59764503568999,3.4042297611724,1.78516910203372,-2.41639894341481,0.173806350852928,0.683912399963934,-0.385591331864872,-1.15436085164725,-1.06668591263955,-2.23218597051916,-4.14799648650716,0.858759355131741,-2.01295682558786,-2.47293079373849,-2.80775913153505,-1.37903211301883,-4.71789580254284,-2.48571362690111,-2.66020654265214,-4.42943436514911,-0.0418416931992499,1.95421099323473,1.328620929209,-2.44160486815009,-2.25489123252913,0.775482228379896,0.137075996486476,-1.92362009362016,2.47704444377295,-0.361224017561449,-2.17306608752574,3.49126413828767,-2.04278973540432,1.96500834376147,-2.73638129435273,-0.961330632145773,-2.30577342822483,-2.97729815937653,-2.97814168416072,-1.09742922127828,-1.12624005228696,0.0632604896165363,-1.77062602511273,1.85143759247385,-3.92529677586388,1.21497020660512,-0.307547333822514,0.657767197330509,1.81432780402328,-1.01750610571438,-4.40934895641431,0.203485923490133,-2.0128747339766,-1.70790744543695,2.57853572715206,-1.19334190340499,-3.16726879475114,-1.32514594494262,-0.218633965504956,0.886765935446173,-0.371890389217896,0.400096137293757,0.391171229997389,1.69847070034222,-2.82863303880816,-2.21064746341609,0.998972037985399,-5.95726409005474,-3.3200708975806,-3.13974317788617,-2.20167240187429,-0.242496033565031,1.00584167574529,1.75099004914346,-2.84718003053564,-2.18478045345367,0.825980098813684,-1.33083987896408,1.75186013662394,0.434790738465787,-0.339486268871883,-1.83971584681002,0.788870118690472,-4.21088974674442,-1.29855230822166,1.28091764215333,0.650901675582636,0.951471423718234,0.898958186445599,-1.49050197448454,-0.364095185341136,-0.503260328996494,1.17603894875471,-1.16814351234388,-3.86374193140696,-0.240968503366889,1.69251511357115,-1.44218792830486,-1.88431778422981,-2.89173506161728,-2.8417648187775,1.36127187262099,-0.251801402391634,0.0728471486442139,-2.93962756766748,0.66485194615836,0.757936656374982,1.87963803462156,0.0142422685328718,-3.22241411287694,-1.71422573193591,-1.45769487478729,-2.13131702795499,-0.865098273227641,-1.42639886403426,-0.859076215182734,-0.182364242363486,-2.83424573141514,1.35155690577484,0.937002118518812,-1.96500280577081,1.25908591620465,0.282299117257119,-0.333607483830104,-0.211925722574333,-2.18893375738964,-1.71649957909816,-1.147644529554,-2.37534024161894,1.62488885100112,-0.662130995791744,1.52366828899343,-0.534672814038834,-5.00657442161873,0.717616553835045,3.78933357230138,-1.40972171884434,-2.65977103681101,0.256428742536141,0.911508862234891,1.08143593253429,1.1234763345461,-1.56244195884559,-2.41421135715075,0.413747321711113,-3.88140637143847,0.410353238436382,-1.06381296293061,-2.24234218096678,-1.34278794843299,-4.17936249141761,-0.822479223386561,-2.40553628634869,1.94705673490754,0.134964690886464,0.808878656570567,-1.43843999693078,-2.00044068750748,-1.95237717340892,-1.36625052783089,0.126163484828953,0.325360784232658,0.82850556546409,-2.65509280231713,0.552477552195106,0.21099343244606,-1.91934743819661,-2.76108839580323,0.625851890434026,0.174072088900477,-1.82114090076894,-1.02768514920046,0.490463522995095,-2.28356468190088,-1.15825393576727,-1.88863232621115,4.0613689928179,-0.328939893509899,-3.53886526959265,-2.84399379556868,-0.474231548214689,-2.72124221285057,0.571329564325852,0.522917454383031,3.29540983964646,2.97497332903432,-1.3777174502906,-4.29224227041305,-0.729341427844775,0.818648756138912,4.2628924438421,0.577131919156008,0.743660665828875,-1.74845992785846,-0.276823953083713,-1.77997491372257,-3.57660006221139,-1.31414855081909,-0.524012216000788,-2.10288642886734,2.83190326200639,-2.16803615963973,-4.57996806655513,-1.14933103801758,2.04176399096768,3.50898654900553,-3.43738222446026,-1.39668343599536,-0.850320659271607,-0.221086192465173,-2.88528937666908,-6.18377909114287,-1.22641662542458,1.41404594265433,0.615510290753552,1.59979748161874,-2.16893127572108,-3.1772167583616,-1.07293442595208,0.0928177480133145,-2.82809011684273,1.18769736281446,-2.29866408387044,-0.640788604910702,-0.962455369935579,-0.36830085971843,-0.830464601021028,-0.773889727943142,-4.19348657374548,0.760648697642247,-2.69114088629739,-1.49130352595281,0.336235662234114,-1.63466508840193,2.6288080327921,-1.8743654621278,-2.06477778680059,-4.06598710325749,-0.416943281196795,-1.83466712321677,-0.563787352688627,-0.998250445082741,0.149307482765742,-0.59031431779558,1.85405189647223,-2.44343688086128,-3.19225268214576,0.452642978669719,1.01473320835196,-2.93021162791868,-2.00264486171532,0.367787876416589,-1.6708543707818,-3.386455910819,-2.4962194911844,-3.18877292586373,-0.271851237911137,-0.733399362075846,1.05478299869664,-0.713448934227091,-2.90871176762523,-2.438119368023,2.06539054191714,1.35410083976878,0.183254497722127,-3.24632971427244,-0.916771948948788,-3.56709584084514,-3.4563572713297,-2.42831058927893,-1.89301529828619,-4.57863222564827,1.19768578707236,-0.52140669525389,-0.152894180789719,2.16194970232418,-0.922885813241765,-0.0689419047973295,-1.48829597439217,0.136725332268199,-2.68087845317474,-3.46884926699191,-1.95085802182804,2.40058021913531,1.01599373235064,-0.175550665548791,0.839349973258188,-0.0634980171276504,-2.3722084067556,-1.20758901402647,-0.976426095995487,2.00104204544808,1.5444688489867,-3.67014175376026,-1.98273739919872,-0.451897984202733,0.474905387179458,-5.70554573329851,-1.66032720258599,-3.26157289706394,-1.1490280004675,-2.34594499869344,2.68330892346378,2.86948963785138,0.192711027321393,-0.644701717588847,4.58306829140505,-0.902247987931354,-0.0744581146348697,-1.04920594587486,-3.38940639300676,-3.0536350354327,-4.51328745487827,-2.68239009386641,1.21837939301233,-0.518917310493325,-0.228594458422231,-0.422933102541509,1.33118016376136,-0.290439503192196,-1.58664164093505,-4.3097419338079,-0.415698898875079,-3.0961233427866,-3.60704782083958,-2.7215205232241,-0.663883459249249,2.95304404765979,-3.2489362632819,0.25854855057157,0.476082841174699,-0.244468346940398,-3.72144970689501,-3.35915146601294,-2.65907188405284,-4.8079365397858,-5.99365069764525,0.0504435665411629,-2.49832883133507,-1.88398815761329,-3.98491829161009,2.10471147462798,-3.29034950867676,-3.80023641751279,-1.22356178150876,0.343720358839396,2.25919569446742,-0.715566798709097,-1.89745411863147,-0.614028080372085,0.607916754693532,1.4830774294274,-0.693949128927742,-1.81357234481525,0.643422737319836,-3.11338820264076,-0.0104236903395797,-2.72579745529664,0.490224748797642,-1.76923592497467,1.18388664136747,-1.15035705933768,-1.03813506942508,-0.810535849227079,-2.55615748651659,-5.73065372734754,-1.15768739042787,-3.32594555818298,-0.364798541720918,0.659854373301263,-1.58079494541889,4.88472281687253,-2.56737370332343,-1.26143388189768,-2.97931284328943,-3.87902577937267,0.536570791521737,-4.13123015141759,-1.33965532303921,-0.979310871329316,0.134304302169707,0.0393112881095088,-0.565932414777599,-3.36501867215813,-2.60699521025552,-1.89089049605295,-1.17785504364222,-3.71607782091331,0.110555990058206,2.27883776799715,-0.478747335914362,-0.524700828430459,-2.95819673311724,-2.07287165266536,0.592743625353369,1.01698271339566,-2.22259359006339,-1.9111504202684,0.732739066704071,0.125684706717583,-3.94090646015589,-3.4715445955818,2.08967727422658,0.924818397534057,-1.52060949930595,-1.90516939803279,-0.90608423019724,-2.21646758505154,-0.587372839342002,0.337919025788185,-1.23865078046081,0.875444037995847,-2.53306747335061,-0.295617298147797,-2.45266370553367,-0.485344042025315,-4.34808568038919,0.418023393784463,-2.69983306883872,-2.07631308556793,3.52038961567083,-0.710097546636757,1.14401116559755,0.611001690681682,-1.77830458589525,-3.00501435964439,0.907528105619288,0.793584905161913,1.12745744015904,-0.087475157433616,0.67213376384901,-1.66134285108634,0.0957212136205863,-2.29905116889704,-0.30403487757954,-0.182464814256047,-1.29434984733233,-0.11569141688612,0.222968847056545,-2.0933391303632,-1.58125191423292,4.03338484562393,-0.674338933896162,-0.149144991430687,0.776467258095007,0.187718728413467,-2.0861532436587,1.49719673024633,-3.69429558962195,2.33006283111075,0.302101120320578,-3.69784518732021,2.76249854187297,-2.25945717529085,0.20208698175812,-1.64283228784772,1.69632000572885,-2.3193161630617,-0.373661603080685,0.944266271667217,-0.339229148285999,-0.623411293137713,-0.62193566331795,-1.79621485235576,-0.277303303445558,0.105477989987837,-0.906709684507897,-3.65146745450944,0.460214887797719,-1.78624403176362,-5.90226134368866,1.7691164139092,-2.53294755507222,0.316165242600138,1.83590530883421,-1.20919336855701,-0.491654204734317,-1.58220416659397,-0.177837708204445,-1.60824005385692,-2.17469592612896,1.1403319439705,-0.723815657224378,-0.174841706847348,1.84244968990505,-3.84423968704756,-0.183845450720406,-1.83813496035341,-3.81489788570287,-2.48972141303452,-3.63313809506148,1.34779445723416,-2.92090013071774,-1.7630549656655,-0.726411684617166,1.6888022465643,-3.14937822275713,2.09331796802957,-2.34306525823658,-1.6488081710861,-3.39938225854493,-0.231107830287975,-4.32981738072239,-2.1953140651338,-0.114845898156345,-1.14381434238025,-0.953763801544678,-0.89734392672405,1.21592006579721,-1.91653876784136,-0.68307205031236,2.11175944589367,2.91129972881143,-1.39342231677107,-0.51443375011469,-1.65507590511666,-2.18454645551445,-0.109857255564199,-2.71362824853818,1.05912971760723,-0.889636017710313,-1.15966568802485,0.599960248311047,-1.30221654844629,1.02238505266768,-2.19071995168763,-0.820749031571035,0.578624105979096,-2.53585717735409,-0.550041727824373,-1.86128223686215,-1.46638268626187,-1.9098919173487,2.31864235758475,-0.563592913168601,-0.257434238653118,-2.93062708516754,0.220606955730179,-0.978258261621607,-0.72896631008263,-1.30953604769246,-0.245186710605713,0.58386355358813,0.6977962629134,-5.0293422183035,-2.39063153625276,-1.16063126274513,-3.45225842381158,-4.1787928003839,0.212696397776938,-0.9224327719157,-3.20651129324931,-1.18273330299545,-1.45396792738074,0.655151551872321,-1.27561936654659,0.254657945945875,-4.99336817501287,2.87640372428566,0.428652950682934,1.29366881100431,-2.87782894689934,3.08131876468051,0.688332773828374,-0.334596455111836,-1.7423855983577,-1.39540741593409,-0.927884905307198,-1.41310373221717,0.428387839667128,2.88374371005281,-1.63331084159556,-1.07774902236987,-0.395665206230033,-0.644354208586958,4.25858714913699,-1.1223241028876,0.488652093885131,-0.359090595642661,-0.182687587284168,1.71281547036987,2.49542038494096,-1.54003054572359,-1.34507084339302,3.47535224791453,-0.910434533888093,-0.159185224214865,-2.43356394312798,0.700449866622272,-3.25490961554864,0.643364293772394,2.71404592444593,2.10554993133104,-2.50377865498061,-0.140362506087929,-6.03596712368243,-0.282656348645759,0.466941383508553,0.429807601210595,-3.42631763386623,-1.13906835247703,-1.81353868731039,-0.642917901042916,-1.97195472078837,0.654044953166302,-0.592996019262702,2.22329203584044,2.76968306312976,-3.12708240129027,0.963061841569456,-0.515097425251705,0.0134467582845528,-1.17407647997252,-1.44093871627526,-2.7234853119553,1.31763953540825,1.55389336858351,-1.68076801543633,-1.37861358796408,0.325910281456138,-2.23419197314446,-0.734619163274233,-1.41181306101066,1.11737714604426,-4.14840415163945,2.9910927982645,1.68694956055801,-1.13284570361239,-0.685901907185494,-1.68546689460219
"30",5.74792582746049,1.4267405687102,5.56609429156222,4.69467755476044,7.85570131873273,6.62588090068711,7.1573439025769,3.14276718530772,7.23796830755171,5.31962233616173,3.85849442791293,2.0289996785992,3.06776047494775,5.56026272919657,4.54992451893962,3.63549024538249,4.26254824665279,3.82593379945767,4.75817641536311,5.52706717458682,7.79116562648056,3.07843448607902,5.7950206827202,6.48273188880659,4.03150121466016,5.19751043987626,3.90675661576849,4.62194642591096,6.26462156445908,6.37772499660587,4.28011036877149,4.23399307865782,8.31801275884215,4.81605164001792,3.0292724622114,1.57419426266543,6.21757750727514,6.65849350370144,4.21709697654234,4.22746831025372,4.00592810543787,5.5776768980708,4.1271696593641,8.01364102131051,5.23474461730751,5.78976745750773,3.04342372472195,1.61144249096803,4.45839631067123,2.31333979760131,5.79207204189111,3.23765576741271,6.37358174879927,6.26474214958866,4.47564479636268,4.70700231694405,6.066049134696,4.89114124936895,3.60179791688065,4.64810335165326,4.56156003106263,3.92876225248354,2.72176637608982,5.26142643095784,7.12330546709728,4.95167889470528,5.14231964610522,3.97068812455791,5.43750148720175,5.71289077077924,6.44053546565762,3.97441926254999,6.67668223941818,4.14149905205224,1.84570290103097,5.51856491995776,6.20784815527086,7.64679433807499,5.91065622521952,6.01247558391507,0.329959374782721,6.36988400547369,4.44095070804376,3.21588618987759,4.99157038023141,6.03827630563752,4.54788630829004,5.74478009714243,-0.00640395450575681,5.24311170105201,5.7806198255113,3.31239994610408,6.30426339409078,3.35583971468756,4.7987054929068,5.9445543037165,4.45015201031647,1.10152547730078,5.55979307907351,7.17845300290335,5.19180671604298,2.62739952737271,4.5373533409061,5.80045355742881,2.73340273242674,3.6685723838418,4.51739653487092,3.45745726496366,5.79942061792392,6.10033287359386,6.3304383414296,4.33345059005179,7.39791566156755,5.50549684536259,6.44788886703802,5.29959468800408,3.52097848118044,2.41787893906358,5.91448569179993,6.38910962524444,4.55729796935768,3.83779883893541,5.08918617599821,4.32810450094414,6.19949838957439,10.3165303899581,9.68523335714976,4.19335800043248,4.60832544719281,3.53862181022319,3.2598057801246,7.2272691391146,7.06711996030617,5.49171234710221,3.08407694517521,4.03001624564753,5.74668990143674,3.18469654630533,4.91379928695894,4.58126270773509,4.31218241532176,8.09491848206745,0.991234822798508,5.08249045787832,5.76563512467767,4.83478135692516,5.41312557773186,6.7918084742649,6.29987624640919,4.58901810295811,6.08302825957728,0.724196515667604,6.3832842952916,4.54146726504339,6.62433362071934,5.86394828304823,4.14503209431659,7.18287445596728,6.43600654813611,5.52772719776221,2.95699318253638,6.90653130100767,1.93532094125208,3.85654663822909,2.68278048597998,7.19162936326323,3.85064581343339,6.31753539698593,5.72346910041786,3.75405326702174,1.4298646050637,5.87026831119349,5.82717676571882,3.66833937134844,4.57273724575462,2.54757525247291,5.90989032991237,9.95896978043378,5.96023026379572,4.51137704490084,5.6339670262474,-1.34372602121816,-1.28336072888644,-0.00395483808689312,0.0119942168674105,2.78253601299314,0.24478840218186,-2.56645726794824,-1.65867880410172,-1.68477963697153,-0.302251516923551,1.44755921765468,2.31780235241347,0.413206339855058,-1.74606418616402,-1.69080638537856,-1.20312229180396,-0.659903980960301,0.583010682271263,-0.3624307385784,-0.548282639792132,-2.39633114556661,-3.0656882670137,-1.41946792466239,-0.572155692971101,-0.652494470023913,1.65565539483193,-1.2881493145096,-2.49347845226667,-5.25186877090205,-4.56094828393922,-1.26396314870552,0.0973929717682334,-1.96595210903509,1.41818586887129,-0.655039661665402,-1.0610980520619,5.04691249737733,-0.366749220141924,-3.25472796508227,0.466160346007217,-0.717210556512127,-3.63498759363183,-2.60586529878479,1.5351891072584,-1.78358497182564,0.559496496171813,-1.94903961699213,-3.26964678745994,1.92931031930873,-0.325391178100346,-2.02788106381059,-3.04112410865236,-0.239819473790942,-0.704323849014246,-2.68005066258277,2.20702969289634,-1.54188109110611,0.0059000564077698,-2.22554654116185,-0.321302470713876,-1.59895419464588,-2.39581634696336,0.771826320210874,-1.06031142867738,1.81018952023817,-5.02955287442453,-1.02520513805765,4.23802103874252,-0.968280771430637,-1.15864586925136,0.16059434684777,-0.313643123021935,2.00091473153623,-1.7644678243302,0.18814190028199,-3.15106359119773,-3.22411500080685,0.0791109638223964,-0.858099852394751,-1.0673809615489,-1.43450103076993,-0.674169525496002,-1.35965564489466,3.81790575675997,-5.09181479954444,-2.13111492971601,0.289509708557013,-2.00826019477534,0.972467098225946,-0.373707349750973,-4.07552068933909,2.17038159957165,-1.2291723824033,2.24906611741735,-0.429844502698418,0.821090599501319,0.473984025009938,-5.72177753324324,-2.67977063299178,-0.612807364308473,0.18876263795628,-1.84974186026594,-0.153826164324601,-0.373222223005385,-2.98270370086471,0.50195565347681,0.638620804994382,-0.420964041721685,2.28642583392317,-0.13459146320732,-1.26103547331057,-2.4421379340875,-0.651260194067519,-3.6125725330944,-1.09922976218498,-0.750160795093374,2.05858320646766,-2.91733428298615,-0.247550308511603,-1.65519245324069,-0.894200773108101,-1.07846672511462,0.337921077287006,-2.12086931280008,-2.49495149920937,-0.364123528672629,-2.09501832396111,0.797312843799807,2.33125219518936,-0.430054457950385,2.1494876448811,-1.35586915835924,-0.235147984685168,3.14001148015557,-0.339166050315477,2.09285941655764,-1.12870894644368,-1.34141496040705,-1.62486140463382,-0.607076022128842,-0.671494390228025,0.497640511976644,-0.201849894556124,-0.673732832115034,2.92477702454628,-3.30167011517049,2.88327695234044,-1.53820922890756,-0.793041563616768,-0.685990276396425,-1.8891033139154,-3.0098221719922,-4.50223893294859,3.46743210931115,-3.91825477813526,-0.627308170270582,-0.269875741628395,0.00716562633103623,-0.970476875677032,-1.51094878040227,-2.71196485002049,-1.23494936430319,-2.5368587360112,-1.89749189239033,-4.32417913711796,-1.41896925961279,-2.77932810242245,-2.85829478554364,0.513896909873054,0.579806581827126,-2.01100776328233,5.50784518917828,-2.89398431771858,-2.16640907572271,-1.49004329610703,2.77231926872403,-2.71880139492011,2.19683317293787,-2.70578793806719,-2.50885945055948,-2.0735939258495,1.01435622527434,1.81308556045278,2.87816080052886,-1.94742230400302,-1.59843485592076,-1.09408568038023,-2.08423913221651,-1.62295731415471,-4.37051154127568,-3.97110503035184,0.67866710129709,-2.2955525966357,-0.0291654046709321,1.66897879085708,3.86386122975984,-0.919430420451974,-0.702985616928658,-2.66655714866801,0.892946168005712,-0.563416784965776,-4.44757402543478,-3.98224554339195,-2.18603531356599,2.31426040066542,-4.31240713051905,0.662160845473339,-3.03573573687383,0.729905808428895,-1.97964722894526,1.66271282459151,-1.82317708290796,-0.986595595161128,-3.41589253639331,-1.06939887545507,0.866263266229475,-1.53376417703231,0.154974322973582,2.668002971641,0.944029336366377,1.45779788045015,-2.30320376383383,-2.2090606134851,-4.15017476757686,-3.53321491011342,0.626462872415318,1.61947392942063,-3.13965417662189,0.680021981531123,-3.15386206514792,-3.14735342844123,-1.47748390433641,-1.36905362553881,-5.4409988670038,0.505868093169793,-1.5967529353315,-2.59037952368961,-0.434764714727864,-3.96363445676406,-1.15878778636954,1.88295500219917,0.807865252040478,0.291504039017263,-2.1307100339523,0.899486901998825,0.0800763062959078,-2.34745685606461,-3.56283092152851,-0.0726592686378728,0.946998020268343,-0.706749329993081,0.811914776440472,-0.558205514904875,0.0161622722673778,-0.396123731525265,-3.00715731677056,0.243120754302308,-1.30920801721607,-0.0150926449802387,-1.95390394207294,-3.88386942800727,-3.03168956296928,-0.74970203681432,0.558384898480029,-1.08591111806377,0.999631535349339,0.978822599865892,-3.24846432214332,-0.458672429852588,-1.73891008335517,-1.42458402054519,-0.693831583643822,-1.23187216708246,-2.80613457804714,-0.918004888608311,-1.44109248242596,2.64002977471896,-2.31548157780136,-2.92391223544533,-2.79225270973588,-2.0168428872297,0.398321669307869,0.966799534233201,-1.52907371486885,-4.5331392655433,-3.30381907550187,-1.81958399146748,-0.0147712069784025,-0.901838204209084,2.04407070851739,2.0629778421424,-1.87780091061413,-4.65443124170846,-1.3882017693363,-0.671293219373977,-0.857404306818576,-3.34579997914157,-2.47480211818662,0.753273914162941,-0.126458079244865,0.510600351837003,-0.76685631297289,-2.7296146473943,-2.32884139299629,-0.730105488298344,-1.13489085023386,-2.51716213555327,-2.98911390904746,-3.18108224614669,1.67546545783792,-4.44586810748622,-1.40583740079666,1.42620325259953,-3.02300957509776,0.13659190802901,-1.11419085813739,-1.50995760822323,0.451966682271811,-2.44578259906513,-2.35356980466786,1.00368671636947,-0.870629396535952,-0.0984640625236017,-1.84892157320084,-3.4503373853847,-3.54883109473691,-0.306702622177132,-1.05727444378123,-0.830425521749931,-0.405145246758995,0.0362298192517543,-3.80260780430385,-2.10401013632542,-1.27732745118462,-1.73479431373518,-2.94858588800801,-1.34613052881491,0.911546613680659,-0.900240482606921,1.89914278949356,-2.4691865871056,0.013276986715163,2.85081110378431,-0.4169390095188,0.263552819810063,0.685903828252929,2.05559326849083,-4.03455385029651,-2.97000084048623,0.500196049243333,-2.0107235800004,1.2231955777927,-4.05172570273405,-1.19254324923622,0.399002132433585,-0.751526095246757,-4.62595331632438,1.43191270080905,-0.711773275887206,-3.04062485596719,0.322464191458598,0.447374712007611,-1.97192331338572,-3.60885262678175,-2.83496402415913,-4.31498448753124,-0.337274821982584,2.27975100098357,-4.35099130593803,-0.0265727380219462,-2.01785446148264,-0.550083386066058,0.152435916297099,0.732946014913429,-0.262848305165229,-5.47944088316287,-4.02294442691496,-3.43976974362765,2.06776235523436,-4.1750365544188,-2.82818666045131,0.383623674550089,-2.08464275583592,-2.54248556572862,1.15454598242352,-3.04521205791092,-1.41878941626613,-0.78308335996632,-1.28161457130504,0.494068611330652,-3.26161697966068,-4.09937227217526,-6.02718598892069,1.42287772194326,0.0899486641587077,-0.216494215988216,-3.15082067445738,1.84032988037041,-1.7895414290898,-1.1661843456696,-3.2990131565231,3.6176685164794,-2.97398672394649,-1.46672092483159,-0.961940618341504,3.19724824885625,-2.87753390248142,-0.510792495890898,-0.324313935139268,-2.70682381403103,0.479799975424772,-2.60696947764422,-0.922347795492349,-2.08902381211093,-2.63109242094182,1.51841229922531,-0.40755367284848,-0.544963470846855,1.18745261985053,1.70827354664274,-1.42664457512342,0.999381532169668,0.22804324176348,-3.63683078608371,-2.57909187189511,-2.98865961275132,2.81193622754324,-5.43804092147004,0.959533454551694,-0.0434807175669103,-1.72889381369783,-2.05190528227822,-0.00100318643515562,-0.993802279526979,-1.21007860039153,0.158642660091213,0.576043945542327,0.454756361047226,0.541350808325058,4.4757572589123,-0.0679679722941702,0.327516703995297,0.498153053632808,-0.0460957067178637,-0.65842183807626,-1.12013278902184,-6.12634289623046,3.26994850768651,-1.56498940499554,1.68865684781998,-0.616995020586548,-0.0742378373783078,3.20771609094816,1.54124122441512,1.78689227291843,1.58835513693941,1.79127919689771,2.08498270365826,-4.28332436087687,-1.46094977085784,-0.238142097187607,-2.51571442325442,-4.03525111165615,-2.10796084680065,0.995095827678093,-1.16270568109711,-2.89902661677577,-0.559821757505793,-0.310473442224155,-3.27956771146223,-5.21676823424227,-0.046358951585081,-0.75941802040341,0.777933176383515,2.08124093823106,-3.07948163155762,-3.30695110111,-0.408121344802458,1.01964945499249,0.543794304229784,-2.47958066140022,-0.602064566722292,-1.04895537462384,-1.77924830220218,-2.75611070639923,-2.09589576700706,1.13368696366983,-2.19197451554642,-2.47637192829945,0.752440618549811,-2.53934421099487,-1.44981820288584,-2.74492632103969,-5.49072479115341,0.356407712981926,-1.11618022234277,-3.02573517399245,-1.58425484979063,0.993977644203717,-2.28927121401982,1.04720171266092,-0.650665361201768,0.96072036720421,0.241686117214471,2.36625641213556,2.5931122011964,-3.91418228467006,1.88543211799367,-0.66852201975324,-0.838176817204227,2.0923920113621,2.22031650558728,1.88642264202497,1.24263403186845,1.06163152751138,-0.00549114617354785,-1.00020785610455,-0.629011576663096,-2.66637876883193,-2.44361445638409,-4.63250868653888,-1.27949449103449,-1.20261017022099,-0.375971804788648,-0.832481706416057,-0.41696505160851,0.990868274542389,2.71894451225849,1.12462904921079,-1.83725909076061,0.415919573928619,1.59263351773126,1.87840845325622,-1.29100559902714,1.04597504043912,2.90877468601819,0.435369888705661,-3.45854212764669,0.587968895345111
"31",5.23161617513843,3.62817775017545,5.27372296199839,7.70848882336926,4.69559270699159,1.55746870517502,7.83730459764455,5.58541259878458,8.10417601176574,3.13946576826979,3.20093260070614,4.33490803214584,6.32690867315504,5.21295279652869,4.37631278480492,5.14741970475975,2.68217521089486,4.2132187229737,4.93245647944188,3.82063926358876,1.2785037072144,6.17172219124131,8.13830362623494,6.22051031269465,3.67411477265359,4.07235918784565,6.00134501756081,5.07978659743559,5.30463690595775,7.78237099720298,5.9784833394699,5.22719003189303,4.49312494400262,6.47552453829189,5.35325062189457,5.08914509899006,6.61649452804282,7.50864306616261,6.01749339535572,4.84170222752241,5.44052921520214,3.75243458533735,4.8060613114105,4.58665034921047,4.44849769245596,8.01100940091905,5.0252259620791,6.70537537958747,9.62699456953809,2.66081381189629,4.69088019847288,6.02877655455955,7.7335510375534,6.28848643831402,3.17564374785811,4.92689146258555,8.3892999390275,4.80042822002063,2.49365284656188,3.54862309553474,10.9454471015059,6.25869851040535,5.86232799360102,6.6371185538626,7.9267632919432,4.515672140794,5.17602652954584,2.97054233145411,4.84844135439388,6.54568819260267,0.108947539854952,7.19831884590768,4.5313572056988,4.18740571780239,1.12704936918542,6.88163080384061,4.46390767613754,2.99161293775462,3.7507374909208,6.0730808501875,3.32630224269766,3.77584121592215,-3.33528139718824,1.3035967253257,-2.97153687721691,0.424076994050124,-4.6835009563416,-1.94480196586153,-2.69902677363947,-0.431772898609088,2.69884807056652,1.3687355866863,-2.23750560710657,0.683198606489493,0.215057788152439,0.937106730055454,-0.0815202285110683,-4.22760185043071,-0.747939188127161,-0.159480919579854,0.692605301192125,0.607685974938671,-3.19031563855536,1.19342072736274,-0.728203693803233,-0.0978352032830663,1.88113815525865,-4.22786439173535,-3.3926701380281,-0.378426712267228,4.49467408820215,-1.84151139551218,-0.500396783740288,-2.37420499186537,-2.61765898816732,-0.804834544086799,0.353487593823115,-1.88573231067237,0.124526800220285,-2.71446829568025,-0.640697774019632,-1.94569628090527,-3.62018863751992,-1.63571109386843,-2.95855921947129,0.630403697243043,-4.29134549577433,-2.11058445694146,3.00874520631863,-1.59413722891145,-0.289064613418586,0.738652047492531,-0.0295140270191043,-2.60949662791619,-1.25490674023246,-3.64813445807773,-2.97109312520559,-0.896555706440496,-3.28712740925329,0.695569719335893,-2.20911231318306,1.43365830757238,-3.98415695569837,-2.72884251185921,4.18391223120296,-1.3776230313567,-3.69509172149927,1.75239138758387,-3.77407247301153,-0.161040699281262,-1.94202648677038,0.812942151965169,-0.982549610006024,0.294819843513454,0.535541868096405,1.6906504763591,-1.47002594317189,-4.29525235220145,-0.578339524378058,0.134252932911203,-3.15535685265992,0.401014670675196,-1.61905837670857,-1.50557735911399,2.74809234811353,1.04794963974467,-3.63858305323361,-3.44569235040772,0.338844184623834,0.91994565796144,-3.98330424572099,1.17583443036336,-0.419704755699857,-1.37959384029359,-3.58131637989184,-0.646285077736817,-2.29732299575052,-2.89740469590803,0.858450626710757,-1.60535014482745,1.02647453175657,-3.45491305222449,-1.19985492096744,-2.08454343410364,1.78974431264042,-4.36003655820326,-5.28022341927055,0.677220097643167,-1.99599823803504,-0.149679829719698,1.02594127411932,-2.85593137939066,-1.76922468728185,-1.37059046436481,-2.47225341805016,0.427396603792181,-0.41878306860413,-2.65089800834936,-5.37072312524231,-2.4779451598715,1.53299601432423,1.37199806744385,0.810871025442842,2.84055859816118,-0.0744737913093736,-3.76840515891536,-1.40266512018052,-2.54151569434485,-4.36147277268835,0.770531042212138,-3.54737585389429,-3.05828140911863,-2.24673428868331,-0.242369578697566,-4.68353921253258,-2.94394106441646,0.730283077079839,-0.203554288929493,-0.010598493777412,1.27025542341697,-1.16013298002633,-4.7263316284697,2.10939264939819,0.201399976171697,-6.19972046566856,-0.0155182888111481,0.811126811889828,-2.65865005184446,0.523044063406388,-3.79021710382088,0.615748366689151,0.903411750252105,-0.250905326854575,-3.76427567777012,-0.93211001838785,3.43344379149216,-2.50873974782492,-2.6022928377388,-0.291291235547422,0.184967056598937,-5.33291637615547,-2.22816293948591,-5.69521013977324,2.68032939649856,0.128410808616749,-0.0191447598045722,-2.13729740689764,-1.68559937482177,1.02002865211296,-5.0846019660987,-1.70837213534936,-3.71150028044151,-1.18805809042759,0.948865361521904,-0.823689973714988,1.09252306799283,-5.83510411940742,2.03563027688383,-1.12582334285279,2.94141890646927,0.132326968344549,-3.04623839840897,0.401486178249373,-2.60847262519744,-1.54108893039845,-0.953761395219344,-1.13558050279165,0.161779597543601,0.896305689732147,-2.26962895387875,0.431102393979885,-4.54828943873265,-3.21036383059421,-1.16005135979805,-1.07350369314736,-1.23067461410354,-1.7455775006483,1.30527451124854,0.286204220324496,-6.68631850275955,1.28507244598125,1.85763079843701,-3.68436541262243,2.40097771674774,-0.270865044838336,3.0705544477728,1.54121501503963,1.04936197424142,-0.266490976852319,-1.39368986683731,-2.65372514578231,-3.12532994998197,-0.748721385006324,0.145242886059432,2.97243993685977,-0.569265731870242,-2.63281591970133,-1.80550470283244,1.16121052219512,2.16107057577373,-3.05535417472096,-2.00425208694945,-1.9296052547704,-2.77713517410601,-2.89725302889924,1.80945322148321,1.06491836175575,0.986223658062653,0.164414691045248,-0.332442942431703,-5.45042338338882,-1.09107137625796,-2.64417724724145,2.15687188531981,-3.37761032098176,-1.14920011722411,-0.704582328595653,-1.16819544966108,6.74850802439773,-2.99401581276108,-1.8852113369618,1.73668523189091,-3.63182861814538,-2.70626407231503,-0.741432209611746,-1.76749169864068,0.833237557604142,-1.59612883736102,0.662783368157122,-0.492605120526253,0.74127655483763,-2.63120480573425,-1.23142959934925,0.454974532648084,-1.92699778351081,1.07683065505016,-4.97853111615937,-1.18400404984608,-0.512123374859805,0.805830349919553,-2.95178394867028,-3.08144819569301,1.85833036283395,-0.541745745295467,-0.955394577891362,-0.811428909106203,3.0616600036452,0.247179641352382,0.779135254827905,1.28752836703259,-2.32966535216101,1.09932389677533,-0.621466482293953,-3.17546140992167,-1.02002187777939,-4.13931151737855,-0.313538406122206,-1.76081270998679,-2.78950355405602,-2.39286301811944,0.863548649681629,-0.526099756969498,-1.89307162374654,0.560279154765475,0.342612148899067,0.262811179381687,-1.74524706997074,-0.0551989924808159,0.881848333849275,-1.94206143526474,0.795024431020587,-0.0131136909192292,-6.05094065740894,-1.05415943887331,3.90171210676324,-2.36677289357488,-2.36487960626737,-4.25907128392858,-6.93179454437352,-1.39539472127452,-2.07515619704238,-2.73471277110534,-0.275998984407179,-0.0399700687921301,0.00286787904866426,-2.60641532092823,0.0266613464364784,-3.83580819301631,0.476883447883576,-3.27579291119166,-2.5119118529292,1.87034962985572,-1.4536112028466,0.73900901457324,-4.12478352489133,0.103760833550677,1.42211091537121,-2.48829349419998,-1.74840459729578,-1.28812831104393,-2.28875452773341,-0.750121021539457,-2.73471504881039,-1.86242641988452,1.80651768796278,-2.72980554420302,1.70837141926863,-1.3668307600708,-0.184778076164115,1.89513879378426,-2.88453889319416,0.586887047466325,-0.148621673510837,1.6237804720901,0.229423236764151,-5.0523157042504,0.241181458890849,2.12734272464299,1.32561303851612,1.04728889659098,2.95525555656139,-0.0606215571814892,-2.01910133427396,-3.74802327798977,-0.777552851160648,2.27731684587911,0.656139619855311,-1.40656581920543,1.72892024468426,-0.679073626126811,-3.76587637721815,-1.34175083588157,1.10456026826629,-2.28049376531902,1.36280872381057,-2.632795155179,0.803478715687878,-2.56146656816442,-5.5778846588178,0.44530808038882,0.117230187264687,-4.5398300188286,-0.564395215235694,-5.14864400361044,1.19225736803384,-0.189851622976399,3.31790249996921,-4.20302907430101,0.748006237691768,1.52921396515525,-0.936023962399523,2.08376552101138,2.53528262741968,1.53455061056781,1.50063441704694,1.47843573167589,-4.29829390051891,-3.78411292918386,-1.14950387916285,-1.07418441447056,-4.63239162613809,-2.51102909925745,-4.28122080199233,-1.67532502515008,0.698986408798486,-0.128871992846756,-2.63433310272634,-0.369201592613235,-2.58198818292903,-1.14519374198553,-0.163915686560125,0.543980273570721,-0.93312051420318,-3.66376713156,-3.12105357805453,-2.74082639561052,-1.95848788698481,2.10777785164077,-2.97659208251294,-0.761451133961973,-1.46365576702885,-1.86410925783282,-2.35784020108881,0.579884551246746,1.81207966713522,-1.76165217479575,-1.05206942451122,-0.603697025804993,0.757370401308395,-1.74709092600585,-2.16159589756051,-0.442637055284457,-2.86702748553722,-0.978345632333895,0.473371751849369,-5.99529885524492,-5.35712536000982,-1.4289182528015,1.21181903422316,-0.093310447160632,-3.08263586972833,-3.21877327746355,-3.99622846775306,-0.691932021283851,-4.25295103535862,-0.00725592875598169,-3.86365866359174,-3.0322841756286,-4.22802371001604,-4.37414265104396,0.426343390870479,-2.5235401080081,-1.09740394920902,0.733314686112383,-0.144927788573326,-1.24496923943476,-2.95946802703855,2.17666517478763,1.34545273318122,0.0318611433605627,1.04550954628092,0.155123743125056,-4.12032747103015,0.791485087255127,-0.243399567877501,-1.97040645897947,-1.93224466390477,-0.40012644311814,-2.62684951649512,0.745184039526133,-4.11047995728286,-0.940526005612628,1.5163171595825,-1.95673673719213,-0.0254624469060848,0.691416135105447,-2.46690997596365,-3.62734118386051,-3.29520269276115,-1.04231819613887,-1.3293627900234,-3.20905170264556,-0.521837444060917,-0.267497226947673,-0.605458090766803,-2.19794215141924,0.483369559231044,0.394236000252834,-0.766943067345604,1.71934742157477,-2.53357497604021,-8.31555106587686,-0.626523585563357,4.31094345983676,0.757162255936664,-0.84391848917444,-0.790551911466523,1.01434321661757,1.45227968343927,-0.389640439916494,0.731750735639628,-3.14393116483837,0.331098857545838,-0.124705122648462,-5.53449774666876,2.44059689107864,-2.1336498384597,-3.61861191642955,-3.11998749896176,2.13505478497308,-1.2462755461515,-1.22491205876727,1.39189528513313,-1.65090594770962,-2.88728757172591,-1.04993037096741,-0.790476702988527,2.43402603990399,-2.22945930315418,-1.28530434676629,-0.990851955244122,-0.377848964020476,2.70272911484812,-0.11484502205046,-3.65993110060103,-0.442788956438001,-0.797398417959955,-4.59421912286087,-1.54577483608288,0.368237218308469,-1.60229379103785,-1.9124178899338,-1.56987762021907,-1.04687542779852,-2.49961305220227,-3.42786624538314,0.40285686456372,0.251808454292866,-1.99367556659429,-0.254980742807983,-6.43933719587332,1.7798035271443,-0.970982160856527,0.89959107889603,-1.47115542814524,-0.10444060759192,-3.87753063604411,-1.35100061484524,-2.2559977821829,-4.46785555339692,-5.4372658321371,1.28668487204044,0.391472636312137,-4.93199223666769,5.70318393127103,-2.5226472081051,2.68848230683541,-3.07628605188463,2.44892908631308,-0.13305534321189,-0.536556415524876,-1.01625850452082,-2.02868183712794,0.202747900536776,-2.36927742702776,-0.27778945429562,-1.11059413589488,-0.128862300340771,-0.450860428883937,2.91238144549026,-1.89996886647809,-0.454249775844627,-0.0357082458270124,0.201655167819023,-3.23497029988407,0.964071449930834,-3.57538597021564,-2.36456997348391,0.303854402200358,-4.73470428407277,2.29130299821553,0.531295303058878,0.351483601299722,0.771365436042578,-1.31071807247432,-0.862813184999369,-0.770829217714112,-1.47634138090687,-1.9676584884255,-4.3134142693766,-0.264055870563887,0.37468152654669,3.11295957115071,-3.05767795338939,-3.66799934318419,1.46229552937099,-0.864005696325202,-0.240777064687224,1.61597276878027,-4.12334129034656,-1.05933533738272,-1.36033786683642,0.301032735280509,0.435618345637863,-4.01133519390089,-1.31205177161854,2.04128453658087,-0.742453059486221,-1.77177153745414,-4.36099216370927,-2.94683916728863,-1.68149211499066,-2.40330993238124,-0.962504486889804,0.460834223196391,-3.71510088982714,0.361154499091707,-1.81847425867125,-0.123666407518112,-0.907791478397795,-4.1825133460613,1.91119299160731,-4.98964468409469,-0.19126050740228,0.69416428498028,-3.87223760597547,-3.49734565843645,-1.47199053471963,-3.20521593652422,-4.55432787627646,-0.458428560077854,-2.35982294743639,0.640014317207591,-1.56607749680797,-2.0385303625772,0.146616907015828,3.18383702267413,-0.172547937626305,-1.49924104115082,-1.40617076373737,-2.5120983380148,-1.06834797122511,2.17317538735203,1.67011439684386,-0.74854294214974,-1.79198641109557,-1.5115257074472,0.639451611627859,-1.01397910247081,0.285412328819197,0.676213087298464,-3.11994972078751,-0.358374600904785,-0.149605318477991,-0.547673998524735,-1.12905883663236,3.522492719468,-1.60558325879771,-0.151104434073997,-2.15231507097887
"32",7.12279820463952,7.92826246098038,6.51828172134725,8.00243041840153,6.21103402979218,6.85040359299526,5.95963199810325,5.18011023126675,5.69751935430049,7.95393102457101,9.16757933207219,2.34791170003869,4.49686518302613,5.31181547625561,3.70359021226411,5.57421672277933,4.34810983710688,3.41711845221192,6.67359996154094,4.67983564678357,10.4920839557654,2.71261888914303,5.29941324304728,5.61117069202654,4.1177421922781,7.49543436729891,6.65947146746699,0.912176863291839,4.6442268147771,6.37935091245839,3.57774168578794,3.02103744736958,5.84859177326707,4.85413384842185,3.10217463757896,5.18681545503663,5.52604343902459,2.38334391480245,-0.645700930620347,-0.240785314253075,-0.155739177976235,-1.52686047990139,0.206240496499574,-2.0705577084085,-0.463845906717377,1.71885351418498,-0.35235805053611,-0.943991038653525,-0.676801789290403,-3.36417231176906,0.701905889374469,-3.2978502976728,-3.47352801416852,0.815526664827801,-2.26271957245686,-2.31983486461609,-1.46330473233069,-3.51912273559573,1.5218418999408,-1.1205233188194,-1.69475578115663,-2.56361687748846,-0.401545756130956,-0.577573333696286,-2.14633411941175,0.296430953069611,3.26553162646799,-4.99175555661611,-4.62514005596042,-2.42861341275676,1.41481043499192,-1.95428905446073,-0.202930034421395,1.02416609105542,-3.42450456508875,-3.50673484598265,-3.04984581934628,0.306728129244365,-0.810839041824102,-2.5823552720955,-3.31006223764667,2.49770090774426,2.50149547499642,2.13594837175596,-1.57995531950383,-3.05296934745446,2.85152865899343,-2.72935687376794,1.03676161594126,-3.63931191916642,1.31592941427775,-1.48296975420385,-5.03127909094449,-2.18431488731056,-0.635176676047184,1.38828309379529,-2.28475260104562,-1.35408737011235,0.905251845403361,-1.50992616463376,-0.829266030497389,1.00424086215098,-0.896063168949843,0.0345679760809685,-2.3947928924111,-0.627525953712663,-0.580139537963052,-0.99346132123085,-0.477068820785698,2.76420243455098,-1.31770675003968,0.996015817275547,-3.43610509218619,-1.98007026417195,-1.53343247733545,-0.158849976883339,1.2237349340931,-2.96106257269184,4.55809832058608,-0.432675271857061,-0.282043726775854,0.984890376964832,2.88809511134509,-2.6590446102776,-1.82371449171739,-4.49680194001574,-1.6504702894642,2.14585727645093,-1.20070870313369,-0.632431912483004,-3.86596937370677,-0.253962091575469,-0.0655097936855499,1.26141951364137,-3.0907822306144,0.646004844177322,-3.13420982954116,-0.838419885164684,-0.0865108203936801,-0.249777442623232,1.72604874695566,0.21599271181368,-3.88168347031342,0.487657484718674,2.93200901796341,-1.00278876569454,-0.803961512792464,0.825727328753422,-2.32130191024421,0.365544380536299,0.879215932842708,-3.34511129510654,1.13255412324537,-0.366485420820375,2.40953157761894,-1.55660050362216,-1.64466370496729,-1.85968754944139,0.381857073905869,-3.17556272945287,0.83036897687725,1.42459060776778,-2.2052223226274,0.410367613107147,1.66868880200146,-1.71072866526749,-0.609250918272155,-0.669475053546576,-2.34872393916631,-1.23833702366017,-1.5002188718874,-1.17366168432787,-2.20310874211539,-2.70657307094213,1.74025213182712,-3.05366668502659,-0.954389477732092,2.72572888859657,0.344440969063844,-3.69589113114858,2.38353481034551,-0.104201634564409,-0.567415478159858,-1.46890765619429,4.33332815582774,-0.238465293845956,-3.73354216462015,0.983082605844715,-0.301782337443499,2.57263680745186,-3.68772657542678,-2.89543565068893,-0.677312794727861,0.387480283048224,-4.29509903408283,-3.82042344331411,-0.806305615534137,-3.23551047881831,0.570219251049072,-2.1839228686066,-1.35095631180624,-0.406957049367003,2.49980678978854,0.607635832919775,0.245888583179668,1.37716270824823,-1.30550040022825,0.143974621772507,-0.825634184386279,-0.831259409228527,1.17531162585388,-3.45317964442271,-2.79214392572155,-2.48423689752427,-2.2324322670053,-1.25808203619282,3.27903606392706,0.268372485336222,-1.06327206978696,1.1727284503399,-1.17476789566099,2.56923949993537,-1.80537180179693,-0.575930441777378,-1.19129597954706,0.730184926974575,-2.02099605497155,-2.16653067263277,-1.64928002879888,-6.43079411987093,-5.35428658100723,-1.99063022077238,-3.70644024611823,-1.28694595392847,-0.280563322379494,0.556598453617009,-1.52601575939544,-0.70468376437957,-1.63529149525712,1.49700241067293,-5.33716487557687,2.36678031489406,-1.77699199403881,-0.260252268617195,0.364067964693374,2.606256591151,-5.50564927194422,2.06575662138523,-1.33762776207942,-3.28051194029112,1.28088655001651,0.952748684153825,-3.05151563380753,-2.50897395205852,-3.52268468774326,2.06688965231942,0.583025436512109,-0.832283077005543,-2.71251611393506,-0.249024947110836,-1.22647178523538,-2.84207465107028,-0.132470851885789,-1.33427700222756,1.16663385781089,-0.358121074658907,-1.12900956403639,0.635607057998562,-0.732326889631386,-3.89655035080707,-0.750257435981031,-3.66577340960316,-0.824592315865781,-1.66895469898602,-0.148060052882392,-0.430106889643972,-2.63842351866334,2.24738600599085,-3.07521094070495,0.726647194522969,2.00580139408713,-2.0003188591812,-3.98383607387247,-0.487567604065791,-1.73436973025073,-3.54426431230047,-0.795842745549332,0.808660303680835,0.424477386717628,0.113842552836987,-4.67816216431891,0.23483023345799,-3.07471919037562,1.73699362533227,-6.68833000249013,-3.96222897995677,1.82242873831461,1.14937080516873,-2.01068255983008,-2.89736829712002,-1.59926105988623,-0.648496716332371,0.500470079762131,-2.31771883396717,-2.43056716667255,-1.64066497019987,-0.762303566304128,-2.96958202642216,0.268222146973078,1.99375568608409,-1.13935309505904,-0.943783493248595,0.0357191349126755,0.357732160336617,-0.21124190561528,0.0266368303248028,-3.39797272250088,0.594492051098369,-0.0643276228044763,-2.75338691044355,-3.20458565366027,-4.53381564329447,-2.69724256190889,0.210307345977605,-0.00639250996551133,0.791788189683186,-3.22699950874675,-3.4792930065945,-0.974235343822345,-4.25585705173014,0.346736537548023,-1.97566621957029,-2.43600277738468,-2.93232015872083,-1.54393121737794,1.49875331289159,-0.50561482511141,-1.07698350322747,-1.45392671939797,-1.94750092521978,-6.56823328212629,-1.97559049960316,-0.500323260369441,-3.55477324873885,1.13181252725749,-0.823935996672099,3.65724116848531,0.516856714522445,-1.80080931735028,2.7645425077542,1.89259931804671,0.198139913056583,-2.05171146078373,-6.56734423491851,-3.18832674353644,-0.21680210222369,1.3118000587835,0.802212143618321,-2.81832801033265,0.596004755714757,-1.75588027484787,0.73042199828312,-0.404104427091204,-2.14828631103645,1.60522641060324,-2.85834873824504,-1.67378575361221,1.10600672795554,-0.812056568420979,-3.71232851702077,-4.00034077423345,-1.88895754789481,-2.38250502650746,-1.2370180188655,-0.725148671171773,-2.3258490856391,-5.56162741081365,-0.4951751597841,-0.374621404770657,-1.28302143398596,-0.860798232390307,-0.700413072861154,-3.79423557556551,-2.27271959736208,-0.492992320323351,-0.24827952142703,-1.21372728585649,-1.91962880400494,-1.35973538223313,-1.44922861431231,-1.65741570923353,-1.72483113435658,-0.141028198279059,-2.60850358961984,-3.55655351803452,0.48994363634633,-0.904096753353679,2.44853857285238,-1.23419405123533,0.224906388355145,3.57309498348188,1.60885985649785,-2.08553899447873,-2.55054041995288,1.59958237511671,1.25809441531867,-1.14782646886734,0.389073280929999,-0.257737481657846,-0.165447775747089,-0.202054402288368,-4.6828431290005,-1.42501776221591,0.36398209786546,-1.2389893669732,-0.408013302717082,2.07820658394594,-2.2112511697315,-1.30699280920451,0.648126906243167,-0.0317270030772977,-0.806069504443231,-0.982188639313347,-3.12020549503444,-0.383944149310569,1.38599352302562,2.56942462457805,0.984077793331474,-2.29562005042197,-0.815559189392761,-0.204538269799059,-0.277535326295762,-4.47895425526395,-2.6420505894106,-1.81350038034899,-1.88032408838087,1.44279734860677,-2.30745386274792,-0.147477535184681,0.760773579329559,-2.70848655203961,0.620764821860419,-0.198957324487357,3.72050609391791,-4.85771089677723,-1.0711243568552,-4.33065463581251,-0.339028731704263,-0.531900474680015,-1.36250284520538,0.113369714188119,-1.50502576718847,-3.07011218238636,-0.330158859093992,-0.356609501839153,-0.963065657208499,-0.272280954357635,-1.27064354313652,-0.550294632866497,-2.34269915464279,-3.4268403346164,-0.195532579484406,0.996769293657657,-1.61615842841934,-0.765696603483819,2.01033089846572,-2.06118247832188,-0.0861828850938905,-2.92938300560673,-0.640018455573797,-0.707516410360599,3.1870123352988,-2.95876361446416,-0.0339096242580934,-2.92615371893655,-3.61134471830548,0.0138523525334415,-0.502542052415892,0.507655351111225,-0.36597970835606,-0.599720772208601,-0.337064421142076,0.424271127773812,0.216699675348492,-1.66609760722793,1.55408556555493,-3.93741566418843,-2.68144481682447,-1.00972842618069,3.95980307396453,-0.51009435043784,-3.30332577653875,0.0594542577819137,-2.00990962092456,-2.01462693727578,-1.3431492523083,0.175021158884423,-1.01975147572456,-2.47362342856304,-2.29841360539802,-2.06809151685593,0.125028827777862,-0.863158076634866,0.304903889078266,-2.53883715532939,-1.32066818463011,0.247146151520445,-3.41715489173084,-3.60023311737788,-0.611077176647196,-2.92084421775325,0.866901378820245,-1.79791668596372,0.0478678121815348,-2.40526259092254,0.258171612274531,0.128838455390486,-1.39569900867324,-0.156798368150404,-5.63791285611644,-1.21952163075411,-0.676880479243488,-3.88834552242505,-0.212339072719349,0.159131307852976,-1.41900297782388,-1.28340812594681,-0.0868904386825086,0.367034203438529,0.226291888228727,-0.471053345816401,3.29207829796069,0.407037600812115,0.818790832726431,-1.82773724826316,0.372911166394374,-0.901248738883687,-3.31999137310315,-1.341323825756,-0.0727902524200083,0.14174541619036,-4.24971342111747,1.58539115344297,-0.645575088128586,-0.771708863104936,2.72184466392544,-1.70127637445939,-3.27271797287485,1.19914878314998,-2.59957727450405,-1.95950185113257,-0.796932764928993,-2.1068333181997,0.0920638170847656,-4.06080147713121,-1.57448411151808,-0.822354496030498,0.0834673211620212,0.0914126080759541,-0.510024700701829,0.841658139722487,-1.53153466869567,-1.39286565763093,0.83603803976328,2.71600137191178,-1.28889667322449,0.0834820930544653,-0.539189181140571,-2.59728363209561,-1.62811006169944,2.03335084527381,1.4073071777665,-3.39732661455219,-1.22908003947015,0.498972030622826,-2.59855369421161,-0.288890119584275,-4.42981255502171,-2.14710361584841,-6.56245309526337,0.618868358194756,-2.86682292587837,-2.78008338041608,-2.14834048744189,-4.41534201032079,-2.52365389652378,1.18930687263186,-1.14451748084051,0.331876842614854,-0.485688451897749,-0.220466726623567,1.69236536059766,-3.63031342826822,-2.23539263486334,0.815025377568292,-1.63601687322967,1.47365963259115,-1.01202012548179,-0.78637637462347,-3.0212810181095,-0.75171216831112,-4.11428372702347,-2.05076027029022,-1.62723752210814,-2.84027813643391,-0.228132989265856,-0.54669022766046,-2.48365966202483,-3.98988217311044,-3.74712502989718,-0.208158422710617,-1.37329464224091,-0.339869480122556,-0.495535921187422,-0.315791987900216,-1.83739943901088,1.05818223699676,-0.167017734999324,-0.963403765977469,-1.61536101076394,-2.47945448693393,-0.879152949849113,0.105420488062144,-1.39700358347186,-1.35580555734376,0.151816524030931,-2.0657589761858,1.08433312555931,-1.32981480950964,-2.26600856203791,-3.16757660127783,-2.23003460664085,-0.0607013324055019,-0.0923935797310832,-1.58194081506322,-2.33822053866001,-2.25834991866934,-2.48641863597297,1.21951474513005,-1.33770279917761,2.21351773670989,-3.04221984198073,-1.37975883213459,-2.18838692032917,0.868323896542407,1.00425551743409,0.827554819438479,-0.528081525665124,-2.06158101824802,-2.93235519119143,-1.00750003626669,0.211667361983716,-4.29222588692919,1.43547451846472,-2.58355922027611,-2.30805908550881,0.517240827667521,2.56260852949892,-2.02360147033035,-2.80059786953428,0.272233803738809,2.22433032479582,-2.7819517068902,-3.19017365840147,-4.67582599719441,-1.0859164008807,-3.05907224978299,-0.158638087885309,0.218552158515259,5.08319600106174,3.05742714561884,-1.60628392676253,-0.0507772054393715,0.942119635766527,1.07008440784347,0.902802470294423,1.08998174294387,-1.48366080717855,-0.676286108931458,-2.59145141212746,-0.594263436142368,0.858324131023537,-0.348471467610417,1.05443542371335,-0.670293933620324,-0.452372499133355,-6.31181003513928,-2.02105009344409,-0.593155893158295,-0.93254265911095,-3.68792727626194,-1.18244342268471,2.38016801593946,0.566701058881931,-2.20346091565105,-1.16703980067242,-1.31198412068176,-0.11704614440258,1.50429722917044,-1.3493933773501,2.32965393990724,-0.884405502675963,-4.2395792594496,-1.26890600397261,-2.85318514309627,-0.574193685492371,-2.19708344340621,2.3277100977825,-1.8704417638925,1.90723738172737,-2.65407955264008,-2.60484742662722,-1.96171122518518,-1.03167489683918,-0.89809448843918,0.0497411959575829,-0.245349196452478,1.66569840129824,-1.07952231116518,-3.87309049133481
"33",2.997440499674,4.24634219114938,5.0944398363942,5.26477646243061,5.22351126374629,3.35262808444067,6.80045331925175,7.24217594837469,7.70543650625807,6.05551251076787,4.06808376955716,3.23255228262591,6.58252083171713,4.34320029727839,5.82520846558379,3.57572119685599,5.334199652851,5.84293068578914,2.7064410792653,6.68774875959271,4.5660684847305,6.32374987400729,3.47376001686751,4.39639475816664,6.54720096501732,6.62081932081357,7.03390844784027,3.77291868269846,4.9627443698084,5.36332273465051,4.75742284745721,5.02821214465196,3.93908171526743,4.13117116834578,3.86492054959253,3.79193966646485,8.6213581007012,7.10137454280145,4.1835648171401,4.39039437249193,7.28733914841191,3.52635130288509,-1.80502599050558,-0.199826875455341,0.955321216301479,1.00976387816987,0.574218257929086,1.07621717759388,-2.27159998038226,-4.45573258072439,2.46642736747885,0.493290024840807,-0.777030096419206,-1.66722566393553,-1.435522031065,0.546944506777099,-2.01494411105785,-0.104742630376302,-3.20041717591621,-1.54405294344734,-0.0290434577747916,-1.70192918295697,-0.612787314207107,-4.12958683573053,-0.963853140189102,2.87770754089171,-1.74317735547957,-0.813574550179952,-1.2857774360078,-1.15297427510079,1.5441012514254,-0.292227892382114,-4.79287965012496,1.44450704589889,-1.59022123465346,-2.36771588371834,-0.560335448065255,-1.96468001060055,-5.51705061852175,-0.797784839996049,-0.848060107517508,-1.87967908417265,0.0994480681439556,2.37013908911516,0.982679497554519,0.467375066354958,-1.46432713161355,-0.56546792473737,0.335225088861923,-3.21151748932524,-0.822403078595729,-1.23694480590537,0.198941292706925,-0.489510248687631,-2.74587193322111,-1.80545319804118,-2.62605176478062,-2.04406520256043,-0.131591830520184,-1.61313537960554,-1.75846497900037,0.529558177875392,-0.774358633590822,-0.273221830337672,-1.84085234253453,3.36536444774976,-1.97675723176009,-1.32707316067857,1.31431551407512,-3.47092025657749,0.0259656827424761,-2.31830380511996,1.86873192053662,-1.17043166097491,1.33395867038705,-1.50621174042227,-0.78753249944582,-0.799588427202775,-0.793522157851843,-2.73657706121179,-1.38246143077658,-2.89472585545966,-0.290888220785295,-1.97313838010179,-0.372160106561909,-0.0381169561709706,1.36922815282881,-2.81302765225195,-1.6910715063788,-0.623977444510111,1.07718935707954,-4.92102895124768,1.31137673294017,-2.00323528816546,-1.41898725062255,3.21500547471769,3.66964344063257,-1.21095202122952,-5.75619637652971,-2.51652461968517,0.828907252757004,0.959513310453575,-3.96594210977891,-3.80918974832501,-0.690644100653275,-1.29836172978441,1.7219961725307,-5.7526802842189,-0.902259278171439,-2.73407241431914,-1.86125400258542,0.721324626213868,0.725829741493878,-2.24775826166814,1.17126021480913,-2.21937199544913,-0.690922734695966,-3.34508247609654,0.562451592846596,-2.1309067646758,-0.374946949367782,2.0268915731041,-0.611724623263803,-2.49457850336131,-0.258375263724529,1.59793592855685,1.74575133415719,-1.02395077565972,-1.6082061291425,-3.30736090154664,-2.22049364239123,-0.260205547493259,-3.32161514182671,-3.56678041266869,-2.94054350757807,-2.8400980189215,0.770238968037053,-2.84454127513256,-2.57620053054591,2.11970373904473,-3.80613657419851,-3.01656055649737,-3.60903793698551,-1.45800048550317,-2.10724175138655,-0.982859073668583,-3.1416780572358,-0.0364535519561847,-1.86372732310023,-2.3111176281908,1.52791063623612,1.67861600204951,-0.172378377959098,-2.4052716586312,-7.03054659269034,0.183518183509375,-2.34763311304938,2.51990524158268,1.10439404351714,-1.54952155409991,-2.93720327434081,-1.65285090058387,-1.14569970759996,-3.10604672344678,0.079667593671211,0.458664079904158,-1.33922421221844,-2.20348699919995,-2.80238094687698,-4.89993540172572,-0.911416935124125,-1.32244286916602,-2.18519529666909,-0.508860573804134,-1.21138012734936,3.51384345353643,-1.47715431745053,-2.56151034732758,-2.90447781245977,-0.327875598453407,-0.865067960592003,-2.43643757333373,0.330715355076479,-0.862680551182619,0.508452570779443,-6.38481278625149,0.161459005630338,0.540265455458623,-0.297675062096166,1.04970508990522,-1.29173925235245,-2.24356987569514,-0.0122216089172728,-0.669560509996162,-2.05164076371587,-1.77408997174626,-2.51657302740013,0.253403174087038,-2.58645972524289,-0.407360590370286,0.19618307255653,-1.75225161912789,-3.83518387472418,-3.02551163251624,-2.09674642335979,0.853285199216164,3.25069668270247,-2.09166315185334,-1.76958944431798,-4.45700463009094,-2.83609301343302,-2.0887248017584,-4.44439495284913,-0.0137047858512481,-2.67176270385754,-0.0665016757838612,-1.49486603222157,-2.48147750345604,0.243971984953791,-1.19735546835872,-0.921601525092612,-4.6376902626356,0.86469712836735,2.45202778004697,-2.61400040377695,-0.385909422567993,0.488654700446012,0.770756981260282,2.99700801910895,0.539619969801988,-3.61949438530021,-1.58384331518124,0.57100443955303,0.27837118433935,0.280365686786562,-0.941116052833312,-1.70393954083338,-0.509138324864332,-4.08936558544646,1.04897558054541,0.35088950739545,-1.9992659925593,-0.939055705027075,0.140902838162174,-1.31031864530019,-2.68601155391617,3.04566589120086,-0.909667364120282,-0.832904096528596,-3.74808040559922,2.12365416728975,-1.37209297315706,-3.3071163972739,-1.58974385086197,0.905454213748498,-4.04133557816969,-1.66607905318301,-1.48452096430681,0.177318204050978,-2.58984017643168,-2.39216229762514,-0.714316833416128,2.37602055062679,1.75354653294311,2.16955796175007,2.87408706827028,-2.0312735834946,-0.611968078284167,-3.46042495951174,0.604291144073669,-1.4569260392897,-1.045764308685,-1.42688793554464,-1.45100362429431,-2.17338345487407,-3.18986532002391,2.9907017560309,-6.88357213207391,2.67929917826494,1.19455718021192,2.55029423414752,-1.70320796911468,-1.63722313024463,-1.96054190871647,-0.897103479043984,-0.91592557773143,1.58145524183918,-0.372359333250593,-4.92575981810912,0.269924927772342,0.289795061592993,-1.49533209314408,0.835175582565847,-0.498445180315271,-3.64820509690551,0.428537153576027,-2.34878639516809,-2.92357464200096,-0.924627703916415,1.40186953067874,-3.1373577585543,-4.12930461849425,-0.690405864251993,-2.13172461117604,-2.55711836170571,-4.24107154504206,0.0785579497750528,-0.160079730389466,-1.68789388226734,-2.63520739224172,1.77416483986176,1.62308024042531,-0.472530635511396,-1.58932057696612,2.62035669819804,1.60666524875756,-1.41999178453241,0.905109008877491,1.27993432394717,-0.636098320151018,-1.9695736595774,1.02995460055407,0.461348444287158,-2.98875583885744,-1.37019822900853,1.04345889080309,-0.841807471407036,1.25311700601371,0.958729575950815,-0.840681642571301,2.20827969543771,-0.6037848447995,-2.48487116024327,0.729537027402937,-4.41788022857005,-2.57804070674769,2.22857666693531,1.62681719577913,1.56119823407876,-2.03900381397492,0.29055790712358,-2.87269845474324,-0.230878850282928,-3.86543448749073,1.35636663938621,0.721794960916214,-0.949581325070675,-1.7751658413323,-1.56534510386182,-0.524242140802767,0.778917900810094,1.39949419687397,-0.766471726358593,-2.01348164905793,-0.124223025709843,1.81425278368729,1.62651881189071,-3.63516465153378,-0.272031785526931,-2.2978139601076,-1.07073990075479,1.19440542145366,-0.245869152676153,-1.2123604701984,-4.44536066996712,-1.43000386718749,2.41392658650378,-3.11538423228545,-1.56661051788555,0.68571893624442,-4.29936051857795,-1.47856963719981,-0.168125717995221,-2.10137436818909,0.562106593673091,0.209216742653576,0.594344280157052,-2.58477170108959,-4.17721151029812,-1.68224540317861,-0.488528018841248,-2.31255037332301,-0.670739557215809,-1.97580473161036,-5.2456980304114,-2.79759993218966,1.82589257126803,-1.8685244057983,0.345900844693093,1.63354507739485,3.3006073912175,0.779578231871633,0.149182414902356,-0.823929127060059,2.01819124455594,-0.565265516355646,1.93794441275376,1.14283026952151,0.393498160194497,-1.37694296605266,2.17926592106095,0.860380473763109,0.941908266706269,-0.972174533412941,2.96958429916105,-3.20132186948136,-1.38212357665699,0.861867720604468,-1.48439690675401,-1.29318575811293,-1.80396383231628,-1.51126055735806,-0.50618413822101,-0.911160085893101,-0.948737291527339,1.4863830463789,0.249520773041128,0.791637878779436,0.771305859707587,-0.876409856308776,0.198146466031103,-3.73291497884237,-0.128593125056607,1.24042004430645,-3.19076277682635,-1.94005158330316,-2.04890980873149,1.03868484158912,1.58780332566778,0.000265061306031988,-2.35745633041788,3.2935561381673,-0.414930964441191,-0.0545792171876247,-2.80901501854303,-2.0499895214369,-3.75763562859533,-2.7564509431008,0.674784682144579,2.99474120929123,-0.265837030788318,-1.01027937431465,2.60919740424139,-2.94373442414227,-2.21824507662445,-1.85755366500695,-2.51456103558261,-2.50775862992133,-1.10734203205596,-4.07585584366369,-1.9762850727053,-0.635406987635273,1.47902097443296,0.444163844176246,-3.22983141298884,-1.00736271163833,1.85277479082116,-1.33997484735864,-0.762728800530436,-2.16504347219011,-0.364979692103247,-0.747430974889427,-1.8160806920039,0.456749853794282,0.156025747578644,-2.37972982294419,3.06649467389775,-3.24952272756184,-3.96500320541119,-3.94353117943921,-2.38200430590031,-0.54517843242679,-2.66677240332441,-2.27312820261651,-0.270971799559223,-0.543920498372089,-1.90653952434775,-0.656377811706329,-4.48274166947473,-1.68275492221051,-2.53581387772585,0.234335187714499,-1.72720750060491,-1.35391924510931,-3.4036252124894,-4.32113882160819,0.809690637685389,-1.78350669596946,-2.50269407655097,-1.71674021621494,-1.12632895894917,-0.987645817600517,-2.17507971965385,0.60418570531827,-0.393325396633195,-3.1651898116852,-3.18395848293298,-4.50932163458665,-2.89920923436908,1.90868173681792,-1.65742139907254,2.23780408513225,2.72999555952209,-0.903733165380149,-1.10737629793618,-1.36368943365564,2.44416930006219,0.476503023154925,-2.47829387643015,-4.87152305758789,-1.75684823169334,-0.981821787324177,-1.84956551445442,-0.31162038108107,1.14850882988069,-0.786894023564005,-2.7729567635041,-2.71606411003741,0.129667608231151,-0.848530414704844,4.43569539339735,-1.18668746400407,-4.47110708658072,-0.0700629788128108,-2.36743579970191,0.146250730463557,-0.637167361433314,1.57751914091205,-2.47706846096842,2.95640649876178,1.09442932553418,-0.982783459069927,0.610993381451817,-0.739808311212384,-3.32562839844085,-0.786158754741053,1.55966780546605,-1.75825094960366,-0.994768295992052,-2.57475907404024,-2.36595832987741,-1.18928683151802,-4.54719583043946,-4.31642430704906,1.43954487947005,-1.50793446762956,-2.7372436388327,0.860607152402762,-1.06609484678206,0.754065900062164,-0.392126996255011,0.332665729432933,-1.86565895771458,-0.050493502667853,-2.26003365577502,-3.47912957994041,-1.07957466436593,-1.76602618529406,-0.119287003328629,-5.49980418815688,1.66135991830714,3.01977268908986,1.85602252016401,0.059793373643908,-1.07549294256425,-0.436794582684145,-0.974048675365682,-2.60999144520909,0.559639546445927,0.273872071597622,-2.02929427064956,-2.16844749819389,-0.965599190597751,-0.659340016605966,-2.2132981688775,-1.75749548583384,-4.08182131328971,-1.83680081289175,0.243079959484509,-0.824596719759849,-2.30538371473842,-5.33969129438559,-2.07827495542717,0.375236408892103,0.0913338584166021,-1.33895478466494,-1.86685016353653,-0.0660515756817827,2.15596942813556,-3.1640308542653,-2.29265994569136,-1.32660665756553,-1.65420645340233,1.06920105333278,1.26037661820365,0.64503019538904,-6.97247287595151,-1.52738555744503,1.01858038585234,-3.51182360861446,-0.238412386395972,0.0769459251843736,1.4752779465502,-2.47484684903502,-0.44952292155586,-3.68421270797484,-3.99460200522689,-3.03062460729879,0.20622839308113,1.30341016648711,-4.30276767757888,-0.153935265576208,-0.12381691928586,-0.456169449784609,-0.289063977385095,0.101136933111041,-2.25324531346547,-2.77319635757166,0.323701137937168,0.147116884855042,0.653770441676323,2.95435147375434,-2.37546174872836,-3.34545204051559,-1.74713893358019,0.6702637974791,2.78815643475034,-0.519201056690545,-1.35778513754972,0.329662258376465,-4.5855881252845,-0.748011867963965,2.18446237487267,-0.805466618436351,-0.91054082894082,-1.93809623583069,-1.69820849072519,0.856525387012279,-1.47230111264287,2.08805390196315,-2.44568355541327,-3.06099024859319,0.146539366287499,-2.86713179164265,-1.31214416358661,-3.00708793484948,-5.34685053056589,-1.57974784909548,-2.60471084315059,-1.76969409000883,1.2961762998391,-6.36445939930896,0.952339087727843,-1.51432840891192,-3.75199632334372,-0.759119523112101,0.151819820247675,-2.23022881587895,0.972015870283013,-1.33992262183305,-1.18399793052025,0.88305422560561,-5.14493776501866,-3.04121469501577,-1.76661158088929,-2.75435187328643,-1.85413956095975,3.32725607156705,-4.37366495836967,0.208660909451412,1.9944578423883,1.32754980106809,-2.37630709386258,0.623060622328265,-0.52918541430053,-2.6920735053759,-0.502551778379547,-1.16916649997071,-3.6326704924998,-0.158317556468611
"34",2.94440042182609,4.55281067775313,3.63289592132893,5.20993371241978,4.06067247389673,3.24340486624262,4.7660483242298,3.61663460266046,2.8142962993547,0.811651596743518,4.44690670121945,4.41462259493971,4.15755598036387,4.21596914478352,6.51847899178758,8.32137540656453,2.60656779843048,3.1465965116758,7.83134364204587,4.89001268011057,2.74009636704624,4.4995662682116,5.44914533808764,2.94627462070284,1.9852207509328,5.27248228353928,5.67635424385103,4.37141213886046,5.99995888083608,4.7349171327591,4.27413226070786,3.07897158081263,3.22573964168115,6.32872300731656,3.5750825113428,7.24027878238763,5.20946254740309,1.12537507670627,-1.319892927615,-0.524109591510433,0.960367697272563,-1.37595065367651,2.33987613567286,-0.486659424607213,0.228470821487441,-4.11298290326716,-3.1247886948722,-3.26519780475288,-3.17492061705306,-2.25583114744881,-1.35950800856553,-3.05116247840454,-2.92667765203789,-1.12218051036638,0.840929579302564,-1.01279819220936,1.97320072086588,1.17778104960414,2.44491562921025,-3.87895268004222,0.00134440616902509,-1.95938394666449,-4.73691960050802,-1.75332404905128,-0.901896070497336,0.431784921724103,3.86812637247144,0.0929785999752581,0.395266902947104,-0.481699020022033,0.917018224418571,-3.50050294638148,-3.27922178293203,-2.72287836554199,-1.81976072581708,-1.55051904173088,-1.14686620242319,-3.33715374969555,0.138033889673179,1.02848681750879,-0.669071658784783,-0.830758993602551,-1.32096214919072,1.02642734830884,-0.709008936117158,2.75346830119444,-0.187511717815277,-7.29640634796383,0.404630488166245,-0.999415905507258,-2.8602565884028,-3.30829223757424,-1.79202278353719,1.84230909845712,-4.15456395909252,-5.46378694443597,-1.74226966266187,-3.70632910404256,-3.18981118860407,1.29259944576678,-0.680820949908027,-2.66604935495657,-0.822373660163698,-2.47065359935041,-0.397125634468562,0.963563530432052,2.27668938349759,-2.60291428632287,3.15465950113185,-3.52230151614929,-0.0419893797317973,-4.36636393999399,1.10502732247253,-1.37139035307223,2.18578342493768,2.06560209127459,-1.51824929775464,-2.47589568531793,0.224867349830054,-1.04693620293125,-0.868374957590989,-2.14142545265119,-0.210755832449233,1.11839769850831,-3.01788290056152,4.75721430922052,-2.86364929608203,2.34418463675491,-0.839588081601512,-3.93202513765631,-1.43834106076006,1.52651447216959,0.167881085216769,-1.92203249580693,0.239656743925926,-2.65726528003592,0.676899843973872,-2.60586041725042,0.941339483163447,2.57754807830083,-1.42902503574846,-0.00175615309528776,-2.76959848337165,-3.34937230856082,-0.317634141124632,-0.0247951430160606,-1.74770538017903,-2.34206158780924,-0.899338909994523,-1.42277315111314,-3.94898827801905,-2.38021706007156,-0.348803493494274,-4.68668623405484,-1.90111334459751,-1.12136225911552,-1.74216001587781,3.01166587040646,2.81298650880368,1.21752774976352,-6.18617659327251,-0.0489736401591671,-0.858840665407627,-1.07278868766825,-0.59029947339257,-0.506336648933426,-1.83687120984551,0.734647900221276,2.48887658235011,4.16612175340721,3.17918594374322,3.30112108320287,1.08763587171587,-3.12345819131417,-0.411773026931016,-5.04147462421542,4.10463319853365,-2.62914671547446,-2.06715781740543,1.56982273730798,-5.59281910803889,-2.00487325977933,-3.02103624388102,-1.66545003387545,4.81264758344956,2.13596007359124,0.0908261566300432,1.50493548308679,-0.95237672924162,-1.86238652218536,0.948813166171262,-1.3746295296878,0.975688019403551,1.94956380719584,-1.45786460385268,-2.84410907261236,-1.46176740614374,-0.635253427944725,-1.57837438054099,-3.94265726089146,-2.26979647655481,0.310687021872992,-1.50987010531404,5.52994059095203,-0.0403611586856302,-4.02904001119423,-3.21263689773376,1.11743153476572,-0.589191533273165,1.61978281330056,4.05467219353996,1.07672888564779,-2.98829844067277,-1.28887696486662,-0.0859498780984288,1.45672428406557,-4.9619423008832,4.28218011673878,0.966972691039153,0.304902126294607,-5.87032561722887,-3.44584368993191,-1.38681520970306,-1.91184441627924,-1.15742545791371,-2.96873425569353,1.40800417535123,1.24951617780433,-0.131904132971811,-2.45279450578325,0.115731982988824,2.23392661380717,0.423341475823619,0.65571353057077,-0.14153162854783,-0.727269675231688,1.72061268937964,-1.75186555900734,0.159972805074014,-3.78532443016879,-0.690572275801141,0.379539068805052,-3.34771777604214,3.14494389405671,-1.86259530167789,-0.688656283707705,-3.49435169895311,-7.10852240631386,-0.589286937010458,0.447835167761586,-0.959947909938903,-0.814256982042424,-0.169896698105319,-2.63397499525579,-0.745273815446128,0.751445341373429,-2.39212475642934,-2.08817711165385,1.87612852167133,-3.33440821172539,-0.605188519430243,-2.75729362162727,-1.23878603440171,-0.880893016271289,-4.06463034846338,-1.62901052375995,-0.761432140526825,-1.99228607402458,-3.96699881744677,-0.202634051282339,-1.85563432133428,-0.229149182193069,-0.830256679368864,0.233783037928329,2.03669419451664,-4.63558791502358,0.120129869475827,-1.03460840010814,-2.51736615785488,-1.11424091307466,-0.894587567879677,-1.71459374039724,-1.78757206046895,-1.47627897273631,-2.48325442955712,0.683171117555333,-1.30441099382551,0.561559859747277,0.433081189839612,-0.48259318111944,3.53633752173869,1.26178362075846,3.05329268934687,2.98275133318094,1.10222975674046,-1.39000385923661,-2.30868858945253,1.38333493338602,-1.8380916833026,-3.14737854339966,-1.81846274995191,-1.9166995195521,1.19790498737676,2.72355821526218,-1.32478883219967,-3.09329462508239,0.9877651536617,-0.666808300966715,2.34895180754051,-0.871288119058001,2.01974344412497,0.833568165071813,-1.26445354487235,0.0594340092057606,-1.17373368220634,-1.35136052019996,0.278597401313584,-3.06768124063814,-2.63791647527262,-1.79618249457789,-1.74510419712569,0.0853343007863763,0.882378152720271,-2.44176870120425,-2.87893134216996,-1.58772870227801,-3.04006131913706,-2.77126318789804,-1.56085415054361,-0.200561356240186,-3.33353455771306,-0.482501848347595,-3.08828376867618,2.00796202351167,1.54992420949833,2.0394159157825,1.96535323905673,-1.24605623149918,1.39812604732623,1.40647934551329,-1.05228792594384,-3.80937794805913,-0.417721313457374,0.679852937057801,0.766094316612128,-4.77730912314412,-3.75554393860748,-0.444839496549903,-2.02167689953764,-0.866153255371666,-1.5222447833855,-1.93405493505354,-2.03587428328736,-0.608577545346805,0.968349432833837,-1.08290739985782,-2.18164836562406,1.37735941255821,-1.81322849877572,1.01476960591717,-3.4345817811248,2.92247318701351,-3.49980102730231,1.68357158398661,0.736795690291985,-0.49872935660029,-0.87943454526855,-3.01349905879955,1.19010026315232,-4.54522512549867,-0.2322705787526,-2.26523254533739,-1.97541354786195,-0.424842878991877,4.82449499569425,-0.914452298361247,-2.39819341876323,-1.89301902686626,1.45047713594976,-0.685655191886375,-3.76276719040318,0.214354201597996,0.31647744425666,1.16702178774607,0.134082869633676,-0.505995193725521,-1.61140642106363,-1.60720434888232,-1.5151561750716,-1.87959791340549,3.52547951968638,-2.00102399010699,0.173111859796218,-0.406491248474551,0.609006777552827,-2.43404617744255,-0.384483556621834,-0.90697695013124,-3.47255501537843,0.239376276533317,-3.53750965876286,0.95693751872942,-3.76033077565574,-0.288775422372121,-5.37290005640499,2.85612785531806,-2.20367593224124,-2.255636564771,-2.10679108659433,-1.47506662924668,-1.22551193837805,-4.66544777186229,-3.97729962546983,-3.96310917661301,-1.47964488531136,1.17093097303316,0.189814483029873,1.3612756059297,0.851453132242996,2.44720392624457,-3.68081573334538,-1.18080808448367,-1.24980352253845,-1.37428624538765,-1.94184277717664,-4.0943996369527,-2.30902785449426,-5.25280220997516,-0.960837440709564,0.234539909523813,-1.1955381838637,-3.10421840713066,-3.88789206217607,1.17064903963735,-2.79852177368732,-2.50973950753483,1.62085395461416,-2.00424257522331,1.04637767787416,1.81806949248996,-1.01460747088805,-2.84692494611271,-1.76120694808386,0.785728568678654,-1.0767661331622,0.112440067411143,0.991365781338125,-2.29137602347319,0.801502281613044,-1.32827391430777,-2.3646201137096,-3.1625085275951,0.927328407047666,-1.21066266572116,-2.18702115005469,-4.03539923154714,-1.22293973592274,-0.586105029613795,-3.08214392721252,-2.47323479068703,3.06070118830856,-1.25809027087464,-0.834107748359803,-3.89769535752426,-0.633137156530903,-2.18131345493155,-0.683386387414934,3.21932389191246,-0.142929105526776,-1.38478674909789,-0.732873685806797,-4.25205603547604,-0.0688848133706801,-3.5002066744739,-2.27634594321758,-2.10540302183181,-1.74764413058986,-3.18622279197723,-2.02127576168698,-0.446136568281211,0.288753849196026,-2.28385921716193,-0.22470024524656,-1.0856377014287,-3.80664482466707,-0.257546563403655,-0.571793327361721,-1.75821877271292,-0.521520911179497,1.01954620684675,-0.450962830010022,-0.404106166646679,-1.94568779458967,-2.5797748432324,-2.69161601312226,0.0532293988238972,0.496460568950985,-0.984693160787131,-0.306756852309378,-6.7061328196941,-1.56962603079694,-2.69561200857487,-3.99862079290355,0.616521409210095,-1.39524676958196,-2.09337164722234,0.89230717460984,0.634244750940882,1.81709040802795,-1.81587410239282,-1.65401815159296,-1.82233069812897,-3.4767968325545,-0.743680522336777,-1.04742392010994,-4.05983073727271,-0.633136038437838,-1.32422958107593,1.72528796825592,-2.1173912652358,-2.01986658472298,0.415429693462299,1.13372070708717,-5.41921797349154,-0.724095894119805,-1.86574467220637,0.326772826259119,-2.24374031324116,-5.98021894694762,-1.7356898853644,-2.98424539117712,0.719685750419409,0.801705503876891,2.64994629949097,-1.87463002192323,-0.116630040521135,-2.96436997399385,-1.78427524509314,-1.38256100421798,-0.280617752391576,1.32330700568006,0.0882892536354436,0.331665859363623,1.06892007696767,-2.00006112544851,-1.13422433650673,0.530807060914987,-2.36959305885664,-0.10272354356751,-5.93847536855731,-2.65170550460938,-3.34670085332431,0.495073995826449,-4.64168352341265,0.672321764230453,-2.04132386738635,1.35935535270166,-3.95960686854967,2.61766771683841,-1.38292332775159,1.20501078634423,1.71333237856052,1.17920100220385,1.50464825974185,-1.64318968325179,-0.16150814172244,-0.0865705391651007,0.888700546548063,2.2550652144959,0.897697228814435,-2.95694557726623,0.058719994996578,-4.3209291763161,-4.61603287331185,2.89814379508944,-1.32769287771902,-2.61226467729127,-0.285956847414851,-0.439884575328123,-2.89119909560347,-0.625223173569017,-0.202980538665539,-4.27760700874718,-1.11682074363343,-4.72136483541047,-0.352345597585751,-1.04774706875918,2.5356055085259,0.902629697931677,2.00284373569048,0.396727949784871,-1.13577943604492,-1.95782707999847,1.03215651852624,1.1063406765122,-0.529284463762101,-0.144424621656897,-1.54854976523185,1.56779742470225,0.117904946636834,-1.99445111932652,-0.615484720387299,-1.25606852057039,3.16831095800713,-0.911268387028671,-1.97976310769419,1.39414801421841,-0.100480753458745,-0.0267676992330657,-0.745938490148289,0.196521627010775,-0.661277554464519,0.252045058090322,-2.637138253097,-1.68814922958515,1.93848502797071,-1.85512851016164,-0.104296230836812,-0.683867452077668,-0.630472295696027,-4.73600301376886,-2.1018782539087,-3.80778873094191,-3.2134395133153,0.0174532374699805,1.11180517682628,1.50276690729977,-3.83639534102167,-3.0748677625791,1.8130626178303,0.0311767495792945,-1.63030651220497,-1.5422333996236,1.84425562104427,-2.2428477168286,-4.45923412836361,-6.19248052523696,2.15238085059622,-0.164312716213652,-0.668651421383431,0.808201201692644,-2.45322883969583,1.2228934348105,-0.753987122374441,-3.27493363489599,-1.19413273600342,-2.2506989487931,-1.49656039318797,1.63186782507377,-2.99547167495522,0.276687509193269,0.237981464213167,-6.53439792124453,-2.65623610194999,-0.426783007176463,-1.85711501461518,-1.9278690437562,0.829217696777575,-0.536761445699882,-1.41438626715593,-3.01623476645052,-1.05976497073357,-0.509782717486704,-0.0778323656100665,1.77656098272491,0.0198211031075817,-0.825165898155156,-0.116159172639978,-0.716425892515252,-1.42271077682288,1.5439316201223,-3.48912600147675,-4.40325572741426,-1.92169329277842,-3.68751054001971,0.570066375269595,-1.32750843029875,-3.3639875801608,-0.361197346065729,-1.62354017875437,-3.43932634297144,3.1569954631222,-0.028861918733591,0.66119680857103,-1.373923698715,-1.83957721169602,-5.15300723136714,0.242499390970066,0.831317977674311,-1.19918846241472,-3.36400803663171,0.213309028681664,-2.09616205432899,1.00707304275325,-2.87661916789531,-0.887734717082694,0.36008088987717,0.29298006702463,1.1888222864749,1.44523500077411,0.376525363499961,0.84191524726584,0.951309726415165,1.10208872360626,-0.434199339424191,0.514861618181905,2.99342003013368,-3.08795569958141,-1.37348238831314,-4.39637686864541,-5.0363882368156,0.541266384404551,-0.421970743745591,-1.28897626017008,-1.25703259399183,-5.35499637533146,0.141415868626457,-2.19571338083965,6.2443381788228,-4.07373190627264
"35",5.95936167081032,9.03810204036034,5.41824451987336,3.39144350976179,5.58581375609096,5.42034676253433,8.69732549960011,3.35348406644473,5.68697851862381,7.78080973743033,3.37984655699896,6.15167133512296,4.98745804757776,1.87294423056561,3.09235798081945,6.0431812050305,2.08595900695623,4.59429628256853,6.80764915389663,6.50792950620992,4.35187796904445,7.57166747790892,5.18870822463657,4.07508024290538,6.64217597872165,4.5682730636455,3.82054637281715,5.81238992975109,6.89282380462039,2.5939074136406,3.88339990739104,2.22078956858478,10.4328687520976,6.65429899507215,5.20582281127251,7.09515288625365,6.09732704810547,4.99018590704787,3.7416706429536,5.23292300017242,5.2045782056308,5.24847176611426,3.02044767464141,6.00637132797832,2.91694917420598,6.77447721970155,7.02453916694135,5.95085872941909,4.31344536124407,6.06678877157496,5.23196658890475,6.006164009947,6.45395992542297,2.58791946264949,6.04910409952198,5.17391088201033,6.55310570979585,4.42051980372586,6.51539313409634,2.00681609977012,5.67506820364788,1.91816595364829,8.06632098025294,3.38090223757279,7.88097751108979,4.9364991985568,2.22436734306045,1.52668204620386,4.79610205847758,5.48441650218141,3.32355007621415,6.25486858469928,4.89013137470405,3.08686663649677,8.35452418726769,8.30976189037849,4.41484160097042,3.40019161772257,6.19259753175688,-6.99056145863899,-1.24413813173674,-1.11980368813333,-4.10235704546063,-0.550485857898991,-0.898913343896618,-2.47292575271521,-4.20427918358422,-1.01506348030446,-2.19625295027756,-1.97701118837644,-3.74673670945725,-0.282100575740531,-0.769357245812034,-1.25331413750179,1.13667029723461,0.220880786507874,0.475437603043111,-4.0298754508447,-2.77185813428047,2.67851551398163,2.50995588634894,-0.0765388812976339,-1.23240445490299,0.207048017652601,1.58429853009051,-1.85883812083866,1.6946076237705,0.139827818898483,1.52459547103247,-4.11159166307561,-4.65896053579518,0.344077467055091,-1.66082346564435,-0.169987515938769,-1.03977967627939,0.729489120509099,-1.97676643438379,-2.37694530087686,-1.32331631250674,-0.802003490781992,-1.25684328252861,-0.772871429339036,0.0171684770760787,-1.81751102166656,-1.64404367920497,0.445718409435599,-0.849548380172165,-1.4525750044272,-1.24419181053181,-3.77202964380865,1.5563640049382,-2.92686030237647,-3.52165906791942,1.16141662138574,-1.87991117728154,-1.37847694710006,-5.53126476252936,0.042994111331657,0.0998590730424591,-2.15392844199517,1.77845076389862,-1.07984862359523,-1.30725984843149,-1.73393502430978,3.36109544063479,-0.0927305915104827,-2.47621154450212,-1.20617673567996,-0.849361560884264,-3.25077188617026,-1.1632092987125,1.51882632663381,-2.94269598961266,-0.378183437025538,-1.03416003270859,0.119273485423095,-3.15553176071202,-2.36619151510974,-2.61235275698791,-0.134046567194129,1.10569712432418,-2.23244586816764,-0.363914105801387,-3.11648345159181,-0.0916493494116973,-0.204849178169391,2.33565564289331,-0.806743704073918,-3.20121861443573,-1.85025889264795,-1.47547574157978,-2.21305639110811,-2.80516211644048,-1.88237609084349,-0.791150633080834,-0.175860220243999,-3.36856780956108,-1.74531619382667,-2.64932645916945,-0.353890895076564,-1.40449423118081,0.704878061008431,2.98523305710185,0.0233915575986334,-0.278507166805138,-1.81185874941024,-0.731678765999241,-5.43970698573249,-2.26180203971175,2.21404816662723,-1.72356186356788,-0.64109670467378,-0.306859328740232,2.36854792038648,0.209400275127878,-1.10173723159443,-3.07902446686633,-2.67978460688091,1.20305069368788,-4.28521309629985,-2.38238298800776,-0.55644901054284,-1.02875140576423,0.144302304542288,-2.759346291487,-0.35716597787977,-0.0351877834403104,-0.288285757983976,1.05583246308679,-2.17011763897416,-0.222594924461675,-2.86536740047007,-0.885340594976354,0.644503837239456,-0.559427569402014,0.144389256040222,-1.62186218601099,0.765521105814069,1.01221833216847,0.532129091060124,0.0963884092041611,0.155188362772974,-0.439893194403198,-3.56917674862943,-3.6276033268978,-0.0260204124833177,-0.481711772106814,-1.9041280818312,-2.65795748364402,-0.673855853740629,-3.3772021415971,0.733853622967497,-3.25636781706344,-2.88106572131684,-2.79476369146158,-0.701977442055965,-0.761968409345182,-3.76641980134196,-2.58489476115866,-0.543997419585968,1.32432902420341,-2.81453287454712,-2.43364303760972,-0.38830330058741,-0.709195148242063,-2.36575503941868,-2.26803603862496,-4.24951032265523,-2.55241843142997,-1.91406170785047,1.21502913625589,-2.2517153540161,-1.17997470223694,-1.52645047985549,0.57162418246261,-0.31198568465435,-4.21086242479674,-2.34442898330649,-2.08901303794246,-1.42317009745251,2.21677348593828,-1.39563520112525,-1.89640811802781,-0.974472011935598,-2.80075008379653,-4.31197984081086,-0.133364568238784,-1.68958396741838,2.14704033761083,-0.293833128408166,-1.83331115897007,-1.72496706654271,-2.32072310891534,-1.05985026763822,-1.58676657020909,-2.53085819021431,-2.36122407341101,-2.79763232859744,-0.107471231005566,-1.5403843384287,-1.33408942780509,0.540208270154065,-1.26767598471164,1.43761299029118,-2.73790490138444,-2.44551548965509,0.470084971669864,1.37270804120392,1.13413726021871,-2.05652180371739,4.15669518795135,-0.304275131418886,0.34643343636065,-1.24202086895545,-1.3013109507666,-0.80803793540001,-6.18420388404043,-0.892553424949307,-4.09379005053104,0.0741072533417158,-1.09591020981418,0.415452898606449,-2.79625419949901,-1.03841902206777,-3.57946711572872,-0.284501588141296,-2.14303132984667,1.66364791346601,-0.16782839864844,-0.674267623189446,1.1883383903843,0.967327938424819,-5.13107143183009,-3.13494490850788,1.56298459068671,-1.15081632732535,-2.56478083173791,-1.59779444039873,-2.66825586650794,-3.10090989878775,-3.59426514433271,-1.2739177588763,-2.0187471800675,-3.12290029006271,-1.93733119878195,-0.862362872151481,1.63729817983506,-0.57739860966002,-0.941588923124028,-1.22057763141871,2.62327788881284,-3.88717887503737,0.0950301564706586,-0.992316152499657,-1.00546606198292,-0.580754047353216,-1.34058508250748,-1.4900580428425,-2.23735582198582,-2.50737100260029,-0.584447921441488,1.6634515618099,-1.84902230208616,2.85357355612135,-1.18779437849789,-2.16001991093575,-1.69050699954365,-6.53767121220484,1.50639467167145,-0.508652937136637,-3.57457761428246,0.803681824668886,0.0679685215712467,-2.10835594971379,-0.666613288049815,1.31992103285283,-0.956999685538181,-0.797510613694351,-1.14739637045491,0.398449813142656,-0.0541067493367409,2.2162205821647,0.848306190482962,2.55406459071181,1.59145850331518,1.11685605153908,1.59909621861277,-0.361404375709882,-5.08672507597491,-4.45362515407302,-0.956812416113047,-2.52273275873496,1.07675530124166,0.260957757626038,-0.669229765648792,2.02391155086481,-3.06806074619492,-2.80603607087863,-0.443791006196681,-0.697019819627432,1.16303839080876,-3.75607948625679,-0.273784373853507,1.22838059370198,0.536876392747291,-1.76143038415517,-1.77268393658765,-2.24508772228915,0.173308090955238,2.92846006129041,-0.757841132744979,-0.828702509306979,-0.710143948745769,-0.745133719465275,-1.7987116839541,-1.9581980072714,-2.48748720571991,-1.8597102826428,2.35187186529852,0.124271457536337,-0.729126280447767,-3.3728222938938,-1.19820404611969,2.86894688783537,-1.41702534801199,-0.535991312883904,-4.11489701268266,-1.24637399857752,1.52359093700725,-3.27795800283776,-2.1741091993494,-3.05943371535184,-2.65617318256876,0.631172672058057,-2.07325680505974,-1.55612292564125,-1.86820051583385,-2.53532633620937,-1.49248011344099,0.606966634671774,-3.01979866540382,-0.141030448084899,-1.11349955528856,-2.86346284892282,-2.26796051024039,-3.54541400471245,1.48010290313087,1.64779742473035,-3.95723403834592,-2.34678272248121,-3.67399078835361,1.25117335353632,0.512295921023648,-1.45097107922682,1.15517350797124,1.00766904282864,-4.49142056897409,0.843320755248283,0.610971627874088,-0.818581898013515,-0.180470652185159,-1.05563348657666,0.144881559011648,-1.42042657048827,0.277062281514882,-3.60362334183941,-3.24206388643909,-1.91293387127187,-1.72638919005058,-3.1482866826672,-0.611929147037135,4.16013267857337,-2.65369991778737,0.37283741014011,-3.52937394490467,-3.49154736409657,-4.22289460567471,-3.928786054333,0.535166938272313,1.1880959762419,-0.0125140067139617,0.21033570542178,-3.07998507246082,0.701694162992437,-2.25706424701203,-1.38136334701561,-1.66307517510802,0.818364904924472,-3.74174073418908,-3.69143521260378,-1.03325837325149,0.702889883203864,-0.803833944106482,0.532074417915513,-0.712826412136741,-0.418466273730669,0.601218899921651,3.36149414137667,0.0858414404424348,2.3514326521816,-2.94985501886045,-2.39614470956882,-1.83935735387375,-1.41317557304116,0.649724131216881,-0.768343943146522,-1.58416679176906,-1.53302813428536,-0.926227835175807,-2.99434608253466,-0.484519214124108,-4.48948519909982,-1.25540872351849,-1.48438980650268,-0.969443732715623,0.766880050998659,-0.0114372117484293,-3.48782738121235,1.55240229102915,-2.2673855230224,-1.73157853361509,-4.34315760041687,-4.71560672928813,-0.608042331140773,1.5020044997513,-1.07623206662113,-1.04170899259556,-4.84411913950584,1.46551466235415,-3.09140657396974,-1.65899740486257,-2.35877278936367,-1.96493475604075,-0.462141083208542,-2.40336738666785,-0.812662191268167,2.47907607988582,2.32149491038267,-1.11492660217161,-1.60282250288132,0.813704367453252,-2.08854348252011,-0.971773055548864,0.919241078780688,-0.662963030110366,-1.19220542441127,0.59550977960562,-1.45446434064749,-3.32563849975514,-1.4033984279863,0.927671091063238,-2.30942702622479,0.399290932444793,-1.51447796341723,-2.70242895290774,-0.175103603081977,-2.53147694917435,-2.2343902348555,-1.81117575662405,-2.58215932182923,2.82554697915475,-3.33115393919853,0.279596669069823,0.847856511599907,-0.88064792238125,-3.38664113330657,-2.7566367442649,-2.14319641039539,-1.84311245751302,-2.1209365199599,-1.75034218796489,-3.42082254207857,-1.37834238833492,-0.252720001726948,-3.5519907664014,-1.93432257558109,-1.01636569810363,0.722682394346904,-2.43914674288494,1.3346361159649,1.14933480932272,-0.595913583923677,-0.432757629925188,-0.337432386602465,-0.116222045421264,-0.496677050170692,-1.37564756399058,-1.59180699070401,-2.64277350635245,-1.37053007226619,-2.64322495009402,-4.34037108440422,0.138123956122739,0.644438672873796,-0.307800437212793,-1.89171560078525,0.651990462748285,1.26099094032376,-0.0399664494055024,-0.195849227835624,1.71200903150977,0.141776547672525,0.56690482825391,2.14458104866268,-2.28597819341179,2.37176941195911,-3.96668298714758,1.2223056534475,0.310720726815015,3.27877517077696,1.15021677772698,-1.90185597449804,0.205296843911506,-5.58517477865102,0.540682397109135,-2.89972945763816,1.74324669837732,-1.72109653317688,-5.1411211515377,1.08007742727905,-1.99680475056655,-2.82815514485755,-0.315357395442982,-1.49773195508915,0.457599124137367,-2.61228070016812,-1.2176455281931,1.16729206801485,2.67104361205232,0.0806884146401627,-1.10453800753173,1.60498319875399,-1.29847351953804,-2.0315911209766,-0.11225324013419,-3.79259418441893,-1.3486892661671,1.3688333915973,-2.72062671380134,-0.788083198352663,-0.686366538312891,-0.957830539659144,-3.90463712987376,-2.9173525837587,-1.10016970487946,1.28359915285102,-2.02667879988196,-4.08392450874936,0.749178846927202,-1.68876576235813,0.250623804813292,0.92047060702428,1.45592237341247,-4.66089223264091,1.62591304481072,0.912148293121953,1.29354077350859,-0.396638647346345,-3.55619339729652,-3.72331896752012,4.2181698869095,-1.12845958581834,-1.50253086586424,-4.19696980644055,4.74943187459151,0.795480261255599,-2.2582658258621,-1.79833991937614,-0.792136370934098,3.24858226810538,-0.077036878028753,-3.77254100881547,-2.70975891307006,-5.80545069999025,-3.14784863503905,3.46477676148449,-0.101335732756893,-2.91633268150935,-0.00353583482917097,-2.86501214148443,-0.310171372984264,-1.06494704472593,0.0978886430421053,1.01237350681349,-2.24082548922367,1.08630160047859,-3.48758625944041,-0.00888653915475934,1.22686783309079,-3.19324694279143,-2.52166113132898,-4.99418102244397,-1.5768204556428,-4.78542216924141,-2.88232230045565,-0.652499649165154,2.33087798324871,2.35486732924099,-1.91933907154318,-3.39049880429482,0.554539696596515,-1.24280963925911,0.145012029593934,2.06376172649827,-1.77530508621124,-0.859881306775124,-2.29650882145047,-5.69348772495384,0.791267509284176,-3.02974676436624,0.783102602627405,0.137462252133474,-0.516851015182024,-0.343862600731171,1.00741709622735,-1.1658852451684,-1.28491358008116,0.466422808473077,-2.52124326031626,-3.65353699789964,2.01873605311662,-2.94776633431065,-0.586831918870981,3.1653514433116,2.51479183038113,-1.50827951049642,-0.99308751480466,-1.24435857758679,-2.48920415747138,0.448300420557859,-3.33631914082985,0.0984147362931955,-0.621673294498842,-1.89380343846997,-1.43762079429109,-4.79671174713119,0.169408026892264,-1.95334030632945,-1.66277737052199,-3.56564568975066
"36",3.31401819101883,6.01125289672125,6.71544418619289,5.38971376236589,-0.147581817552266,4.17628721113078,3.68900661273583,7.29836173938049,7.9460488883721,4.77175463047054,7.18232881139234,5.56343231780256,3.21023418109584,6.04913421157131,6.49570814116139,6.45239345844806,4.74680641872119,6.57272160265387,4.23432577362956,6.66022417853461,5.63357076979968,1.67177463360466,8.65075131264003,2.21354049479816,8.42093943377617,5.14478721627069,5.40479404970385,0.495415757086693,3.89765648190077,3.52545372195854,3.79882573823623,6.55252720871169,8.72260043276783,6.72072899502499,7.14798160609005,0.871484814722173,4.08027455853926,4.96605828375364,6.95572060730676,9.2447352143289,7.91913515786857,2.05462357947535,2.58609131322961,2.77808286633716,7.32549282274589,5.82059252635252,4.97077034316216,5.35087258808938,3.62598882991338,1.15300821013168,4.5189715823783,6.07049435040377,1.28746210383919,1.36003927619632,7.59506068256828,2.77673228900746,6.34033607232283,3.04453451153412,7.01492408447701,2.79035920698256,6.30559702594354,3.64561113965614,3.55180759113039,2.94549866773832,4.40968732569939,8.58560953420284,1.68858489604937,6.0440412118494,7.99720113292439,5.44062385092806,3.30531148460691,7.79916730835878,7.50682758659691,6.76945970400444,2.9480233862784,6.40153090490625,3.63261552599463,7.2124511676118,6.07877578711874,3.75388255031505,8.06131775372956,5.48927775531645,3.13235044174839,4.04645390756573,4.6417190479528,6.90461171218687,8.34721645275795,3.6034392198906,2.66709963668174,5.62205317424794,1.66981910459108,1.05500780504945,4.79978133749181,2.82988122151263,5.20356572219276,7.69163623132412,5.60458896459175,6.91937124542245,4.7905673244613,5.71011661800845,5.70717179364882,3.26318707273975,3.73359708967774,7.71071845737151,6.04244960062303,6.47194218108167,5.33752512328726,4.86382258486248,10.1114093808772,3.94145430634829,4.66627666891314,4.45458831760689,11.1082256762754,5.62107070560491,3.28250693539858,4.25282368878898,7.0844200973999,5.02284184133611,7.84153433414411,6.00583653256574,2.2455690223738,8.51494019228111,6.79239398055046,5.43594423106667,-0.105190444887794,7.50322571790292,5.83324755705675,5.26079442751972,7.57830711894953,5.64016533918977,1.79607480033649,6.30313176873421,7.20922388396576,1.94759962981456,7.11615013400376,5.26970171965745,4.48297929874493,5.50550879808383,5.40626712995268,5.1198941614176,5.67052842674986,1.41703628734938,2.28565212691328,6.23218856683905,3.23545729221298,5.72459498800646,5.4937082479444,7.29122884733493,4.10637838631005,5.21577566225834,1.96625182719999,3.83460431199338,7.59846639677552,6.22587024918177,5.17651174857299,6.13040755920801,0.417149523642152,6.14750569811861,5.40097504045722,3.2216114292548,8.16821719737887,3.98383251244798,5.07347978509986,5.35320044993342,4.17300704274418,3.2816936788321,3.59433463611044,8.44065122049791,5.37415094006356,4.69744143002554,5.02317335184976,6.38099508875507,6.6543058055026,7.94328247320651,2.33628831636719,5.09500905698203,4.28279289611471,2.11124484383859,3.34381277915857,4.74087143947308,3.40340002017319,6.06270863681254,4.70318844603341,4.56955365043305,9.26547918350362,8.24215517134476,4.90707094842174,7.06198235361875,-2.84317239065629,-0.64965976301775,-2.7522259914168,-1.96795720984603,0.742517887975662,0.521274302511785,2.22355420881062,-2.88815380980865,-2.16162960230853,-0.306508604051699,-1.83654075360833,0.122083224405728,-0.312742343474116,-1.75260145619206,-3.32145553722782,0.536386638296634,-2.02222514768238,-1.69139263001059,-3.76578101866026,1.9799289249691,-0.861626005093675,-0.902011473135853,-1.3744421349467,1.66501196327224,-0.441034977161448,0.0272221360390157,1.48367971464484,0.291162463469028,0.0227680123083667,1.12847798469666,-5.8088515828163,1.46142640296285,-0.301917282006743,-2.52329859366353,-5.14577806295705,-0.000728785642752472,-2.54056266714672,-4.55974616876961,1.02748590924096,0.565077346931252,-0.755212077393326,-0.334360532370581,-1.49495430987831,1.35380106093177,-0.4940193543942,0.200887900832865,0.157977139175704,0.849330328100262,-0.457575334575264,-1.98709641361116,-3.15523922217915,-1.06102486256453,-4.00347395539816,-1.34822218299512,-1.83407757481515,0.501913184521503,-1.58831292528702,-0.526689497395172,-0.582841243913447,0.295392055160293,-0.80183697096935,0.464835855662481,-0.722102492169139,-4.885065510185,-3.4317568028012,-0.153677460717662,-2.56853165013953,-2.78288588689034,-0.890750127339982,-1.64056569306896,-2.05912810701142,0.672764310464859,3.433625736929,-1.26096906226251,-2.22365844395686,-2.77969328010457,-2.38753737400384,-2.98751054372024,-2.93089575313911,0.310526458864234,-1.80284166372547,-2.45005304495693,-8.21457562013225,-1.8784582686162,0.14225202487984,-2.8121698627125,-1.72458495114723,-0.081122634113221,-1.16408236796685,1.35728126718556,-3.48542713436214,0.348389656808247,-1.1525124470685,0.664495371520581,-4.84259029569445,-0.590660998685037,0.16973432901454,-3.32009776139557,1.23804674710432,0.213033058293842,-5.55276097558964,0.25918392348993,0.979174142259771,-0.100207716617733,1.58375635743393,-2.94784829255813,1.06161187147182,0.410724105138895,-2.98485792259507,0.19490612715945,-0.668297529964962,1.69181780768044,1.12480864883892,-4.16816262617924,-2.00903121587775,-1.43201417961418,-0.36855899232838,1.70255389584543,-4.40776712564515,1.72543097620929,-1.20881390025287,-1.42621555348662,-0.949000419150326,-3.83224216514159,0.605051782379831,4.17342536622893,-4.82453032804759,3.46047400666831,-1.605909475176,-0.300388216893788,-1.10786916194757,-1.49538299067565,-2.22243659771938,-0.762822390710166,-2.4886161293435,-5.89046374734055,-2.00551392925615,-1.95150645049854,-2.80470960042202,-3.48363148805882,-0.281546346859664,-6.31416861276417,-0.17850969500351,0.546735922596627,-2.00231587940477,-1.05966295445519,-1.86133337157452,-1.68332757563198,0.137015491568919,1.24958525876621,-1.67413017819585,-2.60561912735621,-1.97066817768363,0.265506608910228,-2.01100440939094,-0.567953115527204,-2.05042161393356,-2.56945518153406,2.89146707943559,0.256167928725676,-2.21626074697499,-0.188036308287538,1.08398064452428,1.4009924989223,-1.9576218219381,-0.741686152113859,-2.59564725395968,-1.86798500201462,-0.745619463889031,-0.29946551923733,-0.00839314538803937,-3.99532358226912,-0.897748042614221,-0.917329828381921,2.62216564898582,0.358680046540049,0.334258012807004,-1.05738056690437,-2.75754448073621,-1.45717031292624,-2.89584400947271,-0.483284613852295,-5.86523670521882,-0.246200442613118,0.823692739056445,0.81311114707292,0.860127014560853,-2.91828662343093,-0.618200663787151,-3.32327365124551,-1.34295537369016,0.833306064150294,-1.07455804511323,-2.15746115112003,-1.54917920167172,-2.00021245439661,1.56083400079959,-0.560193982206603,-2.61623448149064,0.955660280549529,-4.2067099421511,-1.35871657574513,-4.83734687414419,0.127045515933034,0.868836444257754,1.29837121561457,-2.33228976997154,-3.9997409446452,-4.11654405534702,0.0734591347940725,1.81670747440024,-2.12401075559226,-3.32686375707433,0.513573816877315,0.548464591321912,1.30704152814205,1.5961943564409,1.27814323883381,1.64920368261959,-0.374482735106836,-2.26839925050853,0.226649452349862,-0.957995403530834,1.07078600608787,-2.5706464521221,-0.154880192541654,-5.72806121063023,1.05804576252956,0.665453212932667,-1.56853312764659,-0.392635566184501,-1.0078574366205,-3.33616435172705,2.2679221317912,1.91533946830861,-0.739745376030806,-6.63134223674595,0.282846813394079,-0.944023263610459,2.31284433627334,3.296176088703,1.32995051670718,3.54809269788341,-1.02078044887461,-4.25864834134635,-4.05405398959402,-2.79666861436951,-3.14276237729914,1.98353483679089,-2.2237459472354,-1.14543591514319,-0.527802929579995,2.71950957615053,-2.12435547771237,-1.42342097314659,-2.19791983005864,1.52713192296144,-4.51948878670595,-5.95186702941295,-1.03638789625518,-1.35533408773587,-0.534936543537942,-1.21452818577211,-0.132285890785363,-0.962087064707726,-1.61273631003415,0.527149025760546,0.0151039735840532,-1.14008373118146,1.51698010920717,-1.60471956955484,-1.42254456857653,0.0690711700609627,-5.42693477656031,1.94270199986764,-0.00630275057113172,-2.25759044606607,-2.74135275783915,0.489523288359886,-0.755042739232661,1.50199294561308,-2.98423625978561,-1.14335972240531,-1.60880445839317,-3.15234931657857,-2.16453468491067,-1.67750034091571,0.837685201194068,0.0700026244085716,-2.23714258804527,4.498972363149,2.17507089627619,-2.34365973161334,-0.667517397981632,-1.6837980554503,0.158662181898153,-1.00896611361878,-0.352185241778198,-1.52481498069814,1.23355935858541,-0.0629603070494833,-3.46345255487497,0.37656977746091,-3.50378685908167,-0.0611190075043502,-2.28953136409456,-0.0612649334291387,-0.79071771271335,1.54668311184405,0.498031403439327,-3.21259534279367,-5.11218669658247,-0.540251241143818,2.33323410524856,-1.72049442145452,0.638072020903998,-3.70959401689819,-3.66251545698661,-0.0290934597766116,-0.265014255504396,0.733723057333753,0.224173936698004,0.150019810213469,-0.959418452231749,-1.79103678760322,0.658273000723466,2.3513452209615,1.38283406728087,-0.64536199877514,-2.24345167809654,-1.75891686983944,-3.79455236028885,-2.1630755928942,-1.82735141420309,0.472791471336831,-0.272021923194233,-2.63003704671187,-2.87572592258882,-1.86448896259147,2.13699994407491,-0.0113885477232195,-0.923402561090734,1.40182509656743,-2.79128851954935,-2.02957859413518,-2.47377890201291,-3.89072910740207,-3.20975698176301,0.28257585237054,0.85392376530786,-0.878764575052774,2.13481557333777,-0.935939377808064,-3.26023540638226,-3.53422955410825,3.18436256607793,-1.84096713352324,-4.52399749826024,-1.04480112582903,-2.92136025230682,-3.08970354687298,-0.187702462284562,0.306329392831521,-0.975835846931556,1.09038635510772,-0.023430476901666,-2.03085751634395,2.13765456661817,-0.168949481138837,0.316834834250561,-1.31053738052977,2.75189850482667,-1.54492257748648,0.370035524553584,-2.52882594117665,-0.118931289227538,-0.561741953543209,-2.89197962146801,-3.19755120044743,2.47983305141437,0.825939962728628,1.51588629820034,-1.78579962176808,-1.04745873423469,0.0827587937148759,1.28896475426103,0.18313292295569,-0.894730430855205,1.29403780534274,0.399304072891371,-0.259285845562673,-1.32585881524757,-3.22446043358041,-1.58357272839399,-1.63673982027137,-3.29038903115208,-2.4289006280755,-2.3992568429744,-1.64081579927664,-0.165651641970005,-0.45086352845308,-5.17522526850283,-0.331302573794862,-5.12898174112853,-0.147892603260635,2.08769418683149,-2.6745593619667,1.46770186041114,-3.3406483674133,0.832196107558662,-1.4477833139009,-1.38313581944853,-0.476252477726736,-2.35564067987026,-2.85425090663276,0.748359558176302,3.49814296443127,-0.0358762139883206,0.671767426914631,-2.48416026364395,0.784592769764903,-1.34086662312145,-4.48070059138277,-0.26541528865388,2.52806158079851,0.699698161455374,-0.608501751409522,0.768151091518596,-0.573629484597285,-2.8338770959598,0.169846273358125,2.17117823677539,2.76527313624437,-0.162448276279074,-0.0447776697022929,2.09287488700955,0.955392508513868,-1.54271801348033,-1.56974247331953,2.99127051781876,-6.02670089940139,-0.0250297362046201,-0.760726803805892,-1.43614748288123,0.789928484507273,-2.12365164159005,-1.97321575617938,-3.90202076279889,-3.32976282947646,-2.14684154083022,-2.74210316871506,-2.1556347553959,-4.36149631371106,-3.99144193052957,-3.20836648334746,3.28703617857297,0.375447663096475,-1.43690010273594,-1.3092729339334,0.203121195766121,-3.54078388062058,-1.35521566101699,-1.89144306821958,-1.78758797360223,-0.904210118558168,-3.6069588104419,2.88804889297832,0.94730981971398,1.19909219573646,-2.02747459657274,-1.57018398077652,0.465319147964329,-2.07377321809281,1.25692738883802,-2.03978831674186,-0.0799583682249501,1.94909373449366,-3.31570078961751,-0.931894229684712,4.46706154925229,-2.09119081547265,1.01295252503906,-0.305549322206713,-0.688597489438167,-4.40153624503443,-1.94342335720587,0.688639410307397,-0.239496276657643,-0.300292791813415,-3.18529806099792,-0.184054258927243,-1.33085146262227,-1.20512405340661,-0.605192579690095,0.736935388397686,-2.1844588998103,-0.782837410635749,0.741108488968863,-1.12233354602647,-5.96984289341576,0.0905594943174122,1.16841806759571,-1.13293393114273,0.354102477038902,-0.745740160445171,-1.17297602775381,-0.704479536467109,-0.225689744321449,1.87564431560332,-2.43781617009813,-1.63415365247892,-1.96899845766937,-1.00171332950686,-1.76537275575857,-0.60009564819702,0.00675867490908866,1.77512944320434,-4.15678571991073,-1.1365703990566,-4.37525257346039,-1.10378687790745,-1.57794262050885,-2.40566748889028,-1.91216533879276,-3.41081707986903,-0.769663048417834,2.03574531135257,-4.28508808551691,0.262727650708719,-1.53288547691377,-1.68588169697041,2.50321131925518
"37",5.34809554083596,6.20910854309231,7.29514497670653,6.66322776312062,6.96202680584183,6.44476724149136,7.00455976714442,5.62331623033836,2.00824984894799,2.15843040099135,6.78817512495751,4.27874892798734,2.17716612433529,6.10376333517252,6.64229335940514,4.77081679859235,5.59603446917164,4.44326384450766,3.04591206030242,5.4653915710612,5.20702206223179,5.52433628116153,4.86439539785899,1.21533715840998,6.11622427907653,4.36200010280735,5.22338921716185,2.02733927324116,7.05974189139692,3.43765392226013,3.5819812132348,8.24076370306096,4.97908344433682,5.4191776006625,6.28221829137747,7.13263879977785,8.11271102060007,6.56528707210247,6.66996723090209,5.95379766856379,6.54220446060576,6.36209664564498,2.99021020644351,7.96101847142288,3.84664882962991,4.70932484974009,5.05444609156228,1.78035612304249,6.06578411896974,6.50236280751249,4.44379628553652,2.04255176074888,3.19062636151692,5.79874426943176,7.9743228132671,0.44449795010688,5.26414979076508,3.16034131684815,6.52277227484788,0.0950829330278395,4.07284165603327,7.54581737435761,5.56506025710974,7.83393725107207,6.28344366033173,7.67343418796708,8.33031217360946,4.32690194855901,2.96136828413422,2.7142271475424,4.27785276995416,4.7780554756627,4.1805586704416,4.29834754139623,6.85369340920443,3.38393161103959,7.72538679069458,2.12678188275223,2.78736937987318,5.43370883029001,6.70899157115202,7.25846582217187,8.10531736290705,6.36218060089343,8.88894346895983,0.36563963243079,3.1321120260498,0.21957031732061,4.97064731901302,8.43277320331423,6.72316962360552,4.3628458031508,8.04485501978783,5.33480317566474,5.11565550609309,6.16499657495915,4.31126823823176,4.72673157932497,3.11606131553113,5.29502493878595,4.25695638795438,5.42372000519456,7.45448891814366,7.02545596333447,4.55188314298226,6.13354743124942,1.48001427626875,8.37082736347498,2.5171248756991,1.29561060047998,6.21321433346598,2.99003029028061,7.04417596656532,5.02677540362106,5.86548095095925,5.20956087486147,6.40517848204601,1.73928761615324,5.58075339199764,3.26079633945615,10.2150461815598,6.58278577804463,6.06158753588648,2.81455478502772,1.54908442244991,5.90370781233191,4.25322310550374,10.0646444274161,1.97136377735465,4.13490459199405,3.74523357073004,6.36210224890822,2.68962364740917,6.30643176657683,7.0260521190094,5.6387587657407,6.60844938600733,-1.23954810715979,0.0744413188954063,-0.111381903034858,-2.64306347730601,-3.23807456232763,-0.00205880665679137,-2.65039943636762,-0.518522675784009,-1.88322100997181,0.953701668906161,-2.86943780046498,-1.29369599556329,-0.745368257185073,-4.0232034528665,2.92183165997206,1.24864248091385,-0.147264820478209,-4.10984679084795,-0.218199291356592,-0.129761944847718,-5.52364264345907,-2.98897559477496,-1.79720339393268,-0.142164800968505,-2.07436895685871,-0.311735740156119,0.0495924068025664,-1.65101566057788,2.79019693928707,2.40779704518852,0.600147968765186,-4.01656789025307,-1.44899121410192,-1.33643221294746,-2.16616643245324,-3.15439631610007,-3.6767144041752,2.58965238466106,1.29820246250531,-2.22594197494204,-1.44259723499004,-0.275573792955577,1.89596806858484,-0.0656420622053848,-0.672738835481734,-3.65760069672083,1.95649801916675,-2.63970339156638,-1.09551610397722,1.43122035616626,-0.21518768074398,-1.33844206581623,-3.36237965090481,-0.989961290478694,-0.111384516896232,-3.15727490363248,-3.0092633890768,-0.80354773855623,1.43688647563489,2.74548430068061,-2.43904559770298,0.846605505023288,3.4637771480301,1.41391514471273,-3.26812619412895,-5.27318651115357,2.05516116515904,-3.02447825785919,0.71696602778988,-1.94871821849188,1.37451219577486,-2.73251055557476,-3.08359054659529,-1.00492875933273,-3.68783057887779,-1.63787110932561,-2.05939624767952,0.432290928245002,0.00392220314466418,-2.25629639296575,-3.78843505524605,1.92377816965839,-0.961682780759122,-2.96155619180854,-1.11738116686265,-3.91337217409078,0.514828851890432,1.41715163124931,0.183656253630605,0.691449318874277,-2.26835830958949,1.86878623434914,-0.247820357895278,0.144176269144373,-3.63967092191732,-1.82974117587823,-2.54749452943433,-5.17683141096688,-0.624724895141794,-2.94370050790691,1.87959185742115,0.461223120942861,-2.20343544036787,-1.18703422610994,-3.9883249747544,-0.600090790923402,1.25768226962259,-0.783805301707957,-1.63290267456291,-1.94647735448406,-1.71126765608806,-2.72949155229586,-5.59014449959427,-1.09093796724066,1.0904525602417,0.89231054411363,0.300893244522982,-3.62542001770933,0.285589612824546,-0.323109722430286,-1.0865501451143,-3.42021543058599,1.95597339182686,-5.05680076651561,0.822194962896735,0.598838026526229,-1.82606343915773,-1.54639916769086,-1.78023882620051,-0.905686091555068,-2.99518128133146,-3.9554587669525,0.742266134520712,-1.44744232668851,-0.834300164225285,-2.29184653738042,-1.20037627467885,-0.342187601215244,-1.58492155432569,-1.52989698436823,2.22330747443725,-2.16681234383652,-0.382733993135654,-5.88559179276037,-3.03830213672809,2.01213068423936,-0.994790836525333,2.30882737705125,-3.18874889182074,-4.92671466846494,-4.17235129988238,0.737581123101027,-0.601617306540765,-0.0783519960682232,2.10904914854329,-2.42931586164881,-0.535520689472364,-2.72350481222763,-4.2272699050888,-0.35374857358862,-1.41488097703198,-3.23432021014403,-1.53828859478944,-3.44496675163388,-1.67305421955173,-2.80857147101552,-0.832980482861804,-1.05621147013386,-1.53266330531439,-3.9642023463962,-6.05252104792003,-2.04677723831439,-5.16151350811637,-0.667170001107894,-2.17893431207585,-1.81516211833775,-1.01063097916717,-0.800416356799937,1.71822892513298,-1.1123623747122,1.76330807058734,-2.29078708086126,-3.0596714192824,-2.07480786059946,1.23451997074753,-2.26156084605737,1.87725065644944,-4.37767899498224,-3.19309185343734,1.4781251852781,-1.9193965474658,-0.196406789907403,-0.945697517899672,1.71795883209956,-4.51743683853114,-1.60971995676507,-2.79720798380252,1.57369584702171,-1.31999686931323,-2.09173415949991,-3.03403483480424,-1.01936032361975,-3.80758145374696,-1.83966784400166,-4.25249927247993,-2.02161926286501,-0.558324744197181,-0.801168915570707,-0.283844531631391,-3.27751737003046,-2.57354409025626,-2.0638776414358,-1.59710192761669,-2.98335604187952,-1.47058933408945,-3.72952719188658,0.115768410958906,-2.64620569988665,-2.43163269452908,1.8982663343482,0.897199646107131,-1.44329313998112,-2.72580119564856,-1.28673284195826,-1.74960212200538,-5.31654788888846,-3.99805842526671,-0.942237892565694,-5.78210681088457,-2.53425661565292,-0.978525383176175,0.56636990405754,0.297385019473037,-1.53543921821499,-1.33797919859735,-4.73358559796421,-0.404103820029069,-5.75523033385821,-2.91548697390809,0.686779421490899,2.23405225786866,0.451816357288537,-3.76299196886858,0.39951827978207,-0.387684119390797,1.56405598476428,1.05048787192047,3.76740142980697,-2.77656518057599,0.676022188521971,2.10384396161018,0.417986529766151,-0.64606253781997,-1.16590753712239,-2.00957146306991,-2.84743613299096,-2.6700891422514,-3.43125917099275,-1.56999935179553,-0.356313161950435,-2.8567495703284,-1.7341788838314,-1.79279954047862,0.190430470582312,-3.90868509908354,-0.375071647162812,-1.63306455543458,0.108175960901027,-0.239530059870983,2.51283615401883,-3.42819624932367,-1.96112938390881,-0.780189247763538,1.03005839001145,-3.62318022081605,0.389723788524501,1.77500028854668,-1.11041456047443,0.093165833427538,-3.20701900197633,-1.1597672761498,-1.14413359879357,2.0767441453634,-6.66634988567441,-1.72488659785526,-0.465911706778381,-2.49830346243577,-1.65626579851014,-5.4001307274124,-2.17568561705979,1.67352328978865,-4.19223388227038,-0.940375593766138,1.0629992301726,-1.49463402649332,-0.0651213414853905,1.19445361230829,1.15398579722354,0.356988393072478,-1.06288194800537,-1.10808875832108,-0.94893330800985,1.47956395552831,2.25525850779205,-1.50697606709999,3.57330127709341,-0.688364908260639,-5.15327107779537,-1.3907125905568,-2.01575535762613,-3.18573902970276,-0.157347319596617,-0.495534824130997,-3.55631153628958,0.515053112879956,3.92101468655575,0.786743501992387,-1.1486685229701,-1.65022663710279,-1.99014079758639,-0.413498312005854,0.0915819329094349,-1.16191120789576,-0.307286077419281,-5.20323404958992,3.51405356455243,0.536015948696627,-1.36487954506721,1.2816048647658,1.41153963339445,-1.92178012585086,4.71416552996389,0.0227159517545599,-0.576539730406628,-1.79395448610729,-1.50127904908657,-3.91102777649824,-1.41991925817424,-3.350337106886,-3.30806274221279,-0.855670191159531,-1.8781699591606,-2.42797211490041,-2.63405701894058,-2.01721260929694,-2.56068543790197,-4.83728098839632,-2.20078598958714,-3.13399625241144,0.994689837761149,-2.53903068967816,-1.39020945929962,-2.0311030964032,-1.10658465188772,-0.51965349540762,-2.36730130214497,-4.25404998777983,-0.353696930053546,-0.603325724153773,1.56131862587035,-1.41832220983746,3.84689803226078,-0.172540884435168,-2.59242591519013,-1.84189158290274,0.391772457940903,0.439382978207786,-1.44850206103122,-1.0885663331967,2.48946477878586,-1.8177406242074,-0.719551939993266,1.28821562445321,1.16989720202071,-2.73526052442001,-1.66961854862921,0.743388533680452,-0.0930125568976821,-1.96828830137596,-1.86107080367596,-4.54679553546666,-1.86455477680743,-1.62925496534872,2.24891434527388,-5.64301712953788,2.33465002448114,-1.09992931549781,-2.36062058250942,-3.86936769201114,-1.84445700529115,1.26674503247293,-1.77195511905117,-3.41917647883765,-2.00681822029835,-3.18783409533004,-1.22743716524224,-1.13284991902431,-0.509121568208894,1.87580277358085,-2.29071609501371,2.45258315920679,0.741678734679807,-1.71208608361723,-3.09184194259667,-3.73406473425952,0.144230239940876,0.193554222924131,2.28195834583343,-0.168723915496265,1.98305891744393,-1.15461295132528,0.992515453100964,-0.218108086211986,-1.43369451846128,-1.01442412232327,0.590341214997899,-2.18053146062189,-1.09366791555836,-1.52381394664486,-1.83534784726064,-2.02106808873139,-1.07614690461894,2.48413814503738,1.42869492018503,-2.85630172604529,-1.75006990032234,-2.14428780142109,0.960581437125782,-1.32958388516726,-2.48235858421002,-1.10678418080048,1.19912541107991,0.394661024050402,-0.440838953674718,-1.18819949402023,-2.69703475790933,-1.48899879630669,-4.65996360251963,-0.454605120914871,1.69216914928665,-0.648912500460983,-1.60344532345296,-5.17917007777971,-1.39844122636185,-3.72083099681414,-3.51932115480764,0.501875506690973,-0.788904402433947,-1.37546326471149,-1.03999280661122,-4.82649829206152,2.05908409444495,0.30638339212879,-2.93983943763866,-0.414440150158521,-0.778679477503745,1.54844133042666,-2.53977727588964,-3.30981762319703,-1.33885886042414,-3.71358938013787,-4.22076163584148,1.67831843472686,-2.08317074328677,0.0795695573486228,-0.157088341169114,-0.472318018626119,1.53247596388221,2.15875396155836,-1.18844412885615,-0.587652679068521,-6.04248734940116,-1.90827786364318,-7.93059867188004,-2.34958880504711,0.367332061914639,0.810746060255781,-0.88069163469273,-0.508512022267922,-2.94524192640208,-1.39105195398866,0.0949680472087495,-1.09142813795927,0.00943692354646641,1.40503944587762,-2.01980771765034,-1.28944935750097,-2.45523352237319,2.05013943630219,-0.704372588319453,4.44348429573306,-4.07951465591859,-2.7143864584139,-2.45774542540291,-1.41134210028979,-4.09318663798824,-0.276754866953404,1.17358947576109,-4.66992134568345,0.90874453353066,-3.24575627264292,-2.14776248681181,2.04298074416203,-3.684134282872,-0.43648414734988,-0.25606202649735,-4.14325883072605,-1.30772375378526,-2.48180821399129,-0.368036318038476,-0.237730300075525,-2.63455900250013,0.433537150337728,2.66253809943286,-2.50780827222747,-1.78539296759365,-0.738293713566959,0.953130727338291,-0.537471529211913,1.2565901034135,-3.52903979134149,-2.50647723411124,-1.3920110591879,-1.57252439392517,-0.0694261024311424,1.7498499472411,-5.22141115699746,-2.60523788902313,1.78779805359978,-4.03665619209317,-1.10488867380417,0.108902345536784,0.843994732379803,-1.39240141459866,3.25238264730887,-1.56047143213239,-1.58548870390963,-2.06472318360517,1.27954886129756,-1.34657586504002,0.227283472048839,-3.25248530277096,-2.60909643081431,-0.889986608346712,-1.72213376234361,1.43992672956544,2.37763247450194,-1.45957538893404,-0.949401257133186,1.83263620352843,-1.36883460395697,-2.75991391202707,-3.84826446974711,0.351230753169873,-0.801201206061585,0.823839391358153,-5.03582838941968,-2.74238786357524,-0.427047615735007,-4.19485950968542,1.2174171526549,-6.52812756564343,2.03864699066521,0.0455388508032988,-3.81140390000706,-1.40424104209161,2.99896037052187,-5.11107756442791,0.0972707446688446,1.50792700352223,-1.01047287310033,0.929215781333505,0.544204033176052,-2.50144244121735,0.513409763127139,-1.53504205400265,0.133792539963823,-2.00599018698006,-1.43383886726523,-0.305632036514438,-1.88263895367696,0.571339925796653,-0.27252138450136
"38",0.56134948229715,-2.29296597711534,-2.92373040691805,2.29035118289032,2.11591583768208,1.41877998567081,1.04952129049071,-4.00521482657666,-2.11645966719463,0.00995990755752274,-0.304576211522214,-2.36536271815241,-5.23687987289961,1.190203344771,-1.81007132206195,0.242580334654483,1.91445692654756,-4.1794070349318,0.493518381347503,2.48572562083587,-2.58101300038934,-3.02752598214843,1.56425251319287,-2.5587661783019,0.677493706470794,-0.739853052196891,0.189960295856495,0.98273226793269,-1.46032444507913,-0.321983451459403,2.24549420827811,-2.30804863878938,-4.09411687531301,0.967551909933139,-1.78646516381953,-1.46700344150129,-0.316374078544588,-2.78472247896975,-1.42459131662708,-1.54056711244132,2.60229586253789,-3.82970070184489,1.24630238159428,-0.380147883071414,4.22582447016922,1.14823672304983,-4.06658480772527,-1.68022658691606,1.80313335345314,2.43970461823982,-3.90298728203479,-5.83023446231293,0.573636814824838,-0.858666965068161,1.56753935470084,-3.11501189541948,0.61484904200918,-3.71572699733653,-2.59388834679519,-1.89192965145906,-1.20639268163678,-2.73722126414922,0.860286737534396,0.24282001640889,-0.923887224446231,2.85385572782804,-7.30309938281508,-0.254905115983826,-0.325205639466913,-3.41404821577984,2.22475790939747,-0.432257811824616,-0.147433732674354,-1.77461718936785,1.79161769657537,-2.47491036548144,3.02528098816522,-1.20234928620498,2.81395793472334,0.287211176758773,-3.18608630508878,0.354767888588561,-0.257458366794338,-7.05227213759836,-3.24137809171821,-4.9813742469027,-0.144706493983164,-0.305988206469458,-0.0808106888769045,-2.66225007155234,-2.6849161966832,-2.59749589966559,-0.940317266644094,0.660551308155759,2.54550663816971,-4.11209421638942,-1.63493831317409,-1.46835162286061,0.105367808049253,-0.0865199971787864,-2.76650965228345,2.27937398810135,2.22597119228204,-0.171816024604072,-0.791430787397884,1.23934792192521,-3.41750324153666,0.189403917572961,-1.96155415588732,-0.611439399982369,3.32739716837128,1.25741326169255,-3.92548932807439,-2.34955251785049,-0.950099653077203,-3.25299649071363,-0.628877396825561,-0.0318057340249314,-2.92552868040425,0.370799868657949,-0.805268684772661,-0.140436534174695,-0.990352624753559,-4.8161385705141,-0.790685780462848,-3.7812406910505,-1.29700242878788,0.242121324725635,-0.0488591501287459,-5.1938677767511,-3.16316158215403,-4.15029143099012,-8.76813135849684,-0.788401511006861,-5.03805019639483,-0.47881321323198,0.147421948000809,-0.663241538518522,-2.96745996562648,-1.55458875320696,-2.16180843815988,-2.58706942660151,-0.109518982823147,-0.410680619906862,-2.52580101696886,-0.511561924305103,-1.53147213316233,0.233049616071223,-0.144849900238434,-0.311091427499512,1.02439758431427,-1.46065318338137,-5.24649186615974,-2.04503993097033,-0.954283611823816,0.38931983689139,-0.405604150225529,0.0898598543838038,-0.949583643427735,-1.55230521088001,-1.692859316015,1.94959312104039,-0.655978690566138,0.452676022248178,-3.62812297362788,-2.65799403669719,-3.22195667943161,-4.59448306427925,0.149396687630674,-0.0819310245587301,-0.788160907952121,-4.06424055543862,-1.33788617179719,-1.98109963144143,-0.94191632142974,-2.89391526822396,-4.07280520433547,1.10469932637826,0.546315488555996,2.31905836250674,-0.341935365725445,1.50118445970811,-2.17516086357457,-3.84615837153379,0.730252538926531,-2.50052504186767,-5.50885808033876,-4.76720234788918,1.64919331820602,-4.92103768878255,-1.81658636107964,-1.14516091581269,0.841302643793798,-0.940060718421639,-1.44586413657094,-5.29803330419145,0.519075513912966,1.95596330999576,0.872070618802347,-4.04736569828441,-1.27749129603117,-3.23071206915824,0.573560284129789,1.91377671392864,0.188281968659086,-2.86749849226503,-2.61042675548637,-2.82551875721126,-1.8035433634059,-0.252182264289685,2.92549772812411,0.98723906729966,-3.43660981294698,-0.485915186325891,0.744265933969569,-1.31948735866179,2.25250789829445,-3.70863641896185,1.29583119225696,0.346300577433261,0.910660208711054,-1.77641123317848,-2.28324221714493,0.0560860326882093,-1.36109682889042,1.00464263239752,-0.78083585210436,-1.03904294489511,-0.611533266770785,0.814239433614135,-2.95685040118028,0.00497354955594287,0.87840015610846,-1.7586429244133,-5.29451344666196,-1.07413287791979,-1.17701988056554,1.01786009556328,3.10286570445427,1.73953334831518,-2.69383443582424,-3.60483508754602,-0.356435939439822,-5.11598751996951,3.38835044711976,0.253635993393136,-0.804030380537352,1.06027624601776,0.817719618524557,-0.852210299057693,-1.34546328373161,-2.59459298583691,2.50981221930184,1.55427080417198,-4.53867754912156,-2.96281713980642,-0.806901218375572,-2.86727129466373,3.3875460658099,-4.79932123691415,-1.63730531924103,-3.27092562113562,-1.54666906080842,-2.4668172086692,-1.75839963349455,-0.72178430969988,-1.09929772991528,-4.8424393729557,-4.1957132702164,-1.89748097399495,0.127645137931729,2.24225569278111,-0.653763150607576,-0.031072874425893,-2.23270285109761,-0.128969945331934,-1.42330064070803,-1.14220788087139,0.552077470256745,0.384050087503232,-0.914757205653985,-2.29912714031575,0.894331688586695,-4.52531513724749,-3.32737609926891,-2.41710836773413,-3.29732839209977,1.38314719688202,-2.47285951401423,-0.105711790038494,0.803115543607905,-4.25013612093163,-2.13519943954467,3.73804414194112,-1.34723999724852,-1.38727488754623,-3.87962422216171,-2.59119341734628,-1.36647972263425,2.2444032856545,-2.12770771543853,-1.9024990419581,2.97159262534093,-0.675424917801402,-1.52191637249775,-1.10387786679509,-1.42177015861997,-0.193397159524462,-3.0804579099604,-2.08744556828868,1.15987980780019,-2.43512330459327,-1.07911031174951,-4.24382363707948,1.22311511858011,-1.60139508058715,-1.00704197826564,-0.0287793612154077,-1.37375132740272,-3.69984887436993,-3.0951757268873,-1.50397489804095,-1.78637993211794,-1.76410973098946,-2.08344791176724,-1.93326901912984,-4.1510859433842,-5.04876259911475,-3.04839493896292,-0.101924773896709,-0.0189108988895159,-0.0258140243688281,-1.4422486860468,-3.12058063300443,-1.74276880947876,-2.42353106141979,-1.87625424793293,-0.225742349793096,1.2000836258047,-0.75291660944679,-1.37827269278244,3.51057289368164,-0.307847073674516,-2.00786983762484,-0.448065775093967,-6.14795321176423,-4.28731805279828,-0.15593432706321,-1.90166583597166,-0.868834497584899,1.74966365903775,-6.79519124212876,-0.862095013323798,-1.77448602945724,-2.22827321931284,-5.07961461049224,-2.14434040603598,-3.97546370571948,-0.0393102868041093,-1.53491199520374,-2.49820687598562,0.232665069318301,-0.743662638751133,-0.197372400735999,0.0873182374960522,-1.85449292273569,-0.221940555891171,-0.638694645785522,-0.783908255779631,-3.73522529394335,0.758328420159249,0.245305560812701,-1.57470208473562,5.2324933750497,-2.42793497670368,-1.14490700206011,-1.36767951771079,-4.16389670275513,-2.40750384180769,-4.49302424626524,1.11188133457894,0.981728873736371,-2.52649035505873,1.52533850181249,-0.968776370900276,0.654826739943259,1.76992975251665,0.679731848457885,-0.254631693743105,-1.62342379405772,-1.59822963886536,-3.21941121391118,1.82197405596319,-1.50748439908324,1.90492637633371,-0.300511469909589,-0.433648555929798,-0.445233546010026,1.16127918243105,1.05378601791742,-2.7950207735513,1.95746170400896,-3.62597934228988,0.0902664815725394,-1.09308464264075,-1.61990686177382,-1.71045300272737,-1.97567165488372,-0.115735740462516,-3.74217274216254,-0.272068580485446,-1.73641784241831,-1.36517609043324,4.61452722226624,-1.3683727364689,-0.855959783057744,0.833708604388756,1.00358546996779,1.47285675175512,-0.70181048058939,-2.80902937665214,2.43933126472296,-0.145037118744444,-2.72815467407848,0.156724266371739,-3.16889458321522,-3.696221791596,-0.71954592427002,2.22357867889306,-2.00964811206429,0.16968164875718,0.320897110611882,1.5368214858004,-2.53412682462544,-4.70357705340873,-1.12964472416447,-2.71168061770087,-2.18538582339367,-2.04832479492729,0.801915068113046,-2.63895661494896,-1.19817824847655,-1.28127201412094,0.148649949032502,-1.89542869058371,-1.13874359710345,-1.95635613420742,-2.33584570624422,1.34604540144102,0.829983839382985,-0.985266444887333,-0.872058362696426,2.85133279940386,0.823975712398022,-1.97218527096426,-1.96743203727184,0.193832911455753,-4.8680732365259,-0.490464252383132,-0.186749139035599,-2.63188021848889,0.128091907132998,0.316427100372668,1.92014794677081,1.59555943844244,-0.553675751916521,1.60911358992484,-1.68412654124532,-4.53210578321962,0.814569636305953,1.10199227887665,0.200679533457021,-3.08795402206992,-3.44963774871424,-3.81617738166723,-0.203216188034985,0.439694048705578,-1.15773019375054,-3.15047152595056,0.514781190778433,-2.07671458502134,0.81192317964036,-2.90808388828486,-2.384230515274,2.15579490581426,-1.9880665395498,-2.73726671871802,-0.323660918101783,3.34324865471965,-1.40899989680875,1.49070448976494,-0.0866115747097136,-1.4463401446112,0.290423365849567,-1.96470212215006,-0.906605702199929,-0.640334134575577,2.3740532200134,-0.935622701809089,-1.66192555340992,-3.08333466415554,-2.48143108902436,-1.77301738339631,2.78943000702757,0.673761124525731,-1.77052472446797,-1.15274299726559,-2.17162731124972,-5.65044648103898,-0.20199424298438,-0.62801083836846,-1.08883265693078,-2.52330180314168,-0.226554401957724,-0.0635156136850116,1.16899669631434,-0.927733488303572,1.06656228884914,1.38122585424132,-2.75473484566298,-2.7498983098454,1.69511740084075,-5.37119972552471,-1.36564514731419,0.844872300819847,-1.91511677593247,1.66245515076858,0.0303238818723002,-4.16480112301658,-3.06460226050002,0.576354296761552,-3.08512098176204,-2.72240159060841,3.24052406237652,0.103428315053348,-2.35965344028018,-1.83376010250167,-0.282931767016573,-2.2561263715627,-3.88000182970124,0.713598367575409,-4.04168315645672,-0.923131839012634,0.431660669972171,2.63882439487183,-3.6319112054418,-0.965670619031515,-0.920401910857914,0.125912300564426,-0.395821759577205,0.68045799340524,-0.702883216896624,1.78469292120446,-2.07590699331888,-0.798954955411677,-0.0312361982665471,-0.817031212868022,-3.53339034529526,-0.558266677744086,-3.92646391702508,-1.29413658983061,-1.60225426195826,-2.31570933574621,-0.737093532456844,-3.1109904892617,-4.44486235171547,-5.51056067752058,0.3008424399966,-0.740890481414424,-2.55251612765187,-2.2175898263168,-4.10880329128734,1.2911928783018,-1.92266284204552,-0.413693200498759,-0.390442356170671,-3.21121044371155,0.596673656366376,-2.65885202281165,-1.91601156155952,-0.983433833231296,-1.05566417652683,-1.53514134780051,-0.781829435537297,-0.823374978388004,-3.64922764902476,2.04263842365957,0.977427155723434,1.59535125385094,1.83069801800265,1.37731023676563,-2.96059647593727,-1.57898106778823,0.111617002244607,-0.180691957343948,-6.27500005966654,0.32780999970047,-1.85248681331632,-3.98742788280538,-1.22983136578031,-1.1001353992656,1.70774719815445,0.411341872990722,-1.83444937193397,1.06878364089637,-4.39763514689202,2.13080035530997,2.81388869032033,1.37449088770899,-2.243877861325,0.290332124580947,-3.90660814453193,-0.780084686663352,1.41294872850331,-3.01778863997214,0.336212036309545,-0.776545601453665,0.661917922519792,-2.18584715768697,-2.50358934726299,-3.30231839597053,0.488337472300385,-0.0915704120147894,0.630399679064039,-1.18557371556592,-1.21221615849291,-1.42278814460503,1.29889385474342,1.4100224853329,-1.1682013102279,-0.570089017079156,-3.80157502436109,-4.55010469037746,-0.736996191792546,-1.50169847990395,-4.62526519439188,3.02369910431448,-3.73513335758251,-0.857910540352503,-3.01461020320532,0.608138166019907,-3.441579459054,-3.8939774109436,0.888785785832952,-4.62510078426044,-0.695768029658095,-3.72553847609077,0.675090420360857,2.0288900596119,-0.986003076197916,-1.05778655430053,3.42610504243445,-4.51596062366945,0.269478850774416,-1.95945452627302,0.168478202728479,1.06570798150965,-3.7431262156465,-1.76387498808398,-3.26515068128682,-0.384609785744971,-0.551819665678593,1.50922486378869,-3.86986634633274,0.074889423487609,-1.85930753479306,4.44110941674707,-3.09090179599561,-1.18021734457464,0.414624409715589,0.515759046435947,2.56799453881767,-4.75320650538135,-1.01709223864696,2.22346912901573,-3.85569049881067,-2.86427946428963,1.34189883478133,-0.907401849606465,-0.693780623486526,-0.788591091091064,-0.6202469428099,-3.33271294884785,-1.88378090581961,-2.36975827071643,-1.22758613696048,-2.25756985702567,-1.52183864356755,-0.163827044989515,-6.01160370453346,-2.27833851434858,-0.721020536663937,0.0489020348064839,-2.74653552626916,0.945852812532349,-1.01226179682744,-0.0676861523176057,-2.45734445158858,-0.433870446811155,-1.79198805253654,-4.39832465108316,3.55249599260119,-0.573309319713147,-1.11467640242109,-1.98293018931517,-1.7562561901806,-6.3781517324771,-2.89008769364752,-0.19095556183954,3.18134213215921,-1.78015258190526,0.571334693667465,-0.142236055256578,1.07572331541063,0.0941604067189588,0.503554575445325,0.052366989067695,-2.05020455489097,-0.432030863565413,0.705109169504214
"39",8.13711914404623,6.69460665708228,4.56233051418588,6.45031752263068,3.31334453423115,5.48032609054915,8.31605925686862,5.4824004098563,5.11304035167676,5.55773652075983,8.59079954534302,1.67892510415919,7.29604109410428,3.84173546053796,2.29463583915851,4.43997555096732,6.64523825496849,6.44045023326983,6.99098250995517,4.44146818310257,7.79346206648635,5.07912116765916,1.16294218472193,4.4135113941615,7.13069137985447,5.09343405113401,5.68578027069066,7.06188095758531,4.42580556165603,4.49191826383432,3.42432894759154,5.73961341378368,4.11767476014905,7.52667193400929,3.28098085050596,4.1684044050181,7.23344409524624,2.36153717389673,6.99384157527199,6.11657976416516,3.5593603851037,7.58645287504511,6.73576480679867,8.24572932086128,4.11373201642555,6.87630456172906,-1.45848654063683,-3.07022994762969,-2.70061009203075,-3.12925614572684,-1.67295614162636,-1.25317035690396,-0.65120368089215,0.686506029060238,2.16134188504835,1.08599165769486,1.09407895881776,-1.23747887901974,-3.75794207058587,-0.151661137168997,0.0320706711680596,-1.7867369982429,-2.06377160222924,-2.8676974481801,3.34488271408358,-3.94779840692649,-0.556981561147272,1.38667344350756,0.153612222077421,-1.50065435531327,-1.94678975571039,-2.32216230859582,-0.947891393339914,-2.19944177457532,-2.56543343128059,-0.351171329336795,0.72617053630917,-1.7208734471425,-3.46636222579232,-0.940836192812254,-2.43213543445036,1.5793650535536,0.411309116857048,-0.279668285587421,-0.368636406529638,-0.722612996465559,2.39200625294517,2.70808775102873,-2.15758492479658,-0.233444316614296,-1.21444179374929,1.35549299366452,-0.946453657733236,-1.68062648999363,-0.833429909205135,2.59641869349648,-0.172928387917997,1.53480917912799,-4.10400845210317,-2.39570485794862,-1.48912163203149,-1.33955180901098,-1.23945824223788,-0.181349983032427,-1.61738862258235,-0.463415875046728,1.77778229955455,-0.959338412742812,0.416850901423421,-1.26159211247061,0.380228056587388,-0.234685394945681,0.88821103917379,-1.83921565168477,0.800750888113535,2.90868432350823,-2.61947740459028,-0.136343096613283,-1.92650119520793,-0.802346111173005,-2.07593368044553,0.0969915260617624,0.499352009534708,-2.437251822684,-5.75371563039606,0.819199695197819,0.627550967446817,0.0732740866398462,0.226697862988699,-1.75194887134785,-0.0267174501021821,-2.8182981512883,0.850523111162127,0.251310091220876,0.554596970861541,-2.13258546091825,2.85722926229746,0.665714134573688,4.3052489750941,-1.24564919209389,-3.59034912367791,-0.766790586577297,0.933642474826327,-2.10319665623701,-1.56878156913858,-1.65389543662808,-1.1652372377902,1.28176751606472,-0.282555606727957,0.866426032786286,-2.49014022490168,-1.60856962962204,-0.422439651726678,-0.899987548692931,-0.59785030747118,-2.10687413712437,-3.22223200913135,-2.40857307820671,-2.30209446671482,0.999192989560205,-3.79316874192108,-0.0214118060504587,-1.37723119164039,-2.16692063099498,-3.78267939102592,-2.48361465737465,-3.35292833027027,1.56973981152781,-3.57215403479206,-4.008691636036,-4.20105900585934,-0.72595074383962,1.3856222809573,-1.23354542293572,0.253829633537962,-1.03529434667726,-0.447510415187789,-1.4709615929134,-4.19500305223508,-3.80657986202153,1.65019270728628,-0.745324534651162,-1.27002402853486,-3.41397579587179,-0.974285277362763,-1.42547605737162,1.94053862311263,0.928037283012741,-2.08599076747515,-2.74216997359845,1.75195319477339,0.97826786273948,0.521935305366925,-4.61074521570541,-4.46863536745251,-2.04111303922013,0.966652233719314,-0.876695449475149,-1.38139672951553,0.64954706762698,-2.20569111152194,-0.953804776962495,0.883200236183757,-0.51707979295664,1.30812656718422,2.32850398917544,-0.806243782063748,1.08882424479637,-3.60707404734003,-3.31404045807211,-0.331660726596784,0.00761768745034286,-3.49118156908974,0.049085954669349,-2.87948822091705,1.59380421243968,-1.32565349603717,-2.24487163938792,-5.03387810575967,1.2501495095634,-2.02411215151498,-1.31919113726034,-2.68284562734865,-1.09174880542881,-0.772453988972562,-3.97240385447025,0.0759143942242448,-0.834593644946913,-2.39406625378435,-3.9544874168534,-0.0155329786043754,-0.0452880565643556,0.472062326305063,0.295783004903349,-2.14595556386935,-1.37096336137479,-1.30556245948242,-2.1099024084992,-0.299027887818718,0.792037691856345,0.967115815223255,1.04744822596597,-0.585787340546545,-3.84067677462534,-3.05483203648715,1.72392537819889,-1.12191032101765,-0.228613168415917,1.84759705339505,-0.807027294296937,-7.68730476964568,-2.92681002752328,-0.927851576870217,-2.30780269227389,0.0762665022753271,-1.54259451604467,-1.49084785956577,-2.11838574414685,-0.212541013935221,0.747495696120062,-0.78943264481012,2.39693820863404,-1.03948624642931,-0.0829133416948183,2.93828791867006,-4.65869015181857,-1.76492932973864,-3.38107929515501,-1.42797221362762,-3.53704370324479,-2.21160333365781,-1.85579938260252,-3.58150929396052,-2.49284738475559,-0.909772428409122,1.59646103920136,-2.77109565308369,-1.13510533080349,-2.57777099272181,3.31156562474124,-1.11230417299772,-2.13224424257716,-1.88821456542903,-0.884668664372255,-1.50183596478847,-2.4227837890146,0.605708562561112,-2.32676729522606,2.59802716379081,1.91647708670732,-1.38978285678931,-3.48537292741926,-1.71149420090914,-1.82384395308299,0.102997183123338,-0.474665476143,-0.405415621290919,-3.56563682192024,0.928147601431407,-2.16707707474901,3.35978172723648,-1.68190731792183,1.18285873324849,-1.50586421557124,-1.77344286475689,0.750147198447741,-0.0932149869889286,-1.09122408622256,-2.61798452881335,2.90336320671331,-0.441222994599749,-0.520036420826664,-1.6268302101866,-4.58177950210265,3.51888623626939,0.634988627263846,0.966489565159704,0.272603657714698,-2.14323586165222,-2.49031600385074,-4.52836046993544,-1.88375658334212,-1.1128051689569,1.94482910594763,-2.70762046577268,-3.96017808935548,-0.611856973056374,0.807110712957858,1.79599872450884,-3.79408961452207,-2.10251582236102,-2.0762228669,-2.8185690919326,-2.07909677725757,-0.539205433079764,-1.12973148482779,-1.38257602556137,-1.52836052545447,3.40538614879707,-1.9320661375456,-4.01747643613687,-0.569116399045737,-1.33914924990556,-0.74775576613591,1.76070531972421,-2.61127879653528,-2.32010751873558,1.89960981695122,-6.72021037283839,0.907325156772122,0.375676325148284,0.0117543788826899,-0.138539743202485,-3.4164963462928,-0.412959075383888,-5.15105086079736,-3.87717744425193,-3.73639311698809,-0.305420647862923,-4.56861905638929,3.31705631331242,-5.33604997770867,0.326084001167515,-0.784653072742038,-2.13367126202739,-0.330658421809984,1.21533098266906,-1.89462585032242,-0.747826215715083,-1.3207420023452,-1.54871158584657,0.709867404564152,0.76418487882436,-0.56637762280323,2.1721230627912,-1.85781517938117,-2.61006553857303,1.74744828963683,-0.427842329554258,-1.04695669701321,-2.38910836236274,1.57484808585633,2.21136508897172,-1.11029907693075,-0.940126301828385,-2.94001377980221,-0.557624209606119,1.14118264496623,-0.7705707939807,-0.358244177787875,-3.22416832360672,-0.140434559503732,0.886904431179279,-3.54242129720652,-1.58760566690235,-1.00645554673164,1.19367768195166,0.106056248582401,-0.200095032050684,-1.02647265782411,1.21528662136374,-0.124903963294445,-2.07480495922322,-1.98007495179828,1.62996692944784,-1.12407894637865,0.728293732809928,-1.51458267546813,-3.41820666536706,-1.90959006677533,-1.89699333600029,-0.827376264961242,-0.503462611227732,1.16043334523708,-2.34483594132355,-1.92553576137369,-0.492828358127583,-0.153218129094086,-2.65546123673559,-2.0035297216299,-1.21215481532369,0.28327206884508,-0.849676808940796,-1.1530128484683,-6.04670197083013,0.189510945109491,0.0652407464505316,0.556378358665659,-1.18876871336398,-0.667848321584443,-0.450336696943045,-4.01902940761704,-2.8261052384762,-3.18588534389547,-2.59402899143685,-1.6453050009702,0.75021353511246,-4.71458025870544,-1.07628058244235,-3.79127780234711,-4.37058375214205,1.67050074444529,-1.44757373767629,-0.946208170540121,-3.29713722492396,-0.670771288167681,-0.579260972229751,-2.17065128833708,-0.381461356010794,0.393663319019419,-0.123312272300342,-0.185486376214788,-0.986387263081555,-1.54853204561502,-1.81531686576215,-2.85982970411554,-2.84286654289434,1.91111004526025,-3.36393799874125,-0.290183536269428,1.51480231999232,-2.6859029987196,-4.23779416896582,-1.45333606518022,-2.64098126618938,-3.61034730782183,-1.32659861136719,-1.321112588619,1.18919976366214,-1.43166609653216,0.376899141642694,-0.792219752468011,-1.63631041821949,0.454880293354538,0.0321913257256028,-1.7871948262444,-1.83833840009759,-3.55162665113449,1.70567031995663,-0.216841271989339,-1.9197094098084,-0.764385213493039,-1.76955079899956,-1.84029782790973,-2.80525505386145,1.84192465138061,-2.07196989691868,-2.19141014815348,-0.319078059150549,1.19149490242799,0.694879223299454,1.40291009330336,-1.18544631908708,-1.68955706080909,-3.84186499461238,-2.41592084364572,-2.01792462322783,-3.48168475683988,-4.02444302043701,0.327936083953698,-0.543199305810181,-3.13283590219103,-1.29614404406415,-1.00219110171914,-2.64858849749553,1.09692025933201,-1.02384352433238,1.15681453781603,-0.529367183478283,-0.129425414533781,0.252372554406085,-3.35568806899238,-0.370045490157791,-2.9524826128767,-1.98759502680647,0.0678840047977771,-1.05753231696744,0.75744832929521,-0.37230320208342,-1.18171343934612,-0.722105028193774,-0.793461534212492,-1.23836571205933,-1.50342421985504,-1.46087565596773,-0.520573954568021,-2.28013069244872,-1.28707073400703,1.21678698456417,2.78940872038812,-0.643154828508748,1.23834069663653,3.42594838014253,-0.589681023175156,-2.6545807922968,-1.10485244174949,0.0423859305137959,-2.14908417481584,1.40103105848954,-1.96229856993073,-0.546309573718168,-0.960858244977262,0.693768632761553,2.58264687546454,-1.57058852366652,-2.10673438262967,-3.12170658842639,-3.02791839108741,-3.02402995882114,-2.66772580121977,-2.05914474031652,-0.794279612982137,-0.498715788257189,0.780697890756016,-2.1631374683253,-4.05686329859931,-1.49368266582411,2.49050472725653,1.08682502767928,-1.15889374484638,-0.0339065017548128,-0.624756274058316,-1.71483088725548,0.519051021561105,-1.52042600158881,-3.99782164064702,-0.960333383164908,2.64376189141807,-0.528745439096756,1.11676034701405,-3.13782890170278,-2.19807473740535,1.43302625300047,-2.4155002834751,-4.28400094706911,-2.79624401876246,-0.527310950139763,-0.602540820037995,-0.985009910433182,-1.84989087362126,-1.36971322310842,-3.68899129608427,-3.25442158397771,-1.83016412053594,1.29439557426613,-3.14897240087196,-0.136860037425578,-1.41955624220122,0.557368623575943,-2.52842981043356,-3.15891747569083,-2.53665032652012,-2.19973656948337,2.61764949364495,-0.23326247615608,-0.13872727107202,-3.14353841348509,-5.47772799743503,-0.103020408516517,0.109295609144939,-5.40524180763956,0.871705044123222,0.624835225504761,-3.30470267229307,0.301704284774838,-1.95316825992367,-0.252106722933113,-1.0271146744288,-0.15003915480547,-0.551302090677876,-3.03819800840764,-1.44602607151465,-5.31121735642259,-1.43726769626125,-4.40725788964379,-4.27789677567272,-0.927564235229081,-0.922708086890456,-1.19617870078083,-1.87027395271722,0.839099961118509,-2.25877050662656,-2.45603062662656,-1.16930562837197,-1.69080739120831,1.57173519663346,1.21000798370729,0.114316502894989,-2.62034675810814,-3.73858228930958,-5.90379408004855,-3.34736209957032,-2.34320061142286,-1.952582127899,-2.7964714258755,-0.475069412704607,-0.372328460041324,-5.38239207559189,1.19323933774925,-0.649587319778527,1.25101125437054,-1.58282043046943,-1.57987748229442,0.652361264819486,-0.260394284841999,-1.79106304974387,-0.0127297575266163,0.712145441245456,-0.407858603385323,0.813935431984142,-5.27285292064906,1.5802023465212,0.485920897516556,2.1573725703192,-1.9405304494338,-0.277179964109421,-0.296167893779368,-2.99404525185625,0.773862439282735,-2.65617418786091,-0.980348460221175,-1.93414662709097,-1.74817675301784,-4.25112403253929,-4.32888388118406,-0.465839418666198,-1.65391619220987,-0.618658110007463,0.800751525672467,1.35307800430319,1.41066180635003,-2.32715238287917,0.69460426587287,2.16415166522058,-2.17723829213314,-2.95633876973808,-0.612861524503726,-4.00837838775041,1.05149520132348,-0.101245521101275,-0.380886808068505,-1.79365967552385,1.81042649326721,-0.263873322559998,-3.35867719286832,-0.916502297407967,-0.647565641040616,-3.2130597146266,-1.10417563958712,-0.837383884857046,-0.0639533817278304,-0.737840963799035,-1.74675206341443,-4.10577775870923,-3.35854748826639,-4.1425367515299,-2.73560652740617,-0.321519940939816,-0.306992278990246,-0.967782284361148,-1.19707056417046,-2.861422133888,0.420548061131495,-1.28045357935741,1.54380683371072,-3.56409305833754,-2.67448703231584,1.18466664762792,-0.936871459205603,1.65913363875263,-1.0148910790732,-4.99168462675277,0.648023547454698,-5.25818938394445,0.0136854333453436,-5.35990476004009,-0.855584954808336,-5.77501095327091,-0.193197917122395,-1.71743979754029
"40",7.33582943775725,3.82946550233874,6.18627690153904,-1.39602055715735,8.43436103575852,7.46033185395718,5.37656439746582,5.40276151556738,4.87604666292676,7.42249047792657,6.12558409083006,2.73903587631285,6.1579025906488,4.04816775043398,4.24655826387801,4.10570831325417,6.56433032448429,4.38526819267199,3.75445613833765,4.33092253419888,2.11464157999335,4.18676861107723,4.70646327578386,6.55201373880233,3.91313955663099,11.47521463897,8.47823944087789,2.40352452910435,3.94794765142407,3.34297397738373,6.08740387405285,3.91862979772489,3.59139881003658,3.85454317018873,3.58942987862468,6.67369855380898,6.66185006932494,4.26922825152388,1.15439119707459,3.89024410268094,3.98980417873507,3.29225753317672,4.41250749759604,7.02342971085596,5.70315128540038,-0.108583660672536,3.19706751123859,3.04491829425554,7.22905084321333,2.24106869813301,5.64598432362978,3.11331177031276,2.43815715300492,6.28409596470276,4.89393947640504,1.21245377985846,5.92488584664089,8.53079358842466,7.94184000343794,4.59421262997526,4.2865954610554,4.45824546968522,2.38952279621792,7.0616985850106,4.01353587482309,4.65855808911855,7.68023971742203,8.77919013018075,1.64318157527,4.09481363569115,5.12016954177641,6.11860448681974,6.15801534858568,6.1717798115424,2.40281574184628,7.30548824015202,4.56658725810564,4.91280981648591,4.05223055504108,2.44340197356929,0.484256906034608,6.45147297922272,-0.837876005235238,-0.0838552673077898,-0.511642385425137,0.0494750866738054,-5.31022184199317,-4.16452581917235,-2.35064715790924,-4.58975646516835,-1.36573418897499,3.46367008715793,-1.2389731767302,0.382189788839349,0.722463111757397,-1.65826140744448,0.889693183312034,1.7988303695299,-1.77695818836473,-2.79625176313147,-1.85641810151173,1.91033250406696,2.37985039401336,-0.568422299094282,0.80827241035104,0.723775786203791,0.114948130349502,-1.29193546333643,3.32229063603659,-0.925376787042211,0.686074510078305,0.889759670814465,0.746421025608724,-0.34161383603758,0.949433618858344,-1.9284278543498,-0.57496270939787,-1.80827780080933,-0.975817835057795,-1.09374862065714,-0.374826341256451,-0.150859286908046,0.094785747593064,-1.1420768020086,-0.512774672060849,-6.08747793521985,0.0329600641376164,0.184272843345511,-0.705280439392668,-3.02769672212847,-0.628474221141826,0.889475717130242,-3.27056697569147,-0.553520311490653,-0.904234967750098,-7.05678992376463,-0.643900428841021,-1.40941822389201,-3.31228566419791,-1.97856439309418,0.922927703986368,-0.372831995473311,1.41291374505629,-1.34866357377616,-0.80293886133917,0.0349007365125822,0.826355518506663,-2.17335427438204,-2.23808914386955,2.59127539297799,4.08441203966601,-1.66327128712418,-1.14835325408426,-0.478138347146114,-2.72326891064715,-0.85536258028764,-1.26030542838927,-2.70405033732655,0.661207081830336,0.0812960634899509,-2.36011923725982,-0.904259474992169,-1.79626918682549,-3.96801312561166,-2.48256532661695,-2.63154151961362,-2.23346124330219,-3.06325968930018,-1.67202082030894,-2.62322317486722,1.7379920433218,1.49668407487842,0.608131826537593,-1.5385394046894,-3.84749666141958,-0.0708657550663364,-0.0122015784735429,-0.476555041419305,-3.99645790059107,0.600525877989718,-1.24614846958476,-0.950437374412161,0.13110294074607,-1.75006777298684,-1.53386616055936,-0.368383486262066,0.173076195539798,-6.43390876435971,-2.53265681576301,0.443729416448704,-3.41594732868953,-4.44862567703872,0.578922075499117,0.454278510385677,2.14297590882808,-1.35246022049077,-2.65356308230815,-1.66767320808176,0.650859252190151,-2.35889666999071,-1.77087928939985,2.38747240443457,0.249671066027404,-0.730000495557624,-1.29092647213114,-1.36056011450224,0.628576887317565,0.14421583935691,1.09055148181811,3.04104834573104,2.41721005518784,4.24081505481647,-2.42973729787807,-2.21387519195711,-3.53234113911851,-1.18894804640066,-2.83496474630193,-2.14646794061682,2.04356288730429,-2.75896699939695,-1.8001003748212,-2.32087587221609,-2.38966001110892,-3.49424849851318,-0.846617158118671,-4.48829762097467,-4.46282849771141,0.658147195614117,1.33307324053879,-3.54278514657769,1.45484792384242,-4.15656832739427,0.070573665565326,-1.30952074108915,-3.11538731123079,-2.07589334999663,-3.21765066422536,-0.416772496068857,-0.724992463424077,-4.7760749116744,-1.94998881721156,-0.531322370911626,1.91799253663577,2.72136406114133,-1.70316266865273,-0.0875255472078508,-0.403773826911394,-1.6432139125788,-0.198463014252902,-0.530639766917878,-0.320592928843394,-1.13441166058906,-0.705047984583779,-0.126035470809462,-1.91203094387017,-0.353117508088659,-1.15452584844941,4.35102854018911,-1.38759492153437,3.17857901442091,-0.551982954248406,1.07739090421692,-3.60555840449771,-0.714954371396385,2.49212612252474,-3.47895582170831,-1.22281263256842,-0.339346237979051,0.430115095505866,-3.9810043651734,-1.24056195222188,-3.03338371534382,1.41642596767655,-1.04327397782314,-2.29004899974264,-2.87647550195209,-0.967940875874004,0.786738389136416,-3.55951254077598,-4.22050086503628,1.57498247842113,-3.23365959964613,-1.67878334535762,0.188856239694364,-1.30967281304556,-1.74963179083937,0.210487610715695,-0.0269614611228345,0.972165610563511,0.433208631621461,-3.18129815653314,-3.08525533852432,-3.52941252200158,-0.178324681129193,-1.11421682537194,2.56340708575413,-3.09685162888056,-1.71061413266486,-2.88899636249364,0.76521866304024,-3.45797674765332,-1.77087174415985,-2.78302883671269,-0.704359938486158,-0.686671911438078,-0.0142578101624968,1.06740857355976,-2.71758417199602,3.69585753435684,-3.00836077366498,-1.92427140287924,-1.68997632907205,0.127052691022611,-1.82629159230258,-1.46313811130502,-1.71173601041914,-1.15489556660175,0.958759189764058,-0.59113926032749,0.484550920315296,0.760630190278591,-2.34766736947517,-0.0767258237758417,-2.64001996769594,-4.15443175453044,1.46726206865708,-3.64801893429604,-3.01615406367107,-1.57676596445225,-4.00025857357368,1.10844137294962,-3.21688182324723,-0.342485637218035,-3.90504998246997,-0.526058795664136,1.49464355672004,-1.21193340783851,-2.97026337562986,2.48246661793972,-1.37161448793759,1.81335298023015,-0.313675608492429,-2.25655320007406,-1.11540829885502,-2.72813834106538,-2.64726920210557,-1.85235113309519,3.04593929178806,1.89229340435301,-2.00943431181707,-4.24088766870427,1.05364577964066,2.07645026849523,-0.492554103464935,-0.419341326028469,-1.51145277405751,-1.44332464314481,-0.852395351312104,0.490373078181104,-3.69173466402231,-1.2604861766,-3.04575488973378,-1.41572657979489,-1.72064487734391,-2.52581653704104,-1.33991455155536,0.533219904121923,-0.826668642611444,1.71569290211485,-1.33852056805477,-0.53797712527023,-3.83256565756301,-3.85773576120106,-0.640357399684844,-1.55072566908524,-2.69659350184738,-2.20598377750755,1.15225238905102,-1.90478657561273,-1.39201537409047,-1.76679014153648,0.601555565827449,-3.19845200139231,-0.451575241978307,-1.6710787148704,1.17878047113157,2.07703220887464,1.5531040540708,-0.0822012014844596,-1.69856827607224,-1.0860364430251,0.97053542787101,-0.37546467052958,-1.4580925513784,0.0668566416724188,-3.58846676625958,-3.01748911329887,-0.610474666629539,-0.021705317386568,-1.02716024498073,-7.38115589059624,-4.32229597311156,-1.50831102719764,-4.71756168789568,1.48171838171789,-2.14745514745624,0.899384403072787,-1.04275671827904,-2.21232487737615,-3.95462921571017,0.26742449770963,-2.79785132549857,0.834595081068896,-1.95929241786876,-2.79921283123425,-5.50085806236759,-2.217750421131,-2.89881796406909,0.961415509134556,-2.43229521905158,-1.9409751230706,-3.13961439742959,2.58437408310045,-4.28021540808059,-2.98566456237839,0.0703289527336246,-0.0830035984236883,1.09468780221722,-2.12071204142258,-1.53127818594664,-0.390392244095889,-1.74158915906227,0.205498956574756,-2.05961257937628,-2.00470319106045,-1.18971836642849,0.518593815375296,-3.76137118770209,-0.314080772457877,-0.534074181589131,-1.66843150291146,-3.80115867521883,-2.64426486477182,-1.16262763363107,-4.59680839801122,-3.2996485770916,0.360844476754742,-0.441293695180084,-4.69465973301104,-1.35732969011651,-0.787767166287511,-0.373813830690871,-2.08121794993651,-0.50881635073375,-2.89929072422896,-0.0827487512655883,-3.66210890038872,-0.929728641834186,-2.9746881484809,-0.660213772882297,-2.72983985242298,2.40843143734664,-1.77405567735419,0.137054765576886,-4.40445711226952,-1.28185918852517,-2.20657393743086,0.0530620402221993,-0.0993020733469023,0.955852189740257,-0.0944115057473297,-0.206377529655489,-2.21309355944948,-2.1773398598056,-1.44320155164484,-1.14915179082243,1.31745588776847,-3.64766150192612,0.0149906575706171,0.328142784840213,-2.37831197600517,0.827770787961523,-1.50184567221166,-3.71790156854153,-0.976016780015442,2.98333665535154,-0.422927513616708,-0.0933089561859464,-1.61556342722522,-0.557691068485085,-2.22285025553392,-0.429365154870972,-2.5355411414912,-2.98961410407817,-0.429539644083143,-2.56166425003531,-0.822044931181493,2.67634572861173,3.01853011327367,0.0399264926240475,-1.175065509043,-2.35574178802961,-1.7140766053965,1.19361008806362,-1.19543647581244,-1.94001926872659,-5.46759400974367,-2.10414203915891,-0.959939005297761,1.85148767913399,-1.97731873713782,-1.38185557214714,-0.0527666792164623,0.316646243239733,-1.81188852585504,1.66066322448101,0.328012097514921,-3.38831433985649,-1.27300079039035,-0.497463719018811,-3.9133286944352,0.253458989058483,-1.02168542873242,-2.35907160256167,-2.04091181236236,-0.908476416508992,1.48786774994606,-1.6543751718153,1.41559508867998,0.385900058128024,-0.913887705066128,-1.87715503868564,1.76271427436477,-3.7987465506293,0.63271762370342,-3.99570064779723,-1.69624027458886,-0.422622550013723,-3.6170152065267,-3.26874933578746,-1.97230968128825,3.77302450299338,0.699197865961889,0.199135812954074,-1.89193473700321,0.207015686578395,-0.230183152075484,3.3463959298281,-2.46970961315924,-0.852894582860659,-1.38481956320157,-0.233603744916691,2.77348906215465,-1.87374526679574,2.94621973502615,-2.39569906914216,-1.77577479815784,0.173105624592956,0.114101421364909,-1.5731106674666,0.304912908605208,0.0732450713548807,-2.50371867185431,-0.577724747938082,-2.4739578147391,-2.40340051021893,-2.11120729150105,2.40501754746623,-2.18393143441531,-1.94506091123004,0.122893021556735,-1.08888750042381,1.18048017101707,-2.21032229053383,-1.32915811589106,-2.89347382886978,-0.733977239420323,-2.38376115182184,1.00156611428584,-3.92658688931946,2.30915524997847,0.940736014034879,-1.6453967211475,-1.92582526273143,-2.60654173063642,-1.75731714711087,0.308051677029945,-1.39549196107771,-1.52013660983948,-2.14587765861085,1.68825284967897,0.969499897666527,-0.872048341746395,-1.94036543620515,-4.06268389680806,-1.01024473006804,-0.512947142282929,-0.108044226263908,-1.70409423822633,1.59361250587485,1.50081950614457,0.145297447209476,2.76501808992202,-0.0352755056844811,0.433369851571071,2.62944620160853,-0.266759011328776,-0.381778096777508,-3.15698402878599,-2.53339997780423,1.96149016582147,-0.815333208256185,2.66560886047374,-2.09220086241125,-0.12800910601218,-1.04510816422341,-2.87167081963233,-2.09782268872598,0.393308211692377,-2.39331420267763,-1.84650672337551,1.32448837415007,-3.61183735690534,0.756318401159275,0.875375543659333,0.0233718009468511,5.11206359913588,-0.827859772663374,-3.42954838969802,1.74030546976992,1.88880084348917,-1.90987339095908,-1.88311794404413,-2.77893015718365,-0.781555086370956,-0.114172381660365,-1.83708485063392,-1.57165812196643,-2.41476853768873,1.03160896117269,-1.30716934023145,0.836161796862788,-6.31307390709846,0.425469315903308,0.0307857681257184,-0.74390617803585,-2.91956569903272,-3.20779844990834,-3.12022222952469,-4.09910055637562,-1.94549105841749,1.00702607338757,-0.298881583525844,-1.51568137754998,-0.0591722612799589,0.887429759768275,-1.75544449461365,-1.58041885385139,-3.84604616190031,-3.4476832917723,1.0129445255878,-1.97285095588125,-2.13686823253293,-4.13792447121197,0.0922862131896909,-4.35451717772425,-1.61522232132027,-1.11750947975288,0.952622909144607,-1.81145876949836,-1.64544851879148,-3.23003933067565,-2.21360435155577,-2.57460767044096,0.375110161254638,-0.187446931862822,0.2744369383965,-2.34341057978633,-2.96829430619386,0.525245055853065,-2.39763380730442,0.613548324097085,-0.591800751829531,-1.64120807302434,1.65752703489405,-3.29747333016536,-3.20762352224614,0.182995411631565,0.705128344234203,-2.30410236602304,-1.9305136779864,-2.48767322118737,-0.730756439222631,-0.720130087909113,5.29353345059284,2.2617704985979,-3.8166265887584,-3.3159636134903,-2.07350284101789,-0.257310480370419,0.654888516480414,-0.0768062959323931,2.34146204032172,0.286077533304929,-2.57892695923461,-3.03014910806155,-7.18551053026669,-0.411593193514297,2.58815577015588,-5.73582922397018,-0.437413721192951,-2.54313378879946,-3.78625201713119,3.07690082179094,-0.229275555717383,2.15493255846195,-2.77348630796594,-0.939456760142037,0.189895309168398,-3.58920435276193
"41",0.256849778875629,2.97984871501516,8.11817185320125,5.97068069949588,6.51325967574746,4.77977953882831,7.94229700793532,0.898457077110843,4.61687478256118,9.37677121203869,2.83993559522909,6.9860951225822,7.18135546094098,3.42956215121851,5.15888577299795,1.21549904533266,3.37591581363221,2.83735815576853,3.21250023384507,4.01383812742823,2.37619484770388,2.22664303324644,5.01633084112917,4.13206395488735,1.86078698036859,7.88429455457036,7.01158583493477,4.00951856235998,4.38059249166892,5.5637751488075,4.00346884651826,8.77005515465396,2.20308415494236,3.67277392794419,7.55929996101024,7.94813450025738,6.22279062370747,7.82926415697709,2.31962924367156,5.14970611487712,5.2019865176836,5.88187594228499,6.96645497634508,-0.355668319761565,-3.04320949505824,-3.41236139795055,-1.37933504551442,-2.77998496037087,-2.37382680285275,0.274651069442159,-1.21656009831834,0.598476052794611,-1.3009795754338,-1.51256048560153,-2.02303730939729,-0.533758631958138,-3.43140991559181,-1.52795655837923,-1.97058391839092,-1.14717733686392,-1.79488014168744,-3.164546070901,-1.26291188615663,0.755517217471397,-2.05565306436116,-2.63105375560495,1.48953618723337,-3.77989884216109,-2.23051272881368,-1.63939996530966,4.01844252249909,-2.86352840011814,-2.38209015321421,-4.71004443079374,1.46559204290851,1.65409682478356,-0.626115904258369,-2.15845663542356,0.832607845719909,2.69716044804873,-2.41046556484461,3.52942543084785,-2.67213977353996,-1.71401978675831,-0.439356641510922,-5.0812972213281,-1.76068473705568,-1.07369351360756,0.275462402770475,-0.83395551387081,-3.25217765821713,-1.05314014380897,-0.863868427719289,1.03696860379708,-0.385388349595087,-1.31187809496232,-0.662671638589332,-3.11456103743675,-0.131847730808006,-3.48950255649373,-4.66573612591996,-1.51959472145449,2.62416392296653,-1.85290552742697,-1.11206422639673,-0.66752646105176,-1.44944090010704,1.12389141487835,-2.14616066567238,-1.849059427506,-2.9527613673243,-2.91156316365792,1.81466446549719,-1.24157515771377,-0.549423245752792,3.06617457600495,-1.21550810029994,-2.88234266501709,-2.2433055931013,-5.71896275458533,-0.113985238465396,0.919744602799234,-4.2435230277802,-1.21053464764901,-1.38072851118862,-2.24802159317548,-2.36729621476415,-2.7247051027339,-1.17102980266403,-1.60173191788766,-0.111222342717759,-3.18448211621676,-0.432157911514076,1.88763686813312,-1.22756659134419,-1.68620974661233,-0.73516654784958,2.01836636723506,1.2170681277863,-2.37305798469768,-2.75012968249853,1.62556631675496,-1.30251861144722,-2.67891523286979,-2.00988769514678,-0.488698169083716,-3.48445499678574,-1.35749643704337,0.00982474404146227,-0.821634243677573,-1.12599721299515,-2.75812472687303,0.791673181700805,1.09529152915107,-4.95065147688402,0.135939939027277,-0.0491478510405026,-0.0395363374114006,-2.50985598583644,-2.17378821399066,-3.03181879535982,-1.30717816288271,-1.40090155323506,-2.93631274546147,-2.2586504387879,-3.69598288148419,-0.122242340447642,-0.83700846800094,-0.864241140559672,-3.5907915432863,-1.43274074253011,-2.24081362541638,-0.911877877211532,-0.866305336844345,-1.19689309982972,0.0591365030101179,-1.75222727471212,0.923015169892857,0.242028471366571,1.1137869485848,0.536271148129263,0.889261488234477,0.227163873415361,-3.80802186215012,-1.60132565452085,0.723252445487329,-0.428156184587294,-2.46652901249726,-0.482985582234745,-2.92535526712467,1.82441872632323,-2.07764371601006,-3.56290328952748,1.67561329761602,-0.125298149444083,1.5818829664076,-1.71669160657633,-1.74508555039877,-0.250357756627568,-1.00034883691715,-0.0350932964184519,-1.91326902362396,3.19324988445493,-0.648957364972972,-4.33242932366603,1.16843887323922,-3.14430354570592,0.0426653508863628,-3.30247984342954,0.976424175589226,-0.223975933821806,0.86344533391481,-1.45966421328544,-5.59640171837944,0.36746065086131,0.237559688060582,-1.3041655329822,-0.605289731714093,2.04448165761082,-1.385377340112,-2.37256631198663,-0.538348387912805,0.176508040806816,-3.87186083491001,-4.43094528783568,-0.0255024037476819,-0.863799328601262,-2.33643417427215,0.321627214771506,0.846677401734837,-0.287631130819243,0.241238998874918,-1.95603656348816,1.99881834361078,-3.95369273735915,-0.722300846431666,-2.33127116234989,1.45927729297722,-1.21819862254169,-3.02514159177621,-3.07530285269882,1.7208711468795,-2.49302632088346,-1.62453156800017,-3.91202223453125,-3.9650843931949,-0.883928436165474,-0.266829699665907,-2.61093595246989,1.03175881476172,0.860257268973069,-4.22368565237552,1.92493437608364,-2.43204746214326,-3.61137480576391,-0.429928596076291,-4.12251431926783,-4.10574251407002,-6.1400806201982,-2.15423472905364,-0.827740052221009,1.01325482169729,0.698234714974957,0.654092959761972,-0.756740794496372,-1.90259490933905,-1.22581004763913,-0.236600972508866,-2.03141733749401,1.28954845976294,-0.087127380514073,-1.56490508953095,-1.11296390017954,-2.10932441361044,-0.321196528939253,-2.40756637105278,0.618167558553503,-1.40585307122401,0.223036445579165,0.757707923849323,-0.0322123765495977,-3.67826758967415,-0.988875686677886,-1.44187363543806,-2.09491416686945,0.865156772888386,-3.15613721099407,-2.58502528041608,-3.33715740563532,1.16147201168419,-2.10199107669271,-2.13101054907723,-0.139858500714749,-1.78857783528679,1.84988960699646,-2.0366953756578,-3.37160341383292,3.00743555677034,-4.07752347226347,-0.294607348639972,-4.06766378666432,-2.19149505437487,-0.437054644359601,-2.91718173334603,-1.97856803416253,4.25312174208126,-2.55405093250093,-0.0366612950706265,1.18305383324234,-2.23700224159441,-2.93524729489294,0.0935674140447147,1.12252333927016,1.33438400027219,-2.23316645031551,0.285862329689688,-0.864292056991262,0.0261177378825723,0.019633351908064,-1.27820995344983,-0.824052610868972,-3.5972906852844,-0.737050881349572,-2.51819498520708,-0.135025507463557,-2.53759664868611,-1.17480984231311,-2.357237791864,-2.10842439599056,-4.52807796380201,-0.747016940464626,-4.24516958796056,-4.75032625979344,-0.667644637561188,-3.08562995337564,0.334087793689523,-0.494411407408064,-2.3289025913012,-0.0744043545674117,0.49031436738264,-2.80420129925328,-1.96055152742293,-1.46189205514391,1.13462254487259,-0.555842731830662,-3.49906815519192,-1.49567244687679,0.361958408056776,0.160702674175709,0.672229815696436,-3.24696708846057,-4.46424745319507,0.450192700563655,2.29979184887625,-3.19541146769716,-0.0735123169058263,-2.37950382568248,-4.49450739381774,-0.386667823031836,0.275447491242905,1.36963644652824,0.574360895994142,-1.16579389774016,-0.0652176240353788,0.849098744960416,-0.64634012427034,-5.00366795004274,-1.643801480805,-1.53836138760007,2.75481630242433,-4.83118581319226,-2.39341151712596,-2.53098233956808,0.2525637623058,3.20984507351649,1.68198792272767,-0.248736263119833,-2.11931280688076,-1.11009568546535,1.85987214794001,1.2526615105799,-0.50734305378346,-0.16806998130561,0.846161799501268,0.119412313005297,-4.78723177387111,-2.29295516463206,0.549738410631743,-3.76335120326477,-2.60977300314179,-1.26553110235415,1.26427385491027,-2.74555827861773,-0.613497272692879,0.769971368326108,2.51897184582605,2.06004097318157,-2.84674442253032,-0.673918583554978,-3.21239656117456,1.14128006448798,-0.101734698143523,-4.60562153651551,0.952564533777879,0.523720292472372,-2.3081298890212,0.840448316164819,-0.434990370658739,-0.468456580053451,-1.92296285034537,-0.218387198033678,-0.332753523767195,-0.175342869543022,-1.29973412203969,-0.986609006316892,-0.273560092075555,-1.19192214768096,0.0653445145741589,-2.69129090613689,0.358818485301739,-0.168340864040368,1.18073023900219,-1.07586749589575,1.51165222836221,-1.27654057133164,-4.06799408624525,-3.41788101934465,-2.65644370025909,-0.328596156792505,1.70879946154264,0.891484115923965,-0.396107081136341,-2.2568539601449,-2.69538868491142,-2.08436544579314,-0.918494750766278,1.35580002491269,-1.67955906870523,-4.4292387736782,-3.38205903386732,-3.90048793701192,-4.98418777428829,-0.981919242682214,0.218878797219175,-1.38143321529633,-1.72733937221308,-1.25925564166141,1.95298944713878,-2.66751962111971,-0.919155462974715,0.437879606698011,-0.59686096009919,-0.978314627472093,1.25621362802327,0.0927813789332372,-1.37380321667736,-2.3226193737448,-0.901273406103277,-1.76335438393074,-0.517456716532877,-1.60803139333928,-2.0103773214381,-2.26870654028375,0.0401621914407824,-0.649505950105474,2.11545334094958,3.33409472815557,-0.444577853174165,0.351061925577712,-2.86240309012719,0.734235688857873,-4.79650790689091,2.45815425030499,-5.57859296016876,0.482641042596026,2.80016775630026,0.258629881134515,2.71334742198901,-2.58182790553185,0.809816178027966,-1.87618687679661,-2.15291616731362,0.624297267509676,-0.367748376616782,-1.42369838405,0.905800378564235,-1.09702083212345,-5.37483057728872,0.455527528974444,-4.55875919450507,-2.81981756001812,-3.87198892828627,1.91583018401028,2.58606741406566,0.830841183393845,-0.762337956289645,-2.34493374327601,-0.81001661067245,-2.00840780057977,0.503301775681531,-2.85336484808735,-0.0432137788128572,-0.571993003964028,-3.57375185677141,0.668815862399865,0.969662844848886,1.74328422387657,-1.49482231449549,3.36016928574126,0.611375433515977,1.38090421357291,-1.49526144555219,-0.837127173152823,-0.0876111667109147,-0.8131652582948,-1.28385857621237,-3.10354751683484,-3.61807660689189,-0.902733130599859,-1.27909637637706,-0.697453225908646,-0.29911874955501,1.53098108836283,3.39918766256367,0.0192235105855363,-2.78505201386542,-2.8327659894973,-4.83658263494774,1.05254818346045,-0.449929109660513,-3.00197202524358,-2.14539042931875,-1.24595512779416,-3.41825770428102,-0.335337126328736,0.0742188724342925,-1.5339366205553,-5.86187382681153,-2.46028109834644,-1.1496094587354,0.0139277010475454,-2.45525392594599,-3.36118821979919,-3.38157849320612,-0.77036851801725,-0.848301785962641,-2.33133400007172,-0.48549865595018,-2.48983712980721,-0.449472194190375,-3.26539226422149,-1.72097975419301,0.478542203669708,-4.87269026193395,2.72687092354241,-4.69701584996459,-2.02699500932437,1.91015706491826,-1.0687555398862,-2.99072219821413,-3.37580929723577,1.81443694215136,-1.3548786367614,-1.1768641699422,-1.98928772962819,-2.14405416410109,-1.36655226175911,-0.766349120282215,-1.55228078148957,-2.27062411162351,0.61335130177413,0.301652823956003,-0.28055166199318,-0.03093307461213,-0.581223698350183,-1.47483733272791,-0.550231590800788,-1.76198018248133,-1.46450264625133,-2.84369179749129,-1.84721746680684,-2.90791365821096,1.85600262537018,-1.82417079099148,0.883002948427582,-3.99413893638519,0.250636169726421,-0.674651446934011,-0.727019614163119,-2.91703474908272,-2.79433753821216,-0.394335803879071,0.461472759240843,1.81029856363699,-3.61319247767016,-2.53085198877903,-2.05645981645559,-1.95230997688769,0.330438323968958,2.45923790116484,-2.06247412444059,0.824446238048094,3.75873338029947,-1.41448848292955,0.0366143721349383,-3.22902509414507,-1.92399216075522,3.37015069840933,-1.35698422458396,-0.603228899086605,-0.24647342843032,-2.97261899374881,-1.57831002993934,-2.75889745889087,-2.12108643437142,-0.0714080383655896,-0.769002737829229,-1.78160212721745,0.546699223976171,-4.17653514167435,0.139246240836036,0.488008823158771,2.06361698164686,-1.056791501516,-1.90034029228125,-5.56304897750637,-0.86607819259626,-2.29357747179955,-2.5095040923116,-1.86999558083072,-3.13738036169657,-0.626908909920636,-3.76535703375487,0.227760471081758,-3.52602453922896,-3.63956699571474,-0.354038811794703,-1.84910836563162,-3.58405320472876,-3.53943152449434,0.858194679157491,-3.46362926529984,-2.20361189927544,-1.08714170395286,-0.615117892405065,-3.80091494051848,-1.52652119266418,1.69765780593049,2.97923988221866,-3.19992177892812,-1.53797857874134,0.158811059238802,-3.0239202415908,-0.558783196528981,-1.93689233999383,-0.647067149049204,-2.35705143774941,-1.02156006268624,-3.78046969652314,0.914969150550864,-2.22631887096647,-2.83033634647692,-6.58337600877351,4.08285117943852,-1.88874597430435,-3.80256498318388,0.0816599525688351,-1.10561579536923,-0.0807236841449889,-6.53596123821349,-4.67920335948091,-1.47245323174932,-4.70368018893316,0.810470360833827,-1.82475697078611,-0.973182989541506,-3.1044933792281,-0.707826590361699,-1.22427821517031,-1.20176594768154,-1.42622472392509,-1.06172262651952,0.239164219926688,-4.14835342297043,1.41743526715583,2.04014681722137,0.061166474937884,0.35880370578246,-1.16840800640708,-0.848149147985545,1.20569683416106,3.38538775507721,0.111023585814897,-2.41149996226252,-1.53923030287954,-0.399342021602892,2.10844762383563,-0.651321036664711,-4.15486326750994,-0.921630137130886,-0.929826579958746,-0.279572002316955,-1.00833901224956,3.82391658706348,-1.12236468292915,0.564414583023066,-2.49352633484787,-0.440729264698567,-6.01297954710559,-1.76377133238475,-0.107638669622186,1.60228224310122,-2.48818597739506,-1.00829821796906,0.535779903340993,-2.18629670447766,1.08423308723285,-4.21228390220499,-3.08545062624539,-1.16109543715234
"42",-0.92243369156441,1.35067410855394,-1.08259198437806,-0.916646271414381,-1.28237276308533,-1.60556645329541,2.49982835358374,-0.831389310465912,-1.5880075998139,3.73957541659723,0.0154643609362375,1.07723527171914,-2.93612266420432,-0.123344290667536,-4.20445996670102,-3.94596366863468,-4.38695650956963,-0.442400656279212,-3.2576967221394,1.00193952359048,0.413719405640384,-1.27145588822933,-0.918505458400875,-1.84512993559124,-0.535177328844869,0.0734222389493759,0.927509332318021,-0.396005607106796,-1.8106834024834,-0.724560963994758,-3.35164859042884,-1.63774976358591,1.90414481378198,0.990721853225702,-3.06374447267534,-1.62242484472555,0.0987836592953766,-2.58441106261996,2.63864696463859,-3.01039776007595,0.149859172141891,0.186820159514199,0.350766303354707,0.476459523942882,1.33209174964159,2.64993624517234,-0.78978886574507,-3.60309379100577,-1.633480058651,0.41076281210817,0.348130576325639,-1.9634796625087,0.609753673888924,-0.655037429047132,2.47062132026251,0.763152817056573,2.36196317730543,-0.405278495650424,-0.182314394153821,-1.27754447658472,-3.09252304111121,-3.4767759447322,-3.22744323490123,0.078789709353368,-3.05979230220466,-4.0482092823859,-1.24249590688204,-0.900605112392751,0.435255956473196,-2.67091879874824,-0.963298193117827,0.331862645130519,0.869903471057704,-0.882506786085052,-1.99362243819116,1.11978638668874,1.12398273549842,0.533175401824218,-3.92212668362991,-0.00983495897263409,2.70157256557325,-0.135969225905695,-2.81584518001616,0.319463910119158,-3.05429143976651,-1.15479684449492,0.00901982837833937,2.31710338786647,2.63885362471033,-2.3624143523818,-1.19967153456166,-1.02575752007852,-2.73969618551864,4.16100426943607,-0.801432058304763,-1.97876176096352,-3.42025271535926,-0.527324965675132,3.10370907402529,0.637978257075954,-2.43602808994175,-4.11803915146887,-3.11558656664278,0.977193614819695,-2.09842934250514,0.31525669752504,-3.15958587157816,-2.83225237629285,-2.52296749027522,-0.387040707745255,-0.324675553206323,-1.17795981647976,-1.5065724555105,-2.91637704878608,-1.44614360986191,0.330316162370042,-1.17648810269762,-3.61128923715398,-0.160972417302039,-0.462498797202294,-1.24815785301777,-6.46894733703742,-4.27872842441819,-0.131199497199576,-0.678238410616332,-0.460243299967521,-6.17280476971391,-0.190358397631248,-5.49247762817985,-2.10408146897723,1.30728364591314,-3.64985638912499,-1.05502919646481,-2.11691821166768,2.27295494183048,1.24954332240907,-0.518438350666256,0.0762325990193153,0.421821415607851,-0.970508794253094,-0.259995857215778,0.540779342517259,-0.286372556086378,-3.10937764041962,-1.33097518730426,-3.4682134318036,2.98052680636339,-4.7085267119601,-2.80782723763915,1.38051321327448,-3.01099461232409,-2.7707383958558,1.44175794253525,1.68705074417956,-3.76593306043063,5.2125999821826,0.374043233583111,1.34907398157724,1.29524938702134,-4.33622773928779,0.380545767529434,-5.79343410070437,1.28946482812441,3.49981129643933,-0.771922565199753,1.76678311785214,1.13536839605845,-3.61276105132843,0.869038524413016,-2.68573743179516,-0.413561796995806,-1.13665928837044,-0.755904623566934,-3.14520204357297,-3.0680812755509,3.0065129683325,-1.64891219162252,0.43164217315715,-2.49021955394956,2.68888803133217,-1.92988547783695,-1.0199762384059,-2.67548978175977,-0.502507169214189,-3.25449687635396,-4.49342332059649,-0.0684960784136777,1.02608844539843,-1.45121979903612,0.0208141299733167,-1.6351784333596,-1.66454943935232,-2.29812216798704,0.396496278098868,-3.1225491628941,0.0280367193965134,1.03724870640995,-2.98191569394343,-0.973727574826863,0.446967055522455,0.685550418591429,-1.31686858881544,1.03276130211625,0.120419036045378,2.46665020618889,1.66108726044211,6.84238080980495,1.62681425094783,-2.51385676721031,-3.06807689919313,0.05275152727535,0.905798039484164,-1.52840487161877,1.79401243436605,-1.23644526201789,0.250828419366988,-0.467957848337167,0.324306829550894,0.747360560048694,-0.270061115382289,-2.83028521049723,-2.24138529404835,-1.22422069222813,0.502662606706052,-2.07321939317411,-1.83192348104372,-0.939575743374331,1.37792910999828,1.38233750568989,-3.59829542768428,-0.445658528654425,-0.884829495951241,-2.14881890440499,-2.83265457366157,-1.49516919347846,-4.30318483410895,1.08747889181207,0.46533737915112,-1.60970854284213,-0.543497921824826,-0.574171883213713,-2.81708121240653,-0.599063702165005,2.31625198528,-4.59977776997133,3.11699132163856,-1.48637360592706,-3.49892376558745,-1.26373592105743,-1.17585673576664,1.54522068129661,-1.35159920164605,-1.28330957345231,-2.59571806248691,-0.412069472215167,-2.3005921274134,1.78411803508503,-0.522842892568245,-2.31381368543442,-0.702245816470453,-3.29259477412062,-2.20816662278576,-3.24212927814401,0.642580936975113,-1.23882639177514,-3.08761089395617,-0.616490697446637,-1.41153894194078,0.430384387691521,-0.923060174766038,-2.00378052040519,0.801449224812381,-2.50100421903492,-2.29556291978832,1.13384701287948,-1.13785798774748,0.000157674317560641,4.86812089183381,-2.98235662793584,-2.25308869319244,1.05149809693226,-2.82302814490844,0.113573363746933,1.61953160686364,-1.43373945011998,-0.499300320992837,-1.35074272122613,0.924373505168022,1.04769472967668,-0.343684906124672,-3.07985161958,-1.61088959943538,-4.03417018909742,-4.32085062166193,1.40954122921398,1.29099866138501,2.12496698566932,1.45762149492915,-2.2925529780851,2.22679244452693,-2.52732121124009,3.53096891126403,-1.35125899837015,-0.491840097697766,-2.95509768218562,-2.505889096793,-2.68821217494944,0.499822658357907,-2.57009416512011,0.702564067549266,-3.08762573413689,-2.37623628486624,-2.46405444004995,0.752756748022579,-0.475277923009073,-0.624441536106095,-1.33911545411098,0.199316535485351,-1.37326257216882,-1.31831414230938,-1.68840486643447,-6.88008750064671,0.020715285456856,-2.59797524475745,-1.50563771506906,-3.05304634285794,-2.5456645546235,-2.11371474599835,-1.01833804931972,-2.71004197690292,-1.95966793691925,-2.54406271438087,0.0391281488537449,-2.99611658963067,1.69631441679732,-1.94794322615433,-1.13948987226164,-2.4017322155214,2.3328254882675,-2.48158223071528,-2.83410508955109,-1.56511372289732,-1.52920448540711,-0.678660873147304,-2.88532063806304,0.0457142271693436,2.52191226379714,-2.06353009909225,0.570589346142874,-2.38412839259807,-0.308443588696376,0.664897233194822,-3.56181887252096,3.75041416690488,-4.16704500864459,0.969765978994362,0.235660259634012,1.7104526785336,-2.55498789326382,-0.319489076841178,1.15353436742724,1.65101930837702,-1.94311225430156,-1.67440955561045,-4.36815683994279,-1.92404092772422,-3.336832175132,-3.74333017716299,-1.62084672418147,0.0241318749673376,-2.45805745969599,-2.36858960151806,-0.906701219735338,0.313052755688936,-0.0549144628148336,-3.16754090334612,1.0635193321356,-1.44343560761989,-0.990182047677732,-2.79107327956233,2.05695231651213,-0.832503657540102,-0.62994013756847,-1.42125291983736,0.356446909758793,1.18005968487555,-0.297688770396918,-2.72371786296523,-1.28294548041911,-0.817203763151197,-2.04784510223332,-3.36392229077852,0.320297909907317,2.04785237430827,-1.50565176701786,-0.851031194328634,-3.10677349833561,0.546266558619441,-5.64111279819143,-2.66309425902736,3.97221531454485,2.6601682571694,-0.353438459515789,-0.819530247444317,-0.145791798251689,2.13176298905961,-1.45971849458019,-1.58517151630366,-1.01171944665345,-1.19459333077445,-0.568639820324976,-2.1874031238989,-0.610330052824819,-2.08920975787669,-1.87985144551276,0.223536775045677,-1.10460159355366,0.727367120900603,-0.425784427040589,-1.10220155842566,-3.10935072209026,-1.25281970818601,-3.65703616711896,-4.41779370425301,0.400966648399402,-1.49468552394684,1.23087989994073,-4.01126723736932,-1.40280207666284,-0.616571755239662,-1.96065973817129,-2.81457510708085,-1.14583225062769,-1.04940509964996,-3.89950565743817,-4.62218833028315,3.17833291149102,0.167896276561265,-4.13172952882923,1.22492925164448,-1.48863831517096,0.260816748238506,2.39974146338148,0.500511506589276,0.37449191105976,4.23701385208457,-3.79323005589791,-2.90911679398397,-5.66616213227483,-0.211521259798777,-5.12498638232299,-1.13945002525295,-5.0629621089161,-1.17545895850772,-1.35464450149733,1.47798323508405,-1.67610190561335,-1.83595628486051,-2.72381247566512,-0.965067793765745,-6.06805715862797,-1.61288545586536,-0.0628907283403838,1.34358602191097,2.00295836709065,-1.6146358431766,-4.53957509542131,-6.5392468326081,-1.28482057265587,1.65778976826041,0.0964457174934841,-1.27395817281663,-0.514698202756991,1.14724632560992,0.914275796297431,-0.0350663613024811,0.814642082647929,0.550462582511427,-0.305208149057778,2.04792602417741,0.242458690547282,-1.26236203822498,0.246740158021393,0.662338972139923,-2.56481283817442,-0.535846116851892,0.0453057642418353,2.36330562661183,-0.955060383783723,-2.68917539537896,-0.718393109167262,-2.60803843930749,-1.49294362374588,-4.33342229220924,-2.42195883746068,1.84229419537388,-0.468197545577703,-1.01416996368955,-0.16577769419918,-1.2590188964519,-1.77067227860651,1.50434521454044,2.03810745017066,3.17220269394309,2.10619791970258,-1.81018127141754,0.156763456567319,-2.08470626837714,0.952338211383271,-5.65198311917189,-1.93529800233343,-0.56809850934856,-1.35409880929593,-0.852160972708138,-0.0947479355922436,-0.823447162085579,-1.97662327993588,0.478577692023615,0.863445745629935,0.0774492030717497,-4.06417610245774,-3.32330573964747,-2.78604074414933,-2.27683767174087,1.84695410024778,-0.624501403451579,0.314834881159934,4.03261775483362,-0.933263911396735,-0.605314846810685,-0.537220524273068,-0.372764891431162,-0.212511433472123,2.16325003323983,-4.73056919767571,0.569256184897249,-0.481861818146524,0.855344125972654,-3.52526912226343,-1.97241489847788,0.491040368816456,-0.795846937180586,-1.13415000528378,0.524857830420152,-2.60322077328388,-3.80092766806017,-3.38184287185333,4.26543409726147,-0.162884914230611,-2.16650796661985,-0.732132236996025,-2.64821213684762,-0.00388900843505224,-2.53516969170517,0.239597686373765,0.874207674356793,0.618250084869395,-2.57704700573564,-2.06176317063364,1.44877776371819,2.32412834208394,-2.61010115662224,1.17771465190037,0.682453127811582,-1.10192160951405,-2.03642906579171,-2.58354259594906,-1.23125166598423,-1.70711418938965,-0.390527006422011,-2.48055581634176,-3.3288592756101,-2.74636699233746,-3.83083687592582,-2.30332031849891,-0.318155339441589,-3.54987246402282,-1.2978953913448,-3.52099585505233,-0.625042652532105,2.83579775869298,2.1711651610234,0.0713957597438957,2.90458821454618,-1.35092100751459,2.11312932986856,4.77520838152276,-3.31783676313571,0.498843266660511,-0.892081991596945,-3.85242185932392,-0.978541566990404,-2.54426788223098,-2.49160357966582,-2.17448859102385,-0.237746536555055,-1.89112693804026,-0.981223342259352,1.00724814031744,1.12591238107662,0.0524889541442171,-0.991649304336389,-4.09507703944676,-1.32920125989029,-2.3927802569148,-1.63592906393785,1.23474855533971,-3.32794343883756,-1.08949901079839,-3.05688842881297,-1.25231166641571,-0.204996111797968,3.18477199654885,-4.68404401719735,0.674155428348485,-0.0653511546784938,-3.09442338092055,1.97053630811122,0.528927946966391,-1.34933247539193,-2.53932641263474,-2.51064573064084,-2.8100570852894,-1.50608040117471,2.7436510436692,-2.06979992373161,-1.94893805720163,-1.72466074611908,-1.34138946894651,1.67004724092577,-4.43846650889546,1.42803141382035,-0.629817365062966,-0.33270745307194,-1.16886380573426,-0.570336799100636,-2.65948494830683,-0.736138654397567,0.728492396996174,2.44772992928753,-0.588319429821403,-1.12579096167497,-0.235708564473718,-3.80538827162502,-0.114483965512648,-1.22871322903552,0.82880267364571,-5.06809981419888,-2.00362678898446,-6.46229422732539,0.656635135566166,-3.00318128812377,-0.696896055924223,1.38520812325709,-0.521750197268759,0.710291412802186,-1.80501756501743,-0.524573693740623,1.04174880432653,2.28620392110799,-2.6513699365766,-2.75907885848338,-0.504340731953572,-0.242102085218869,-2.00645560866993,-1.27836822168881,-3.16619663602515,-2.4964538422847,-3.59434399682434,1.83763138983768,0.472590654901245,-1.42662303995557,-0.221625591173033,-0.0248838886335141,-1.50197072550437,3.82422517485942,-1.73564875103521,0.209048451811644,-0.502131100744573,-2.69005807386098,0.0344431219954586,-1.19175328733511,0.194523619784981,-5.22198876925346,-1.85749315580321,2.9440249412513,-0.449379584287661,1.00528332551512,-1.62106531465811,-3.51878569222357,-4.59011167588415,-0.352164988971021,-0.388998936899806,-2.44270757395385,1.32620926112182,0.107841017341987,-2.96801705988885,0.155835262368583,-7.5240686324021,0.502468634981943,-1.62025084116622,-0.0134953335566523,-0.906220696850439,-2.466610927482,-2.28904318812508,3.28940938092466,1.34096853613673,0.00466146037669901,2.51990657190052,0.0372563058696074,-0.463351823531419,-6.25942411834337,-0.836579690145024,-3.60623631573353,-0.564520625358733,-1.39838264733959,-0.915899645909018,-2.28804989674403,-2.62518906518804,-2.72186828278679
"43",2.76593008414746,5.72566955934144,5.674945814047,4.53061432127431,9.46630974992088,1.38556034383143,6.02672779420945,5.51089867739533,7.3644045356449,5.92485515623033,4.16489477120639,6.41068014733484,2.37409838015528,4.09310996050889,3.87305759593369,5.03969407367106,6.45847919389768,-0.941212754746041,5.14317166579314,3.9873761449872,6.55791793337405,5.60037144653857,7.25973486519395,6.12470827326257,1.92783835141952,2.318945688537,5.79200186883376,5.4273633590515,1.15338711107092,6.57473986106153,5.98267152369067,4.31640795173413,4.68728516263441,5.1951309685445,2.43595970403851,3.25548664609646,5.69024999524192,4.04681603656214,3.06690283434184,3.79476705796658,4.95842835361558,4.88684376934201,5.50924411609994,6.56615447664561,3.84688040959154,3.22349898954102,3.06926095731832,2.80312879103191,7.55923166533791,5.62395207694424,7.69212274528489,8.91826650445947,3.38459563608323,5.32794085841128,5.41732123623308,6.4703805542281,5.51276708081211,5.37660035743526,5.78573010458043,5.04958164911823,4.67501432676913,3.6429127900941,6.31860211688294,6.84253451907125,5.57329692054554,1.28979449912583,5.86825475230881,5.1505851703687,2.35796085083392,7.29766963350677,4.92280916769162,8.23755784433481,2.72042016782269,4.4390348594675,4.00540359398995,5.51420589135699,3.23969998368078,7.03648734349409,2.22806359843846,3.82239482381814,3.05855781053662,4.95926951681691,5.85674702023152,2.01508938452032,5.49734326908609,3.08520912185191,4.49293185038791,9.56089084825484,3.84123467437678,3.00840345873813,5.9544039215698,4.51009652390954,6.45364146470679,6.66494024876492,5.02014806521745,3.70066555767777,7.53856200558544,4.50085831345505,4.45207107694979,8.44321659338294,4.69058730972041,6.20847368141288,5.99842561111634,4.13594279961507,5.53463836549161,4.34534451388322,3.3547332306161,5.74868590400716,6.11352862369958,8.59088272359726,7.14719905037033,4.67178241526187,5.46642190995875,3.41447963356456,6.13603232331811,6.9048895823793,3.14442362503746,5.01902498075318,5.54971383779207,3.03526274800108,6.43717880698992,7.63104866595978,3.23750963862253,4.34825074112312,-0.192928515138542,-1.84988841804889,-5.1004989528121,-0.013007620793292,-3.48163137873861,-0.823172581444589,1.62939543282994,-0.204472169506692,2.20415526954147,-1.04690407628668,0.902152593371806,-2.51355568107463,-2.07191323402432,-2.34493189043616,-2.29562945851295,-3.35081472355259,-2.87438406139778,-3.50320171148128,-0.303276952767837,0.122263485189937,-0.315862943244726,0.609705368101337,-0.301218362736509,-2.15468110722031,-0.247712868608052,-3.23254390344646,-0.161488666237046,-0.18057402469643,0.378672927792351,-2.48968568378809,-0.343096996878781,-1.681983361945,-1.89461841115666,0.777646280334142,2.34613964749184,-3.38143230239908,-0.136668942219509,1.80575749678315,-3.18406241822617,-0.86245672646385,-1.15147278823511,0.0897335997576389,-0.630093415473608,0.840676269007536,2.02435917975782,-0.97740854159575,-1.43321148607694,1.27405285280769,0.396385375800006,0.0239750629223099,1.57979440707658,0.175351469740683,-0.110118951799789,-0.95205253622363,-5.78051459263116,0.701830464786646,-1.90142259563999,0.313810207348545,1.05007948494407,0.653295732686632,-0.550729170117303,-0.106638627654184,-1.89383344660578,-1.77681271398123,0.161464415710986,0.206219555380722,1.13655104762339,-0.293543498782086,-0.0666764226054779,1.44268460592587,0.947070135145166,0.167223538815203,-0.13721204570403,-1.30968678636754,-6.63792161143074,-1.45173542979657,-1.16601272182684,-1.87212838673977,-2.77116800698631,-1.22633489449949,-1.73399494526113,0.100016771689472,-0.716691494331432,-1.31257022216337,-3.08686353261856,4.22305646055062,-1.32215212859343,-2.09734295353639,1.52410317886404,-1.11244136268915,-2.64736433094607,0.0227656295554113,-0.606138981563197,-1.6237140504003,0.39179299783692,0.218163950749042,-1.55362001582218,-3.98587931527544,-3.80160905929101,-2.48097870991806,-6.26441496778893,-5.41175913758773,-1.9306952198278,-1.84613382233325,-4.2712664191577,-0.504832863445793,-1.02805643604243,-2.61968941180317,3.3291355964675,-1.6314335485022,3.67743780745668,-1.94186274762516,-0.209482638977623,-1.90999069059423,1.35249172754054,-0.13220907485294,-2.19638611996769,1.99475771419904,-1.13042005186554,-0.661010982988695,-0.582847934931093,0.848045125917087,1.4831938639884,-2.71089345989771,4.08606960170729,-1.65747978199203,-1.05504812922989,-1.34756358702981,-0.94289674496209,-2.99693689150215,-2.59553732171414,2.05904923355318,0.663400508403346,-2.02057390212417,-2.8744434110145,2.41555860498897,-0.641352942416622,-3.51898507800617,-2.65538774989066,-0.296883369239183,-0.586423624044013,-2.89726040494818,-1.19216129337691,-1.77338593161594,-4.34214191431804,0.911583221067239,-1.94735469338528,-0.00781351897637017,-0.624499622551838,-2.06098149636954,2.61978278035288,-4.8344486166025,-1.79417348484184,-4.95654417882592,1.17977154664377,0.397500118553567,-2.38248704640728,-4.36005109069677,0.373996723855894,-0.241769064768895,-0.41526881716603,-1.62457117897169,2.87585291779756,-2.65365020629455,-5.19874238604077,-1.13818562499935,3.16062301296604,-0.872332017312831,0.940514681068942,-3.58713247020635,0.804725224349276,1.50554653061649,-2.40404732115966,-2.34011451015561,-0.248928595855424,-0.235405288464135,-5.24116089653939,-5.69042037963748,-4.07509464345561,-3.07340431840293,1.042662358438,-1.34122179083209,2.35570195675093,-2.07756936976625,0.035172673698586,-2.82026453491282,-3.10604372729063,-0.161439267170649,0.122931309206671,-2.79294031535634,1.37430118456702,2.06228197889173,-2.90915566494407,-3.03286209927488,1.75535077014977,1.05727203440858,1.70353712089909,-2.45392632566584,-4.4280772931562,1.18190436524349,0.211869688447128,0.898603860909134,-0.593529549872188,-3.19531600857203,1.41025127292245,-1.08751261485113,-2.98131297013841,-1.97313500267604,1.64993812276685,0.175864658593266,1.51634572657779,-3.56850363909817,-1.68020000110804,4.06517048930185,-2.35026880250219,-1.38817404458952,1.23398694803521,1.01854340837628,0.969694017495904,-1.44196667514174,1.76090164787926,2.23340893326606,-3.76149227984415,1.47835092512697,-0.95822028586138,-0.606318401501731,-4.40793763393637,0.364155954218189,-1.17332072030528,-4.53256020330124,0.572877736999168,-2.03254975760632,-2.6306389542158,-0.629539758685306,-1.94183803592375,-1.36836000551254,-1.72955108556171,0.208538248131506,0.0917426700420911,0.817974021631196,-2.44738903762215,0.736722415714435,0.466960198917979,1.18462342640652,0.729971972546426,1.19503636188471,-1.01191020152103,1.57345948676137,-4.05860956701235,-0.912934890505286,0.246499536697343,-1.47490588249952,-1.98001786803863,-0.396785550269952,-0.935578608372462,0.918276338569686,-0.8372369326751,-4.01137568829412,-0.948175682781337,-3.32970267472894,-2.42805368517905,-0.118499672773867,-1.7438208039816,-1.18592999591694,-0.318216390051854,0.216874408799136,-0.0240274182479564,0.59539880578798,0.354465930898175,-2.33155596950922,2.37682454243153,2.1255923851915,-2.7243486650075,1.3643008726792,-1.19709484816521,-0.810719571574007,-1.78610581709826,-1.78426303203171,-3.06272138783865,0.825979489820595,-0.0103690439588654,-2.28043241337807,-0.228533929779348,-0.399892661773976,3.00730707068007,-2.45387367300535,2.0398787877716,1.09083530953428,0.442859113531163,-2.60481008758078,-0.225516627908054,0.165690387855205,-4.35200165897712,-1.53716741598301,-7.36369760610791,-3.31305851707595,-0.696050782009257,-1.91008221686139,-5.28219510080388,3.44156318017715,-2.59741269405935,-2.6705737519911,-4.96028278412345,-1.99774402969745,-2.14364099864436,0.465680499978717,2.80641875177527,-0.832913484094011,1.90002641595305,-0.560988586221498,0.136271977319887,-1.84131176841066,-2.6307406939747,-2.02265839178454,-3.10836092058529,-2.75041552741757,-2.81204649118322,6.15124453105359,-2.80706960197332,-0.494975675700515,0.0307857952773809,-1.64383927265416,-0.709602027639615,-1.10928856703893,1.80941294764378,2.32057266555209,-1.90822463220176,-0.646176369164867,1.17448425907406,-1.16219260819184,1.20143057412134,-0.665262663159052,-0.915482136668477,-0.802936865302328,-2.8607434232281,-3.9661951205173,-0.47615253668226,-3.52276202729034,-6.56040382353464,-4.73993970119188,-2.31668627033575,-0.245159376201695,0.013474647192439,-0.49814936541552,0.0180925499665165,1.52321249766776,-1.57883741972593,0.563224098454954,-0.311461214128358,-2.18476004067463,0.465917340563388,1.89304099074811,0.453244730494931,-0.973229708131726,0.334737627727855,3.40581305615764,-1.65738010648695,-0.127398852428587,-1.33255581524611,2.0539029302153,0.086022240037114,-1.75593384383357,-2.18158550697415,2.01727859585319,-1.28784391163499,-1.80379215589547,-3.17293860438402,-2.06842256053339,-0.499669442112641,0.0370913527900703,-0.452828630436562,-5.05364047641261,4.57664972597093,0.212383549495698,1.20115570757467,-0.0659679826431991,-1.65248969088321,-0.921921326192193,-3.40318163430048,-1.38140030364485,-0.352254531970231,-6.32133135514445,-1.86468771866405,2.08167172523712,1.1445187634385,-0.385418780955253,1.59606306024193,-2.75201495749612,-0.127765137862849,-1.44556103852241,-0.358238228119369,-3.43569092669225,-0.4584163163234,-1.49574219452673,-1.69453733083822,-0.588313531459574,0.841501203813803,-0.416834058442198,-3.46579025265584,0.604910429504117,0.0119268412185187,-2.26890130323928,-2.08676224705004,0.151626196261496,1.13929648969992,2.59930844325192,-5.30610423757488,-4.25701133331019,-1.77704030845382,-0.0422180487189513,-1.61797079027293,1.14794411081025,-3.13799567456974,-0.377420926508615,-0.628408265920736,-0.245331140418733,-3.60428943687963,0.557516185882279,1.7493072511251,-0.884762673801661,-0.224672185450797,3.68964043404476,-0.310610909317754,-1.92619851706182,-1.7916803969202,-1.44119304130868,-1.23576853599334,-2.14852704517867,0.0894700287505543,0.721389121040375,-0.0468036143046332,-0.256878390292372,3.23060257249618,0.540083997833251,-0.151369401974361,-1.0574820171183,-2.06552021945607,1.35593718542039,-4.32614464133274,-1.66380184046362,-2.02180409710823,2.4943895519228,-1.23524076748896,-0.147861861122651,2.32853736466396,-3.03535321449661,3.09855112910304,0.522520129637587,0.712538569930177,-2.2840889126464,-1.58157360890764,-0.111793932468601,-0.680183668276908,-0.601715000865174,2.36031182783181,-2.32596142583437,-1.78493710078175,-2.68407558671972,1.09459636224528,-4.03062372365968,-0.877067832131862,-2.91897767147769,-0.559405937443649,1.28827687720974,-2.87886684317152,-0.722321718207163,-3.41063811671052,3.99039903728277,-5.23215043260072,-1.5333384945164,-2.09626384335266,-1.46747473400534,-0.0452724924767111,-1.94100007548871,-2.11634869294671,-2.55615281901527,-1.60062724109391,-3.00516798809081,0.516461894231887,-0.906935424357517,-1.74989630967839,1.23140216767489,-3.02531750265679,2.74721667440952,-1.00586842226138,2.29883976275684,-4.12845036357656,-1.42949535390034,-5.03563902116901,2.25561936281466,-3.04223944590375,1.42003594736348,-0.889011317411913,1.33380833313641,-0.361379139608166,-1.09331715599323,-1.91726055041096,-1.98794556111105,-1.31337792857522,0.204392443190631,3.13269575608902,0.715634367863535,0.163409438514691,-1.47726077782874,-1.90886714930839,-1.90311483545565,-1.53698732137229,-0.686924973127017,1.1325004400155,0.382323164290834,1.97277224695518,-4.82022784852273,-1.07740042245032,-1.89664149846482,1.21460607343478,1.60392580740591,0.28405819648483,-2.40765057320385,-0.450842548136189,-2.2513772247139,-1.61374762553716,-1.86241489148194,-1.14498090490674,0.345106816213009,-1.10245814347838,-2.40032527832089,3.84699074344023,0.0716054577171834,2.24090143904056,-4.18628662141739,-3.48787649024648,1.45604835477693,0.207087561308918,0.561938036649699,-3.09790198738316,-3.77595631605354,0.903170593337143,-0.803534565264504,-4.46763835719804,2.16950451263639,-5.99062695808568,-1.64500267769194,-2.45202609242193,-0.159369996994162,2.08955172262204,-2.17731354830062,-2.30480838715849,-2.32760733289375,0.100413877239968,-1.34245131431883,-2.86477712398078,1.78278310005427,-3.21767282539547,0.18401370836153,2.04749757049298,-3.66660377022614,-3.68426410483813,-1.36442083288814,2.93993701608572,0.940407765073837,-2.79712409819367,1.53943550974719,0.0646241462927508,-2.3681810477567,-3.74593684696487,-1.75289206708735,-0.335253768069552,2.81565357292963,-1.23514723666058,-0.49129475618445,-4.6176400369812,-1.18082548195061,-4.41487113998537,-0.327774776878438,-2.31679599409185,-2.5469774515459,-2.15763679054887,2.26605613304104,0.23493336163919,0.337286134603355,-3.27221935701801,-1.97634463124972,0.540047181409192,-4.18172809162026,-1.25652254853144,3.13064785822687,-1.06425993084629,-1.05573219000214,-3.3104689506943,0.278397498089676,0.86068007757492,1.27854981772435,2.54300087055266,0.455039490863867,-3.1561572932659,1.08478250187238
"44",3.68904119190046,-3.10872174418533,3.03870184075428,-0.424293520796933,0.509139048671724,-4.11289905973157,0.548674070148488,-0.200805233621505,-0.0869917074687436,-3.00757119265602,-1.60357525741934,1.17598359180053,-0.10102230827073,-1.38208887878206,1.57730814153023,-1.18316896428259,-1.93301861081413,-0.390212594871954,-1.93116042283383,-6.37327915770333,1.24487493681889,-1.10264872358144,0.675256963713563,-4.64096732872994,-1.38871037021129,-0.437338243688242,0.76615722022421,-0.704680802038247,-1.53361325301033,-1.34928858355207,1.07304776272786,-5.80362169441998,-3.43188202959601,-2.27780639037388,2.25453709811309,-0.951142243642795,-1.71244345306843,-4.72316459903361,0.980637349310981,-0.486066631248081,-3.7188441738021,0.587695265488383,-2.13213839643099,0.686780915390429,-0.35130103390455,-1.22381674501634,-2.33107057388499,3.9244430437461,-3.45999215955607,-3.35207177511486,1.33074385426926,-3.31920204970103,-3.51379936023808,-0.7830401507275,-1.91646130088586,1.86473874978809,-0.318801388426708,-1.31629506980056,-2.18608370195061,-2.65718583342249,-0.8340007178331,-0.00755062980853416,-1.73371375598156,2.94587699065116,1.77392464240281,3.54647513569129,-1.51666382730158,-2.75814104915462,-3.32620510363147,-0.97272568674415,-3.0743983134506,-0.938238507161951,-0.988003397361043,-3.51877253111859,-1.3184204572831,-3.05225489472889,-4.11958137415326,-0.863639714704693,-2.01716401874032,0.178085307891758,-5.20649074781484,1.2551262555961,-2.0549409383856,-2.01006711020296,-2.3328897228925,1.71373154863078,-3.99138167935282,2.14871319809825,2.07770550200794,-1.25055676785827,-1.75891631335783,0.0406217369059736,-1.27021577614785,-0.878907524523094,0.49895641880937,0.217540944778424,1.37764803322874,1.50885817642863,-0.210343982335297,0.188536198093206,-4.48025236901657,4.57321302897392,-2.37417753171598,0.551100422784544,-1.33056315394461,1.74745668333276,0.0768941971232242,-0.0806909336631623,-0.267524185746834,-1.80167222760891,0.15705403556338,-0.591472482600795,1.25599117969058,2.31385083329126,-0.558266392522986,0.18584172849218,-1.07692048691044,-3.49562906806465,-0.674283386861833,-3.49544152104768,-0.782426495312064,-3.47034010772971,-3.42244598707487,-1.3172479978598,-2.78452709160578,-0.523120656592878,-2.0788332509913,-0.698626584080033,1.44289746028024,0.0581053824840798,-4.59224749773432,-1.9496005443236,-2.45146416469722,-1.67725414570614,-2.26235211583144,0.668616931477112,-1.15634109673894,-2.58175085040251,-4.71758649610187,1.24901242862709,0.438636987431666,-1.88096890373661,-1.88145016514662,0.930271225922299,-0.0529767507332143,-0.413518270943648,0.914595017367743,-2.2881116844472,1.63346233001129,-1.04603428240811,-3.40504738272992,0.649488196656809,0.81057336974051,0.255570293580028,0.0203577777479764,0.0648725322652246,-0.970892604739602,2.26180239902187,-0.123549464088816,-2.12891208782488,0.784982872450337,-1.1692290367897,-0.917287125583606,-1.366523002884,-2.13002576243577,-4.969576929296,1.59802623499966,-6.06355554380704,-3.23707158161989,0.110377618216039,-0.901244135867506,-1.59887267554479,-0.95440429359766,1.1418345125151,-0.114343858027554,1.32834487319075,-0.165411280879201,3.04411703727683,2.47560628473148,-2.00264658363982,-4.90211560948299,-2.1958819478703,-2.54502370428274,0.153524598476098,-0.400156225919419,-0.744249286446389,2.77312839202522,-2.45884401407643,-4.57583299138212,2.44525551687134,-0.756434067127092,0.13485156956459,-3.55900563209225,-0.388743297827976,-0.255863759616561,2.94837377545534,-1.00328713785106,0.189885552838063,3.17550528577706,-1.42125233854789,-2.54914301626197,-4.29291148059133,2.49155287674112,-2.24541217999096,-1.92677872698468,-3.48111523334332,0.5932572887659,-1.15478771274734,2.34591539517898,1.81828046122878,-4.0417876342329,-1.57360530046493,-0.0278039407762263,-5.11918312283653,-4.22800030201381,-0.340029431254219,-1.15037658854425,-2.84154870935143,-1.9588792146002,0.383769595513185,2.18385243966333,-4.29647413827018,2.06264378404776,-3.63456113069806,0.374058861676117,-1.94472322403668,-0.994882100109,0.248352397185144,-4.10036965712985,0.208787242992623,-0.495675742732753,4.16933238571688,-0.894222871359658,2.93414858990681,-4.10760865996273,-0.740490856044965,0.535541585497804,-2.49982225486584,-1.09336480357294,-3.25168721073901,-0.114691594635344,-0.307036779188314,0.850427358371719,-3.53224749590413,-1.39869188421256,-2.36109775161832,1.72541979466912,-0.970066627344203,-3.59780913758251,-1.64117459413353,-1.21822385579358,-2.00081490530728,-3.5868838328706,-1.81969961298389,-1.47848979445232,-0.521959358973784,2.14242262043266,-0.473629481729586,0.885172166325255,-1.06554541072198,-0.233213077653809,-3.38239070234198,1.85353641842089,0.285626906083417,5.01101078923802,-3.05192074480654,-2.44891127703383,-4.02541660185406,-4.26812011171806,2.74373637902499,-0.842214425326326,1.39646182135046,-1.30812863455055,-0.611754883024803,-1.63617747692882,-1.36933784194491,-2.96433343895398,-0.890362000318479,-2.00838079446296,-3.58342985102925,-2.06841048100286,1.61965563423199,1.06331121839257,-4.72067879192381,1.41350547423794,-0.0417949638007722,2.76318812851722,-0.449755637810597,-0.00489765642410389,-1.65032275858668,-2.7292870462254,3.12804112591723,3.09669067546979,0.955154192954558,-0.141962059884591,-2.85496432863985,-1.01274776654498,-2.92856689498091,4.81479520540428,-1.77702000918059,-2.16072546947423,-4.20563240043083,1.50754281572679,0.347431028754601,-0.0544237182135513,1.55399184524244,-0.636537987619467,-0.290160754171113,-2.8800210404687,0.231872588671467,-1.94726787593256,-0.332747884180772,1.70724157351927,-4.23111189768535,-5.65036634060478,-6.90699517940027,1.15297483227125,-0.0792015799895478,-0.41201808908121,-0.266089039001384,-0.990557643406186,2.31423550164693,-0.900652576361625,-3.16564702424755,-4.12295451134305,-1.07518170161982,-3.81937905451206,-1.69187631112285,1.77337684847427,2.39384343967928,-1.5909558481363,0.101467277341879,3.26244868511479,-2.72679720936831,-3.04200362349571,-1.89851596181936,2.85275538196603,-2.20190215952164,-3.86877079057661,-2.1896289682153,-1.1791208797106,-3.09274367210336,0.668979194724979,-2.86089618345768,-0.169627629480636,0.12403523031154,-1.0354082109446,-5.61119334370401,-1.88009813209649,0.946131180352847,-1.35613680589054,-2.31633546237237,-2.67286778414471,-1.39415941280702,1.73967179838383,0.601165300626558,-5.88840882608624,-0.795892889706029,1.37456120820429,-1.30524413610409,-1.99238778130422,1.88411070451707,-0.0723027354319636,-2.74128237703005,0.130651274749661,-3.57810578715142,-6.19408072926445,0.810798644736928,-1.42576568538898,-2.30220904451937,-1.55250756996531,1.42042628059659,-6.11081812387625,-0.500882954719603,-2.09450028428972,-0.347437745454589,-0.0911323295018237,0.671729431725079,-1.21556474456614,-1.22877141512722,0.136103046826167,-4.81497888322508,2.71462726354679,-1.14178816816436,-1.31027763295856,-1.14538727229765,-4.32748255280411,1.65742212684101,-1.04040609164104,-4.0658214781104,-1.84632475375299,0.545966816566071,-2.4575786821205,-3.14266765786378,3.41442422086109,-1.62316451169634,-1.45289389068869,0.860035962088292,-0.245033362376891,0.581218279372656,-2.47919788056245,-2.53432483371696,-2.0671964825027,-2.02499933476057,-1.65502588758463,0.0930907940967989,-1.08908920955628,-2.29061796487232,0.326348755796472,1.80394970236231,-0.120391379677371,-1.4766786099867,-0.402734934319351,-1.75974978922849,-2.9105619431718,-0.765861194716326,-0.89194867878084,-0.175702081501055,1.12595513066986,2.07050909406529,-3.86332811935067,-2.75398770485493,0.486531977154013,-0.999289681589659,-2.86592400275182,-2.72077922917649,0.972112049122237,2.21289777698948,-3.83857032175306,0.266206970294024,-2.68210522646018,-3.82948428462736,-1.57256138467976,-4.10738270835887,-3.70355666549563,-1.51748762897695,2.69703608651942,-3.22814410450583,-1.87456236667983,-0.525099993123145,1.03969247681332,1.65625004738307,0.147440999063789,-0.610007573408266,0.122349860734299,2.11068899170437,-0.478794840499861,0.736083038710751,0.338214309154018,-5.00232444454272,-3.88643544701255,-1.31484935250764,-2.24551573096434,-1.04559920285016,-0.032182902370033,-1.26450813402261,0.235797185977809,0.422131281860447,-0.330943042450935,0.782169375172459,-2.72484832964066,-1.86907493496152,-2.74561615917192,0.854650884810398,-0.237555012767691,3.61272306097422,-2.11907395166508,-3.71289229000277,-1.2959792325947,-0.834897770983342,-0.0643909427680687,2.33732628363891,-2.87957105994354,-1.13619542589758,1.43290278783137,2.73845712777821,1.0507884815867,-0.224020488681552,-1.97355632386572,-0.353403872923816,-1.52602004395827,2.45174209998578,-0.671781395320195,-0.708331555751131,0.605115712299165,-2.24615360738177,0.732679780667781,-0.334939376732743,-0.903838076525052,-0.164454640354832,0.416987184766151,1.28197686580121,-1.30492291172501,-1.95933201919543,0.696599270967437,-3.14072691356338,-0.900230585101805,-2.43870636114984,0.902450557462416,2.77349594063922,-0.249095559822923,1.94943860638459,0.515202836018636,-4.85840806677038,3.52303045953763,-3.33358374814843,1.15874139244039,-0.601521403359176,-1.47489256960599,-3.33908184678,-1.37894676559719,-0.543030413660316,-4.20316959612794,0.157837027560879,-0.611970165185358,-0.459684104225495,-1.57105198197569,0.451373869546091,-0.295058944632045,-3.60195784512443,-2.73639505760677,-1.41336599701564,-0.145125829873345,-1.32909253519565,-1.44588819171217,2.72887952365798,1.2095445016294,-0.973799864463734,-5.12610903414955,-0.471935639228057,1.7873277043576,-1.73262995086719,-0.756756837342445,1.70220808955606,-3.30062859865517,-1.6232185085323,-4.24965872103739,3.71408945308762,-3.02404908048873,4.4316222532654,-2.81587523152133,-2.12930575230689,-3.58340358017491,-2.00344119823072,-0.483846846304062,1.16505031315562,-1.85330882556181,-2.04793629500074,0.347186060695626,-0.171153682733094,-2.24797205491378,-2.26045227737981,-2.47688343580688,-1.15718530883341,1.60119142864459,0.309950143263157,-0.218723012822952,-1.38915490005946,-1.12285969643151,-2.08252318747497,-2.7391837787757,-2.82456349731366,-0.398123454057217,-0.265457567691128,2.32955192782711,-0.153212504436657,0.0667058325337802,-2.22596206837363,-1.9045653061538,-1.03927300052423,-0.852979320640357,-3.97575244878173,0.0111018401838994,-2.04932401953635,-5.54542486874118,-4.73997740444225,-0.174819233849666,-0.722057780284206,-0.0524295061139669,-0.20121466463008,-0.447228534781813,-0.449634027059958,-0.562046542809154,-1.64363711482285,-0.165353778440195,-2.37356269857881,0.0988010795347054,1.39523913936179,-0.165535901057738,-3.22137495184705,-0.853654253704211,-0.974234708591961,-0.645445000519516,1.37052848902116,-3.27161320867757,-2.36299841430328,-4.51724764602136,1.69531159448393,-4.89527250798199,0.514233009741162,-0.650919528271251,2.01085665790385,-0.821828885262555,-4.12673073546986,0.311425978410976,-2.89320788706875,0.563054646636833,3.59211838240577,2.29814486581851,-0.570555835841841,-6.05167434540043,2.42813911830505,0.871640960583119,1.03983973485612,-3.58072400924788,-0.763782634030645,-0.924514324383227,-1.27749729249046,-1.86118173634671,-0.534824915984006,-3.20482239929465,-1.54090877879881,1.66351293044079,-1.63979117725141,-1.56355783988455,-2.06949247821852,-0.610509773447815,-1.75500705012234,-1.17770738688432,-1.06960119694486,0.367343231331654,0.100964209795339,1.8236133291095,-1.446051431821,-2.64616696030944,-0.479120567506788,1.11496749696135,-3.7690379390984,1.39815336558266,-0.971134746772225,-0.772590201004922,-0.703443721088652,-3.75379260565764,-1.36993776892639,-2.90952152289041,-3.06151790280025,-0.161222967223476,-0.434515903943506,-2.17701642059059,-0.106549555228159,-2.16890577304683,2.82025075040489,-0.89860168486419,-2.49522683000784,-2.38447819878336,0.109095499612877,-1.03481024893205,-1.75213413322429,1.53859891976319,0.886263369518904,-2.23816531206666,1.05730802831692,-2.27055028763031,0.48726470490663,-0.921766275463865,-4.10650587614465,-0.0274559833054032,-1.90146435248786,-0.022082069841753,2.61093502199111,-2.93210800413027,-2.92338280860738,-2.49412555882277,1.56639089611005,2.62969244757124,-3.04591711973068,-2.53996152209984,-3.5594027118136,-2.04082030176616,-3.08825124965066,-1.57044526894577,-2.44158591033996,-3.16459490974741,-0.83315997664398,-0.47852868995881,-1.38950905149581,-4.38912296246876,0.462556675834426,-0.660137597837162,1.65776791560021,-0.925579726464802,-1.42475026076858,0.0664328018375031,-3.60616454869409,-0.366017668768501,3.80910629087109,0.276122216592248,-0.449062536251691,-3.01377188028661,-0.48348995202634,-3.45963841906626,0.0806426614452653,-2.72553203141134,-1.85814092171144,-0.0840545514090195,-3.02702961197176,2.29065903707561,0.50675348298089,-2.05311832092834,-1.97664926587642,-3.96258973616479,1.3960747429042,-2.68683187801696,-1.48795617855562,-0.460754260556773,-1.88047268825261,-3.51332620198503,-1.83179467555503,-0.0257705862793017,-1.289464082464
"45",2.89743593251857,2.40707988591526,5.82405738665,3.44484762060459,1.74321938517976,5.22762842754785,2.73376850224465,5.37919299708812,5.74433591826226,3.4167731715952,5.57698158276892,6.4417590861252,3.80329498859497,4.29415971586565,2.36684217634357,4.26184337852817,4.36727866104912,3.2523816813493,6.03735465770417,3.82806207474955,3.16724252409913,6.0437194053748,6.14752581916789,6.92054554547766,6.57308630865427,1.08329740115364,4.12394992606895,4.36719776859456,8.20663210320043,4.21707541540251,9.24242092067324,4.6805340522178,3.38579034249695,5.7006215533168,5.64722048206423,8.85794206768148,4.31371211545369,7.2327767449569,6.93245560704901,1.14807558001346,-2.90212948707363,2.92982496311008,-2.41342762302977,3.07675780313336,-1.66170397608688,-2.89360874757751,-1.35234227358651,-5.37928911024905,2.67511474797495,-4.16353297793613,-2.89743779455575,3.04602861357798,-2.67200169163704,1.46334433267626,0.109687598093728,0.364273265999022,-4.7724584626754,-2.29629337651464,-1.44852076900333,-2.56070948573206,-1.57980569207597,-3.4629012543126,1.04495487394032,2.66122609765232,-0.937694227292648,-0.413377015863348,-1.49425087004218,-0.780634049695311,0.467287162192258,1.14746908474047,-3.80804478915612,-3.80668052556835,0.19482883742233,0.760736863066562,-1.66690708890479,0.591620660815077,-0.203195655186914,2.3086489708483,-1.6949604368318,-2.08049515903792,1.72648067626362,-0.881325983315367,-2.68756626534041,-4.61252115732431,-0.284087984923219,-1.24762867525385,-1.95363490814437,2.22837912757138,1.67786223423292,2.31541952979919,-2.01203435656178,0.601289681778667,0.381589890644997,-2.8154669935681,-1.05602875638826,-1.13342334847616,0.447308455906522,-1.83738811893049,-0.392619180524183,1.38929731189377,-1.77203575410425,-0.587154560606645,-5.77857540164629,-0.345250184497176,2.48571974655722,-3.00424758824497,-0.906360308229325,-1.6531513591538,-2.62563358036733,2.95898272935204,-2.57810612178967,-1.0128274077132,-1.76250927206054,-3.22641196970379,-2.89639821030947,-2.60221107876384,-1.55748375027336,0.209510768621591,-3.64243006274784,-0.362479015961499,-4.30084907694116,0.708597900802983,-1.91675811551997,-3.30502028819067,-0.0577577254574336,-2.71353084622207,3.13177664439771,1.75183349210321,-3.10123862097609,-1.53843595000199,-1.35029828892158,1.15015525973805,-3.45176244674675,-0.897046087073306,-1.3514795671678,0.548965690067432,-3.16274208471724,1.21274967353382,-3.53882989638206,-1.52986036189582,0.823617548533408,-1.56875468472092,-3.8484095351872,-0.341790368943349,-1.90326166431444,-0.176458399309334,-0.303688733216348,-3.28156496376452,0.718187071584916,1.76590375700962,-0.29312398795812,-1.6629354256294,-1.86647717963876,-1.21471572365353,0.369184719818637,-3.97078020419959,-1.75765112308544,-1.71558216589834,0.102278114152292,-2.62460303029002,-0.142075013714992,-0.569062883320105,2.51981071466625,-1.85887715437714,2.64806759654174,1.60371103836136,-1.6723571701413,-0.28527928891245,-0.822813347748154,-2.05037561955237,2.82945079211464,-3.30643453073519,-1.80492969573843,2.88577002731406,-0.300310326436849,1.99625209482166,-1.63893800052587,3.00865914285082,3.3652824662676,-0.449280442544313,0.650612176896778,-2.94718239494142,0.177107346360356,-4.54270185444557,-1.08104814828033,-1.91383865555538,-0.949440516717151,-3.58802181686023,1.71322643408605,-0.699747883572536,-1.36216247236054,0.0886339241389857,-2.67090899440297,-3.42460561450992,1.27590677418466,2.08546840495129,-5.73784937395327,1.52737098410992,-0.466179603339837,-2.56047404535288,-1.83889722169112,-1.90536482312171,-4.69710169524293,-2.39980545822941,3.99515055171909,2.37746156444098,-2.25307065809478,-3.34052135015483,-0.414729128643615,-1.80412391647763,2.10056305317721,-1.25649283825323,0.497857947564817,-0.200768671412754,2.07155482767882,-5.76393027529911,-0.13639609004099,0.518906477188488,0.326111619306774,1.80016511670431,1.03609404081997,-0.412188814713387,-3.14155791674424,-1.38461218585516,-2.78867735315727,-1.99042320871754,-1.46367097775515,-2.18005909523054,-0.951198924608303,0.296781552888299,-2.46023678871988,-1.61635646059413,-0.0153117903413408,0.218320991626473,-5.72193477704832,-1.1177242290556,0.0821576458122326,-2.42630970055953,-2.47277189641392,-1.7829741034182,0.635768443131493,2.29914772068397,-0.526794092501551,-0.409878735043008,-0.107383466796998,0.164264654274847,-1.26320696528234,-0.117120934308232,0.455656519102062,-2.29719767206227,-4.03699975760262,-0.789776210494746,-2.69205107381184,-3.42176366141937,-0.230129879006306,-0.589655766558393,0.802665726160993,-3.29391982848889,0.341827562667955,-4.44635111480469,-0.446800861840104,-1.29378725390638,-0.91453813701598,-0.75828842070284,-1.7131773243795,-0.346719004850894,-1.59707295736657,-0.142516847505603,-2.25963426924359,-1.78121012736708,-1.50141542707836,2.12719539109123,-2.83338927442361,-0.00948691260002799,1.43673039457532,-2.70965763045055,-0.601224685315742,-2.20129432500211,-1.04528953108087,-3.88725515992422,-3.93022085957641,-1.31016871716685,-1.86801068183171,-0.441903899053934,0.0376837840035578,0.0651610316337319,-2.87483097186438,-1.24817885404841,4.08662005199599,-5.4920662920853,-4.99909001953289,-1.16577870865365,-1.71147351682332,-2.39025193570989,-0.894731100364932,-0.635451012169784,-0.0221458747650572,-1.99935649271488,-3.35863795237156,-2.05857368904268,-2.24917493906617,-0.373651989361224,-0.71085898925249,-0.297574884813286,-4.12707312797137,0.156146254035737,1.05959974909626,-0.741777670127566,-4.00435042055894,-3.02450869795015,0.114160788889679,-0.862273701756533,0.257807554459641,-1.65974331805443,0.0553689161198638,-1.22726877032544,-2.24611813491877,-3.17495963992024,-4.04678107667045,-4.37360484741235,-1.77736965026244,-1.50238532342231,-2.65698870197672,0.131485075117694,-0.719028736505438,-3.95430908547579,0.385777498845401,-3.5930556045917,-3.85628645072742,-1.32894090038378,-0.897885035099242,-0.198875795994447,-3.65718000959932,-1.08987076573826,-1.99649114471572,-1.38036552151725,-2.42561032290696,0.705134053281073,-1.39443386524884,0.399460958426891,-1.72233124927179,-0.126191655237386,-2.6791283237878,-4.10823966334019,-2.6903604798215,0.588920566786526,-0.343143102033718,0.75014713787199,-4.45797632674063,1.31328177075866,2.58365374867684,-2.77061893026891,0.433745987990931,1.0318948957497,-1.59529342479536,-1.88533418789535,-4.29277263501357,-0.560263376420643,0.916027876852623,2.5043845224744,0.921167147580808,0.355038318548946,-0.0960700586291554,2.08472926250723,-4.27008173251202,-0.0203599471751446,0.245993638654951,-0.394361224522896,-3.88816039901706,0.38282072353288,-2.71902912765806,-1.60019611047928,-1.16129380177353,-3.44213412636878,2.82366077328295,-0.92263482533182,-3.37430533430066,1.36022953144845,-4.44629900951485,-2.44379195574216,1.58491215405491,-2.08519690436229,-2.501443925672,-1.70620922955948,-0.712706683345735,-3.09737472322301,-2.67552091446648,-3.42535843486941,-2.48953337070449,-0.545067933363858,1.99883245456067,-1.72688071362785,-2.9882313197684,-2.80967243229407,-1.32529039177167,-1.96558176825211,-1.69754397534825,-0.74091504612991,0.00659822360538564,3.10968268719226,-0.821543878250863,-3.03215636014893,-1.17955935295005,-3.27819453367773,2.52451832965849,-1.68063264287206,-2.17871353790861,-1.18794755846335,-1.01292356017019,0.338006509744417,2.63690532179828,-4.88072200350713,-1.81370436908772,-0.788991744454617,-2.58365341549156,-2.7415681259812,0.336046261144876,-5.52767867600538,2.05142997239423,-0.585249780098811,-5.76225854393208,-0.448109913426359,-4.00928493191328,-2.78543426318265,-1.65735552097146,-0.876660657172122,-1.73651576894173,-1.35113863037648,-1.78505430215226,-1.7292941613501,-0.859118871768046,-1.47857471926698,-3.63502829239558,-2.70321688555884,-3.69390924491227,-1.41019021917293,-1.80384403029121,2.8426482955429,-0.139152499196938,-0.934841611645816,0.161614573835867,0.200213669956113,-0.111748465771638,-0.90653770180392,-1.13680421192094,-0.177077141276363,-1.81036355727014,-5.2261513739371,-1.70620207344933,2.5778142810974,-5.95032912343836,-0.707292544090476,-4.63381702001015,-1.92601670820232,2.1199079560954,-0.68871896468719,0.655740588580113,-3.88556478176155,-0.539986290232589,-0.710973766108694,-2.73023485690436,3.35793578982327,-0.745341713165172,-1.10321817964385,-0.666895166190965,-1.89390535543581,-5.15700116792434,-4.18165772239984,-0.707156345581627,-1.81679285485085,0.429021233105812,2.27267372705137,-2.06350786595599,-2.30244742843067,-2.23950440148183,-2.10407864420839,-6.53753093054705,-1.31188010579699,-0.653762495238569,1.80129742129081,-1.44324687462784,-0.984674869241243,-3.5778848394798,-2.28249958840571,3.06661400289533,5.36554664310711,-2.37060199054518,-2.3356120195506,-2.64735745754032,-1.38850410659133,0.416933328274375,-1.77288436042701,-2.52287584746648,-0.785858231404848,-5.58413746181615,0.547954998524296,1.52026897082513,-5.03300536280623,5.4275208495768,1.28995474980031,-1.09572099780157,-1.3786312454829,-3.33800331419829,1.78571086957183,-1.68990162985298,-1.33887758811633,-1.85269955271456,-2.30859527443212,-3.12206430377338,-1.48870767801878,1.11033295480555,-0.204240258562213,0.513192027165259,-3.22171731437866,1.42649210604233,0.421317325995758,-0.682922762916458,3.60928247695114,-3.57560812382426,-1.26450030373084,1.14336728020659,-2.67642455174526,-2.50212036010403,-1.20903148408874,0.387515946176541,1.24352105727063,0.460606609146034,0.478450954311055,-3.65373445200894,1.12557482287677,0.821539987815379,-1.15884250945181,-1.93706015025157,-1.55443060037882,0.177631673387602,-7.70700977714703,-0.808800225423939,1.52568752971438,-0.519772495183279,-1.51201091397896,-0.873007825791323,-1.56474426023145,-2.300403981258,0.553321132908767,-1.16019771944304,0.12989470744889,-2.50094478404489,3.06778958903025,0.149357304417076,-0.55686075437515,-1.71350188605895,0.619454335323829,-2.71730820349949,1.47415185293722,-2.88096019282693,-3.412739684397,-1.20252025903746,0.974084613673835,-2.87978874194616,-0.417393562163141,-0.233992819730968,-1.00834338084333,-0.686830321785533,1.42832674531585,-3.61773532072336,-0.0874005342206422,-1.30222359089539,-2.0213128234572,-2.79819355390555,-0.690786551685418,-0.702930285163459,-3.2872797246982,-5.67170452566468,-2.24732680281634,0.426823296363206,-4.13702140785594,-3.22293615683209,-3.6492093357053,-0.470357831079851,-1.01350944184825,2.69711663154283,-0.152264527505434,-0.956707119205758,2.67651287988768,-2.44579724587655,-2.72634467860572,-0.320157703750385,-0.935696409613238,2.20653697829464,-0.785379243125,-2.18654480122819,1.1452422201942,-0.608657033806147,3.06303109763266,-2.21352543763184,-3.42485086596466,-2.22127192113131,-0.77137795249158,0.140502810866838,-0.962459621462397,0.389386783965844,1.10597902468313,-2.93123914533232,2.35403066412823,-0.376373440991879,0.658102401640997,-2.01496051219316,2.18144660703742,-2.60282101964818,-2.14694947437718,-1.44756601906716,-1.97930979598915,1.99936098285324,-2.28362909224411,-1.7224342068619,-2.45838694974729,-3.15563514128405,-2.76166721530835,1.03074402051402,0.296201825340127,-4.11431157108564,0.648641506079513,-1.30812846922168,0.522532618965637,0.23089413566602,-0.911964891885834,-1.4122552955157,0.740663863744988,-1.97680764660429,-4.08593370997202,2.19081006098115,-0.699980773580045,-4.48038206944728,1.63445264238409,3.97023441158566,-0.7185624854274,-1.6228686300078,-0.560670110322363,-0.133555100260893,-2.34465808189877,-0.0320079143804776,0.914021718044256,0.960180350313142,3.01913566855893,-0.903178673559477,0.806902143968382,2.50341079165799,1.33685417607778,-1.61355322443533,0.954315999099128,1.11308231637285,-1.26180357107052,-7.16850112750363,-3.53798824202768,-4.24993991365673,-0.174478780423439,-0.621632358502171,-1.27172455185286,-0.808738837023228,-0.788392947188823,-3.33399795450571,0.823127684924666,1.88219352040107,-1.55504209692933,-1.89042502045247,-2.11599323775647,0.132698481944197,-0.741869695088429,-2.23651215694218,0.047197695522992,1.10752016268378,-2.28772509340703,-0.478028557471007,-2.10438354995289,-5.08786033575784,1.52560743564336,-2.06248115942574,-0.679625199483548,-0.761366720448452,-3.4562187237857,0.92024453983038,0.803290278108196,-4.25572791661748,2.29715357891915,1.38679585652102,1.67457885400944,0.0604737635582746,-2.8220884050195,0.819718592039404,-2.52907692527723,1.25249323985543,-2.69206836841732,-1.21847067272284,-1.60493726450295,1.71450133747833,1.64540616488419,-2.82982903412862,0.950031344337415,-1.64115620699694,-2.49098585638223,2.31139513950901,0.521002102852662,1.8336795191993,-0.335879218609069,-4.22027962533833,-0.393711006252992,-0.834459153735513,0.371994361123236,-1.03120085565785,-3.37311519025251,-1.2371146496533,-0.082057615638072,-5.03397338789655,0.245284226938859,-1.58233988258046,-3.21475378031495,0.517661560659404,-4.79400798640698,-1.53107651503142,-2.69358398028448
"46",-0.942490451375714,-4.634715572437,-1.10129421028114,-0.988364816980307,-3.69757792061612,-2.98465194686834,1.80120345302261,-2.21524559309123,1.68558604179406,-2.22523764671324,-0.286136846445036,-1.10712229079483,-0.171332321447193,-2.85902209243712,1.15453350579726,-2.66081244030706,-1.29258603518638,-3.02359099822002,-3.64367885577165,0.0416367989990243,0.692413556041502,-1.26558510849455,-1.65143324974187,0.0964062618344605,0.527032129265934,-2.45281407999529,1.46921906096594,2.05201434121007,-1.30993434286063,-0.077356685289008,-0.762245870528166,0.24426681217766,-2.26461135782809,0.181817849568046,0.0127875660088912,-3.60938716196406,-1.42404827299085,1.63814695042436,-0.280016126150896,-0.761546668062307,1.3055436637706,1.95759647996751,-1.48336389112939,-2.91763698125952,2.95453288108864,0.705844821255742,-4.74326996789842,-0.110196177485759,-1.81192252929162,-0.646846709318149,-0.757976781593696,-7.13821737589732,-4.60299167426346,-0.828975692964678,-3.47570591890488,-1.80469503191412,-0.409924178716265,1.51357843754126,2.62344957914222,-4.21840951256363,-1.46662926485324,0.371797844333756,-3.94569041288693,0.487627620383457,-1.65185016639463,-1.59762938180262,-0.380238729283414,1.10666906830627,-4.84992492856485,-2.45340096758669,-1.52288797891777,-3.29922204877085,-1.41429831650501,-1.09271725728563,0.281739666548653,1.83647980417052,0.113025091427513,-2.25634923545728,-2.6869320482063,0.27898326353925,-1.34989378550937,-3.43435464763778,-0.488623534244651,-2.01728019514899,-1.16420205867793,-1.88313898737484,-4.0066503811915,-1.54699911425757,0.549420189851741,-2.08219032080347,1.93357188126588,1.98525804950957,-1.0086525302386,-2.97771877772505,-2.26224064136891,-1.94999940049928,-3.29689783829669,-2.53712904246265,0.0651653134127435,0.162152624094501,-2.02892907069987,-0.769608435408716,-0.656461236201295,-2.45878943695506,-1.16279095321757,-2.52003729212847,1.88986843807623,-1.24668468549123,-1.32926630123207,-1.14977012337369,-1.34999977643212,-2.70424579026571,2.10675082986283,-3.09303258135281,1.44897626714427,-0.42440386099917,1.29298832798516,-0.450874475852015,-4.55645500732801,-2.24763268320835,-0.306892434534403,-3.06317548992265,1.46237090879296,-0.0447452690225406,0.65090890628147,0.922742979366546,-0.288986865562522,-3.17130462596249,-2.15637573933418,-1.43023728845077,-3.96214310856693,0.157374451910033,-4.49175239882938,-0.0629722202852095,-1.66376226658236,-2.84760582371639,2.68438389273648,0.645746265290344,1.94758880571261,0.871084193900923,-2.83647350451419,0.389912329760844,1.27494584035083,-3.6673856601421,0.325247217359885,-0.50528770717019,-4.23249251243995,-1.11549582079363,-2.91778970414168,0.966100520768429,-0.775131563176699,2.36020431347642,0.36404641834568,-2.56367982155073,-0.592684361707173,0.510638747422969,-1.24612438865214,-3.62922571103921,-1.13007504888517,-1.51570821517866,1.13032657961206,-0.0573604021831665,-1.12662114338867,0.692843437726943,0.524132543697475,-1.29115971225726,-2.11892351486558,-3.69522127653558,1.19386149001964,-1.83420966368063,1.45543129270555,-0.129460939504278,5.0148056915296,0.23378944153333,-2.81946301529065,-2.53613939692344,-1.05940808301225,-1.40487799551752,-2.30354687708451,-0.818913674225567,-1.16909222773089,0.315492676098469,1.22235840541875,-1.4243825019467,-0.63226192588587,-1.24551472171611,-2.93926394145541,-4.01798455527936,-2.06029535927456,-0.402446716968168,-1.28306080750347,1.99837473176967,-2.33315931292142,-0.856841641915532,-1.10758667485334,-2.15790478284223,-3.3692542847891,1.21302536614446,1.47534188154928,-0.0356166094763769,-2.38251005431138,-0.778919944023928,-3.16443612909709,2.59903681134566,0.0816047300666138,-4.62039439912583,-1.58057451215488,0.664334278061957,2.13104886354314,-2.4985205944863,-0.434475302357798,-1.22271073482592,-4.93727249702645,-0.156387285472686,-0.219125514953211,-4.14647546334542,0.797060919824884,-1.96164303823555,1.41772105898797,-1.79727683612984,2.71321573382531,-1.34636049907709,-0.263041617229843,-1.22550104593725,0.798015184539815,-2.5073097269052,-1.2496292387436,-0.185079603206519,0.961169329253372,-3.18731241403192,-0.0287498265285773,-1.98703880098975,-2.23224954005331,0.359376303641926,-1.1597091297806,-2.36052648045311,0.570899854440857,-1.2651119707211,3.04745557072818,0.300660908005511,-4.38114416095569,-1.85730415356419,1.64424810372689,-1.0200821293401,-0.694537080479213,-1.12076680022427,0.603845974260609,0.0914626171723369,0.0321525113718959,-1.73504624505289,1.21433988523555,-0.88450534907937,-1.97468727062402,-0.941270764114102,0.49513700347238,-2.4732886400799,-0.176510272183749,-4.23496380729713,2.21462346643459,0.124516190583907,-2.833578433291,-1.75508867087617,0.670330723657512,-1.6944424610913,1.79982885797214,1.42403630960144,-1.06501559263957,-0.698960915247465,-2.53500026694577,-2.96134095422678,-2.39488681501631,-1.00797219492598,-0.846343233380866,1.67370358534969,-1.79492641787356,0.180465664234521,-0.261591868651931,-0.993849231470938,-3.78299076895311,-2.06013440295998,-1.51062956663382,-6.37348908679917,-0.500612981876493,-0.723826914346237,-5.43375009763098,-5.94923684556647,1.50088795142976,-0.520328489418808,3.32402582226291,-1.74116118143189,-1.47254647698399,1.77704441875142,-2.13429131919638,-2.26947648410068,0.366018876782681,-2.48690585188036,-0.797312786141,-0.238922272521337,1.92298335767148,-0.466335730710517,-0.602616270691309,-1.38758415506122,0.925808707068558,-0.804554409946734,-3.50678728565173,1.27179703848175,-0.377535717655227,-0.873332939766989,1.21571058155526,-4.19105193470275,2.47521962171845,-3.5776368598198,-4.72899669918611,-1.20474280350833,0.342607919324352,-5.78272034322392,-1.13876842026463,-3.21388540630625,-1.28178765138667,-3.64079521588938,-2.06279100706886,-0.403290302104045,-4.19819184930139,2.0235260669641,-4.02764943188751,0.561472415608639,0.242576231769269,-4.02352083021853,-2.10872444397455,-3.6896865867052,-4.28939751161766,0.734649466961347,-0.703453987949483,-2.67818614387934,-1.14049073684899,-0.379824761791374,-1.66448007015225,2.01261329952208,-1.79319708646812,-2.0062744903714,2.275353441961,0.0538018666807278,-0.968131904369812,-0.764994144892799,0.137326046163069,-3.91191582671987,-2.82174997630494,2.24951220168903,0.936754204944316,-2.59866282588031,-4.59828642233735,0.157661831080106,-6.0245463800258,-1.28586612999187,-2.18755548211382,-0.599905151034857,-1.05531660929476,-5.32852240879869,-2.14312302843747,0.472257524863217,-1.21707181599874,-0.0153408626702756,-2.75241965488942,1.97047428400063,0.198201215634959,-3.14851496345652,0.768491770501037,-4.63698080654468,-2.27831678857628,-2.73602542857802,-0.24020224018945,-1.97155623585662,-2.54675049018833,-1.81376516946908,0.98718914036941,-3.30011526854208,0.520490726016705,-0.571696418812645,3.68359613590736,-0.392086820323768,-0.888965767177883,-0.0690808869900229,-1.98402532614586,-3.90087052594702,-2.94342201244559,-2.39003426424015,1.3561762448782,0.513427129433719,1.95697072716978,-2.3813285342653,-2.80587974911472,-1.64704754622004,-1.31971550072489,-2.05212934211464,-2.12172623668668,-0.772447269906327,-5.34512383195133,-1.12460229454903,-1.67961605119875,0.0335837184058689,1.54066875672081,-1.43071794149498,-2.98396735214866,0.770653077409399,0.69924199295383,0.926706510824369,-1.8740768796742,-2.66431630033076,-3.14672871107186,-1.16777457010656,-1.48881367856503,-1.51398206919648,1.43427789349233,-1.76018190669174,-3.7886538052869,-3.78296283683681,-2.81856004540392,1.90972805401974,-0.485711657396012,0.384437427499185,1.2893114198165,-2.95013157919214,0.706669248900478,-0.425914805621895,0.438648349997999,-3.19181547014343,1.90500830885022,-0.186551820313188,-4.27862900747108,0.088170282030172,0.163180992362653,-2.43976591621099,-1.92292934460353,-0.349819153646375,1.62184757547381,0.187627338533357,-0.539980306970599,-1.78338065945413,-4.26569845692936,-0.628618561438765,-0.141287819875358,-1.95581666751015,-0.883705669159948,-0.755595817094153,-0.818963250048165,3.30706221294191,0.125648146225678,-1.03866685439159,1.4860275247833,-0.482732569026925,-1.72178056047228,-2.60104494723437,-2.73126914085243,-0.165063815110489,-4.85778683862472,-0.378774970617348,-0.328895654326773,-3.89236043807573,-1.1970782844719,-1.29186971937259,1.6709916326078,-1.15423600869501,-2.00844474184289,-3.98024154984882,0.280506951705332,-3.42979678451482,-0.877565868077811,-2.13876817933626,-1.9628932384666,-4.40800083982294,-0.952271765474955,-0.774151822558362,-3.21538231241695,0.43801559509227,0.92058679788446,0.758471285745415,-0.498353020753338,-1.93533845072517,-1.1405478482005,-0.972780736587529,1.92739587138832,-3.63294615990372,-0.856437916437656,-4.04577113968846,-4.30691690792906,0.589899675954195,-1.04940773014405,-0.372866071679142,1.82785466129184,0.1012704906774,-0.678432426002605,-0.699883419985684,-1.43079226547511,0.609152449807744,-2.48658875810887,-1.19667101178178,2.47620679054045,-2.10776029277292,-0.598886561881773,1.17472616926403,0.660522086706066,-2.36071232480864,-2.97876260787715,-1.38653438386278,-2.6648694772564,-1.58055448050632,-0.30078612771389,0.10172496930915,0.470508627690826,-3.34605199866288,-2.10282480618452,-0.345892647800028,-0.507813196310883,-0.226056307606531,-1.61650182762737,0.951559747927075,-1.36451507802485,-2.38399044824335,2.52157098796992,-0.570097116407611,1.81868275294612,0.870997949597959,-0.419397744167676,-2.87638904458493,0.519550227718148,-1.07932769505621,-1.49698390203865,-2.63957254700758,1.00891314937092,-2.831703973663,-2.30496554700269,-0.0825403855790676,-1.22246598425402,-0.747417248869849,-1.74476658162986,-2.73527733047423,2.56582743086641,0.781870217647976,0.490347353051315,-0.569037765252826,-0.620576371684341,-0.998741604156412,-1.71795204963005,0.55513818738685,2.88835403583261,-4.3107210632103,-1.02983387693631,0.871723521398134,-0.14695671140453,-2.35954922920789,-0.676322461984603,-2.80097154081061,-0.523449685691163,-0.945467521796122,2.38087522155948,-2.67077205064055,3.88415332568139,-1.09790149407605,0.0957406466002462,0.913978909569392,-0.0716128752842059,0.433200460277812,-5.80716535069485,3.05252074902478,-0.797641468970534,-3.13170834619086,-2.1146960104856,1.02903528835559,2.8059337705321,-1.79520435163084,-0.389305870409399,-1.09866930289177,-0.969277975988349,1.44592668610605,-0.734722005274209,-0.573615440552925,-3.67993096885466,1.05558261476155,-3.55360468806208,3.23014752190593,-3.06597928787685,0.258327143517924,-0.417198327915529,-1.30570375535552,-1.64841452874686,0.966966842465387,-1.45228757197369,-1.88824847928269,-2.79218045383653,0.880736863443888,-1.33903122743818,-1.68070632203447,0.887252104340535,-2.36521816010865,1.8684976981753,-2.842769808716,-0.579561342706195,-5.72022788901389,-0.621201198335676,-2.7061236635513,2.43090707718946,0.020383250060904,0.676495904429062,-5.08244560327973,0.491173415567617,0.976407346512572,-3.89394900615768,-0.128866707939945,1.52163219112157,0.788442352327165,-3.95423855558502,-2.79509450403236,1.55297196085035,-1.34298666414004,-2.92944767984183,-2.26065040226693,0.259044434797394,-0.128548518288482,-2.56496257381119,-2.69153517201876,-1.9502608000608,2.28962871272697,-3.33502135570036,-1.4437255030784,-1.12728782610897,-0.944915272782741,1.62592908632427,0.350443460923165,0.0566362753746867,-0.203664951641764,-4.74681722468267,-1.69875788110138,-1.96964861235457,-4.17735736869834,1.13348655523999,-3.3603217183458,-1.81205523290983,-3.34548691366458,-0.680429667482125,0.717881904965884,-1.95352531834243,-2.96797075916855,-3.04660666480675,-0.101717996026003,2.27091332653916,-2.75237023211109,-3.30924686723725,-0.31521905501657,-1.35742404050383,-2.93766232750109,2.7362183083088,-1.05446055931694,0.0700850453970607,3.23820029093886,-0.4858516976483,-0.602708015618291,-3.04323270036336,-2.49922972003693,1.62614297086288,-2.20407644532005,1.65589367016731,-2.21634842857422,-0.329686596671589,2.3019834533702,-0.706721395319503,-2.12287235464641,-3.56293749172475,-1.03259559188487,0.821725218120622,-3.31602984886838,-1.9430266185942,-6.01447054669605,3.92148599221216,0.387845301726685,0.0246057332799872,-3.03111950027226,-1.30465539672202,0.110867465559781,-4.46310664386842,-1.08215524246453,-3.5531188547006,0.176238222255482,-1.5729690427488,-1.38344425728936,-2.75036343491931,-2.12241651217101,-2.1013256657116,0.155445704412483,1.16790740240956,-1.09391795506701,-3.98888252376546,0.231955747639706,-0.825196998319407,0.370659677405467,0.461424449022451,-1.41093267368923,-1.29569548856738,-1.08472172687037,-1.73348839532922,0.0740912193914796,-1.14609359471474,-1.01918001331407,-1.00966323305195,-3.32303265854794,-3.31732769826013,-1.46260727317462,-0.867404182123878,-2.41121151934309,0.995721432869644,-2.15736710188384,-2.53341334960498,-2.31096076802568,-2.02671623865696,0.846298154385275,-0.450384721211982,-2.08623990449983,-2.10283129191361,0.717595814569517,-0.0126984855870991,-1.1282172912151
"47",-1.52340843095855,-1.05746347557011,0.943512575825973,-2.23558922640208,-3.29193039130781,-1.61094344093878,1.49327308113624,2.79735927335489,-1.63959413845134,0.205466066628583,-0.815305347636704,0.281328597223529,-2.81138013683927,-1.09991721698474,-2.20968620882129,-0.804967759435732,-2.0764363841583,-0.253128335680409,-0.969524306821735,1.70281131994379,3.26180958875442,-5.49039145653967,2.85061493357341,2.18175311358538,-0.778481534371334,-0.894476239418232,-0.583549741733598,-3.00537526835232,1.52558057088239,-6.98192404503269,-1.5041495545902,0.654188848195429,-1.60224270053229,0.313063367383347,0.271387511710232,-1.14497755062756,-1.91190071965803,-3.79144396484362,-0.567775815310196,-1.97619552370902,-2.463588084139,3.46175747800128,-2.78017687243537,2.94850781586793,-1.39214010231912,-1.36069897178323,-0.491776988102932,3.6643196852997,-7.05859169445469,-0.523520151001336,-3.35839165883985,0.126572950260339,0.406517144685038,-5.1405456957994,-1.97044105321648,1.67034685156504,-5.07960828089154,1.47325088970267,-0.271106873200655,-2.1121839131453,-4.88394986420079,-0.483232741255041,-1.16439880910591,-1.89443266672927,-1.4552492946233,-0.145662971907119,3.72703490235414,-0.854022394768817,-1.99560998014892,-1.5603216681573,0.452841123272814,-0.608840269781183,-2.48474223502314,-4.11084046461874,-2.70229177179757,1.8943295529122,-4.41506766914995,-2.15331503536649,-1.64161160167196,-3.26367737078295,-2.14532870296564,-2.43717395175976,-2.00100468223515,-1.00441527919102,1.13769730424369,-1.40268819153873,2.31097321295097,-0.114818931011096,2.60802705357191,-3.32411573314704,-2.52454668745805,-0.914767209352293,-3.05085938244544,-3.00587712335948,-0.902932502846151,-0.206294518897209,-0.379650012693395,-0.4064649121607,-2.48190342454532,-3.23705418072519,0.979208979766167,-4.61904485310259,-2.96104888098222,-2.42602562040981,-1.90700983239198,-0.830953221875205,-5.14039610726391,-0.913030186077159,2.55258887894266,0.294875779315223,1.15242772384319,-2.3170272438133,-3.21024614626075,-0.160069513196746,-1.37005075961926,3.11917542355462,-0.344848886396738,2.47975588474523,-1.27533537267806,0.6455882842632,3.05808112302639,-2.64325966660798,-0.249710197563951,-4.85689346387652,-1.94475716843254,-0.842810823549003,1.04737976052535,0.396976443589512,-1.81927479861617,1.15071825033577,-3.50259962703494,1.40329558103363,-1.55047964081866,5.2802466814698,2.41703601403364,-1.5637619354192,-1.59439262962555,-1.97709686146546,-0.569408698261417,-1.72332943304415,1.47660803597839,-1.77156568239035,0.158860341981612,1.12971027526494,-3.15287964640938,0.932102779854874,1.32084727382719,-3.66779721051906,-3.48576888563597,0.283179104036669,-1.27413952635463,0.294410954539334,-1.45636250945872,0.22065948668693,-3.37737230477141,2.59579460881827,-0.022750175661587,1.18324014575214,0.19467951939455,-1.47571759671317,-1.7796091564928,-3.64048895239653,2.67545906876737,-4.02561542459627,-2.63738968863816,3.06694011181091,-2.12052919481195,-6.33327553464926,-1.31561177758062,-2.11833483039637,2.49613314714898,-0.919395971987151,-1.29887399410526,-2.51685796763976,-2.58953210345154,-2.16000260429878,-0.224074940867058,-3.15295477545666,0.428663453631585,-3.16035930148257,-3.18526998865752,-1.87470502385663,0.336371809616432,1.12022366844095,-1.13372768710055,-1.32404409424341,-2.61822928872408,-3.23547719069443,-0.854646878821019,1.43228028918385,-5.93048562070895,-0.609754267203802,-1.66593335598834,-0.11139757932589,0.296654000284789,-1.68995421936956,-5.49364429648024,-3.94018720571048,-1.99645500603619,-3.67856813016534,1.8749456529144,0.453742216668262,-1.83799480168574,1.84024264952915,-2.09969903765851,-0.76099866219887,-1.12943129696995,-1.20631792090773,0.548030574998638,-4.5681598797726,-2.84272450865966,-0.954839254566381,0.199959120362162,-0.457992808590022,-4.28332514796237,-3.23440809033305,0.814856245168745,2.31913474915607,-0.990160159292459,-1.22711554498243,-5.2928567894207,-4.03245037702374,-4.51202031240519,-1.52982014714829,-0.496656366932809,-1.91272375473251,-1.19958706298724,-1.40724126769822,-1.0959131186166,-2.21254542867839,-4.31545927059823,-2.41074927792749,-2.99621963462704,-3.11217958056721,-1.66599824475255,-1.12656863285434,-0.690905337503605,-0.573957732140419,-2.88608929671879,-2.26591787541728,0.590131662732511,1.82886949224239,-0.531211104912019,-3.34208971042117,-2.88961689344124,-0.801493955544778,-1.61431793277636,0.508750458870316,0.949363168593489,-1.80693025557322,-0.0811702033976214,-1.25754171164792,0.235960242824154,-0.173033379237944,-1.15288929875648,0.463124454756761,-1.40849890645431,-1.25987420878079,-3.39374710634386,-1.18582395577335,1.48628995842408,-3.15237966747818,-2.64149153925872,-0.751128182886196,-2.53763101184586,-1.63672507742063,1.75272211416395,-1.67508546444407,-3.22214265785009,-0.607427434075664,2.57183364276547,-0.980036385597201,-1.32666151152888,-2.24208108078798,-1.20922464578453,0.974786130063368,-4.99964980816948,0.801033929450576,-0.849768003006363,-6.73780718175055,0.68166888999981,-1.25505650570558,1.93585747422493,-0.944540123514552,-1.53786982594822,0.764447131677633,-0.878810532896607,-2.01835617296714,-2.33797180004805,-2.35441599609862,0.709448173958381,-2.75850261053677,0.809260260757897,-1.96592391998931,0.779371528399014,-6.34358396122798,-3.9757109170608,-1.38910377497429,-1.87024167803859,-1.44792655014615,3.0713090607661,-6.7841772150166,0.599599611640125,-0.072797232239143,-0.635850996627705,-2.51706633547727,-1.68297687390261,-4.81132954678592,-1.02742242654337,-1.22709510615169,-2.25106157278579,-1.6208925777668,-1.13341726459041,0.309906705375384,1.96252326574817,3.5283655138833,-2.46344224904046,-1.48449719152523,-0.379088680306825,3.61148765251779,-1.28944640169323,2.0121547472527,0.485894732223143,-0.669213425517083,0.6823333363046,-0.314822139157909,-0.254915107206807,-0.75794638332687,2.70105646626204,1.81831120316176,-0.973403728723847,-1.85986919138127,-1.59953206693547,-4.24195862938398,1.04586931149746,-1.66611581882952,1.12739755203111,-2.18322315816332,-2.58918029830284,3.88063969685485,0.748037939069709,-3.5616698031109,-1.94625701728386,-2.22516749949657,-2.51796150055568,1.1062779475888,-3.26868343615364,1.60091269527024,-3.11555584156778,-3.20647947604232,0.721021005747395,0.585945150649109,-3.22250111762444,-0.654369303181833,-1.4495414409042,-3.41051818001114,-2.99272763426008,-0.769328624739335,-2.11001241622971,-3.90326520489118,-5.21207790418821,-8.24187048396239,-0.752751466479892,-2.82818355599702,-4.78216718318835,1.82417196290021,-3.76362223641412,3.27639091098505,-0.614260032899919,-1.42159297975572,0.47958071569436,-1.0372548366482,-0.927221274403305,-1.05812273552634,-2.22168023196433,3.51055285705992,0.788869472388015,-1.28449275330903,-0.686640319104513,-0.28834331947311,-1.17802901658594,0.177524660911288,0.82146678832605,-0.908418569191483,-4.82674182963194,-0.852554479522646,0.958756180627966,-0.674248971365601,0.112372653290275,-0.868902429404333,0.0779534195093534,0.710304361778477,-3.73690202783062,-2.42214153402575,-0.803903218276895,-0.956013350637975,-3.22221203073158,0.537329543255058,0.474591071218157,-1.58407458838845,-2.48281840720236,-1.51843951629982,-1.44075424909413,-1.4232508827341,2.77465340650786,-0.60110534914469,-1.93027182281393,2.15528217674102,-1.4296577916876,-3.38013841321362,3.25508828978356,-1.04131441113054,0.0457869624721579,-2.3221895234894,-1.91007412064058,0.934775114981296,-1.18346038180314,1.27560033081776,0.478608137796769,0.974358812770093,-1.58318254936066,-1.26835395709636,-3.09675766098238,1.40529422870046,-0.552703875885942,-4.97229301215582,-2.96455289203286,-6.22633283302597,-1.00834525193694,1.00418067534134,-5.12738828856067,1.88272170041052,0.427037942517434,0.999690122187473,0.628736989495018,-3.6914461362536,-4.73603176365885,-4.24062085068232,-5.01112559757265,-4.23720929932704,1.16062085499247,-0.146080950892889,-2.12926571213633,3.39467327827603,2.00555176369957,1.06817768825622,1.20255124143945,-0.828305872803769,-2.22421367493245,0.456365801240337,1.96677983848738,-3.49994909735921,-1.53930492205958,-1.34442350996148,-1.90215131243441,1.61738033988364,-0.331584566760001,0.633766486625842,0.163024315253228,0.0039784350826082,-6.76659567773817,0.459710738769302,-1.47572732897412,0.803321023675278,-3.89496658698477,1.58359347210821,0.845656579715676,-2.20210949732742,0.197260542277395,-1.33615874168516,-3.96206655570141,1.2175321394183,-2.14212489472669,-1.47201706597532,-3.31932904741938,0.675884471240694,-0.77441829436776,-0.657562429921541,-3.28860758773739,-0.574251761399199,-1.8569343930849,-2.27579970594116,-2.01279456203244,-1.45404658516827,1.25748416302672,-1.8160544607726,-0.398238150979815,-0.599097733277117,-2.34229673603177,-2.39899064054839,-3.88499287644082,-2.39004708340551,-0.93633393705999,-3.88544288124933,3.29826391572753,-3.46846619891719,-1.3956099228617,-2.85099746944815,1.8809773575941,2.28289078352252,2.86233269926053,-1.24786968063977,0.622503482470059,-2.06310673768403,-0.688667075723407,-2.8488818806575,-4.32594374253666,-3.19849553133349,-3.67201446000796,1.07965770887123,2.41691854724814,-3.18102521530781,-2.25770823201041,-0.744913167954416,-2.55991719337022,-4.98042569959715,1.07802427975948,-2.64962861668068,-0.33342434346398,-1.32939287868756,-3.48860181639293,-1.86919371069651,-3.41316532868425,-0.848818707732012,-0.748238441769437,-0.466657011225475,-1.15473157812161,-2.2168735841241,1.50943322308926,0.928731535053037,0.668211756939052,-0.186590931904408,2.31521795745596,-1.60150345693951,-1.02771049179205,3.63103738131647,-0.348276037792956,0.633720015079987,0.217898698568612,0.0876257887825196,-4.29037767062093,-0.167846037135217,-2.76455721532249,0.0663014274120246,-1.05188914539242,1.4407231899802,-1.25952057901748,-1.67931222744026,-0.801098068342445,-0.267046205147394,-0.415030207405609,0.827639290711246,0.623365243201578,1.98918598563058,-0.364270682167582,0.758277306391843,-2.14703175327801,-2.93883420151065,-1.58506407114442,1.3408569854523,-2.67531248053637,-1.11074506262676,3.30590293785771,-1.38765162174202,0.479074520568015,-2.28279467759805,-2.59847928439756,3.18076875952115,-2.11242677301478,-2.24371996589137,-0.393741294288739,-2.07426496943518,-1.62589393517442,-1.3007841418452,-3.07477290353351,-2.88043463050522,-2.25370035873859,-0.915912185956851,0.72480677824292,-3.96944117560462,2.97462890144817,-2.84399915121867,-1.51774751836325,-2.21610915647001,-2.62655714742322,-5.3562779072075,0.49294150361725,1.51428685434898,-2.94088714287934,0.574815604824543,-0.111999426332321,0.613310245744487,0.175465589991965,0.208672336214856,-0.935596829980496,-0.415151428301391,0.815811105543775,-0.416771907655636,-1.58910224082296,-0.470106837282071,-1.00573632415197,2.41314271545502,-1.72197068413351,-2.41523677972696,-1.27739582767925,-1.02535193941331,-1.79271783273873,-1.35110746847338,-3.04660532031005,-0.49236918107937,1.01645117209136,-0.119337779952127,0.130910513676614,-0.0619161546087388,3.27027531916368,-0.763531521548176,-1.42361397408482,-0.262654558479043,-0.956477295740175,-1.05002537866234,-1.20470218438842,-2.49332180660007,-3.12652006348225,-0.901986780242398,0.600535570584233,-4.35766487831334,1.55386138866682,0.0453325506348241,-1.51870578553999,-2.98116160514219,2.5493572722633,2.14810588875483,-0.906240302308939,-3.59206140288378,0.625412801124473,-5.01830375433496,-5.71195661812805,-1.07626496017117,-2.00396324033007,0.165086068958462,-4.9713300042823,1.64930705980842,-1.92167125819542,1.16104444890292,-3.37054783955584,-3.50680641516745,1.78831839421156,-1.35273937691502,-0.82253469488822,-2.42016301695034,0.152049254968181,0.0103756150801495,-0.452483651768248,1.11225848053588,-1.8090211894845,2.29201105109152,-0.138888578001058,-0.597792306872555,0.148303373025729,-4.75163558622323,-0.398031410164165,0.0708743549510378,-1.39594187141939,-2.61694943551929,-1.38871691371654,-3.08119839258467,0.0455209421725291,-2.04567521095234,-1.72988347096024,-0.525635212344689,0.266931989414993,-0.740047174455297,-2.74785135806601,-2.31455180675302,0.0784248487357977,-1.08615526478305,1.45636197135861,0.155484400720603,4.09811222791082,-2.43703382791182,-0.731655974152799,-1.00853505808649,-2.21440657397868,-2.71695390246388,-0.434125197840335,2.8146324361539,-5.51514375385012,0.187626741971914,-0.803467171148295,-0.623966480430937,-1.75583439827556,-5.55780067213266,3.25579730897387,-4.34277850359554,1.85206046805624,-0.503153224116934,-2.72405884331069,-0.928655808909208,2.52851518812174,1.1934716701157,2.12027839576943,-1.1819217854535,-0.0500115566553759,-2.23374887690958,-0.275631107267795,-3.36763571481566,-2.67753383066338,-0.0532168770774056,-3.37715282983526,-1.10322934335043,0.198421865086785,-0.19419390685928,-1.21680856012357,-4.67783461507055,1.7899498712541,0.975430926446901,-3.21771600199535,-2.31563891883773,-0.591201414424877,2.36416384372525
"48",-1.58345195167932,3.02702287975804,-2.37018001510183,-1.69737077626002,-5.02366922755839,1.26262447188419,-0.855827559886127,-1.81995173085888,-3.47645611291571,-1.68563322347019,-2.89949367813032,0.53825095014322,-0.363989647332387,1.90784967837234,0.181998151753257,-2.730626139207,0.618046496736951,-2.06973701815935,-0.242289422597208,-0.908492328845241,-4.97040202195713,3.61602164018838,-1.50445773094193,-1.09555638956735,0.130342236865513,-2.85962529343095,-3.65577847663533,2.52692302502278,-3.04071410866551,-3.89332863909132,-1.57175006688354,-3.96641017109937,-4.43097077023516,-0.646998638012624,-1.19036785354254,-2.05499253030355,-0.725715215853596,-2.3536550181001,-0.998900201311729,0.940093658805026,1.97491202353012,-0.39259672601846,-2.32795107446466,-3.97923926240356,-3.44426675050132,-1.89778390269304,3.34980732249643,-0.496254574004816,-0.0724792200354862,-0.380398409277334,-1.40436677492337,-1.97419044986887,-2.53242247340381,-0.294842981115028,-1.22736900946164,-2.72990435558578,0.331750507951076,-0.253049041587651,2.20346352058751,-0.887969611181631,-0.356658208654668,-1.79197025979819,3.815527783983,1.43864376155117,-1.51607309775023,-0.235030811571941,0.361669818793473,-3.8931361772908,1.09987661772191,-1.21344474268997,-4.89895032487905,-3.89892618629224,-1.4835700524191,0.744154540582505,-0.421808923286903,-1.01394534215462,0.57042859083883,0.000593134188887179,-2.13582442838115,0.649660096957342,-1.99554748169767,-0.521192825233596,-0.998254475963085,-2.64827643611624,0.663418143526802,-0.644412178600145,3.87770606104579,-0.515309874703656,-4.53247035834308,-3.03476706191877,0.482065851565555,0.417820530900776,-0.24311531318412,-1.71503029435976,-5.36507504940026,-1.95010250351825,1.81086465655412,-4.48918315944491,-4.64589451454409,1.23797449156187,-0.893218078105903,1.99726298454606,-4.03521041587018,1.36625820862798,-1.2537793610426,-0.484155647270388,1.20691044828589,-2.19859601858831,0.555753284685807,-2.30631057352203,-1.66543912433434,1.69389163818789,-3.31977330076243,2.69176064172719,-0.321879006547524,-3.36246644487822,-1.72564319310683,-1.0500891720798,-0.0844473310260353,0.262072171596074,-0.0697647658159756,0.221657116816375,0.142013407655386,0.0579217763864603,2.4797792555268,-3.21974735883637,-5.00045319978292,-0.905662656838524,-0.862617395923485,-2.98393058241083,-1.87610155307144,-0.107552261731464,-1.62722276687468,-0.473400636470239,-1.14303941892825,-2.25730958522454,-0.615219609866893,-4.95230534290477,-0.2043712039289,1.26751397915191,1.40718000994259,-0.540051229020761,1.35294127757555,-1.16080611669028,0.526208187946508,0.305326042389569,0.0725295275626334,1.18828883445782,-1.2261233905312,-3.91194071986668,-3.65435770948667,0.464265235807158,0.721709710607657,-1.25651455744213,-0.124007439970718,0.282545722738877,-7.65997954089606,-0.557744501197488,-0.516733297288305,1.36881013135926,-4.54473378920654,0.878139638304537,-1.09730237497288,-4.78030503641119,-1.91198535825256,-5.07842435554051,-1.36920014212326,-4.51734702012504,0.0871830030880236,-0.854607211542334,-2.81715026398134,-3.2669521659795,0.419958156347294,-2.62856941442188,2.24279145145652,-1.37077824673617,-2.63565902793088,-2.28475883145198,-3.98812107184192,0.547353827647915,-3.7015596626798,1.5054911578,2.1535994711325,1.25827651079464,-2.9129780037781,-0.615601258804475,2.05416258594141,-4.59651497161976,0.323671832339748,-2.8990380874503,1.88633468071979,-2.09867786644005,-1.29424340851892,-2.67999440224504,0.0387021081098324,3.16258261554985,-2.78131263901126,-0.511542646180957,2.46406818034649,-4.12012777132011,0.616726235162656,-0.649221896992878,0.195074635239388,0.399870240745785,-0.643117692865753,-2.83543741537373,-2.17340030856432,3.54218772342294,0.312405453687955,-3.11775562003691,-1.43821016571088,1.17403834592286,-1.64535320512137,0.354068467662503,-0.709434816562112,-3.56969384243575,-1.91138674255552,0.534302858469049,-0.627923939312068,-3.24412932999192,-3.94298357058018,-2.50938541301236,-2.78923935758557,1.48247452990438,-0.723908526762458,-1.24768610335163,-0.707014730808985,2.5038578572384,-0.327818150233784,1.49820156361952,-2.64044549983222,-2.27275340387056,-4.14028135743496,1.14707953946001,2.2707874949344,-1.22404751656561,0.349879297718406,2.06476504986491,1.43235904446484,-1.09018542100659,1.32158563967878,-3.18115145210312,0.538558655489553,-2.3245405640579,-3.57373591355487,0.0130062221869278,0.0946354268019034,-0.18315806400378,-0.412070560298879,-2.14367663471752,-2.45376152529201,-1.67955103279338,0.520930303169066,-1.20053350117577,1.8647846938823,-4.58811026274033,1.76228976824768,-0.726228016858497,-3.47387037923452,1.45255767590405,-1.76660051782228,-1.06482534557906,-1.5400933428118,-3.51354668864689,-1.36181671630075,-7.02949943367722,-5.14148390915124,-1.66105230602833,-2.68771179232824,-0.0775384414238701,2.55130790717672,0.268166280221845,-0.781673993963299,-4.44959642025669,-2.41318285287061,-1.79737755819344,-1.26235696516359,-4.8922836400756,3.08237682844497,-3.92570423943633,-1.22771614926166,-2.97694790165273,-4.12531970387877,-0.188984764564285,0.364318996167003,0.782185888565073,-2.53195816432148,1.83789017711566,-0.843013353987979,-0.325551682772953,-1.80417729253359,-0.385185395138906,0.16805506189331,1.9675146374417,-1.27038830739046,-0.121816183927705,1.34821585919784,-4.734453984724,-4.60785443341011,0.979199304245026,-2.16967151232862,-2.85977366666424,-2.87162177725036,-1.90363393472961,3.69069290817575,0.0628323295859523,-1.9532618408702,-1.51779448217122,-3.00200436828598,1.0456591467587,-5.44229700154368,-2.82243929232106,-3.96648002879113,1.73828008630858,0.691980063362563,0.681425488470061,0.658261934773831,-0.380399157446076,0.401381317334163,-0.858384983002586,1.08251867251053,-2.6636525545106,-1.72101879262816,4.73355585330331,1.53402648886093,0.617015544176168,-2.29039082307132,-5.25055810211035,0.892154558583846,-2.76783042590341,-1.2953334370321,-3.31405235157393,-3.40929382489875,-3.62642174021188,-0.758613636050798,-1.90812387848399,-2.00818670240758,-2.0760262734126,-1.61515677008758,-2.17285370747671,-0.941153319617153,-0.360531013345514,-1.63106744652219,-1.58035549572188,1.57375759858314,-0.348523754650337,-3.24475884068669,-0.679428506596224,-0.0804501739334923,-0.357545875195002,0.0947100866460986,-0.490399399947361,0.788743908173781,1.85379203258753,-1.62969453693422,0.0352841726356061,1.91881265192601,-2.62782087140508,-1.59843310633337,-2.29169825122323,-0.811095594866269,0.0764272468124025,0.207776666523551,-2.0655450229661,0.0827869914090547,3.41847923370508,-1.73451906207848,-2.21314731985019,0.00604529543868582,-6.66192722413874,0.596218278550261,-0.985335073613634,-2.51788604986284,-2.517604590718,-4.02856675788565,-0.846652813558785,4.11303179288824,-1.21697475212765,-2.41228204076368,-3.54969525293529,0.247228664922259,-1.75171994154225,-1.35486892402544,3.1516374348505,-0.0131238387638439,1.60913068266276,1.63197655648719,-3.75246822056831,-2.72159918318533,2.43962230465856,0.392158323616337,-2.31678966139904,-0.0391617540825794,0.928186668212506,0.624978597100897,0.81126146268807,-0.313143156494363,3.66679879045812,0.93861899117146,3.28580513193912,0.236274507264776,3.63795660190507,0.333675697326208,1.03836119678051,-1.61702634647344,1.17974688579744,-0.464485095406464,-1.63409892062269,0.673171491039307,-2.1718132262526,-1.40536764013338,-0.633354035141898,-1.63873215129007,-4.21027636659391,-1.67753920339269,-2.62705363275408,-1.50193344686595,-1.33641613673442,-0.440395620070533,2.13772777424849,0.554303419339217,0.250631962155498,-1.47570555013977,2.36534554868409,-1.66808137322476,-1.69792608314942,-1.66699370952742,1.53319942788037,0.846617097834298,-0.0449495097683521,-0.0598622992005348,-0.754768317991116,-0.817464309516655,-0.592657462957026,-1.54782435677699,0.773633908078347,-1.87339432314313,-3.35680220115831,-0.543563676101921,-1.45884848497348,2.24276457071637,-1.35533176546657,-2.73835420671355,-0.00186971709158923,0.796139227178881,-0.655732939387024,-0.440753827601709,6.74790882310136,0.212799890639892,-0.573402222852749,2.10216846905002,-0.834639689015619,0.579490126980104,-3.14950088479442,0.44150712459263,-1.54307799668678,-2.17936671696261,0.171490472847159,-0.223021653420716,-2.60544039742604,-1.37816787433888,-4.17779051459677,-0.192276231283472,-0.828895485751176,-2.14531977140878,-1.11395996988385,1.09741100395752,-2.36236304033192,0.894396241559945,-0.195518018760051,2.51007157962774,-0.119964433959655,1.91921473440108,-2.28764562389036,-1.0391112041014,-2.61845219945624,1.4183376773411,-2.55512765500362,-0.783320283197126,-0.330793527898057,1.70463378799248,-0.229690931597516,-2.16455240582373,-0.677117893738329,-2.3470032109981,-0.465459622859089,-1.3138305452498,0.123514013314903,2.14236271323637,-5.34215894341241,0.767265783345018,1.11145932043087,-1.54577166975032,-3.61288992969607,-3.76704899481858,-1.55302287593071,1.316436347735,0.103550977157123,-3.26815612417396,-3.73493988382695,-2.57971195940921,-1.21377422730372,-0.900100293824775,-2.29618235417457,0.21319348468438,-1.16043931891513,-2.55662633073889,0.164371043590489,-0.404330184292223,-2.26279171150752,0.110552199899899,-1.00094220779916,-0.288671342830434,-2.5859047011141,0.385841577173695,-0.166531886439911,0.353634444179168,1.46954923795182,-1.59563095543079,-0.385351000983392,-0.193623110333426,-2.56499948275482,-0.0783605835362773,-0.0540657520190843,-3.40543117063713,-1.18535372009573,-0.351725988285821,-2.08998936884281,-3.38821550226668,-4.09501894534743,-2.6285280347511,-3.68780677292072,0.230502660333099,-4.89826850462773,-1.60440474561196,-1.77252412614212,-0.490865200454293,-1.48160438561674,-3.18638356908638,-0.912687013521049,-2.69809865987612,1.38838794143286,-3.15123623235139,-2.60732336624976,-1.56153888579036,-1.57786215028449,1.01869477044586,-0.653643398724469,-2.085847563174,-4.21545750919377,-0.00514717039411217,-1.06216062444385,-2.13845658029717,-2.62470461990679,-0.883596030448399,1.4440646440935,0.384739353808265,2.09909436707865,0.536196356495739,-1.23195946120708,-1.5615418660223,-3.99532142464185,-2.75261262477668,2.30625802458217,-2.57133700489761,0.205616501026342,2.39662650269889,-1.05457633967654,0.867326372294807,2.03151290623729,-5.94172924741145,-4.46102167269323,-1.33324224835072,-0.355797774292541,1.63419183408642,-5.34258149088715,-0.778594118634042,1.59763916884954,0.369921767490252,-1.53952761973852,-3.26647371236258,1.75085059782895,-4.5111074011354,-3.29911375897975,2.92427454223491,1.25227699079912,-1.60381643994517,2.07353025746554,1.46026654957079,-2.29343084680961,-1.30179027059316,2.33805097108762,-0.0313873533477028,-1.2062691213549,-3.54961686951879,-0.214625955147678,-4.93298944868757,-1.63424909540342,-1.69822365698314,-3.49202237188843,-1.97121460938257,-0.0123449046233481,-0.802355435485883,1.21892731126412,-4.01408215306817,-4.47325206991149,-1.53610801409225,1.19819218882317,-1.85008070601931,-3.45455128925321,-2.00441896313665,-1.57305915905861,-0.98937085099775,2.06689064785915,-5.88082275489987,0.231032065680377,-2.57815856991778,-2.20352137677477,-2.74264225879048,-2.1085806721326,1.91332483013912,-3.58296134669251,2.35356715636266,2.10610841689265,-2.06389148669084,-1.04926296181648,-1.44642044694263,-0.0885261151431179,-2.5028795663726,1.9838301607962,-0.206649480027204,-0.613789738255131,-3.29514131732479,-3.54801514411868,-2.59564780965431,-0.465621742359417,-0.895338302146646,-2.36662746043837,-1.28887020987451,-1.2883498137082,-1.51347649034532,-2.37798307828138,-2.31687319674179,-1.44487414048598,-2.35652986253683,-5.06971381226191,-0.692987000083944,-1.71049737468519,-0.984681397964649,4.75819827511976,-2.33130152147323,-0.677080588277599,-0.713304316305736,-0.679428129954784,-0.694148690248667,-2.17873302336875,-4.08787779687089,-1.89496071468824,0.840879574849772,-3.5435037748715,-0.393170794612086,-1.16997995127321,2.82465221581899,-2.41006728820631,-2.42988848428621,-1.3511829764844,-2.00992633359604,-1.64450161974354,-4.75296057398464,-0.63215967141426,-0.809439916826672,-0.445717759114907,-0.555943522461709,-3.67745236380796,0.0586853289872431,0.560337191641634,-2.27822645351499,1.313412662845,-0.429962686405762,2.11950576344312,-3.9646426138337,-0.252797288455394,0.946895894299719,-2.75125442336846,1.23950274684774,-3.01636642685695,-4.87921448728788,-2.24204162508562,-1.35921817958653,-2.51839412140621,-0.379437559241292,0.557477177984885,-4.58603491006396,-4.57639424964171,-1.39543813327049,-1.60394764167151,0.39704067098923,-2.9618573160731,-1.08341878584544,-2.06895870786069,-4.56748102796922,-1.59630329937417,3.00489289516596,1.08370731176299,-2.52667765487643,-3.4683666242925,-2.51600365481612,-3.76551222989871,-0.0446615180136289,1.96620946859776,0.175301871049438,-3.38700426930031,-1.89039505684359,-0.30796454833554,-2.88146792866163,3.45524493800591,-1.27766847964004,3.57417573962314,-0.647142327235298,-2.59471834947218
"49",0.230719785796679,-0.974891293079677,-1.95589875178094,-4.84591465329962,-2.03506574959315,-0.398775177143509,-2.69152533854437,2.51194804615596,0.645639921034661,1.50951262597202,-0.795033711031476,-2.24563878547407,2.90681501425026,0.800737291775393,-3.01082963873351,3.03303806940548,-2.20705759740744,1.52846422809108,2.38362566157697,-2.10144337765394,-0.835869655158561,0.564286976285494,1.77750475820369,1.26582434532344,-3.93048531416764,2.72300339007496,0.273852347975376,1.47112861123139,1.75731141732877,-0.545463719186198,-2.6382520241842,3.01202483012373,0.320776374717721,2.12444477152453,2.79342869588303,-1.69468129907289,-2.93585877075396,-2.28228009728941,-4.32044977459029,5.89484534248172,0.037841632577946,-3.39144789324626,-0.0984915304379533,-1.96513692054331,-1.96585238540584,0.471373648412641,-0.911019728069015,-5.80337432538711,-1.77781877007286,-5.05761056805553,-1.82962236986592,-1.40447664427739,-0.756878559411192,-3.3610434298136,-2.13527931968505,-1.19981649174052,0.765981110311845,-1.05181408697109,-6.70750635222516,-1.87800869665082,-0.9428072148631,0.0770082812432085,1.55170656678829,-2.49341109631154,0.647058594019747,-1.4268603566678,-1.04349924454526,-1.46433698659033,1.90905127412217,-1.35607616270053,-0.138330855250554,-2.5912009868937,0.363265075615453,-0.997554801750604,-0.881600855843585,0.765764969753944,-1.5881152702283,-0.660008850841884,1.41266853250073,4.08032978814388,-2.23853551928878,-0.926826303643307,1.10726894417572,-7.28250908766206,2.08042811986348,-2.76560033978974,-1.33787676979198,-0.0673275498788539,2.7215859709379,-4.75998707786742,-0.911390939593239,0.127386167087513,4.05357679069011,-2.23779835220057,0.657581717124079,0.842143993268677,-4.00798064268492,-1.34339181578356,0.274930466821066,-2.48744319466269,-1.09376272603586,-2.80020714537024,-4.03153608729739,-0.122849178896749,-0.483143073754435,-1.22308906372994,-1.41181575312096,-1.00300354787059,-0.117367760607979,-5.53446556558852,-2.30023688020955,1.557126082404,0.01092193094801,0.684038233446551,-1.49139980968092,2.47794863916443,-1.05986222235021,0.417840782071658,-1.41187320754005,0.364364392995977,1.06304624316059,-2.38245967308877,-2.98058536741522,-0.165464871461754,-0.258208482254871,0.140908877693274,-1.76416352629186,1.59080401959995,-1.32467646863102,3.199682390092,1.82763651469269,3.44388219762283,1.98966438363832,-3.44329964923404,-5.77053459187698,-2.88865059570083,2.91485585548724,-2.64150308503125,0.673068696092126,-1.10496225776658,-0.326671228024494,4.34092500403661,-1.26538605106222,1.21688395953857,0.141425076156891,-0.442350083408342,-3.64511546259977,-1.79488870192201,-0.246606647910387,0.107514121193742,0.817231767444767,-0.418253213819798,-1.52549569282954,0.731202870568367,0.410304596941673,-1.49523420782327,1.36501841028454,0.961985663537398,-0.556942348188884,-2.83254265451806,-2.45680996113529,-0.0765983848020487,-2.86423377361077,-0.720879012817503,-0.263425836515911,-1.46193106817676,-3.99133205910737,-0.662442509890787,1.43687489757394,0.367501209871042,-5.66146695038095,1.41771493622745,-1.5842358284718,-2.63830530346224,-0.201747370694509,0.184840841673014,-0.822570050022426,2.38615180887249,-2.25543077525382,2.24981016562742,0.866021101104287,-0.951269605479855,-3.54968931459576,-1.82504101515894,-1.8533161994687,1.50165005224459,-2.83161383425744,1.14186465830613,-3.5371608009063,1.01300696131275,1.21023691629371,-0.415499802040833,-1.49010325228682,-2.24050149371924,2.86812867350403,-1.26790215691019,-3.67296058201644,5.48014465056416,-3.50912223334459,-2.91279022529675,0.982754647743993,-5.26013442671205,-1.29407167508985,-3.40099393883912,-3.40933257232715,0.301155336684925,1.16031719012279,-1.63836181895301,1.77064170237404,-0.793988143259089,-2.51337120504739,0.944709662773564,3.00011530472492,-3.68599885903672,-1.3222446546387,-0.115102198129126,-1.18436298076068,-1.89055126461335,-3.46662316631043,-4.21955062598469,3.73485887122524,0.514348951932044,-0.447730924120068,0.456616260700319,-0.805281587850942,0.319470433131733,-3.03295660883887,-2.46201096915773,2.9896911110893,-3.78859901685381,-0.801165777133642,3.66766127811812,-1.31394745758202,-0.60585837049996,-0.597320753726997,2.26291258496825,0.0410373645005573,-4.32978937124456,-3.22860985533288,3.4607690675509,-1.74551015253891,-3.76794047750995,1.91735228669361,-0.364185553129219,-2.50879000129972,-1.03610173146897,1.40947310627125,-4.40929336171467,-3.85004030325968,-1.2296759260007,0.766213417426981,-0.757268002288164,3.23683710704842,1.69152065467816,-2.14175992592014,-1.30974966943942,-0.241445610121561,-1.47808014012444,-0.523028839270553,-1.67272453057745,-2.31784800146845,0.125481843715048,1.80081188287635,3.73165714966028,-2.17464631861898,-2.24737414393412,1.20559591731035,-0.98760563806355,-1.59270297821785,1.09398232727032,0.0700380107315997,-0.933184135615534,-5.98903193439681,0.0128549202115091,1.2573650013695,0.577133938615639,-1.86958943061662,1.13350173207492,-2.40695834227403,1.05104680269194,-1.22514036506102,-1.08516040725275,-1.25294886807559,0.354192983166803,-1.48806898938172,-3.44354176273748,-1.22847673587712,2.8817147529704,-0.844291386662359,0.963441631501281,0.418721039325412,3.8181147012371,-4.51459658293776,-1.57979260143025,-2.83767853540241,-1.01678555800565,0.546598086205582,-1.54887309881293,-3.53702594292527,-5.23380158171558,-1.44043644647679,-0.843980728225947,-2.69926029931889,-1.50136929565652,0.680806174646573,-1.09638137584715,-0.542680229362571,1.82722647860727,0.14197099258806,-1.88861194140171,1.36952143786974,-1.98161404051503,-3.00719363675258,0.997987149391179,-1.55876836330477,-0.224271397668466,2.58698068330455,-0.694806484015072,1.33974832503541,-4.53246776961046,-1.0691871613782,3.17615996225631,-0.743773274019663,-1.78317914394308,-0.713017788073204,0.558648339779398,-7.83841851751515,-2.30812561112278,1.98906834775884,-0.0697439319604207,1.76154573510192,-1.71565514447028,2.62721513282597,-4.34846955674966,-2.45457254400327,-1.45735853143778,-1.75442568329494,-1.86008599203989,-3.77055964853852,-0.433317442491234,-1.59393094634611,0.86612222703306,0.873827455329092,-1.95008371727628,-2.51345541800072,0.346365632027756,-3.77411226783434,-1.29181858070245,-0.679218069946741,-2.34786652085585,-2.08935416708593,-0.358617557301788,-0.921183492333012,2.83630929258777,-0.0455078890726606,-3.62167963449534,-0.0961322641177432,-0.521584267384264,-0.490474527213267,-0.291657985053847,-1.66424181681419,-3.23373604398193,-1.58113968312074,-4.00467361575868,-1.68246633582401,-1.7913722588134,1.05218545761683,-3.76461414630374,0.671323682174762,-2.58235165389161,2.60642073153608,1.19330741952508,-0.839275448255338,-3.62424046883321,-3.06419538197268,-1.67335658328188,-0.849515304582356,0.513347943364841,-0.469370886495322,4.51832703588802,-2.08629393755951,-1.29313834147228,0.946609740328537,-1.79623931607573,-4.33840793401748,-1.87925132110909,-4.6996419635834,-2.49893812460284,-0.719626739848226,-4.72137232942565,-0.227677077495229,2.93761057198527,2.02807056820161,-2.42252006308876,-0.808832953941891,0.745294913410947,-2.32583378491223,1.40485878576693,-0.44200969139791,0.779347482451688,0.0308651401909614,0.470409156771551,-2.64039351139077,-3.44218229400006,-1.81237602594382,1.42069928658206,-2.99751373299553,-0.662856888986997,0.766461645089097,-4.71508942217558,-1.36993750409226,-2.5568903084107,-1.44922709053314,-2.0489561897619,-1.24633402573171,-2.92364408742694,-1.10872024358159,-1.46236274619405,0.583668207120661,-1.66272859235359,-0.36979139837817,-3.27409302113555,4.26240523665028,-4.04296338409953,0.853740964950851,-5.26159195200933,-1.17788416566706,-2.00748256402643,2.43140177731701,1.1571207542423,-4.5008268908194,-1.35600479235852,-1.79340859033812,1.13559399405528,2.20843587513805,-1.19412887351696,-2.42490580367315,-4.09788170118573,1.45798389484182,-1.98542460731686,-2.37745137554292,1.06098956697847,-0.864954892049662,-0.519733496771768,0.0743289096074817,-2.44412609272489,-1.22852407550421,-0.490277532110582,-0.886898665798133,-1.56217618701642,-1.62084387509225,-5.50566722875862,-1.96301994510427,-3.32064231429984,-0.995254554228926,-2.84062398902109,-1.67214406187408,-1.48710428776513,-0.419925318622071,-2.17970140439383,-2.93556648579944,2.05936402342123,-3.26876121986355,-1.57586871727391,-2.35432447683355,-1.35300685657837,-0.945164185393741,-3.40090407498065,-1.1913882723696,0.904889830566761,-1.43834272007254,-2.11110219132143,-0.755970277639985,-0.821410246438885,0.431618975421348,-2.93585648589679,0.417550875855702,0.863602180038167,-3.49207154165561,-1.3353287358354,-2.6703124401615,2.7981143129557,-1.68959456683298,-4.4494631025543,-3.39186594927157,-0.717231846658978,-1.29688926837607,2.62351837862812,-0.507516058036127,-0.823284261204644,-2.41634514089564,-2.56649550511718,-0.643874342378474,-2.54238783138011,0.36928610243095,-1.04485313357494,1.84876281235267,-1.23564454654842,-0.919254239497211,-2.33432016915719,-3.02242010950971,-0.89605668750931,-4.29345567514968,-0.541891374211594,-0.501535299761699,-3.3290602100353,4.75530973946961,-1.97957133365484,-0.599631893490205,0.065808740877622,-0.919955908866747,1.32775619788989,-1.36934631336418,-0.434838542855641,-0.516233437099284,-3.69266092568802,-0.812598649962014,-0.695752048482689,1.5770133103299,-2.8968558817875,2.47853380135867,0.231613270155128,1.89248509884385,0.0938238387052173,-2.76377778481328,0.870001616505101,1.00033008698414,-5.12140104821345,0.382794108589377,-0.213505210212297,-0.338907461791217,-0.64610784988105,1.45207531822578,-1.57969290576419,0.349401873061321,-0.770261710152114,-0.978653231830908,-1.91329096956985,-2.65652297419059,-2.95572327057902,-0.690084794236881,-0.825517006818288,-5.31260471636843,-1.48006154541808,1.56469108292969,-1.18807485966415,-1.8498452600787,-2.54379291768901,-1.57234148522375,-1.64448454447958,1.63318426341825,1.55613297669104,-2.69035615940435,0.300821186399539,-0.471920111082724,-0.587593986291274,-3.20177920108363,-1.18771219261046,3.71371789248197,-2.4781513457871,0.591873879858958,1.02372785225625,0.721923674786442,-0.264982352934705,-0.233493798545437,-0.950176165995924,1.85540843850217,-0.378347625315672,-0.59345755421189,-0.931879950478609,-0.0708236104475459,2.092412625247,-3.80272582922502,1.70276814334693,-1.65007945464902,0.798068228929065,0.0554372742841636,-1.48061875495349,2.08583574533658,1.89477597043183,2.95441402714263,-2.04342893215581,0.00170978272804434,-0.249557796134821,-0.690690982758747,0.48085681403913,0.187562849822114,-0.985525321036469,-2.85340556765723,-2.47222049387634,-5.89445342701989,-1.21519929857038,-5.0283714624362,0.534286196800992,-2.97111074138571,0.554356080126632,2.94558490613134,-0.288074586167614,0.848969505095654,0.156955885280508,0.823177837979998,-2.42665655164871,2.22221323198361,0.802233598046544,-3.80604810215138,2.23162872546407,-2.65329902283088,1.38640824358141,-2.39052073574862,0.0808051612104403,-1.40384610197698,-2.45663385380049,0.699444330278158,-6.64575035984146,-1.23202101454444,-0.864245458934868,-0.745420485278318,-0.0154577179361721,0.621616533510033,-2.16956018429027,0.33315241547998,-5.1127190450265,-2.19477422844691,-0.661982586415791,2.67234151139972,0.077769939290059,0.371206763284287,0.783228019011436,-0.773757438218257,1.1023196508592,-3.45184698128096,-0.874752772105114,-2.1172201059868,-2.55455466762159,-0.819764826895046,-2.7326223968334,-3.17124216464623,-0.0295616506992494,-2.51096306026784,-0.220627041037825,-1.01765754732664,-0.170167183914649,1.78360508113954,-2.09342566520011,-2.16316345314119,-0.686319208510564,-1.07083128198738,1.23124093326148,-2.19852210282047,-0.886332843624095,0.817862514289703,1.12418879095351,0.495735247610497,-2.31253751448401,-2.14525634776267,3.21187470309133,0.581326032023191,-1.40549448178168,-0.544420835405278,-0.486108333690469,-1.8896951009948,-0.130624697443479,-1.89213898372069,-3.0799645227412,-1.242946158062,1.6411303194752,-1.38818574113616,1.26742587125693,1.43403235385875,1.54002944312468,-1.81860927715086,-0.181048092971071,-1.98091678159064,-2.02684615741925,-1.34672349733208,0.199003528461367,-5.022431758924,-3.95230414112827,-2.51350303441239,-1.51703304948288,-2.56351334829294,-0.286048798354965,-6.08120242907042,0.503757578598341,-1.16086233214047,-2.4262917899782,-1.63715711292774,1.39670394245625,-0.73871859890473,-0.831830061489296,-2.63654979569976,-2.26091410701783,1.98720293564781,2.9981694458876,-1.28137166790546,1.53406049629019,1.88421300073728,-0.881180662932037,-1.07536899137005,-0.27582609442557,-1.13821295336758,-1.59612137696624,1.99600735475095,2.92074326433052,2.59750862699445,-1.5519667637409,1.79595761469813,1.58888926625472,4.94527730892527,-1.3292373598027,-1.97937685702535,-2.25691903293736,0.64070474484294,0.629959774042882,-2.61811013405959,0.302703296910674,1.80409922484361,0.182633621129242,1.85220192206467,0.18733966382196
"50",6.64572743943085,1.53401311213068,5.60844522003241,7.68878062626243,3.27191260770991,4.92335787916932,8.26720277442704,5.21265668994812,6.85686768179152,2.94730546275807,3.91897185078848,4.62031934817221,9.15579280033433,8.69404232633208,0.852994129845878,0.443410316327865,4.43809572695795,0.793796185284574,3.97232111944436,2.90007991328032,4.32649487090736,6.43068858478113,5.71496949590295,2.32394089469489,8.12750044843487,1.98947737069793,5.54688151881784,3.39372596912366,5.51146376297063,3.71018221190417,5.74911866467835,5.10360226728957,3.94272924134743,4.041966501584,7.27355869712568,3.49039627650524,1.93672621241682,7.23233199584915,10.055506941045,5.73463285800548,4.93245222877145,-1.74967274945528,-1.82073554980952,-1.11710175925684,1.83464184437954,-2.41666685325347,-0.200719470098057,-2.33117707065129,-0.460360190273445,-0.531246145566178,0.203135661762466,-3.1632392551589,-0.73462941989542,-1.35081931287149,-1.431737987708,-4.49942656662457,0.582302310303186,-1.30107513715154,-2.19959507615736,-1.3817791441578,0.704076196303504,-3.04366701243749,-6.11242443829549,0.912868761206685,-1.07908958010841,0.115371623728469,-0.992750472104407,-0.216373650137322,-1.36500890831434,-3.47621219142321,-4.18744630360209,1.70831141514468,0.815415918946375,0.483806840195701,-0.960893728282086,-2.82652557903533,-1.76404086591043,-2.12718187679074,-1.44453485966755,-2.35803229352807,0.554356800111324,1.17095433046156,0.846026311415464,-1.33635799857623,-2.80257563122957,-3.94360874521701,0.349898653457955,-1.42130134830751,-3.74064322092052,1.53432542803949,-0.411966321118567,-2.30342063015566,-3.11484638574803,-0.154574631998784,-0.0411731958109893,-1.77275550948263,-1.35711081731843,-2.08094248453115,0.00312510939093458,-2.199915286324,1.60774530971833,-3.09224970149334,-0.255367325614668,-1.8432044740432,0.584239991646762,-0.569969155847244,-1.32838615163425,1.80650220938962,-1.38426906769563,-1.27073075189223,-3.32490954818359,-3.773781435203,3.64024420469325,-1.41735173021987,-3.5552063683111,0.237683886748325,-4.22992125704613,2.08112820216852,-0.813046555024554,-2.8622725727481,-0.446831758979344,2.35537592595249,1.38712107486162,0.159062610561594,-1.45516372903225,-0.951026894968409,-0.791603900543257,-1.36512124282165,1.74309184563692,-4.36256523288374,-4.83165814089252,-0.460989651038701,-0.558997863104944,1.84106342764636,0.652310771086614,-2.70299157335569,-2.57125404818608,-3.12533515241984,1.4038737291392,-3.90933563654623,-3.23978599952474,-2.53560132218791,2.69724225879921,-2.48280263103622,0.150760111327295,0.887054663194269,-2.35825194113178,-2.90311234173325,-3.94585352296829,-1.09361073510188,2.70911816725287,-0.351688686366015,-1.99856519390633,-1.96386902066831,-3.02060545743994,-1.01705447925958,-1.54937235232844,0.924365593847432,-2.50276804446153,-0.855092791059217,0.828365062756205,-1.42252997014448,-2.57202579531965,-1.96019726076512,-0.242678916187339,2.14385303363916,-2.63612915608042,1.7975991517318,-3.71711756940306,-1.08147644322718,-3.25711961843604,-0.961807147934305,0.461132717845644,-3.31566272258848,-2.92981501602513,-2.64289215578227,3.23507774035417,-1.23328014166517,-3.81397247248095,0.268790606804257,-0.907615178464615,-1.83520929695423,-2.12772351133583,-1.64069557991867,0.25069852817335,-1.41925784046738,-2.67671569373248,-1.41725388322096,-2.26825875825397,-0.404837443942178,1.79727439934893,-1.55975500254202,-2.05525052382782,-1.46378660651566,-0.708832265197231,1.02445534703975,0.728811220744474,2.21795034385878,-4.27055065857677,2.08054018272634,1.15595734474202,-1.78043997680763,-0.149545799823782,-2.77059146598899,0.937449559303527,0.898565854617818,-4.7967317987129,-1.17544408361102,-1.41466988583627,-1.73855447093501,-3.00348840356813,-1.05905162992925,1.95740642434315,-2.52866307381568,1.41043014989686,-3.80645848022615,-6.53880153167576,2.40119479306281,0.298806961054616,-1.20106384736051,3.39186223108857,-4.58117136378851,-4.50423658132862,-1.30388389640802,2.86286276104032,-4.7267896140257,0.552352418095236,-0.994333610066374,0.1502944639317,0.0684374842344275,-4.21920161648556,-1.24791254416018,-1.41263363171593,-0.380780535026798,-2.78155617184891,0.264303212178496,-0.807184748489628,1.80289386760052,-4.1079114292057,-0.733220608055353,-4.59705709422072,-3.28392078462127,2.45316783238602,-2.19377186161132,-1.87645721647265,-0.166003100530021,2.3311745680457,-2.006480322088,-0.974641471881565,-3.97626540072984,-1.28720333692163,-1.67563180870558,-1.96081204719979,1.59664130950438,-1.59368014791134,-2.05483601421372,4.26959745965302,0.659435136569583,-2.44209889437362,1.09986353253657,-0.843024270726663,1.44114575785517,-0.189959879082905,-1.01231235593125,-1.74609248638107,-0.79463960663646,-0.160005662561059,-1.033970240812,0.462153284207198,-1.38873568727393,-3.33173345121311,1.88490633174386,1.34533217531231,-2.7946280365456,-0.419274841904925,-3.35348326894689,2.55538516926459,-2.96653098545865,-0.257312613777282,-0.425179669809667,-1.02123355768246,-0.339163164436689,-1.48480138589615,-1.01784940802814,-2.21341359258464,0.740492249866503,-0.261002005613937,1.18591105162893,-1.59838719154088,-0.209194670024562,-0.369067617918019,-1.70715092549136,-2.7116586010719,1.70448164027566,0.265067618213662,-4.31078332942933,1.18012209046099,3.78924792244706,-1.82310920449853,0.9576138372327,-0.418311585174538,-1.06657980451087,-0.632646284295305,-1.40777245974405,3.14218903753039,0.89262520941421,1.43050648294365,-7.19615671396435,-1.61067363611833,1.09872902191125,0.366865234477932,-0.528491593720146,-1.83560064755357,2.01624764359599,-0.380520513429311,-0.891116810180373,-1.78731225407141,-2.83284327018495,-2.41965056498331,-0.996301164282738,-1.04434868138767,0.871502046427357,-1.78562632365606,-1.2791667920382,-4.2753758236381,-3.21987408518872,1.70195610382753,0.274182538779441,-0.513215492882349,0.719094579947925,-4.22423979490477,3.33614767312593,-1.35687433254134,-1.95311315751904,-1.38417684160125,-1.92915998800078,-2.85582513031479,-3.64073486443085,-2.32584682061188,-3.02510019366541,2.97077198031434,-1.43088261826023,-0.5694349700087,-0.562394127372054,-2.25680179186867,-0.936867126143719,-2.44988203522031,-2.81201060796384,2.03715132559019,-2.69891679717969,-2.06141165224574,-2.26764767211267,0.146224685477452,-2.21274688469587,1.69439978974509,-3.41883414274537,-3.79759808836614,-1.24307114048039,-4.69099593387394,-6.06994858885974,-3.32822241037907,0.980078664235063,3.68904389211462,-0.231747515020254,-2.1452752646679,-0.0714373876539629,-0.511337910107004,-1.24202661399005,-1.6798193526013,0.641512088243715,-5.5240210060668,-5.30568642377209,0.695880933222398,0.829366115603795,0.617509582320913,-1.23989583686997,-0.134744219946836,0.433465589248797,-3.1767977048778,-3.63231126106989,0.9635439249575,1.73939876793113,2.18616971339006,2.43206555585713,-4.33091144411748,-1.26575175918989,-2.2890332463291,0.889502811745831,1.73338154340977,0.826106497429559,-2.57316274460055,-0.888462609564014,-4.87299456918807,-1.57456260732135,-3.05254653296945,-0.644540360006155,-0.762553044559087,-5.14387797472235,-2.97837227895488,0.484582904645404,-0.733181286778325,-3.22538806292966,0.702677090150542,-0.277630382356881,-3.6438481798214,-2.75652501958159,-5.06740686533798,-2.87180385903275,0.020695952560104,0.105774818979627,-0.0205010114168493,-4.31536759298373,0.864663398510575,-1.76541875544388,-3.61504073832212,-2.63520253806707,-1.13474018440908,-2.11191424875463,-1.41058803260603,2.14204685100044,-0.595548141869346,-0.623791427173091,-2.26208522836895,0.842544422597362,-1.54452354062845,-5.94986355807556,-0.644407928391154,-0.822835211330259,-1.54748495317929,0.920416899203875,-2.58394235675873,0.268728438399034,-5.13294124257044,0.183460153026346,-0.928775860333093,3.65014010949892,-0.156360595763062,-4.4853782710378,2.79327795596859,-2.21397567883605,-1.35936513058937,-0.84392042940626,0.49615028701678,3.28901159180701,-0.266899704497582,-3.05958341929347,-1.20996903155171,-0.155885396872301,-0.856512574877496,-2.98955364264508,1.22560109572142,-0.88574612224321,1.37340913896129,-1.89664755263821,-1.15105327633217,-1.5647054178182,-2.51729964166613,-0.555644768610754,1.31823080787495,-1.35754441270421,-3.23677902682071,3.7137502082265,-0.350736828772918,1.28290778852303,-3.19103092012061,-1.5825501967293,-0.501395386412733,-0.597476547560355,-2.15471456086891,0.521559670513618,0.280006191601959,1.89381644081636,-2.1807274725173,-0.0729570036624889,-0.664252947742147,2.32257177744426,-4.18541291455361,-1.96424311913781,-0.695325760699453,-1.01860864345291,-5.4636557672827,2.40892428149755,-0.456973945856842,-5.19316473992958,-3.23226292687743,-0.254278308182108,-2.85989204031265,-0.102547763368687,-0.851832252761888,-2.50661037490236,1.21272585952244,-0.540551912185287,-1.18452190366194,-0.661909804285299,-0.269040110348169,0.106498633994655,-1.23727682450354,-4.2282433804615,-4.58857413038336,-0.525360338320066,-0.713076085348657,-2.97502037119356,0.173419599094206,-0.616415034145525,-0.712994255684049,-1.61680119445962,-1.09892980594674,-0.31106766627822,3.64674054287948,-3.13544584447996,1.56471598630294,-1.93948908241769,-1.11791013152157,-1.8159695205312,-0.83604651643365,0.0479339155971459,0.712469880400892,-1.39521857177361,1.04826630451752,-0.437263728267997,-2.03110442434891,-3.53322322999459,-3.45518677139836,-0.337325670090717,-1.06629511185779,3.46686251756532,-2.17141217502219,-3.36833917725435,0.761101070279144,-1.49630347298761,-1.38439313237049,0.0105921977600729,-0.244589643321784,1.60047802409444,3.47609542955782,-4.36644397644798,-2.07856718258089,1.58820424326167,0.518451811872609,-1.65218244392627,1.66789787337774,-1.43914229921205,-1.52176960363302,-0.546634169774215,-1.41120685405384,-2.82343909160527,-1.46492719710736,-3.89601955471444,-1.97863623109676,-0.0636571848927311,-0.173432757685063,1.82991959209062,-1.18365274644097,2.34110052377919,0.744078337908538,0.411667661162424,-1.33078030586824,-1.15747519244156,-1.16231681272807,-1.47213797325271,-3.07309171364585,-1.3746289015141,0.0100919798786181,-1.25197360532862,-3.1156104330295,-0.17813318583774,-1.90880975910613,2.78745579113618,-1.29179523207811,0.293245018123022,-3.17286227488622,-0.396054674399276,-1.61309347256962,-2.34480264231899,-2.15633080065799,-3.7615712557914,-0.0371222193239119,-4.10540425759177,3.23144724745209,-3.49403694853312,1.36144057134471,2.24089986946801,-2.68849244002229,-4.24633683312453,-1.68850774213793,-4.05884577853872,-2.00619542870698,-2.06467432703622,0.980647474304937,0.377113207451022,-0.763374975517287,-1.60070605978205,-0.00579292699582679,0.884041788437542,-0.0264610533115975,0.0447593761680802,-1.70817000885187,-1.44722913979406,-0.280757575979833,0.257705947987966,2.15292035159923,-1.43955147160465,-1.39816538814698,-0.806531610907431,0.945057594087735,-0.310719682778934,1.87746509592951,1.66579411703263,-2.92203453323262,-3.28756124058201,-2.74967883459751,-2.13522568134969,0.198983519359343,0.338230615110975,-2.07994144628488,0.995919999900374,-1.24575431129292,-1.56978335650597,0.428954191726104,-1.45976859405862,-2.51972435109487,-1.44333778336924,1.523305581146,-2.43744105877951,-1.12337265171436,0.343565885016473,-1.42061239522055,-3.5221456405619,1.04081619439356,-3.12137953844438,-0.233658399531539,-0.459670697501219,0.104013538288823,-1.7357959378662,-0.941565065837071,2.01084681766236,0.0394433176992444,0.38580044771575,0.113107880521721,-3.17328830231835,1.99069279653451,-3.29391943879281,-1.54466966074694,-0.213455886149366,1.46340093148653,-2.11367041165836,0.135752638606367,1.77687228018586,0.742627079779232,4.84411656523774,0.691420152889116,-1.4568087955004,-2.7849513472532,-1.36681456498196,-2.91605108505319,-3.42412823897405,0.413222296607544,-2.59777244722272,-2.08374653520649,1.18147866140443,1.58055659217218,0.798153437563013,-3.06106039283719,-0.77652179029399,1.0332948383272,-2.32346418369772,-2.34563171989711,-2.11995579275459,-0.242264389923318,-4.88811497948392,-1.80529444745854,-1.95852592093798,2.77871084158313,-1.51349959867848,0.911444127671461,1.96503422143149,-3.12914318864506,-2.21673347829509,-2.15691918299861,0.505290074171971,-2.20686720886575,-1.01623329237202,3.99687408088823,-1.3877799597394,-4.30144662008452,0.927410177412916,-1.98637172716816,-0.550601821588993,-0.777540040268457,-0.0329592349373879,-0.705341390436289,-3.07180369820045,-1.3035579991924,-1.33546476850702,-0.790503635905355,-2.68952849887024,-1.19358334136492,-0.969182130184255,3.06728718076874,-0.242297608551119,-2.35645265408366,1.16680136229371,-0.173124396305678,-3.39351994244291,-3.10938512717,0.198205290610638,0.0034684208136424,-2.4380658957599,-2.15111548983493,-0.428097939026706,-0.590449334202134,-0.943890464241737,-4.54879419525428,0.887461436113352,-0.478060843928579,-6.10873928899994,-4.19479419709398,-3.14311402512321,0.124736752735098,1.30576432248059
"51",-1.89354247483565,-1.27729473911791,-0.853737982963875,1.42818646105414,-4.5067056114857,-0.844135394234421,0.71876200225415,-0.777631679374418,-1.15956973511332,-0.709527133008839,-1.14820051463593,-0.667567865829686,-0.458062354933271,-2.42843145889681,-3.17212357000003,-3.60259965486054,-2.25285567033311,-1.35141559816279,1.22961460100146,-3.64940351726286,-1.76824464587204,3.08824674285017,-1.47866065998045,-2.51507544579773,0.467741157732389,0.537608515073852,0.324583885816984,-0.485855844940933,1.51041738011665,-2.55528463327138,-2.17509619562986,0.991149210736008,-0.45273021315865,-1.31069862022412,-0.200315895406053,-5.54231141770015,1.87363855788219,-0.99324953036592,-2.34214340197825,-0.904987465556137,3.26240885729876,-3.53152880842019,-2.24919855321493,1.10683265546664,-4.8867161654914,0.737415274023031,0.38451750440892,-1.25310971478257,0.677426970144763,-2.89807229539112,1.13383011614517,2.2712016077791,-0.601179201649917,-2.06640691431896,0.71163496636637,3.13888345161913,0.358292757153231,4.23873661497072,-1.09478708995881,-0.484931340236942,-1.14745148979814,-1.80867465058701,-3.04961041346052,-2.3033715629905,3.21224630082773,-4.5313849773189,-1.3287302222997,2.01477508706341,1.00463567252799,0.222223890035569,-2.12705294272959,-0.411427007461948,2.4320164068675,-0.29889654146419,-3.3292695534991,0.0639100780491557,-2.56170373289375,3.58397609706795,0.734958447949447,1.32174330831511,-1.32517579575724,0.403327841872161,-1.17071140181509,1.30390210249447,-1.05118465444591,0.819462188136756,-1.48007141513325,-2.52890135099988,-3.29752084650133,-0.182170295710408,-3.41000903918661,-4.10825898267978,0.454428234941162,2.1971556749922,0.955254294342319,-1.09182193826649,-0.987218344670175,-1.53847528791728,-1.90430093607106,1.20747406642049,0.427142302812438,-3.7180676787708,-1.70680230354464,-4.37262020269248,-1.14698938351178,-2.01472928952909,0.143302212491992,0.78812945971162,-2.24276382845096,-0.799228222665004,2.71417327253256,3.10275460443655,-2.24936829714971,-1.0664606435541,1.58491769841049,-0.370870869706972,-1.85191007857927,-5.48903130994147,0.0879395847481486,4.9090660186224,-2.19936975677319,-0.815017720306011,0.287023381829207,2.35322774716259,-4.84334726903882,0.412948222481389,-2.50973340886462,4.04196136093425,-0.439912901701782,-2.46054104202731,-1.2880689959891,-4.33464507554893,-0.354933578665164,-2.94396317824233,-1.84098166685177,-0.568501746680236,-1.85524802839965,-0.776104371645475,-2.13219995580638,-0.482560612325244,-3.00581055964713,-1.78685722882339,-0.887361963804232,0.792880064157094,-3.08466909857258,-2.47025760435884,-2.87416173476277,-3.31039636075747,-3.36320320289265,-0.679816112098833,-3.58456969276507,-2.47252304162791,-3.30885820588131,-2.17120749588861,-2.65689684114902,0.41289810024985,-0.702682259478678,0.203315743225922,0.277180230638127,-0.838285052932132,0.265133491422365,1.94415752333073,-1.16434841440525,-2.11240202523471,-3.32874250870215,-4.96666158201653,0.601955283299638,-0.737120755506336,2.68792153704931,0.807381325354556,0.538091314094986,1.27423705334444,-1.88363347851999,-2.50365100920372,-1.16360867813561,-4.0382402172934,0.00657109169675318,-3.45606160217772,-4.28759115974793,-1.30950071577969,-1.64399584005731,-2.0597455002123,-0.928749866804939,-2.93779638133765,-1.52716596937075,-2.35146418294599,-1.80033619854763,-4.15438117214673,-0.450205352585849,0.668060927822822,-2.14416140716838,-2.21618509657869,-0.93002687523691,-1.82428219902807,-1.85214771440384,-1.90824604646255,0.508555475994164,0.162746943932747,3.2091252949994,-1.81265818551512,-1.93911077685024,-5.83446031367524,1.27837272800617,-2.17678155888464,1.3890920639994,-1.09951040559583,-0.382542389715092,-2.37365899781844,0.389390164038405,-3.12728992902149,0.61949042731574,0.02784398937032,-0.627374224872682,-0.491856290701254,-3.27611238325798,-0.135494604498483,1.02896262855218,-3.64194677808425,-1.16880105566826,1.35385143242482,-4.44649033872384,-0.925854569369864,-1.43822579064069,-0.865959598953807,-2.73857123154508,0.690638048656914,-2.64080003493566,-0.941971649573935,-1.65041347151359,0.511459535336423,-1.75003580019851,-1.16403790772811,-2.18817557766943,2.11790632164844,-0.754933597497809,0.908072704248862,-1.96536896389616,0.236830509308043,1.00560773773456,1.01210782417486,-2.83765929022532,1.80811030712139,-1.63790333320748,-3.60848803928642,-3.03886990328401,0.606077613047592,-3.64269413296666,0.0429133373386046,-1.8524521451011,-2.13728909148467,0.328964849736214,-1.46725095173822,-2.20072881144829,-0.0468457114399132,-0.455009409399497,1.0194511750088,-2.00725033733557,-1.14685295151697,-0.873597115364141,-3.34004541810786,-0.518988922169237,-2.02279964235467,-0.0467554845492605,-1.67381557095342,1.82746213737949,0.460782285547905,-0.65097733492818,-2.92687558261375,-2.78554580988439,0.41105866201103,0.223628419791088,-3.53560989821214,0.5117277976186,1.34438461957085,-1.17449355624952,-4.20326031915774,-1.43891261191058,-3.14920858399176,-1.74013863344105,-1.85557681155415,-4.18305586523963,-0.23849625991046,-2.38298746297065,-0.549538941658867,-2.74282035891145,-2.46108818498318,-2.8662945505494,5.18880076786946,-3.14011483668192,-3.6439859344395,0.165779485752802,4.85604026860413,1.85070502545802,2.17345821656736,0.0533593521174893,-1.71000352232923,-2.49146876391379,1.55553250581541,-3.91330184587688,2.04571800992372,-2.17223747441923,-3.33182941173723,-1.63654077421895,0.128320365937224,-4.11579386593216,-0.467860965488474,-0.165885933014492,-0.08813845495576,0.427950004143114,-4.15553716846625,-2.5575884911672,-1.47233106539518,-0.589432890744225,-0.173962762798287,-4.55580352325412,-5.47700291364442,1.4707638850189,-2.80207584869857,-3.80690819252198,0.400656707576263,0.356674882977985,-4.22540424375939,4.72189616737884,1.06372808112635,-2.47616968354022,-0.276816139325286,-4.27215598421083,1.35623046127637,0.967020016376388,-0.254037826611674,0.268446032754882,-0.596336504708266,1.99255076583471,2.16232663729207,0.180323658494669,-0.658267654306784,0.280714401844558,-3.83897634903116,-1.39803114197996,1.3414101267706,-1.51464369565644,-1.35042797123193,-2.31301252562351,-1.63813408467736,-2.71242314506147,-2.38876495624407,0.830895324509762,-1.21681254327456,-2.00576756199074,0.797689230895257,1.37159709470231,-0.527607466737519,0.449421251565982,-0.605656587573113,1.15853934439913,-0.778061341527936,-0.750406984397185,0.176342661564317,-1.06017887168495,0.315538815232365,-2.36522565348863,0.402845825876892,0.127374362194338,-3.90540889409711,-0.585218556952912,1.76803656863862,-2.43495755828652,-2.23906304755648,0.934773785610352,-0.0801412010599443,0.833548799386158,1.3923170416595,-2.53408412200677,-2.87029606528295,-1.41758869917099,0.494931557117509,-0.922843019408233,-2.48542125699645,0.926257497697214,-0.625060276526569,-1.34764386419421,0.281973850920181,-0.785454029536306,-2.43832717907563,-1.62907231500664,1.96973348493302,-2.37426149366977,-0.855430752448777,-0.440030501701155,0.334945065207345,-0.825642118734096,-2.73625452922759,-1.23979263529059,0.694240758905888,0.200199205195815,-2.31927277311027,-2.61063573048819,-2.07025854091744,3.41769554060747,-0.362734851440534,-1.48765243695117,-2.23830243139307,-0.855337026815493,0.620115016214289,-1.50080922401884,3.71918146942992,-0.737929345335538,0.760969038982358,2.537813881153,-0.0413471153151461,-0.0945841863840697,-2.29294400956431,0.419521516099926,-0.457543953735941,-3.53544165411739,6.05446595440615,-3.10162171813962,-0.355849268864152,-1.72904994463631,-3.11086576527789,0.364285072166125,2.43423746632596,1.55663915270439,-1.83692846838523,0.349047510543893,0.458762918481249,-2.41806846834795,-2.04692777270231,-0.0432293112828965,0.66403616158531,0.0905720628462838,3.65467354482893,-0.799350843178521,-0.739952520912891,-2.67953272208474,-0.19415335273595,-0.953713558102631,-1.80578464235117,-2.99594876085496,0.503916746138835,-1.66399386508447,-2.69850073669725,-2.96909530013209,-2.00500497030092,-5.27631278095578,-0.732034090294905,-0.266518047308763,-1.74467363326233,-0.879944459278193,-0.629228960804373,3.13528434387491,-0.293503265632269,-2.22280090342527,1.23445162232122,-4.58030887742928,-2.02371905338971,0.78679464912457,-5.06028159854318,1.40511288160503,-0.136719083587384,-4.9470569615467,-5.34442861094411,1.24134747148755,-0.468008301003362,0.786747791302746,-1.49323860439696,-1.18879907630926,-2.4028379135502,-0.674177027481862,-2.70170233976931,-3.54763048247617,1.59734562339129,-1.08288246364739,-1.15139286107288,-2.39555364025002,-0.0711069645738602,0.654924910639753,-0.870213680320709,-1.67694259421198,-0.595441072748472,-4.90217418293105,2.05894267758846,0.0143138253549928,-6.30383021623838,-1.94985563257985,1.63200284103233,-2.08560791511398,-0.423881656845316,-0.030245045442243,-3.25633977920588,0.394153614288796,-0.702170938955626,-2.62854135306357,1.01341112458247,3.05510227207043,-3.20298034469045,-4.0805581766043,-3.99708285693768,-1.94728518599512,1.06734486912426,-2.74936832008983,-0.663420749754376,-2.56495965493926,-0.393971218335546,-0.0634316719492616,0.921827424496845,1.28460289944756,-4.95859905851491,-3.79141579131883,0.120050591592406,1.73032638315868,-0.51525668058972,-1.94147043778523,-4.59366020753419,-3.50766674649255,-0.518426949660951,-1.68684258565421,-0.85900216746681,-0.562634176764121,1.01301017678484,0.554331143553922,-2.32546049563018,-3.12434737579005,-0.757807466507718,0.490449495738408,-4.7106160928799,-3.07682626334147,-0.425917678383298,2.05009072463727,2.4747826715567,-2.74260229488465,-2.32161864779772,1.00048072914086,1.4522220391108,-2.60869404787743,-2.8250594413998,1.06686064365224,-0.545147604964015,1.25535184578355,-1.27536476060414,0.00725654423170763,-0.118389635939017,-4.0772884599373,-3.54206633634321,-4.81062476651841,0.326079581518405,0.630522854557981,1.58360975209386,0.409697134929773,-2.92323899696473,-1.02783476547666,-0.500167288756511,-2.17635703056569,-3.34919051994428,-3.60066034131246,2.41659793376586,-3.42052209086849,-5.31335083853252,3.98942418780712,-2.36596408875164,0.251858950280797,0.0681736274448024,-4.96181181955598,-1.21669304198385,-2.0490395425411,0.639694702288863,-0.476089098935376,1.72264124707055,-1.26267016678716,-0.822652300274974,-1.24270705835957,-0.400230804152828,0.959306282500901,-1.35180209090021,-2.46738473874594,-3.92623767493293,-3.7312861876102,-1.96579760874039,-0.788454895435979,-4.01925323330174,0.346799583624729,-4.85384995800275,-2.97649758551372,-1.20401710395275,-2.20088454284995,0.824938761745051,-1.2270852136669,-2.94381252553285,1.23711415220095,-2.15355715208957,-2.2942912369694,-0.221526861334324,-1.92728709686226,-0.766561898467791,-2.70951156947386,-1.80350964097919,-1.38166981409581,-0.490396826892952,1.74705015038132,-0.77379105074759,1.86626639462217,0.908118776809371,2.51027949487725,-0.810872234659973,-0.349378128963061,0.152955176851145,5.36186579965723,-1.70086643755277,0.137146439138844,-0.0958345429487798,-2.19597698901704,-2.34792622398405,1.69820566885773,-0.873475670950086,-0.116424932506584,-1.93999661117126,-1.81169401954526,-2.96203347043916,-0.996126497851978,-6.00364534304624,-0.986137781874749,-3.7482283625455,-2.02184657378106,-1.86419584777054,1.2933890296443,1.79850513556461,1.04158024531161,-1.92629925021994,-3.16078829783576,-1.67679273752856,-2.03273069621595,0.0701123913180508,-0.975809151822235,-0.288454976286491,-0.285584761869935,-1.8597979842226,1.24706185549864,-4.7261528918095,-2.46192292855909,-2.34071781217537,-1.46873302640941,0.917177208986373,-2.30267377504083,-0.493291641971886,1.06779377284829,0.966203200525997,-3.54939305898994,-3.81038140251055,-0.397449467510796,-2.17129787218836,-1.36057980831515,0.739602971701445,3.4244770664716,1.63291256147595,-0.0791238821834959,-1.60235754518964,-0.515023527860396,-4.72514102514603,-0.0887615621153813,-1.82658926562792,-0.0279915147255274,1.90565246523246,4.7090361756043,-1.07656139975876,-2.06641571618269,1.05648453446985,-1.01827971322444,-2.70265176016198,-3.05157433926228,-0.688547172675751,-2.29888064212117,-1.87284159224375,-1.4401557430128,-0.271545181236401,-0.290493047435391,-2.44643748668674,-0.00881200341092336,1.31940632993669,-0.717566263907448,-2.51652805284504,-4.84649448354582,0.916708577453832,-1.40125032705073,0.531598066167593,2.65960564134322,-0.267187511361084,-1.23344868138189,-1.29607888082476,-3.91466866296157,0.0308097415829993,-2.58691203940348,-1.12500417469861,-5.09963999489538,-1.50019493067679,-1.91126085063915,1.25755930078121,-0.267885468109883,-0.265698721813462,-1.8669693112686,0.979894804605536,-1.30917643714825,-1.78667279102687,-2.98775626783902,-0.109926472463893,-0.519334532931871,-2.41675350495889,-0.822801954523358,-2.55643280058394,-1.99242771992578,-2.35181228576445,-0.413580702047671,-0.541411495523601,-1.12621667800362,-1.11217391580359,0.280356624193532,-1.67034138126612,-0.763383758071104,0.714943372011676,0.437006181883104,-3.14042044234163
"52",1.56502527078301,0.723482151084361,2.77407469668755,0.631342225224264,3.78439686282123,-4.67264628962634,-0.868086745422122,-2.43274340567006,-1.77714666541384,-0.871267928032241,-1.81332582500904,1.05898821668555,-1.60308956606425,1.08578319160397,-0.877959281669289,-2.24272707174287,3.14618872196551,1.24721194856588,-1.25444120164511,1.80835454523948,1.03823967412591,0.949523837615943,-4.23652843449968,0.920650537993711,-3.10091109381997,-2.76171424943401,1.10717900765445,-1.21233691957546,-0.0908235574242436,3.02029314571905,1.72772656250662,-0.862944886723162,-0.0163949418668974,-2.27137473746787,-0.739320830006284,1.30540087724111,-0.231040776430348,-3.79669824602941,-0.641490183441675,-0.360379519103478,-2.86159221252022,0.630143780905396,-1.72996962936869,-2.32372792978473,-2.5152370621037,-0.407495616329953,-2.0488303241732,-2.89750871412854,-2.00888451858389,-5.22322630643956,-0.699498908394692,-4.86683416407983,-1.18639986592768,-1.87944867732822,0.332076012529999,-0.446078355533462,-0.712835107503685,-1.75673042774561,-6.25351039660259,-0.596966383445705,-1.6122394057225,-1.75850720773182,-1.26228354850631,-2.57352606409649,-1.01165915447004,-0.682108942991747,-0.459497232953181,0.940458123726499,-3.83938458501705,-2.93103124642801,-1.08077060778351,-3.21733925790606,-0.0637139017415712,-2.12384671971906,4.14737452043645,0.985337845531825,0.352784718168507,-0.683055857377651,-1.07326130733509,-4.27936320607703,-2.25281649425071,2.10434616977172,-0.699907175138726,-1.86474734434136,0.475809971952394,0.671648001374953,-1.97724363952743,-3.31966637280292,-1.65084644073868,-2.70777505005845,-1.2226727082526,-0.634501421498267,0.0664477673640278,0.0335712295325283,-2.28760053198355,-2.24472343344575,-0.378742645227555,0.155947799973787,1.10205862515082,-2.53692139699008,-4.87265243372823,1.02950078012085,-1.41750276588295,1.74894799105215,-2.80072766081227,0.207566309738832,-0.361079040543725,-0.709304809829693,-2.12817838589218,1.11239234350643,-3.27793184053643,-4.2407590834611,-0.584600331098385,-1.87530818529633,-3.702848557711,0.279945213416454,-3.1035348454476,-1.65782400592225,-1.28012260979807,-4.07741912113103,0.377582160855186,-1.76895476480804,0.284805227725404,-5.5985602730041,2.60727532441177,0.64273595207982,-2.07042139806643,-3.74398811828673,-2.0202508908636,0.536411637053089,-0.30706990260151,0.813508338504349,-0.345795398864748,-2.88038010231879,1.71887103543423,0.597869224518723,-0.922228978057024,0.523876320115457,-1.15745769658695,0.841672457220196,0.50757562275488,-0.709284653052864,-1.94763504220496,-0.639254649524734,-4.03766659399963,0.145634647307811,-1.99918712498604,1.71248896422902,-3.41716585279779,-1.04466704931922,-0.673632575498275,-1.00715352439436,-2.48835591756295,-2.72135315929971,-5.51096894572525,-2.26226898766823,1.02198266886588,-2.83808732000877,3.29107372975434,0.0935022982999318,-3.39686136481109,-0.506816724073482,-3.53023170192333,-3.96053721856805,-4.68780831714318,-2.4860344118518,-2.8618268107154,-1.61182782847306,-0.0758464268660843,-0.0969206091068593,-0.260967274307801,3.26897958390877,-3.79189516798807,-1.85182458784954,1.13462867647964,-5.21913076112374,-2.65190455188934,3.13280447603582,-1.46344288068281,1.39901275880806,-0.315955498519594,-0.553271273271936,1.35774124499003,-1.64984343771602,-1.49433214262571,-2.59020160404924,-1.26292697031727,-2.05416367347392,-2.67982378583855,-3.76156033340777,-3.73317328625229,3.61619555225612,-5.99097344568081,-2.74828485653431,0.649926584262062,-2.03580270114508,-2.27011681184804,0.214464218291617,1.00393337259429,-0.690905301016609,-1.59421997965045,0.403860512113251,0.0348009699896958,-1.291190344411,-2.2913849338755,4.1952026211347,0.736704998395425,-1.39320798560043,0.0685051998190509,3.80497069014544,-0.778918471232726,-1.45736134028058,-2.91212257940604,-0.0202954429411301,-1.81350741902557,-0.545547511269947,1.34381176860829,2.64337683962981,5.02629951181563,-4.72832010705756,-3.49272078566286,1.32637264923158,-1.68985958284769,1.1395654670559,-0.455209048416884,-0.323855682420739,0.903126927930533,1.16909947482025,-1.63651775771766,-1.18338064965212,-2.72726283424467,0.53577164659976,-3.71826967614437,1.39924794639008,-4.29620579780521,-0.482088859391156,-2.93744771353473,1.12629074779972,2.28683649681337,-1.14083677168707,-1.35780943560452,-0.541365656212335,-0.265585368820366,-2.58130380415174,-3.68639070111041,0.36963385664202,-1.91469298523038,1.22808213279677,1.60858040582898,-2.06270292062017,-0.973819792240658,-1.96953815330694,0.983649159057598,-3.91056399960686,-2.66982876903056,-1.43600618964099,-0.538508510882016,-0.613487617783067,1.02690097960939,-2.94307651871584,0.266150238222924,0.130228855852968,0.44838483481599,-0.411077782595741,-2.57532712509501,1.28481552256498,-1.27747844858192,0.378920102215509,-2.97442983843865,-2.63506727815301,-5.2194627708397,-2.01119060869943,-0.405144877031922,-0.861000242097919,2.45290854591204,-3.27862961104835,1.91179757246482,-4.38984736644283,2.05807787261556,-3.00772654635638,0.35969907786461,-4.13316312902906,-5.12855328777081,2.96171488943686,1.64109508578429,-3.13992366239126,-0.563077880297428,-5.45430711921666,-1.22382446918545,-1.26305877937316,-2.13696419265284,-0.627437201200431,-3.26538029476463,-1.63209742081472,-1.97312997131182,-3.03317213129714,-2.26199209277719,0.759273399111218,-2.11943132902893,0.740726944773058,2.98904384317628,-1.35932605206324,1.84969222976136,-1.33084695739105,1.7121209083326,-3.38274681007398,-0.0357222596334802,0.175894802945525,2.48468097237439,-2.68035812704159,-1.2655335467713,-0.981307713614953,-1.19274348366296,-2.06537542684038,-1.71929993602108,-0.747310946366236,0.265072181091399,3.45228483144991,-1.0826736610693,2.00988365412003,-2.83316576949715,0.22299149531651,2.09970362252851,-2.15071860096176,-4.64219801763592,2.26154283485357,-0.427643283980591,-1.96252048716704,-4.67749670254359,-4.33401856872267,0.353910481303327,-1.16058304963875,-2.54599102953987,-0.523555312411517,-1.90866363998214,0.903029770404378,-1.48281528797297,0.402822100292888,-1.67899622687617,1.04818167839605,0.448320321124121,0.796624478469483,-1.14517618429793,-0.760835070198792,0.63328464451405,-3.06463923073914,0.860994649154757,-3.37894610589022,-5.9936389230517,-0.613201393569786,-1.29708103290789,-1.46050379647364,-5.57416967347311,-0.373922888117929,3.10226365806135,1.53477877316423,-1.97400977794011,-3.80231584702799,-0.378696137659396,-2.06501413847954,-0.708895236414723,1.491000327245,-2.00941981884054,5.0260261607054,3.74024053388812,0.589648822527869,-2.10812548198062,-1.07828297116543,1.4592011771043,0.348239529212832,-0.242824880307522,0.0408566311210183,-2.40342845489104,-1.86872376038376,-1.88433749913907,-1.42780113500186,-3.30908004886019,-4.19931190423069,0.652593598381021,-4.06189103372558,-0.561382462631334,2.87880763994787,-3.19080790689267,-1.05404458320581,-4.06275660981615,-3.31832699223711,0.0665803481466312,-0.468264358119926,-1.19383058947913,-6.2157904964952,0.186065745501256,-2.13618811185922,-2.60283614923998,-0.19656655434725,-6.10192224092999,-3.2050464337857,-5.14568294557629,0.352318669618274,-0.311130077081503,-0.801322114961114,-1.78208326284615,-0.792620581763248,-1.45966125506314,-3.53013512939603,-3.30008767354512,0.525672702416182,0.654352714016481,-1.38886245499137,-0.876719913007714,-2.99476127432283,-1.96196369414741,-1.34136972473725,1.62876847301172,-1.26205208877688,-1.28234396117062,-1.68078045698942,1.10303493700364,0.0340127034937652,-1.4975016679421,0.35420557292715,-2.87590987933925,-0.186018971602877,-4.08210299163136,1.64551512067477,-3.58660021106256,-0.263891471431443,-0.8997998591238,-3.97044789168882,-5.64966754251583,0.312756864447048,-2.26035073812482,-0.0849065254508905,-2.30030840748305,0.240410702994256,-0.366938530740365,-3.54909698885311,-0.190181335591291,-5.9264909877762,4.79585916368828,2.93194880153114,-1.539423804102,-0.888158556868706,-3.00916113498546,-2.38088314115703,-2.9395516209958,-0.0533415725583128,-3.27807605214145,-0.0810309306468527,-0.733310498471619,-1.7082364568377,-1.70135758152606,-2.01506243869679,3.56395597205735,-6.40086576130853,-4.23388793788473,0.648351356490222,-3.72000199870494,0.70227512947959,0.598975541424712,-1.46222927522854,-0.392614622963264,-4.6450559818968,1.2725843885659,-1.86443449027431,-4.88083930440543,-3.35669807255241,2.23814623694838,-3.2182892473779,-2.4520561162629,-5.29748053270499,-2.51084350832652,-2.469316625441,1.66520357372245,0.652681628643501,0.140681397284189,-3.79928592954209,-2.66905437509649,2.46920784781815,-3.06269034165165,1.9885475370582,1.69432104280306,-0.909230723875453,-1.02205858364084,0.168249940866956,0.603363704386916,-3.45348768785859,2.95375418627286,-0.409981370781879,0.480009124719085,2.721737059055,-1.88903984370075,2.66447498846758,-4.68020319108714,-0.147985061305223,-0.950773009489865,-0.373686936665583,-2.79745897520223,2.47437329311707,3.10539955306778,-3.4977385726158,-3.10283113775983,-3.85684305943671,-3.49276020716513,-4.1249405502395,-1.16625444697965,-3.02652407944528,-0.662863678394755,2.29377119536913,-4.01968148345689,-0.919495761540858,-4.43566172833372,-1.32034472130746,-1.99038466155467,-3.06632375270743,-3.07371501127429,-3.22040777631289,-0.528392062941194,0.378215358964755,-4.11171891271393,1.3467939988776,-0.304842513798561,-2.33146729426997,-2.77560622450012,2.34576792917754,-1.60661226731345,-1.54861528562914,-5.9223469030186,-2.57077621001654,0.326472583058791,-2.49533006551372,1.62512163467857,0.757671743613885,-4.55019657872686,-1.92115914021753,-1.49987904945156,-1.51640084461786,-2.06527561818388,1.32274432111272,-2.31251698244312,0.0674451768243423,2.31920686105703,-0.0118729894783277,3.20843592660045,1.80076006522242,0.556734323935264,0.589093546339643,-0.060931157293638,-0.378681616697381,-0.86287574798057,1.00059843543104,1.40712929452824,-2.81074269742931,-3.028863192717,-4.42505240465157,3.68199253091887,-1.20763957667802,0.41758392840211,-3.18980919743121,0.415586833639245,1.02459193541281,-0.043643959399974,-0.546685028420498,-1.15173221086063,-4.12369006143697,2.51361966313144,-1.78578919918839,-1.16887778106687,-0.665592922828189,0.971485328983227,0.937149823793059,-3.08349384611769,-1.1938906136144,-1.3112923740808,-0.522849717615679,-4.80126234144558,-1.65786943258354,-0.960093524023714,-0.365345461484236,-0.531769972002455,0.373975680477385,2.69818398703512,-3.76473788955399,0.555945438931811,-1.64975608545234,-2.3517044236277,-1.48680161748646,-0.157297397525606,-1.88868515680452,2.6255711932171,-0.823364258967744,-2.59734949867747,-3.63307374215029,-2.80229259797514,-4.62488513434611,-0.978282686246821,-1.03150062886886,-1.43454935348306,0.366642057829776,-2.62194425983682,2.67616244238222,-1.73040482115142,2.56521908341486,-0.688738405902305,-1.47959807028551,-1.32614087482462,3.89303141405661,-0.216896676107799,0.486954859945096,-3.91001132400274,-0.954466273878863,-1.34896853808601,-1.48370841002075,-1.61904863913306,0.70751341863994,-0.328198077936591,-1.61112556914834,1.40852211617528,0.359859589500064,-2.83301764864063,2.25520850642392,-1.94954230388076,2.05375700071964,-0.764116250300368,-4.11366774230155,-0.622228575891472,0.778114853170373,1.13367860804332,-4.83997368447446,-3.73569001428913,-0.544778902229882,-0.28237035938907,0.104167440677754,-3.26394802457345,1.20052737552221,-4.04068567114244,-3.25428014801378,1.87924192091591,-3.4118808471178,-2.69255374350946,0.510242046962991,-0.876718412349759,1.64416867694887,2.53697565498056,1.16716352801352,-3.26714614230319,0.553839340535066,-0.905035079728212,-3.83215062294308,0.468154050107074,-0.274839248910864,1.25066460357437,-4.87649060161097,-3.9068309984788,0.443903902841945,-0.590836153776767,-1.67885773441267,-2.23510947274346,0.558374106962021,0.789431058079427,-1.99497980739784,-0.128464958660284,-0.420713968889814,-2.10176591760788,-1.06862795555792,-2.20363908868624,-0.691750406211252,1.33532535023727,-0.18904468695936,-1.47134979783001,1.61965703732398,-3.16901869143487,-3.89150187198593,-2.77541520377528,-2.14020227133428,-0.705486105921494,-2.79552468292674,-0.247030117338324,-2.53040090145053,1.29650409364514,-1.27494959060326,0.819967271413712,1.61033502348499,1.03002073021599,-0.194418021022134,0.359318765840216,-1.57950094032912,-2.79978055735034,-1.00090630514878,-0.539317098264825,-1.69037897294822,-5.50635170315027,-2.06366108560274,-1.10874448472309,0.0854011829407721,-3.20635506034948,1.44448381946844,-3.07612296584422,-0.451469171774744,1.30025468633223,-1.06713420639186,-1.83557885615332,-1.39011050776727,-0.0475901279841068,-0.506729468145825,0.603648575844612,-1.86086446712745,-3.88731161920539,1.61463256926074,0.192486323080378,-0.884183088227225,0.795312211571277,-0.15963063583693,-2.68453994272663,-4.53051816193933,-0.113356157263062,-1.10611804409941,-3.96087308174237,-3.45686482415929,0.284187565996416,-2.06116491672237
"53",0.97664379908548,0.0956843053886651,1.62413195149533,-2.09008280812751,-1.88138751954347,1.3859735508596,-0.745713855872535,-1.96546753525057,-3.79929487172354,-1.43692715124115,-3.57668470649666,-0.330663273602549,-1.66525420157461,-5.64263938517458,-0.358630681885297,-2.33619774545975,0.84418031506061,0.148856874229791,-3.45732156511826,-2.44781367051539,-0.167416375333391,-2.66137258176491,-0.788470501623199,-2.14628662690594,2.27519207161107,-3.31392241091457,-2.602456619866,0.293120325031685,0.958603243619184,-0.07477243563085,-4.39787701773854,-1.9310904526621,-2.37429834796988,1.93944811670767,-5.21120537204951,-2.78007684756082,-5.67713282335846,-0.785236425217874,-1.00286475571141,-2.72126365872155,-0.30986492989026,-0.890044160561218,-2.83331941627257,1.1497554508361,-3.19484240809954,2.21203663791401,-2.41365827413715,0.702637935526508,2.17483970167193,-1.79507050184494,-3.63331349617527,-3.51234090003283,-3.9803775294531,-2.34193154698548,-0.200411064981799,2.0162068755967,0.841193869522667,-1.4062789490062,3.82440334810774,-2.69643932887034,-0.827167282822369,-1.37340096788275,1.51568760910065,1.74628517609883,-1.60343860458013,-1.983388795806,-0.217166158926697,-1.59343812235794,1.3646421208616,-4.2350198529879,-2.01216812846059,-0.955854404389825,1.19651153479803,-0.200650004701747,-2.31045617125151,-3.2083587828091,-2.40871988439329,1.46468461635211,0.604886338754896,-0.0852144073514124,-0.969270498118382,-1.87228089349021,-1.60920732010178,-4.20841774287704,0.591024563029245,-3.23957639134523,-1.98154638560459,-2.64778045872251,-3.55747276256996,-1.5640108074512,-1.51916903286364,-4.95788135939638,0.821314787229076,-1.27317218956864,-0.431641825655028,-3.27187707533262,-0.068640750061478,-0.464787923852317,-0.368079514638028,0.277836922039467,-0.988627616057458,-6.07257187449539,-2.02487147631786,-2.56792461915114,-2.29265644627187,0.814951738876867,-0.387340040045917,-1.62558602049159,0.735289031305314,-1.69245037874494,0.153597287705384,0.141237832849993,-4.45395989461706,-0.902705109148919,-4.75095563546877,1.09682164741448,3.26418209504895,-1.5957824422122,-2.10567768412525,-2.84059520633465,-2.28252028365201,-2.7452158937789,-0.825870488572352,-1.37064174523522,-0.956061478123668,0.165751417520321,-2.07955989131246,-0.647635167551872,-3.15585729896435,-0.934099620717279,1.13603589832142,-1.27539766466326,0.74118333131207,0.299898481672364,-3.5389787118258,-2.42224368815161,2.60067931056064,-3.51163717223773,-2.32282705959029,-0.652799642525783,-4.66580118687504,-2.47917753297377,-1.96628955425946,-0.598791154477888,-0.19267903170461,1.95063324598334,-1.57604953615939,0.547534975189568,-1.00528532932886,-2.66180901686353,0.668504911591902,-2.0598970647673,0.98747219396819,-4.57915847774968,0.00476821074631917,-1.7493052315499,-2.0452229404416,-3.136954489222,0.76067927519288,0.920088542223717,-0.366712836999892,-2.53626833500374,-1.40453453573229,-0.0153191564687791,1.29673179742324,-0.0483709205173244,1.694917944797,0.493648639797635,-3.72005540932742,-0.150680994870082,-3.42175724941866,-4.72348254632947,0.730420634139684,0.371317079545477,0.89906845877578,-3.07809770769401,-1.51302749931146,-1.99911827595054,-0.0532459218923083,1.07994098253297,-1.80104857435175,0.50518441466401,-0.0400272493190232,-0.952386971380269,-4.08900408943497,-4.56617375290822,-1.50087471736733,-2.23708401524349,-1.7319862101353,-4.01998946173182,0.921590472306725,-2.44886609766835,1.63422922378232,-2.52284413374829,-1.7289862660231,-3.37664864947336,-0.834689641512713,0.384243894489199,0.636107535648679,0.411514752445335,0.588162217375914,-1.37480266158436,0.903591550740164,1.27445113185392,0.355701089955644,0.153914956676255,-0.244833574387875,-1.28688942520624,-0.251106672544578,-1.37897566480782,-0.767994438909344,-3.20418224457328,-4.10500258486023,-1.13173516689157,0.815559648568419,-1.91867545638324,4.08989123841417,2.36109506933747,-4.17737847910434,0.0471200021329587,-1.21900700370813,0.0935421559282406,1.05741698675638,0.447732989642936,-1.71459146981361,0.207713688657477,-3.24061370057489,1.19440058453853,-0.963657975330382,-0.776498521777786,-2.94650514981123,0.840743827944235,-2.56001758822386,-3.57560294850741,-2.77828771871037,2.12630593071438,-1.2435334310672,-3.03640642708163,-0.216484676088644,0.779581165136366,0.277126342375123,-1.80622036605539,-0.0128350335024018,-2.3791931773669,-1.77774684596325,2.19391723489432,-0.72443580358121,1.31706708108922,-4.03116552053515,0.252978202165057,-1.65082346166711,2.38224253972973,1.03539970116331,-0.756042509059458,-0.976803297502694,-1.84950260509431,-5.19698496417092,-0.547414018948579,-2.64909975075639,-0.31912911295974,0.142967059781368,-0.329994747210245,-0.0870850071295551,-2.6581040103949,-0.0747212998240984,-2.32730221541182,-3.39032095256801,-0.977161869992687,-0.109470787811461,-3.64250209217314,-3.8177499914165,3.29631506421294,-1.38567290491276,2.15051923197954,0.332959956680029,-2.87191139023122,-0.504287560657266,-1.24091975223785,-0.940339518146145,-2.12985514399651,5.13661428758086,-3.23916611491144,-2.00033863212717,0.226909674259517,-2.01988556250664,1.52710406470133,-0.32401206315073,-3.61256571094269,1.93631519708606,0.269078656905246,-1.14070595436615,-1.60693912139374,-1.21757649024583,-2.82339558226544,-1.75554655026732,-0.328891517271151,3.32794534819403,0.925028418546508,-1.09775366801617,-4.87653206466497,-1.39521554348373,-3.50113809820742,-0.905344081347411,0.344125328773446,1.94497520425701,-0.432712565842072,-3.75055455107625,-2.41427932928081,-2.24164234824432,-0.852427037865022,0.833887620232692,0.397766602864223,-4.05985285910913,0.0451816770589299,-3.58299860900212,0.882197711359864,-4.17975024407364,-4.08144235897075,-3.11946544084259,-3.09410544505778,-0.657156872195263,0.720319107165766,-2.05817866360062,-4.05302190691421,-3.32698655100107,-0.371232283806397,-4.05630726145646,-1.43643395774965,-0.951632961655343,-5.66134777326054,-3.14912050977101,0.303638896342349,-1.43677235343888,-0.889371227521603,-4.58077697820184,1.68821971757309,-2.13942022619242,-4.94154816062882,-1.13934814089058,-0.791350664890333,-1.07202287765612,1.22411461748787,-2.54488530219829,2.25387279371059,0.171635815494776,-3.21171823293577,2.73666954590443,-1.07234820488905,2.00240929051814,-3.48842601987755,-4.12037795180373,1.05028882011594,-1.39536229254251,-3.90262618392515,0.125629920151175,-1.13771254637623,-0.503626639115449,-3.22999150000023,-2.42633279062474,-0.0791585352206808,-1.03088430117678,-1.6387766272135,-1.12242799709187,-1.3682645567766,-1.31604523435213,-1.46697740611304,-1.98566617518711,-1.55037314594436,1.69387032454713,-2.87327919069463,-3.0558480356833,-5.79897147572369,-1.54310489967613,-6.23225433077507,0.243662453545577,-3.20948873255595,-1.46871829635413,0.0946152314925455,-1.40760125717699,-2.06825143594044,0.156635331229514,0.821169470483273,-0.394669385556369,2.81010029599374,1.26003909063444,0.368644781726114,0.671309744094989,2.02286537555932,-3.53689609527339,1.18444845110304,-2.25169346564889,-0.834480254310987,1.69638202697038,-1.65936544856974,0.465000602854238,-0.855696267962594,-3.74000918568043,-2.17556758478076,3.06969388071046,1.78632850398822,0.956941021509584,-1.90718810025573,-1.13134541838498,-1.52579802093483,-0.0134753644898447,-4.65136528740267,-0.640758195302101,-0.465598463465826,0.960119041807329,-3.50441152061336,-5.89534260938348,-1.2016042406188,0.972676844285123,-4.49593760514507,1.25920976811978,-3.33099807748409,-2.14370371417795,-4.9401065891587,-4.17652029654351,-4.22872187779775,-1.7601377666002,-2.3230806543592,-1.15516168103933,-2.91521141272268,-1.88577033766603,-0.357462980035874,-2.89219755756047,-5.06211999246508,3.55570026278536,-0.793317470999432,-2.83360171479264,0.447689084134009,-4.3863269265482,-1.86822816447348,-1.59039057726694,-1.6030616158101,4.03053607523624,-0.789140136988812,-0.706311412197593,-3.04421239670075,-2.4117286348809,0.462550542974937,-1.76367405578397,-4.13625823772494,-0.578608505854229,-1.11535110199565,-0.29483881008359,-3.26879786667685,-2.1400340320177,-1.00113926255812,-1.1642114032697,-3.97912418603278,-0.30344564366298,-5.5346630377377,-5.52312447544069,-3.58948654083186,-1.63430394982921,-0.0029725627915651,-2.06243921143233,-0.167385058214136,-4.02110309509693,0.376457888818059,-1.31859251429838,-0.434186215834947,0.591624876640944,-3.61954466350971,-0.313446161183312,-5.8888372057156,0.797768547547817,-1.49777763439796,2.79577409363133,-3.86397208564997,-1.70356091794973,1.89149788292393,0.828539479711521,-3.36414397832929,0.927765835214192,-2.4835536951104,-3.1042508926703,-0.299965006585699,-0.000884948956730969,1.918335383983,-2.58908191018904,-1.42807768447007,0.977292740410599,-0.41857944296064,-1.07054479186109,-0.240438467425185,-3.53924323337162,1.47312396604375,-0.783581595995336,-1.51511147952386,1.04039691492028,3.99693864694059,0.0894971038924037,-0.875216153540778,-2.22552158265616,-4.11052612845048,-7.18357704568653,-0.724561217473124,-0.529571896861894,0.108424664920785,-3.21859379866749,-3.13800716501346,-0.0991832313615473,-0.694105650083612,-2.03192854640382,-3.53226471533323,-0.589456272165731,1.11677896667187,-2.10600758885005,1.33743492079805,-0.68983755724924,-4.58464861570545,-0.331234375396408,-0.867442131118951,-0.922334062746648,1.25517629964391,-0.98093130623851,-1.3152313190591,-3.99462424042829,1.44693676428687,-1.36527730422168,2.46304483334788,-3.79940410351534,-1.07509338659988,-1.55399572274787,-1.5512315197167,1.85788426234144,-3.00245355401621,-0.372043182742729,0.552508623483404,-1.35796136261885,0.218511929813043,1.52137039184933,-4.00460504493646,0.130307794775294,-0.127515540331021,-1.18765521024035,-0.657754788134188,-2.99621872706621,-1.88403088436499,-1.12703821723773,0.473487915752887,-0.955024178120715,-1.38394027966505,1.65419770604752,-4.38358782206522,0.977770081732797,-6.17903262137108,4.01120351128318,3.44698152183167,-1.65977295151043,0.492978377803347,3.12829340897399,1.66288889317565,-0.12990396717741,1.41261581322096,-0.173551676502322,4.0921454947637,-3.72222300723361,2.74473890428053,-1.48515670761801,0.537719369136087,-3.65305775984762,-1.01331394788138,-5.7027095241494,-1.57268080079774,-0.489629367904229,0.154983537582353,-1.93266831906887,-2.65655317717737,-1.32009401216657,-4.53892080273545,0.78722143756049,-3.72829755169813,-3.42543832634132,1.23042595921594,-2.01537799657447,-1.42963563781217,-2.88618023377073,1.39408444687767,-0.781830118368063,-2.23039091887558,2.70832834201171,1.77735351576715,-2.84600060503287,-0.337483266901826,-2.94601333904077,-1.05315364794018,-0.555713413226725,1.76614548079578,-0.97263586901006,-2.03337913754656,-0.832619183518998,-2.00844081699349,-3.3353903522403,-0.918047721162975,-0.130063034006229,-3.11184193688759,1.33615692993385,-2.79950029104726,-0.935561273888516,-3.65959140782964,-3.73411633537498,-1.41024544888291,1.03785827374933,-0.615887045654686,-2.17747301947424,0.884916191942374,-2.09630996744242,-1.99765633545997,-1.0948851998969,-1.24489397489278,1.45819037539993,-2.81439235297595,0.526905099344836,-2.28294637801165,-1.21676574488256,0.968029422763681,1.42967364519499,-0.520437064262328,-1.84636795166663,-0.501726881504574,-1.25560291367808,-3.99039565549446,-2.99323515501793,-3.80179954518095,-2.69505257609113,-3.52180675276663,-1.22649020751905,-0.292693910275565,-3.31440998169732,-1.99679723022987,-0.332738946885202,-1.70467683731679,-1.12742080423654,-3.02264649545798,2.20818222006889,0.925573190217932,3.29971014395808,-0.786227286292279,-1.51592007904391,-1.69469195320179,-1.89136952384614,-2.9100439258484,-0.968483742615501,-4.97606873718472,-0.830898620439441,0.62787562423667,0.112920444263049,-1.38895391171547,-1.16266196035043,-2.27142764356083,-0.972701421060082,-0.515096349490671,0.430738071259908,1.9082053691501,-2.61515553956316,0.615357527154336,0.669922724756217,-0.949611452196826,3.88894099554837,-2.22100530885222,-2.38015049934272,1.08247188982898,-2.30918466136306,0.924096186576484,-2.74992082720936,-3.56890221584091,0.894531262758351,0.0640862267187661,-2.65244111793736,-1.36016899401751,0.814426766134801,0.823834646186038,-1.71869952368463,-2.94849140702251,-0.448098366053672,-0.564259855156353,-2.2845267430421,-4.14065583690279,1.05097083900486,-0.598043666848367,-2.34372957360378,-2.90444747888303,-0.661420243616219,-0.644262100866034,-4.17499337641031,0.965600562201299,-2.44612986529357,-0.0960623892737671,-1.41719996588017,-0.557417312259502,-0.988861598127101,-1.42032135143156,0.411716906335816,-0.478347937365225,-0.938669008017845,-0.406985418713019,-2.64905714611724,-0.0124189469454562,1.19259180754885,-1.27102257927912,-0.623806538560811,-1.64038111782355,-0.823620611165522,-1.92661213867379,-2.27168670985083,-4.04984262075373,0.174818855796839,0.465625080211215,-2.89774060836613,-1.44461641333586,0.270701324359927,-5.15538564746283,1.11831467088554,-1.72543811798064,0.485125015709982,2.59256973351041
"54",7.30821058863354,2.97559079213274,8.10062333218071,8.50892193550021,3.79624700597648,5.96206800105639,5.5412993961028,6.88892696974121,1.99043237524048,5.85639054548692,7.1679040300129,4.83404813993198,6.07828492030252,6.00699846329774,5.98129015784682,2.47728759260741,9.67579472946759,1.09388800020185,2.67545625116343,8.84556644126351,0.364620785974115,2.62178721157945,7.39205628695417,7.36936655737868,2.79615384179942,5.47984028818894,6.90836170780977,4.09598206118603,3.51857965111115,7.41238108964755,6.87489616081211,6.7929420464918,7.08856621886588,2.71104883719012,2.64910995668487,0.522562783938792,4.1430045654884,3.24792718496869,4.2899802818114,0.640750446626321,5.10705805878689,5.67726822157768,1.72323654969019,4.73980213223131,5.38034264676147,4.77071053911421,3.97645412316839,7.46102712871529,5.28491011709858,4.38727266654068,4.74948784166361,4.13874308621586,7.53600403998405,0.754015848067286,8.49477236657325,4.94616876262977,4.57940132745278,9.00311718794553,5.4636340634435,4.5595981810045,6.72116163988433,4.67293130639825,3.34021340896928,6.5330954351754,5.81363784737783,4.62321915372066,2.80948119793877,8.37673821500062,5.21370807650824,5.26266729814355,7.03315644045999,3.62219097665478,5.39282072059753,7.56856193635536,2.37254100033365,3.27070802736626,4.53066683338452,1.54525518883047,6.44413699981516,3.92753144911408,2.59680973041999,5.98589635090659,6.23487399945202,2.09400457806877,2.28789438685548,4.62863348899596,2.97549114341463,1.47645817238563,5.34100718573397,5.05940506390399,6.36198899955382,5.32226800035099,9.23188647042002,5.38109334764876,8.93479864289423,2.57695248575076,4.82450768666501,0.941015489016651,5.9604156508237,5.73976942725842,3.26435584972464,6.69719138920942,4.36369885684811,4.61451589693442,3.49613691840857,4.75865315684856,5.50716418320564,4.80368988199726,5.82389941416106,3.81615383066867,4.58022000163931,8.16247660047361,8.34933832044785,4.97669780949328,5.47786504608998,4.70968788326069,5.09527237644042,5.26026971644021,5.91342416056783,5.69154374659407,7.11618572478406,5.51741298910237,7.73312715027201,3.38714979968882,1.18994575541357,4.01755850370312,6.64776032795536,4.81525560416234,0.634413496357444,-4.13005552953983,-3.78600765320871,-3.16452297544285,0.270963514745736,2.55948882220728,-0.889647017728838,-5.4874502373648,-3.44985235742176,-0.633194787429387,-0.955066789833633,-1.50054024243181,-2.58526370247675,-1.16420452308732,0.976727332429647,0.421950888226153,1.32069961771414,0.404601947216573,-3.17708377533795,-2.22562715067274,3.56413426645708,-2.20877557662223,-4.78759591234713,-1.01774330253664,-1.48538968529492,-2.85599348271107,0.850346157986155,-2.08880219523883,-2.43273122232282,-2.09340763829649,-2.25766303438922,-1.11442367107594,-0.757023141688361,-1.4312597727388,2.3389830507197,-3.60289951615131,-2.01693169941949,-2.45005127004557,-1.24664698516702,-0.0942905668648134,-2.34959454209433,4.7304727036608,-2.56037858204495,0.657484880879985,-0.871749591028813,-1.34129921700902,-2.82923719152006,1.08804433162739,-6.78552973628,-2.39252511184806,-4.2300320056781,-5.14749318434643,-3.88475185306952,0.936543110761493,-1.09293525741808,0.0548939171560781,-2.0976727643094,-0.467803313283266,-1.16777354620069,-2.41853739963396,-0.250164830879419,-3.30146951886792,-0.911856744164586,-1.40115430254187,-2.01296155358528,1.05587338560191,1.67275792056688,-3.17723480370619,-1.44060891905928,-1.4452155130797,1.85689096868681,2.30008467624965,1.22659342341277,3.70653992313675,-1.7261686175516,0.85468428883611,0.157413379420662,-3.11385733358146,0.617051597636562,-0.718629177182829,-2.64384693483624,-0.199311137792688,-0.46461603658104,-1.01109299517738,2.73018159219658,-2.62608998600126,-1.0749559503597,-0.906813252602172,-4.3466442039607,0.816300584469668,-2.40022292093481,-2.42805044375039,0.655233104888367,-1.26803628786016,-1.29927585880735,-3.12652220081621,1.1809834722095,0.324957532326699,-2.51959112965283,-2.24199744661883,-2.60273126598573,-1.59711026121189,-1.26398035317409,-2.49676664086484,-4.0865789399001,-2.83709844539537,0.11845222053057,0.321338587854628,1.36822300190082,-0.330264513624996,-3.86025554828554,-1.72117194755254,1.98469586006974,-1.72163932310805,-0.309851173490691,-3.46956366218634,-0.469075739321806,-1.75450175120732,-0.048815245969332,0.872407998091093,-1.06257781365116,-0.250874783491756,-2.89762394936004,0.883455547488811,-1.50913635062434,2.97581484505817,-2.27805399343718,0.376881790404091,-1.62752005634185,-0.586205854254882,-0.523362663788549,-2.37842432312943,-2.52571539066878,0.264186896442193,-2.02046056633102,-3.44158868752969,-1.32037883949335,-1.29023693006147,2.84553953539564,1.99261220284275,3.02693763010586,-4.04272090527336,-1.00566327837092,-2.79101034940768,-0.00865030559482827,-1.23599703677577,-1.00357495794765,-0.494984689225663,1.25884087043895,-1.63236862756795,-2.19752365938878,-3.51430372472552,0.0650642767896734,-3.95035676488398,-0.993526773645649,-0.621568450950122,-1.03415211053076,1.29323114008416,-1.4689187851586,-2.06677041269115,-1.89187531971963,-0.445698335578147,-3.20049080121963,-1.80048843384272,-1.47997485013847,-0.158697776759968,-0.691972326809205,2.81258491853913,-0.203610843965262,-3.07141782439472,-2.91375152662744,-1.80040468621259,-3.9171368205485,-2.6001633259091,1.04442490938928,-1.15911161665319,-3.87276657067371,-1.93259753804439,-2.53959082084421,-4.29484205527064,0.84959494810116,-0.602896325670823,0.674979385642374,0.806820045163252,-3.44337955095216,-3.98115758218287,-2.07335240441812,-1.78271340168082,-2.6551456114213,0.862115890454664,-0.857282547212261,-1.14154946534354,-4.62087898815048,-1.7595163616355,-2.91051146039109,-0.0893316056499751,-3.04225686450606,-2.3108359349775,-1.17137541033319,1.54176782100222,-1.48356943188529,-0.727472629666077,-0.842670641114961,-3.30783779549714,-1.55299699648574,-3.59425569036085,-0.965011874289041,-1.16473713768084,-1.05431678998075,-2.1136553974812,-1.95771430927685,-0.0884380151246988,0.111909250846688,-1.77157032163827,-4.47936060077127,-1.65644173466295,-1.64663577601453,-3.54063442591337,-2.66138899727849,-0.60983878504911,0.152684348041304,-3.15482374221745,-2.07247119912726,-1.74430588736579,-0.447630272813183,-1.20715718879447,-0.806370295252396,1.33663175669618,0.325250131921607,-1.55906977338789,1.03172500653603,0.604049127757493,1.60155316112865,-0.0204946414263305,0.872274681465071,1.74072084418188,-2.81732680679364,-2.10033781811025,-1.1471219346575,-0.649803911770455,1.17216745415249,0.990945289179829,0.402157058428555,-3.01385982601636,0.862679561566288,-0.122444361136175,-1.92541828879938,-2.83461362798711,-1.36125497816111,-0.692625514633522,-0.51133807308118,-3.40228259888423,-1.66782307363418,-1.99922206635731,1.65061476350039,-1.34851679050801,-1.15437720567757,-0.069322376659369,-0.00133459669975289,-3.50225212272071,4.59669282936637,-3.13725647796277,-1.24663068732298,-1.75738265301827,1.30831913104635,1.47984464174363,-0.483027690365019,-2.07665200517299,-1.17767600067316,1.36999243621563,-1.29349337410067,-4.27472204712082,-3.87443133597747,0.916305419522759,-0.209746073078055,-4.95025075021775,0.345671558811602,-0.463088219134408,0.491486105114755,3.0249679871567,-1.7744252770321,-2.20132040411165,-2.70073463165716,-4.15657641325915,-0.749280238267382,-0.737247972588102,2.05004805642985,-3.39054037454401,0.914541841673159,2.04816377904306,0.439548844139462,-2.86255810707065,0.107852754308778,2.36934506568103,0.77350831553291,-0.8674257895122,0.397045500188163,-3.40152054846205,-3.40515039396323,-1.82638691571473,0.0175801348296187,-0.881454526824066,-3.26254115606278,0.96509463200194,-5.56809110244053,0.537941356839261,0.983932629754737,-2.44918828997076,1.46358303348659,-1.50478212146193,2.33143145742853,-1.48369288564377,0.74475593364731,2.05186093952334,-0.396122727049558,2.69711049854347,-2.89622957753257,0.335109496904718,-2.76214025963966,-2.05802425528758,-3.97370445965696,-1.35503352507699,-6.33173931299747,-1.08980812631567,-1.78929381294717,1.85193622798311,-2.83322312257387,-2.34209201251473,-3.5038376206825,-3.76125125992266,-2.68429525826569,0.0225391234100671,-1.37073014199282,-3.73336335972219,2.34495351748788,1.98600221966243,1.06111200481147,1.58470981201998,-2.48292490355105,-1.49219994704153,0.328947110040578,-2.52492678863135,-2.62144701326133,-1.05625646013331,-5.94835113027577,-0.667044230472301,-0.60522292389865,0.279772847541364,-3.15105542537094,-0.955712361738974,-2.65019157356379,2.43342933074052,0.444165159075114,-0.213487934852245,-0.522468840350799,-1.40911196465444,-4.20308627400535,0.208643489235476,-4.47468946703397,-0.0519812375776449,-0.499149835036989,-4.01411082463889,-3.45533304332481,-3.19754053667531,-0.144812505781838,0.837773820070593,-1.55076133735968,-0.616614500583018,-1.17056987678542,0.467128890022422,0.45384672968579,-1.12774270758813,-2.25323702605604,-1.5417729349644,-0.133379064323945,-0.35698648425336,-1.34200078229923,-4.49930076307133,-2.39992073397213,-1.9837786248955,-2.10355292058615,-3.54735833304457,-2.71454626207552,0.968864378633961,0.708313611789461,1.95872603011228,-0.890907771308098,-0.0754600165767774,-3.73736027778521,-2.79587447619832,3.22960703219736,-0.288344594580741,0.348329135388607,-2.14392434825845,1.22567886634539,-2.09399853953258,-1.13541247864392,-3.24455265764059,-0.270218863036936,-1.13369737454622,-3.13482016180455,-1.74505221208038,0.123223795234273,-0.209835845471875,2.4346253103528,-0.666416506564259,-0.30325587633016,-1.55981057265525,-4.10564293746007,1.29357425700556,-1.20911821568349,-4.3207085979204,-3.80616316834149,-1.74014727267248,1.64174290153062,2.2952707625535,-1.43783462181843,-3.12743444563948,1.2437187281526,-2.2584687063319,-2.00766338114752,4.76654785882398,-2.91473923376398,0.24193198146153,0.464687659564963,-0.247859798338352,-1.11939353396473,-0.118030212771531,-3.06537127767014,-4.51378449539845,0.0598208005472025,0.516070821842496,0.578642633112765,-2.77036851963817,0.545718451613285,1.20530617787908,-0.266712455476526,-2.4491839998698,-1.07772299817602,-5.12580934008523,-1.88266292217287,2.21348391710716,-1.7736723207061,-0.485833174646939,-1.32197820007681,-1.79450282599544,0.612906303280176,-2.100512974126,-0.104239998091786,-4.24599848335454,0.857141517359148,1.38004127373414,-2.83350634861526,0.510955585503115,-0.183180934585057,2.94304645782211,-2.47011252673873,-0.447414961253369,-0.598818423988033,1.81571734495869,-1.33657081856008,-2.15450541328915,-2.9286136320481,1.09662606684412,-3.14967811419201,-0.89605967670287,-2.88176936247403,-1.05253901683193,-1.4079589712402,-2.55003762517522,-0.523677479097022,-1.45182098505911,0.955013529213636,0.902646340707715,-4.27344078026386,-0.856959621831129,-3.14038600001458,-2.67703834220123,-4.12767425012476,-2.13029845199799,1.03179603217966,-2.12909824944359,-1.00117048063984,-1.49731285455402,-1.07102871874324,-1.31893869247279,0.356000432953466,0.520163636293701,-2.57766163151765,0.185402205056152,-0.417910875194953,-0.47396636921242,0.187870972382944,-2.08662006792347,0.74918620017164,-1.53236743704939,-1.31664886020021,-1.64294104153067,-5.42620557327792,-1.23746741056429,-0.85509239721303,2.67890245849097,0.511788774994493,-3.50745411642988,-4.00886565809933,-3.02638108949531,-0.978091721315215,-4.64763721095115,1.07160252939246,-1.0543329492866,-3.28764998523003,-1.36468094335108,-3.13943889498392,-5.96498987517003,-2.61417549401479,-3.70160005790416,-0.661247616081784,-2.64392186456731,-0.496536552858553,0.171304053672895,-1.55543592000921,-0.434745776616236,-3.04010760833562,-3.93947729427397,-6.94992051623844,-0.625242930479483,0.00978159381007249,-0.378687260737445,-3.10020001213468,-2.58901446203115,0.456777997907834,-2.32872244733075,1.49443209492062,-0.857569273224313,0.273086418155744,-0.671389660696844,-3.13314912811301,-1.60153860257258,0.593467111498665,1.63061266610357,2.274007782209,-1.70519482368867,-1.11552942782453,-2.43299922936621,-2.39859878885455,-2.0664137525396,1.00621352354802,-5.26628737695138,-1.71010242059992,-2.49421427232343,-0.366163260736198,-2.55362925371172,0.794036413511305,-1.47058815257629,0.388611541873206,-0.294971603350103,0.64839319442973,-1.14180579170933,-6.61497407441019,-1.03198098695467,-0.111076869538131,-4.06267412950781,0.0167191265574596,-4.4504768064514,0.643740015483403,-0.863562426148575,-0.594979890038326,-5.64143463927544,0.000501281234132067,-1.60209063146944,-1.54491071847597,-0.457924319018309,-2.46533326171062,-2.94009825173879,-3.22708423600576,-2.4384357317935,-4.78250935399057,-0.380266818467708,-3.37828402567377,-1.15310825512595,-1.64480279017418,-1.38230478657544,1.59461340621381,1.713792032873,1.01474461972463,-0.367280861479613,-1.94514018771142,-1.56433496793857,0.229283567943447,0.0130704046618368,2.16181926767469,-2.81656801427146
"55",5.13302502629855,3.01529376046326,5.05979240507757,4.92881291818286,1.56168691091968,5.12964696134706,3.89964073705628,5.21074843096553,3.89757252425095,6.52039483597559,6.139366894944,5.27582172428156,8.42593622944006,6.15515842651616,4.95018668158941,4.71434588582156,2.55763461932956,8.06928962610439,3.15532339016045,5.90136593896282,2.21553977360336,6.18966276652834,5.25809846645605,6.54681361553776,8.4049492634032,4.42913666056718,5.31237243231835,8.71389802229375,7.85386857312496,5.99573551884669,8.02716102611941,4.7117087455432,3.90102802969821,3.19371937089842,5.39454512422744,5.05106717668184,5.69819087331976,3.30965547480198,4.95151181591888,3.48722812611409,5.58195504392639,5.48583708301294,3.69687099032453,-0.298500516463177,-3.28708201750399,0.647325680184516,-2.12803978202293,-0.531489677046329,1.94497736852278,1.26555199100681,-2.12906337725326,-3.91512514880339,-2.46712324000817,-2.9273089521701,-4.29563731627448,-2.57635651622413,1.08233981963646,-1.20399571855812,-1.33265893827544,-0.138175725544499,-3.92879612273249,1.37784354452118,0.198368625612943,-1.79851719863669,-0.531253806062843,-1.69447786101764,-0.921267579041785,-2.39081324639757,-2.27640527997046,-2.95079053705815,-2.93047999188915,-5.56827131011011,0.960352244859597,2.68919719906861,-1.02323175378316,-2.00257998057622,-4.89364986527742,-2.58871449180555,3.24690261809151,0.61217004971006,-0.235339483581751,0.848828048962129,-1.88667172959308,-3.29716076678629,-1.14901216653067,-0.880200477176313,3.03161802669304,1.29622242409139,0.930855980044531,-4.1556050227888,-0.373193341150662,-3.42276529696902,-1.26394807978899,-2.54750342539888,-1.80920559523376,-1.16597600919891,-1.72831013974103,-1.8954789377173,0.172507611251115,-1.59471804151502,0.333929829682808,-1.29480174416954,-3.86638834575186,-0.360252580324088,-6.41620188150137,-1.84658162998306,2.80210384601016,-2.04390439466565,-2.28380228568938,2.59842054290294,-1.1859104187065,-4.59320214719253,1.51374974957147,3.38502538202138,0.171540980849963,5.3716409847442,-1.43038988801368,-2.98085546738273,-0.901316342978876,1.0378946684191,-1.96809061858615,-5.65857253370588,-0.70979868767719,0.719204715124935,0.557801830201533,-0.168954006318607,-1.59228120881299,0.853849618331694,1.67534118529806,0.953543640584829,-3.8239888345329,0.243797721943592,-2.56180739990349,-2.83805689679369,-1.86086733231374,-3.27704012546051,-3.08586978093441,-0.20161673176744,2.00717626519132,2.45179408150627,-3.77119825025036,-0.408872170988665,-1.94365899587361,-0.421697211421137,0.492761938128292,-2.48451982845467,-0.506491301870392,-1.84052049152668,-1.06232777512966,-3.41874120509172,0.427206063873978,0.892058580273777,-0.511258946985541,-8.18100220579089,-2.35365331930932,1.64281288418553,0.742290755203284,-1.07124565694138,-0.44327329140803,1.31577449644292,2.48577322109662,-1.23712093744749,-2.62677981132458,-1.81412156426063,-0.394106863557624,-0.164101220359376,-1.41481455059878,-1.27190868851022,-3.26515290506524,0.694459836526494,-2.01013283558001,0.0689350595286367,-0.396719917873169,-2.08072853940057,0.0733086303170072,1.25439354121974,-3.11381847184662,1.30793546248933,2.24630577843305,-2.61921563741323,0.29987054102938,-0.617243337164152,-1.3345986113365,-2.06346315529507,-1.50757773911236,-4.4754278881367,-0.549480286079172,-1.94841346307584,-2.57316317398238,-0.681845122455701,-0.161796429130363,-2.43856315934932,-3.91182932714336,-1.1273161480487,1.02106072726274,-0.590167984191272,-1.80546423120655,-2.14913261280667,3.4358004110639,3.08570612697787,0.598500262621397,-1.61791627618424,2.31020425462321,-2.82547565524891,-5.05477724679577,-0.117111514397651,-0.207336609340816,1.76277862425213,1.82890514031213,-3.79259476653044,-1.97314861242208,-0.664848006611652,-4.92780320578351,1.94599115340046,-3.18217307451769,1.51121278021824,0.963016638636947,-2.05828669975579,-2.11909273363761,-2.0722671678939,-2.56207425983999,-0.312862974242687,-0.255504609071651,-0.898448844510042,-3.73583756980848,2.4068439835215,-0.545956216333925,-1.17119578405896,-1.1015947967907,0.940693268216179,0.815842240210284,-2.67722153792687,-0.921264823753561,1.54379031862693,-3.36395580808882,-1.4670000729435,-3.05137829384579,-2.16899589508665,-0.71124413434149,-4.07029197828014,2.012478358831,0.100115032453792,-2.27316270226967,1.55974244837137,-1.97810317239493,0.663761897110469,-0.00765945240399601,1.17051068729505,-2.78751082760126,-1.78831774655864,-2.31477941451843,1.014709642459,-2.72426454931441,-2.12623854717647,-1.26467445400511,0.668195902663092,-2.72152678979213,0.524371633902537,0.328197349156952,1.01368065651097,-0.697408772710927,0.367652898197331,-0.968445278940332,0.35326939914647,-3.77790215761137,-0.322041595135235,-1.13758468616874,2.93830300759318,-0.920576907757726,-3.68274598515065,1.74822403344634,0.0502912986388537,-0.83249024035658,-0.59031956597121,0.879679553425753,-4.20732925662877,-3.66065996076554,-0.607074952867112,-0.572024483343575,1.25634290541696,1.60749785813042,-1.82057688206714,-2.95494831968813,-4.12893323895607,-0.309311480946781,-3.17967338149,-0.557419056438464,-0.552520640103349,1.44533416456429,-2.60073035881463,-1.13448331813985,-0.346223759491993,1.27397671684758,0.51687541513678,-1.23774290039387,-1.66441615231889,-0.61845569729655,-0.772365527183615,-1.14854825836479,-2.47797498327409,-0.571485594300494,2.17279675755182,-2.71961002916792,-2.60962567219386,-1.34578108524626,0.484182128938453,2.64613801895824,-4.02130215520168,-0.759337286559011,0.810865121276732,-0.686765464023859,1.14839323471631,-0.628311863583018,0.456239261996157,-4.05778897795358,-3.68566121563391,2.42885638455164,1.54970258559605,0.900513629443133,1.22650435977886,-3.69728607760881,-1.24217592937823,-0.0950244975902869,-1.13289810011105,-2.33021006965049,-0.62265276301197,1.33614926251529,-4.11517566440338,-0.545797714196744,-3.85285499762383,-1.27849949900257,1.0349273634445,1.21353793695717,-1.02645584856559,-0.532429538848323,-1.52076232721082,-3.10237651998544,-0.708219596727335,-0.155639791200889,-1.82771334656256,0.30519061735108,0.850621839697835,-1.53512360135256,0.313218213497485,-2.6933263024234,4.15109306892326,1.13722939216282,-0.403014270784455,-2.45750906839026,-3.35259562951179,-3.28001583519223,-3.01418517328055,0.0600837874160589,-0.139595210122252,-1.24635276178429,-3.43276597142194,0.0284927699525785,-3.89189716656736,0.92994364372568,-0.617807483375407,-1.43944271652366,-0.661730444640352,-1.28333412210439,-3.83830903891226,-2.11410006526469,-6.64731991881347,-2.41139269586853,-1.20842851658483,1.86744632935563,-0.792160520723921,-3.69554770828361,1.60312835151278,-1.02591651856014,-4.81082914839684,-0.687986087025347,0.523067844209232,-0.389100871759474,0.165287544752652,-2.27148334631456,-0.830105705096117,-2.94365252177524,0.40594993424297,1.44366278145885,1.05298646141712,2.32684553726901,-4.31978320609387,0.394210365587617,-5.20008751186629,-0.23254554574467,-3.79681516305,-1.54587512046986,1.13961887944088,-1.59968120516898,0.0287113417709473,-2.9182223643404,-3.79232102676562,0.0338756642378963,0.182013839368335,3.42112326520227,-2.59744659747383,-4.57042544024471,-1.36938737839749,-2.18083842453066,-0.248812507923039,-1.29060166397174,1.01838341323799,0.557548573928792,-2.54720357580609,1.87143849962118,2.10606384638615,-0.515296156327228,-1.62420637857666,-2.38759938498494,0.425419840458944,3.04358313930521,-3.72656619384648,-2.10229700383008,-1.19838012687206,-2.09502850031804,-0.540529179997901,-7.82333612581873,-0.565075921959716,-2.85185347190635,-1.06070768856573,-4.39921877000823,-2.83562046476804,-1.18302611348291,0.814089515896261,0.033463732785316,-1.78731145046326,-3.33606886711342,-0.444040197622383,-3.10027223311734,-0.758808146002281,-0.319735296576234,-1.28326704188706,0.933414424424668,0.758743169483702,-1.21437639671707,-0.0489554843560789,-1.21261532326015,-1.81276825500268,-0.243880124889556,3.59584907470388,-0.228028724958607,-1.91243793381454,-1.07688640740267,1.4152461465491,-1.77612966202542,-4.5937816561511,-1.4863501086801,-0.744675279064408,-0.579433259960627,-0.870769321978956,-1.65296905066661,-2.26794448838744,-0.881964946831144,4.78688934185167,-0.329983336191957,0.709390535911004,-1.53065625657813,-0.432879069695055,-3.3199614223462,-1.37607671483948,-1.88279295868656,1.17887702220718,-2.67444428322661,1.4416191650925,-0.866958354402652,-2.29729044165724,-1.92190078624687,3.16239337738951,-0.587442882886803,1.41115223424131,0.947465006904425,0.338094402735685,-1.35610755008104,-3.47734207368409,1.07585480348985,-0.610967985960304,-1.94166927620205,-4.19052510468439,-2.18369376119466,-0.84916128009853,-4.46932884923103,0.515146444396086,-3.1345785696792,-2.33225159227909,-1.63242005601528,-1.85094175513151,1.0508501864941,-0.733563455045932,2.6394339397906,-1.27267028429271,-2.79779076054957,-4.53724599781854,-2.8904670657717,-0.20053894735741,-0.939039120225516,-1.77468285204396,1.6254800169929,-2.14769464443595,-1.07130692018697,-2.26816205071763,-3.61862923274172,-1.9592360250549,-2.19120577107284,-0.0709294620674696,0.0128734042918661,1.50412016514614,-0.716407682711687,-5.24222262788631,-2.27496996752108,-1.23288367910514,-2.07915951704642,-1.44426046965305,-0.810333039632064,-3.85910224859731,-4.44860562639545,0.883060116705473,-2.47636653815269,0.689392480013378,-1.32006155120226,-2.26194239566281,0.836106170565026,-0.391741026074676,-1.47148563648114,-2.16871475796222,-1.72217179119225,-2.04514778501791,-1.67058964433384,-0.6527518779089,2.34970153402261,-1.7207183583388,-4.93894502591045,-0.42899151394585,0.503039413714426,-1.32692579957916,-3.76164562276701,-1.010096028972,-1.60460200654253,-0.636686502631225,-3.27493758554957,-0.34234362023801,-1.07202276764306,1.58916228531488,-0.046706752932564,-4.98646549012362,0.654589090844624,-2.13553032640422,-0.767641239873558,-3.5108741662587,1.21571117683479,0.70838499429833,-1.09024750132025,-1.0700585574142,2.32746792706308,0.483368372790471,-2.93702242223487,-1.89885808770119,-4.54054532187302,-0.976993440053567,2.98557012684961,0.144757267908003,0.451867908003655,-0.000285394919915305,-3.70570748798079,-2.19354227383561,-5.63232078907243,-1.11563999259791,2.32125602877795,1.73190539525054,1.94726064387948,-3.32276828451965,-2.25519766401727,-1.24544268720444,-1.72722608474234,-1.43278620744873,-1.80250123044273,-5.36276328415915,3.72546493825891,-1.14985498252089,-2.58224330402339,-2.46357271812292,-1.7661818477555,-0.447350780298242,-2.05758988529484,-2.02439400084737,2.13180075769569,-0.0823917280023293,-2.58544748992884,0.972134419830266,-3.5634703532397,0.104981556786408,2.86878502971241,-3.02021991009068,-3.76609090024599,-2.683166852943,-1.24166152350247,2.5220501473037,-0.263122324719566,-1.59054077709191,-5.58802838440368,4.65459146702699,-2.09518217924291,-0.35144016504476,-2.4993212693916,0.445416553534567,-0.517179838278981,-4.75932011316449,-0.129630351887546,-0.440221476004984,-2.20097754701407,-0.748346998407648,-3.55703912943082,0.603418393203992,-0.707428950615796,-1.75984921475811,-2.26117884619377,2.96762344750371,-6.0535237050686,0.654354248524964,-1.76652277854061,-2.45582002215286,0.338973066568732,-0.217025254210931,-0.468572507799882,-1.06274848513067,0.259687776843652,-0.234665814115058,-3.2192216727424,-2.49990352397622,-0.215226995441085,1.26621000010664,-1.38682170326103,2.32676301564418,1.63040242202863,0.266038422880729,-2.34130620245434,-3.34939259151976,2.11725846192967,1.43206380449193,-0.229105731190327,3.17794228973464,2.32053456503333,-2.17018450004692,2.22135580821278,1.83925259247077,-2.15754972871329,-0.496219717535235,0.582137350849684,0.275131702500594,-0.411843357347694,1.26841295179327,1.11462066451201,-3.06494877531934,-3.68207303343455,-5.40630825834646,-0.426672224889338,1.211734745803,-1.1207089230406,0.744066603034399,-1.539201913679,1.66939203771701,-1.54210834802132,0.0916934095527357,0.109730288607672,-2.9310088521546,-0.528437161783478,-0.671523781900099,-3.84051453319938,-1.39465588589198,-0.991047836742958,-4.37653339868892,-1.72877891863958,-2.60313403418122,2.25829191190656,3.16614240129387,-0.349304667121697,-3.98446826625534,-0.0159725487764181,-0.0655913367150925,-2.90934906617212,-0.625072475022547,-2.19223084415936,1.24780231375834,-1.77562453287931,2.00234652008536,2.85644807558087,-2.39970136008152,-1.01984614841319,1.01971346733867,0.491829076960446,0.513170874457131,0.727875251509612,-2.26399888129289,-3.26778536204858,-2.46131551912523,-2.28740765778809,-0.0751771488644535,-2.33280795988678,-0.21839172665656,-1.34361457842898,-0.755094171516444,0.317368549065836,-1.47847911006916,-3.8329331924064,2.94672824265377,0.556963405268361,-1.00464721500729,-0.248834235861502,-1.86806717391204,-1.94832067399207,0.18493495723065,3.29749890088937e-05,0.447089152242639,2.64695123520969,-1.39521211957423,-1.66046311377646,-0.60875324088415
"56",5.04782576455927,4.04575923480403,4.46290999736471,8.78828031042361,4.60279141343288,5.6062916946235,4.13049951582955,5.90822172258637,5.51654715746206,8.36184582148649,3.97380543269233,4.07398582387416,4.4201823404773,5.42342747928597,6.12323755355319,4.46759362013897,9.53612107566664,4.40546519662628,5.69131486755836,6.55147074121381,2.28093199224736,2.1048563094027,5.10846028163028,6.55174148295217,1.9470209887467,2.87826206536671,9.03426738674489,6.5716897600695,7.56591193283771,4.92883193499118,6.45094305119555,5.34725307306375,3.73047788353078,6.53100203520746,3.24188401052591,4.02611933176811,6.7857318882115,5.2930787453515,5.2792836253624,4.72768626825899,5.56816927617497,2.32770305939586,6.0105795592469,3.12111915657996,9.19898767506781,6.67128918021824,6.69375683258989,5.59080913062106,3.2246327754631,6.70860653844482,3.64801551280418,3.82457182679089,5.87645566839729,3.56252514474308,8.11077618027036,7.07772721039363,5.76086196338099,4.65263738285218,-1.58429202469889,-0.880803406794656,-0.365908792562367,-2.62604324638475,-3.18762422570477,-0.731007699790925,-1.13170092789493,2.39919210625066,-5.47327591792766,-0.317081350070867,-3.70177102469936,-6.3550627420425,-1.50741238623503,-1.7346036632919,-1.57479021153899,-2.07614762495479,-3.64996921265515,-4.92191066553847,-1.85934820131019,1.88797886326587,1.87881629610769,-3.28100443722588,-1.86432052022627,1.44116490595173,-1.92107594635062,0.826887109382666,-4.7273481729553,-2.49755163004296,-1.52952236264835,-1.72418124484248,0.97644750037154,0.16293150187204,-3.31281264035501,-2.04826149999646,-1.93435941417494,1.86579741028279,-3.70711166329784,1.71182142203567,4.17817242990716,0.546787684418005,-0.686621176438139,0.669246033057033,-1.79397560865498,-1.04160952239455,1.38880282920623,-0.138555646031773,-1.71352699575867,-1.30827092484181,0.726450213840953,-2.27419624309816,-0.33806396105127,-1.30177919802711,-2.4887772968993,-2.11524955669916,-3.96428283723403,2.71920508586458,0.72525885511781,-1.43070937055735,1.88063429845088,-2.68324998162059,0.9352323631282,-3.6793763075351,0.938542878587588,-0.71545972376137,-1.36065842021385,-2.3290553711362,-1.40760014445144,0.27976982836082,0.633065195409617,-2.4718497098661,-4.2327681154748,0.696923629223388,-1.08293369350536,1.36145190728548,1.24793259412135,-1.60673288583043,1.58268774927636,-1.75364659970671,-0.25596701861756,0.369608821618692,1.68978422802831,-1.65084053414356,-1.08223579720642,-0.390662348852367,-0.00696835036791577,2.00996872956401,0.0219248342633378,-3.01345136945588,-2.1911324894182,0.696694734803869,-1.4260337248686,0.151368958456616,0.233899268795676,-1.59380745749035,-1.40529986035601,1.7858397982242,1.04701618454178,-3.1481933500218,-2.12822403337103,0.563803347354846,-3.27391192364761,-0.430127208264971,2.39192498773804,0.988657904068644,-0.893580172994742,-1.95081564332876,2.72668213796858,-2.68027055911893,-1.43968659563529,-2.8852881216994,-1.66183669599172,-0.809905777240771,-0.792849080913914,1.55947942827567,-3.0350950130315,-2.63133084365175,-1.58001443282552,1.06418923397401,-0.782532258734193,0.0885926720906483,2.02748243845485,0.773294915645043,0.705051559155981,1.30053798799686,1.05290809116172,-3.10496680193063,-2.97907107515004,3.73399452438361,-1.5938134689957,-0.467933531460001,-1.45623668844753,-3.60910554044823,-0.067761289421676,-1.31908438922789,-5.1368822332029,0.384887821367331,1.12598322818056,2.31627395357079,-3.44678231475179,-0.528527693469109,-1.31839313365615,-0.608421455814357,-4.67537284149475,3.21355531675339,-5.44896172615054,-1.6898817279352,-1.50163994437993,0.361869531140856,-0.952803979920364,-5.46756318897701,-1.37898583917587,-6.54954026339085,-2.73131820185645,1.3588661650514,-2.92302583013452,-1.70767234727833,0.894222505908696,-4.90888411647793,-0.733168848332193,-2.48793860090549,1.47695137667685,-4.48653838333393,0.692191245759826,-1.8705260103954,-3.95563368341284,-1.31063372176212,1.54825655632467,0.936690273384557,-2.1480213961177,3.43224404480182,0.312475188395548,-5.46816366670213,-0.946685498474879,-2.03080585554748,2.35336371914267,3.10090227209603,0.0817384075919705,-1.48899243064742,-1.05282258039579,0.774234749915176,1.80351570337576,1.73198313038164,1.65942582750129,-3.18857138038124,-0.727154568335063,-1.18837692911686,-0.00759606262467316,-2.06247721090783,-3.0643846591891,0.547599204288981,-0.166636363593803,0.807609006791374,0.0968215479362713,-1.71669746928023,-3.16243774479512,-2.36020007458459,-0.44536978369249,-1.31266547693599,0.238100311935299,1.19898613397095,-1.82442098116509,-2.6527538848859,0.0642094930597028,-2.56254979120165,-0.0606053011946406,3.47262493324957,0.614156321264176,1.52561866575282,-0.865992991773874,-0.211488553959937,-1.24905126463203,-2.89997274851622,-2.58427165910941,-3.57873280760819,-2.37904933840665,1.09035711502617,0.633460558048472,-2.68197204479783,-1.58543773941003,-0.61795379614927,0.202261929415573,-2.91767535327488,-3.60401813538283,-2.00542410683795,-2.70341011693012,-2.39015706620534,-1.94451131371836,5.33187855709007,-1.71973180375235,-0.592662556687077,-3.94303921896987,0.715762233440924,-2.36002669430688,3.40621858982847,-0.199007335657432,-0.449747914732832,3.1857783781812,-0.408834706002783,-0.402737808913272,-2.06083405935319,-0.479532471782678,-0.845983210719825,-1.60835530060229,0.251891252857538,-2.08983724491424,2.8462014876423,-2.14793422630061,-3.4573750451362,-4.61185127014545,-1.38758712203077,1.48969563346188,-5.55133248347708,2.00719715759206,-4.19837015491664,-0.000523302170020723,-2.78652767033241,-0.703728585063213,0.573812258337457,1.74599643370241,1.2961245693423,-1.01030383405768,-0.402667048059519,-1.0329465957792,-0.134720053369338,1.79704175107248,-2.21725876595895,1.8129929251419,-0.35008763193708,-1.41858515567075,-1.82247155534657,1.05315829267389,-2.01506485319082,-1.62239197637209,0.17482601936094,-0.795641444634839,-1.0411085445436,-0.642157903601517,-3.77161925646644,0.372297560748915,2.14306731112038,-3.21941847547775,-0.302584677560479,-0.229639760718384,-5.83911276281882,0.606985824953744,-0.657047636492214,-0.53829461826709,-4.24526459126198,-2.9907724196428,-1.11159087907779,0.20558616653884,-0.169866251367995,-2.04770020696471,-0.598879503309036,0.886567293503965,-1.28534002199072,0.496715162963659,-0.763525361249777,0.514414936139471,-2.85667887786119,-0.0724790700747863,-0.426059711532288,-0.723387993107988,-3.12573660538166,-1.8874750657188,1.21480572258441,0.315203912202775,-0.919591468493953,-2.33469427019352,0.516433345223553,0.216709558867343,-4.22821658680621,-1.81965871938458,-2.76482811711868,-1.79772677456945,-0.400373512675982,-2.82636598627792,-1.0349530904897,0.299742848365468,-8.12772177818937,3.29051721349444,1.35906385977234,-2.07790438508575,-0.0446988711864922,-2.34521895084519,0.426518694952702,0.15696692805675,-3.26445898060903,-2.31277758672853,-1.97115612242346,0.502573406574797,1.55883026368855,-2.83332673647816,-1.18724019852703,-4.36341755995127,-2.64487150544247,-2.38835519818271,-0.733135257161142,1.08703442304914,-3.48024289006422,-1.35761258009975,-1.94200351821696,-0.65565193810286,1.55325035571077,-2.86614769228277,2.01682699360852,0.0747739076397389,1.00815012841728,-3.59283638316872,-2.91550252737509,-1.27226479829352,2.79031279423074,-0.207861611440634,-3.51165388452114,-2.37044461352972,-0.429126750830753,-2.3341007037273,-2.20627256124321,1.34449377809701,-1.72885105359829,-0.0753146251570763,0.829417767192963,-1.34867336642933,-2.59763579194913,-0.868564302197371,-0.629372133928622,-1.31960828953706,-0.259247569457962,-4.02384050826021,-3.54668489105785,-2.36893629127214,1.0543423038309,0.277635708833912,2.49506660779833,-1.07037682851474,-0.626809306346031,-5.12805781754578,-2.52448726678243,-1.6695302990765,-1.08481111144836,2.55688485181795,-0.974890415603563,0.278212131341836,-4.98421817532613,-2.46849831532022,-5.04342376989242,0.303995329407342,0.0264634385623985,-2.84650532231792,-2.65487211029077,1.96363071222268,-2.95729960103141,-1.0559910725876,2.96647632051549,-3.07904218494735,0.165196444740701,0.786656248033609,0.012829018862043,-3.55116354727629,0.394933425310189,-2.69234388462862,-1.36457717889817,-1.20904008781201,-2.33862943041064,-0.542906201181672,1.29436954546925,-5.14416425760976,-3.7516361865944,1.2890735625966,1.11166508423168,-2.70161839372024,-0.902503183950151,0.665212227964324,0.370483262616127,2.18866179422724,0.282072738868899,-1.58806465169062,-0.697578804938404,-1.28414740880768,-1.82142203026691,-3.82148763733864,-2.43842781603028,-5.33420081958376,-4.24227779003114,-0.250245988426661,-1.49759189228089,2.62974622835874,-2.27121486441003,1.03208199162332,-0.179436026441181,0.903660740378089,-2.10200796992158,1.12910639681083,2.55742959950357,-0.520420605362236,-4.65323447665124,-0.497025804344432,-4.88942339821931,-1.80433781721661,-2.78151231897859,-0.788074664129614,-2.09156869631772,-1.15941850664604,1.95696346538381,-0.474236334566787,1.1417586252755,-2.77656025775143,-1.58278476536779,2.06648317556518,-2.22149270411385,-0.354483606916287,-0.995708402248402,-1.05239703324705,3.80884714016985,2.07738080571394,-0.904957733746108,-3.07318087409596,-0.733407122961287,-0.394807710731592,-0.917439208910049,-1.55950837645924,-4.23882699771172,-3.06161835790834,-0.84877486655181,-1.65001658343204,0.714093107271613,-2.26145193171563,-4.24653066044287,-1.45210074592705,0.495368806849259,-1.90352634595299,0.0480809768515931,-3.69617297527255,-0.669824360242744,-1.06615487330495,-4.7751761983561,2.17271674283011,1.25991347919683,2.95767124914481,-0.300250360494417,1.33791114737207,-2.57027965585019,-1.31875601342135,-1.49982549525811,-1.2824761511182,-1.08786911504057,0.18670532578234,-1.27149060095949,1.7577427908126,-3.46960715419907,-2.70557333571121,0.161145165123368,0.464927031521757,-5.78608550420761,0.167734962306144,0.454881719774738,-3.91349506731745,-0.861748751223916,-0.461917673609269,-1.0335273258275,0.740756771012721,-3.97976352282252,-4.20372066466661,1.55090064424833,-2.65315024951011,-3.57036480338704,1.61517210924919,1.05238004865579,-2.59051563288483,-2.04766092564909,1.61783694727885,0.779180616490724,-3.32658249089412,-2.79676271223726,-3.46319435086157,-3.34444022869368,0.366686699367075,-1.12213944875663,-2.18954124481091,-1.37721394146362,-1.45966538381332,1.93347832236354,-4.04697839703764,-3.4932322449188,-2.12699007108102,-4.64494001962512,-1.31064028790506,-2.72801949095756,0.292767558797882,1.77979033792043,-1.90916939038602,3.75053671338528,0.165108240802982,-3.43256701457837,4.21355601994246,-0.981753711078882,-0.155045581701344,0.480173577848335,0.0786536158487396,-2.02645204558377,-1.59730810563194,0.0186925161309999,-0.63552320803994,-0.98676197464992,-2.71905914473544,-1.65910266149614,-3.38407835140482,-0.602219814034838,-0.497699725241408,0.447699058796178,-0.128246341637432,-1.99602572940567,0.316113831975949,-0.168020895843647,-3.53588589676733,-0.575399436705086,-1.13348404344733,1.32787014717316,-0.257329590958182,-3.36060622652616,-1.93861652234009,-3.09079721901733,-1.99274390877279,-0.936095501436188,-0.321920086564371,0.710779726884631,-3.3770322590092,2.10602716193404,0.487964804713894,2.05763184015247,-2.3177666658748,-3.25107639399414,-1.29434243531977,0.369145207641047,1.37730955844217,-2.26677712205529,-2.39162382391251,-0.748971733333904,-2.89522091096548,-0.885886664107301,-4.52404779600124,-3.96004959285455,-2.69170917296615,-1.17128808820278,-1.35104306180479,-1.17096864582539,-3.76987407413192,-2.06254988498221,-0.632738127219137,-3.49954741395391,-1.05977201368028,-1.92498424988467,0.832474800770489,0.0552683423449731,-0.401819903210446,-2.80621970843797,-0.296988907269922,0.765725473259429,-2.35170311995413,-0.636795223737883,-1.31604312800444,-2.0290322537535,0.170304502107377,-1.08482697959057,-0.484950033809424,0.723198598922869,2.62870797621201,-2.96388541175027,-0.694869575329494,-1.50996869640023,-0.302890941563462,-2.06222255638122,-1.06622416054901,-2.12768467984609,-1.66043343966568,-4.06787357622166,1.96421806533867,-1.37719133793337,-1.12676237415442,-2.56145350706183,-2.0531132849049,-3.0320367341842,0.684204906589141,0.5766528808493,2.66505967246528,-3.17972389006494,-0.0307728916429775,-0.920613761586976,1.86107057100128,-2.76273400619184,-1.855545713416,-2.32736533447503,-3.9873085119337,0.898817365898853,-2.1230653264824,-2.54804036233098,-3.7191661030055,-0.0792969872972071,0.0833787111215489,1.39217482331903,2.45490513513269,0.495326261264247,-4.56874343991272,0.286328408415975,-3.91583091571377,-4.99085369927835,-0.790106692002255,-3.65206763883094,-4.07381261337857,-1.43391969175977,0.746348216699776,-2.89231266605774,-2.2917313436872,-2.35465720024961,-0.0857107368071615,-4.73877198379531,-0.726868463156052,-1.38407792799875,-2.620368732856,-3.47494580166049,-0.71764925536363,2.11792742748863
"57",-3.30272604926922,-2.34876583024647,-1.72654767512868,-1.27890280568572,-2.45229069006038,-0.635503353220221,-3.44707036508589,-0.946351036916988,-3.48029784725689,0.0668577959158783,0.283461618362346,1.62525311126727,-3.18890482937864,-1.49250659659893,1.73915441756047,2.86099533954576,-4.03586104308074,3.32499283406312,-0.621759504400032,1.84812725925151,-1.54977871475323,-2.2401536179962,-0.523831149634402,-1.14602568407044,-2.28147677533008,-1.61620353997357,0.178737381290105,1.09227987649002,-2.74822652884019,0.292006822702849,-0.958843532696704,-0.0228365239900176,1.87620391201537,-4.0498663564821,-3.89219880873449,-0.985871788075547,1.02402838819884,-0.00575826481628494,0.635548116049794,-4.59708343146037,-4.75986556123393,-3.90585267026855,0.459995578404458,0.155356409003091,-3.32280679610176,-1.73320606908301,-2.53902499968308,-0.725527090385575,-2.48677321298708,2.83109105207913,-1.13522371146769,-2.6804333999622,-0.60700305186733,-2.47972640776624,-0.0438947145083426,-1.85950085421767,-3.43995291141793,-1.05880876584901,-1.59153649346915,-1.06815794966854,-0.863682653738095,-2.14065220745615,2.3203969637583,-1.96560193785289,-2.89079086458066,-0.533265293005301,-0.0860898468569712,0.169666262883867,0.825050388981157,-0.547040956344172,3.55330877060232,-0.408700112808236,0.954991833169715,-2.36178544340406,0.115851317399305,0.421124195204221,0.27953022018567,-1.40395454879748,-2.92786863486619,1.72352375538154,-0.833588122260633,-2.52847070494579,-0.813684225648609,0.369620224845729,-2.16374378525229,-3.39623188285873,1.26089322899417,-0.96332756919623,-1.16907009847837,-1.21614603572065,-3.63239791169725,0.667145355293268,-1.30532340234814,-2.92036153958866,1.37327399080659,-0.516556194078757,-5.02098152499501,-0.257526205367195,-2.10979729328604,-3.66779523377938,-3.4677120663064,-5.57801275333657,-2.36331127642338,0.552261968001885,-0.200872573576615,1.16515335602136,0.939880829754278,-0.0932212299133603,0.373113263449821,1.26943176934787,-1.29990539222036,2.67810558992194,0.126555257956633,-3.7578223979155,-0.0920823661525731,-0.403160275436433,-0.798924987832945,-1.48948224511835,-2.23513757592834,-1.70163160886489,-1.62936253147836,-1.77425059481256,-0.00483397821465037,-3.03951556534687,-2.60147640309378,-2.22394236939423,-2.21413730670082,1.00034722927909,-0.81508454544836,-0.170247434193696,-1.69521740734749,0.256439898959416,-1.94616891280887,-0.577783418159322,-1.45355441279288,-1.53969671187462,-0.67947332254532,-2.36515787510438,-0.549337670394731,-1.8281980731618,-0.689885457492081,-1.684209692252,1.76418051501212,0.419203059106873,-4.15224795029369,-4.40604446681498,-0.813304654701626,-2.90493472536414,-3.17281411790711,-3.43442852277668,0.356690787797325,0.0469491181762109,-1.07733316949126,1.1385412558386,1.51784055664313,-0.535869947478906,-3.02139721364769,-3.1949087073721,-0.909178946846382,1.74742617960361,1.03884383713975,-2.57004957355428,-0.524950596271024,-2.72895766975391,-2.95140928707054,-0.0123960974563058,-2.25665656505411,-1.68271999634403,-2.05808800179968,-3.57223618308908,-3.04588485845675,-0.394279310968736,-4.31354950200802,-1.39237974491537,-2.42102672202559,-0.550348624201339,0.82181059406604,0.192034888435063,-1.32680376598126,0.217391716134513,1.46407158769028,-3.76421362716726,-0.8755433778907,-0.472696847196319,-1.49923036908753,-1.56051137928446,-2.04004320993595,-1.87738113124962,-2.96458222535229,-0.899237515987127,0.227862944503022,-0.517244989298054,0.0106642954292133,-3.72124526396663,-1.64301573140454,-2.78907510231315,4.87110731792242,-2.49144037268517,-1.96897647074754,2.90491547191271,-0.0803466489891799,1.59601094438807,-4.12223093386496,0.0831117511255532,-0.797306654338937,-0.2557038360487,-1.08932218083046,-2.58956880279528,-3.07464028960134,-2.77609442499888,2.120567577391,1.00701243560059,-0.852039101527715,-0.992338000264814,0.355163298438863,-1.98408613287134,-1.3627086709105,-0.411667057245978,-1.57153171523572,-0.704545060537717,0.278057376029085,-1.42217840866185,1.26791427054399,-1.59967516084721,2.81414120970278,-0.975964900179912,0.356959795316755,-3.81414003795405,-0.389309457513342,-1.52297409887801,-0.43883447186082,-0.609621338170232,-0.456839285027685,-1.07926971424003,2.04010321455676,-4.22437895785,-0.618743540968529,-5.29805611087845,-4.01439055835021,1.18514350954023,-2.38290629392942,0.429111990023202,-0.438084120920411,2.80638191438751,0.492338772181792,0.0929922771620142,-1.07986980956024,-2.47132716917382,-2.56260476386743,2.42673843991232,-0.573816379835434,-3.70057831783298,1.4861845129392,1.69120457337153,-0.882880523116855,1.09605292871341,-4.10306134430408,-3.10474549398116,-1.75851840595021,-0.644831733177106,-0.120553086846515,0.364958591989498,-3.07599527101974,-0.772250625879493,2.34349110580933,-1.07692685998743,-0.549755567867057,-3.1971565736025,-1.19737831859471,0.684146756556925,1.28697962850599,-0.759566872729939,-2.17329335362894,-5.51544346242493,-1.27080545423277,1.68064872496738,1.12929423297125,-2.590494928548,-0.759737843618877,-1.22878371182258,-1.54428901237219,-4.42519456609378,-1.69164679955401,-2.68239697465367,1.85219000448461,-1.38489198011995,1.20205458960235,-4.42113779387348,-2.72456129624925,-1.83578805267329,0.0246261984213025,-0.749854554931988,-2.38778239445967,1.0208991654426,-2.61274353646436,-2.45493752465386,4.59175686544183,-0.794826711269713,-0.960691839304218,-1.23672767369789,-0.520125601209725,-0.15655162821732,1.01276575052734,-2.95484084370911,-1.17725682023141,-1.71110532968042,0.0340634358811855,-2.12849543672007,-4.26197098496551,-4.76319764086149,-2.41165857620615,-3.09870473098181,0.949105608349198,-2.16983066791745,-1.0950592871584,1.03759562703704,-3.07511135154641,0.34261578084441,-1.22616745387644,-0.663334402628374,0.44428419945744,1.98700446291943,-2.59957077944851,-0.880421736545026,-1.43731926870254,0.510730317326936,-1.21675261734368,3.30638388883972,-2.30621672737362,-1.18417133137722,-1.54298276506992,-1.1850941758768,-5.30550190515032,-2.16817292224726,-2.37863953960734,0.932430877117509,-1.14771298236395,1.95383634299028,-1.80716930249768,2.1449448205277,-2.24813320719261,2.71902583552497,-3.3038647093761,-1.73768283593242,-0.0567601233553913,-2.3984357868281,-1.79254250146854,-3.68922774780066,2.30010314822838,-2.37932320940158,2.42046269230132,0.76483558382859,-2.37785932929206,-1.79307178727812,-2.58635119625726,-1.23895394561549,2.08936225884774,-3.28892128221558,0.94719984837448,-1.72614797844993,-0.350823580451113,-4.17934267433048,-0.956224595322128,-3.21826826933964,-3.42868190904911,0.0351834688044457,-2.77996371942417,-2.93510650681046,-2.04689253579337,-2.60655350828524,-3.3746232408725,-0.598237709284883,0.419915716460414,-1.02095710712788,-4.25406993827567,-1.71133023053221,-2.33385520939064,-2.23340939713436,0.596405828755675,1.89947774835572,0.556089611352814,-3.59123793274697,0.151315659677615,-1.37492281544802,0.650715167979634,-0.253253190571801,0.458215336506214,-4.7598500991504,1.04538632558151,-1.4650164088361,-0.909381724702939,-2.95110321527445,0.203234047969179,-2.60282380206068,-0.703490781986107,-1.19331388317912,-0.853632928341183,-3.79974847524097,0.641733496606372,-4.31882601767699,-3.75666114300884,-0.983194926579747,-3.12457302132843,-0.0722833618235172,-2.3163127048622,-3.68209486298026,2.41450019193649,0.423165631290417,-2.59774845286651,-0.16225074470503,0.768226735992587,1.39422300505143,-4.42599399593893,-1.9306378961492,-1.72006706117347,-4.41015378624698,0.197528311513976,-1.83426946910477,2.9482291396632,2.87968873568855,2.9215546803575,-2.78668733484705,3.7688647076292,-0.844963661212534,-2.41457834551298,-3.5259458503758,-0.341750763654324,-0.91250866287451,-2.25759779315871,-1.59306774244111,-1.10803365020201,-0.522819940710612,4.2649589350664,0.10486734202436,-0.841638444367504,-6.70920608901344,0.569004620194161,-0.0970194569359053,-0.966471909027722,0.422769827492574,2.50683231603648,0.273134699552908,-2.3486926570345,-1.94108422416021,-4.69714940074524,0.0846734596496153,-0.202349194827119,1.91762214241071,1.71467116928527,-1.51543287790377,-1.52313869065231,-2.10743111059108,-2.44260228960344,-4.17940848864173,-0.148933393612232,0.360994058282956,-3.45081157547249,-1.38489313976174,-0.37289002309411,-1.21911015443074,-0.32327321978776,0.427145773953358,-1.4290224553841,0.312836160122194,-2.47616448359395,0.896329026120049,-3.68081783885041,-0.747093521017288,-0.535683177685573,-1.28946469952578,0.748372500759478,1.86594651033332,-0.568882766248452,0.664458888611385,-2.66973955222727,-6.6879197947734,-2.78189361418742,-5.61801239861961,-3.1762976024301,0.888221226446806,0.951718237241161,1.64714539512785,0.83434968638275,1.41267771885103,0.261631740624414,-3.63196286229193,4.11316195623343,-2.38613086641413,-2.55927724292489,-1.89409588945486,-0.207491397691263,1.00570391584345,3.87308224771228,0.0207461384475522,-3.84788379773486,2.62732329899728,0.78448363158891,-3.75439216047456,-3.8675339997811,-2.15412552897919,-5.00103975575763,3.97405849571136,-2.72262419826232,-3.88850612016261,-3.82517627395135,-2.34191691637789,-1.57926189118432,-2.8673057541454,1.2394996249621,1.45876231113922,-4.60930181006769,0.405635099060401,0.987251900952489,1.88194443905407,-3.56294639552864,2.20268001291751,0.177374112642631,-3.63258589666322,0.854689496731358,-0.899679570041829,-3.21335630704553,-0.884720506033309,0.657195861513074,-1.44612472709343,-1.87729572493653,-2.87252721362035,-1.4117571989824,-1.27685192119836,-3.0737888118967,-1.42676994039855,-3.05654819285713,-0.500909663454365,-0.601589434942105,1.14236887788502,-1.29587649115022,-0.818446810671237,-1.58459737551459,-3.27091918288361,-0.806843874326259,-3.5881452434073,-1.04156527528433,-3.30225004821243,-2.01477146341744,-2.48033768340666,-0.2795300689775,-2.96007017494401,-1.1346225570494,-1.22387484547172,-0.283218862902604,-1.62027489197303,0.463030160907547,-1.14898431370986,-1.24413408186877,0.775755516603642,-2.18028851350891,-2.11300098398479,-2.98374555916944,-4.48919673229998,-0.19068504134677,2.22073989510269,-0.914122835310338,2.35792639047657,-2.60328148424267,0.543113615279204,-6.85941103258544,-0.235058440777374,-1.66156205722755,-3.16883696679761,-1.58003982118449,-1.9199750587384,-0.807990629997559,1.52658230053338,0.28526994045544,-2.6891813714862,-1.63103119311077,-0.122482093061733,0.451807742192143,-2.1864841725211,-0.630845470866988,-0.539197985941574,2.74949752638398,-0.401072419303665,-1.37692571827337,1.03209958092172,2.3840721143473,1.46956500169974,-3.27966057421814,-0.784482683449785,-0.5378814530699,3.65353629292324,-1.71765735639988,0.0951040910149845,0.570209288115645,-1.41667405568511,0.156353542752321,-2.02556180958468,0.688105375773173,-1.87596000729223,0.614172340480942,0.973713057742769,-1.9138501520664,0.611216812315989,-1.23760676532479,-1.87397928738746,0.517163182718416,-1.54485046278987,-1.41965631930843,-1.73423645115594,1.24295726713704,-1.8090634412589,-1.09928372974551,-2.60211034280818,1.57667062477707,-3.81222365106016,3.05189758378965,-1.81097216631962,-1.42439420053904,0.172533563334595,-4.95703647778616,-3.40906713851213,1.53109503575655,0.425985909502716,-1.74615812570876,0.994280589706879,-1.68456658358153,-0.367510133634116,3.45684342672873,-0.997552814916673,-1.02899392148401,0.28770603958056,0.239997915325901,-4.42068117600637,1.11672243902423,-4.43054298912412,1.63021331414221,-2.37402575195291,-2.13534141585867,-0.937874093616161,-5.6414367334507,5.56923476987991,-5.63588559353149,-2.19099969241901,-0.71261953847284,-0.47510230425143,-4.19315148188526,2.28177836701495,-2.89496935927084,-1.14480774371858,0.0154524729959453,-0.884518086517335,0.415606006795412,-2.23528149967407,-0.660753484042932,0.737777655005072,-3.75451225964605,-0.766763345682457,-0.725111488374609,-0.582851080502307,2.54341997602971,-1.75619256769051,-2.83653967109693,-1.75735643725084,2.31689009952537,0.0164650777892805,0.511770973988218,-3.53285692600476,-0.742684314621577,-1.20646993647976,0.208938577185559,-1.31616511637707,-1.28180392898504,-0.706268898805615,-0.283511527252877,-4.84658225097363,-0.671425577560782,-0.882998611045991,-4.91761338834498,-0.916141621670505,2.11141400332241,0.176548094055703,-0.636118334718452,-2.85736048512768,2.30588594584693,-1.56525287633229,-1.2699062283691,2.01277831920948,-3.96429722549516,-3.94091216894522,-0.630606845865339,-2.31783371436223,-0.923968465640322,-2.36455279243033,-2.83579327333559,0.0950562650620819,1.12963991755496,0.531439537813697,-0.723916796776936,-0.822941450597773,-0.353664631175777,-0.549725079549921,2.03813048790449,-3.84932591933791,1.14161242805769,1.6247282508759,-1.0311063172655,1.74233946290376,-0.523037366107493,-0.332110874590819,-1.16630441143705,-0.0222514760851907,4.33876260881494,2.16781769215692,-0.956543445193767,-0.576201012880614,1.21710450977771,-1.27326136911854,0.564866870158132,-7.27009859977236,1.19905035110042,1.24922161579363
"58",3.91968809810382,2.59479670804265,6.36196743370283,8.41389082878646,5.17038334792259,3.45794971255999,3.38238007521645,7.55662533126976,6.54998849862568,3.48301951211074,9.27846207212745,4.49339598284218,5.69799427823503,8.1928179436362,6.29414925190693,7.30268362221298,2.75653936818393,4.35356223331048,4.0430658483722,6.3813823456999,6.99384484059567,7.4480059256975,5.17887544159044,-0.0626185429966224,1.76302443400399,5.51026111886383,2.62398994194537,4.15227555435179,5.12953711003104,5.78635063565839,6.66575991654771,5.41577377537596,7.64118897046841,5.32244137252156,0.282507341905934,3.3390116043968,7.07945620207654,6.09097650016751,5.8128993758533,4.98222471565133,3.97384956939466,6.98715561677627,6.18554015492748,0.500080663630804,-3.6452031681188,-0.110889360589567,-2.04836618857372,-5.48023100945347,-2.1292594709424,1.71923193558449,-1.151611116423,-1.78241615847979,-0.906560051946433,-3.34787877317021,-4.52677964039617,-2.76628143323931,-0.954954901064869,-0.174599460706371,2.30220174789661,2.42158566426771,-2.20723340178503,-2.210275888614,-0.247996307187272,-1.76253256557254,0.842513260660241,-0.282370326111241,3.96567683076582,-1.37446353232502,1.96350813359668,-2.8101915833593,-4.99808867277769,0.0902655569757533,-0.53522746497553,1.29721341555474,2.7563364300445,-0.170899279573693,-1.93406218339004,-0.807988412223754,2.42939954101321,1.10435219867974,-3.96745036703184,-1.50610382518724,-0.73182315723857,1.32277272116586,0.0762103001449039,-2.22472508144285,4.6381725081067,-3.39135587889173,-3.94925185122669,1.00023597565475,-0.860582330416379,-3.64801496925094,-2.33832837513656,-2.24579841102051,-0.832049861028904,2.82606675376449,-4.24449932591555,-0.834045354806952,-1.59246084727756,0.303633324340111,0.931607167515344,1.07906913046229,-0.333455835819756,-1.81457014390189,0.642659285037884,-2.16219362151526,-0.198060805612343,-1.56889523333197,-0.67299450662003,-0.667967581016664,-2.69737080009244,-2.14339325065767,-1.75428242170275,0.73942140219769,-2.2814843165586,1.45621895682063,-1.01722342808087,-0.206456248401363,2.35615363186188,2.20579915464171,-1.33286550891945,-0.740490361535502,2.78984155533364,-3.48984028667893,-1.36717066566997,-2.36188701293286,-0.0478779683968649,1.29525240545859,-2.3131489602705,-3.05903668947471,0.249495451911768,-2.45867487499352,-4.52207725403289,-0.346833868799374,2.42393648524272,-0.592092483318749,0.36051489567017,1.54811684447235,-1.35669792940113,0.0266637529507776,-3.33801031814859,-4.88909214788524,-1.80782479681266,-1.25251576881951,0.919869839603752,-2.64346269838361,-1.27563308692891,-4.9255736246701,-0.696173516096167,-0.142244466108115,-5.3321406964823,-2.12879337410084,-1.72791647399923,-0.922080600479576,-0.72136880061889,-0.613709084843368,-0.867305122821333,-1.18217236101422,-3.75302351992184,-0.115381010575508,1.1630135922824,-1.55971816901039,-1.29833088035018,2.17576740477557,0.174572030531909,-1.47083384283505,3.08997119518604,-3.46639377763309,-2.60128467332426,1.29169837862363,1.47253283525069,-0.327657361265086,-2.49081803601643,-1.20924390357961,-2.13693770137355,3.10620728069941,1.55383603557412,-2.28762378522198,0.153648578831104,0.0533342519540481,-0.509819272429457,-3.33426602192195,-2.63344371018089,-0.376692808386263,-3.89150537456766,-1.55799645135089,-1.53827915711877,-0.73881882700611,3.01018518507416,-1.40220425203348,0.0977338726644852,-1.95054756681461,-3.40064073488536,-0.366029058042653,-0.84756281515689,-1.42107774268913,-2.43477625022781,0.290663427752485,1.22024643771938,1.0900974906575,1.10498499124126,-2.90263911354177,3.62657535014457,-3.71611094333688,-1.48999678092007,2.92071023467726,0.796781650941915,0.12719094666022,-2.08721827259259,0.697036658318015,-1.60173488207934,-3.79164733002665,-6.51811253376505,-1.29772090988612,0.835398566280676,-2.53122642977027,-2.24992825287981,-1.41955727832766,-1.83728090129978,-4.87486648569342,-2.4647487661736,-0.455112504180348,-2.25119901550644,-1.3471328989338,-0.824079891619485,-4.16807207646997,-1.85301468214697,-4.44299681281091,2.00678484325356,1.07112661180756,-1.87940719793056,0.572603191822865,-2.77997911675546,-1.27997931457909,-5.52755390503825,0.388143481478499,-2.43429163633664,-0.166447947942766,-0.181271512131093,2.17078726184672,-0.920007110863556,1.07896741547087,-0.442373558161479,-4.47042515063724,1.04983506874117,-2.08697207088637,-1.86830875046353,-2.61253251634418,-1.13693766021602,-2.59121288103371,-1.87463204711937,-1.42650982405376,3.80584845683286,-2.41041927895001,-2.01818866075009,-0.527027318049827,-0.329626033574435,-3.26863611160412,1.71889204093682,-2.66503022535903,-3.4358498109097,-2.86629625814643,0.592306815549262,-0.354953415584359,0.0507111370998699,1.08872016852507,-1.87656104982582,-1.19367528974138,-4.47688032111902,-2.03583825545285,-0.707984415910978,4.44963466535967,3.27813908819653,0.856834258194608,1.36813696076883,0.518651102089056,0.120116631486361,-0.725544096333086,-1.45869826833577,-0.238912826476185,1.1327400638108,-0.233818132509553,-3.76211302449533,1.10338306816901,-1.17797470086173,-3.47561833116399,2.28051766576764,0.163591913126999,-0.507203688503397,2.40238718563861,2.92992601374232,-0.474054570114177,-0.0288560054557243,0.810059558441118,-0.349639476088885,-0.751245861881787,-2.66702222983703,-1.11655438386891,-0.530477833067297,-0.0580338517977186,-0.792657100466747,-0.301522295146814,-2.33978600634259,-1.73471117187712,-1.84047900958976,-4.43376038086284,-1.33163129044192,-4.6235871570393,-1.54108695610526,-0.357600724571161,-0.692661595205679,0.697704017508977,-1.0294349597236,-0.17345417607372,-3.01974601241016,1.59615813231821,-1.27395807278141,-4.31908747575991,-1.81216003060587,-1.43450442725077,-3.66346017756927,-3.56265690414215,-1.31654398178765,-1.00239927271824,-0.718489979902802,-1.68893006935791,-1.7565969431298,3.0431541540818,-5.32842396023199,0.133866453943942,-0.432014473330102,-2.47329656793688,1.53496594179384,-6.43220165400347,1.08086905019674,-3.39767599255598,0.88178414656014,-0.950495200187032,-3.81991741740015,-1.27320272980612,-0.767772382054559,-3.58406623664295,-4.04339350754262,-0.813550067366457,-1.5777987914729,-4.66056382293266,0.497162590633843,-0.727022009540369,-2.97382457907477,-3.01867192314219,1.19804471815022,-2.77158243151917,-0.574196954279853,2.63809263080498,-2.20445612081198,-0.373183246242145,-0.0965119680917689,-2.21379712013327,-3.44304028238998,1.71717070394992,-2.64979031946615,1.40189595274117,3.48013546674994,-1.69210966663003,2.00012326462022,-2.23852867004448,-0.0899776682091192,0.119589389209202,0.941442873141671,1.74617494064667,0.888720663107314,2.31236277420742,-0.185294497297386,-3.39106085817111,1.86643644065529,-1.66238009799571,1.26126303622762,-1.5581419492327,-3.28746642559714,-1.12909711399455,-1.80615194289517,-5.98400239465251,-1.7596403539448,-2.29320486953062,0.213110387789152,0.124115274304094,0.00939290792610592,-3.29662289939603,-1.00635909337334,1.13144802898387,-0.99322387343272,-2.94734471499693,1.96244796929596,-3.7026188847788,-1.27401509838772,-0.132770243024909,0.538424992306139,-1.33622382326483,-0.154235129303854,-3.22060612451437,-2.45807811336561,-1.86489983419402,-0.332868650008085,2.33546579660401,-3.59931623305645,-2.5119694835034,1.25327224152839,1.0725934366425,-1.29114066858212,-0.556314537866615,-1.60811809133954,-0.073945531993329,-2.64460827913692,-2.11470434537742,0.75684139397643,-0.156865709045207,-0.16383666734549,0.255751899683295,-3.18951851786714,-0.829080712818356,-1.7177377414876,1.92691026420286,-0.0724181384493038,-3.67485280943298,2.20070880135927,-1.4317904165326,1.30785094302581,-1.6459737665143,-1.51759714999602,2.10146251399128,-3.84268900381698,1.11503093371422,-1.83343898512851,-3.01937815241886,-3.28417164573833,-1.96499122616578,-2.09597693295168,-2.80727655235478,-1.27414154540169,-1.40688686789052,2.42066158482315,3.38616189447415,-2.72446083540156,0.0392634270719356,0.56102532197812,0.539296715073633,0.474221697519298,-0.671616126808231,-0.808274798672326,1.26800822399052,0.168834792868845,0.400786458586096,-1.12079039539048,0.481075319457822,-1.44152095519978,-4.53506940712229,-0.455798961014591,-1.09557144290746,3.07699216520453,0.103901248298565,-0.306694298628234,2.46558627086056,1.18745885777378,-2.07074651837223,1.17388462898893,-1.56772156884766,-4.1476071221694,-0.572816214880807,-2.75438051684109,-0.0450145148707415,-0.753592298342104,0.414860067980417,-1.67008173408398,-1.01840628025819,-2.69387386450396,-1.84154159881647,-2.08018899321187,-5.16791255260264,-0.38695201409183,-4.39553316156109,-3.99101384199899,0.420668220988678,2.51423982629032,-3.70471077196221,1.51219878404874,-2.66805734399867,-0.196041252572937,-1.50559198944963,-2.71296543193926,0.570827665764618,0.741684938379076,-1.11658253625671,-1.7480088931237,-1.23199398907498,-0.12163865206925,-0.655831709294425,1.62229968526593,-3.65640969714016,-2.0076171757981,0.381698285975614,-2.47493828994069,-4.97891735353326,3.90766505268947,-1.24529965735703,2.96356948415634,-3.90920993760927,-3.90236320233817,-1.89254589330226,-1.97652008432928,0.0207760303710689,0.927514215473707,0.103797631717531,-0.571169727216568,-1.9661894253292,-0.235218384813846,-1.2338094017672,-0.91074548073139,-1.62435857319212,0.265000801418152,-1.27624916115014,-1.72897770595891,-2.8838101166206,-1.0158235697999,-0.507770122139773,-2.57087364481152,2.69919800795512,-2.46565152095857,-3.31366110435069,0.426338295371933,-0.343870994889012,-1.55299035508999,-1.86624754219212,-4.29749025430625,-2.26439532233159,-3.92868323160888,-1.75793181296807,-2.82948004973947,-0.172263848942819,0.364662773105006,-1.1761704283658,-3.40403441252318,0.954804242054828,-1.32312798218924,1.53886858992597,-0.310717123649672,-2.32030297945932,-4.02719134780355,-1.39031758667763,0.569437479806802,-0.869359776301252,-3.24726958664042,-0.519916013083266,-3.93436465631645,-2.74320349756412,-0.682952367007957,-2.58214647164507,-1.09397391634593,-2.98708473499933,2.36530817452196,-0.0512318823561968,-0.0961367736573442,2.10206148663484,-0.995731944356794,1.21793995952977,-0.669887226538573,-3.30435551809137,0.231758437672683,-1.58168623667541,-1.18021410899803,-2.63519200350713,-3.17366015267593,-1.0636191800687,-2.42363211151389,-3.80991489806025,-1.23775479724297,-2.19396053879652,-1.8416071773254,-2.13000465457697,0.523249864367018,-1.3165495985543,2.21751785900206,-1.44665555805021,-4.5136833751753,-3.16368772512139,-1.95934744931011,-0.74053661102135,-0.483186671950104,-2.74855798662022,-1.180792276243,1.86041708941559,-0.302479854358041,1.14357925106227,-0.633278141700142,-1.47116768541505,-3.05554080720986,2.1059766441556,-0.811051967037599,-3.40805926032684,3.3341626222727,0.547476215484598,-4.09369452755905,-0.505216403398821,-0.0753132572895868,1.69179633873046,-0.0354706673980869,-1.48775928476914,0.436887844869689,-4.04458341019036,1.08290970726964,-6.05631837873481,-2.14049160627866,-0.823143245872632,-4.72649694431131,-3.54926541279518,-1.61722196393702,-2.27016838918149,-2.47761979358308,-1.76459652065163,-0.118298341893369,-1.50368765462066,-1.46489696337973,-3.31655655611595,-0.49242224264927,1.08301016171396,-4.2191293432484,3.74916737930018,3.63715327780665,-2.8388148361478,-0.678379825112198,0.433739025797595,-1.63520210992781,-4.18905343045028,-3.04766279089056,1.76406872765372,-4.63920659959926,-1.85789516747204,-5.78091282846329,4.25080226500436,-0.836026839596255,-1.77011570261115,-3.0421407585396,-0.163016156822888,-1.67304158295624,-3.13173731605365,-0.156402703309283,-1.68975492620614,-1.56450241857328,-2.27830970909776,-4.06088069594395,0.77967155350574,1.56921977434629,-5.14930896999482,2.17358083993683,-0.170503634035781,1.47085931004874,-2.76943519453686,-1.19362989094849,-5.09446797375342,-3.65499224504522,0.622141232322548,-0.666909938003231,0.412543590049801,0.960205112668046,-1.77622780598066,2.31536873708813,-1.89061865027537,1.41542972053562,-3.39650914671073,-1.1637001559373,0.0460420290812285,-0.227121533598945,-0.52848089695972,-1.86751748161984,-2.28778410719761,-3.64464972806285,2.94489539915983,2.21885054125186,-0.110343036568264,1.06398169802046,0.773407316604987,-2.735710800513,0.649956901128156,-0.878349925105286,1.90317173533263,-3.40975700512425,-4.20157472818283,-0.132562188370473,-0.418226521598855,-0.545181560768778,-0.190720664853372,2.62634259205859,-3.18963085464709,-2.40762982952786,0.458107944897493,-3.38251808056734,-1.5838935491435,-2.96543228661307,0.0873656806741305,-3.46823948838946,-1.16450400197864,-2.1434677923412,0.113297335319831,-0.735454136835286,0.157477637443927,0.206238743037277,-1.39518031411215,2.43324662173896,-3.59894713071096,-1.1660105930346,0.202692944054939,-2.7976679818829,1.6737255844107,-3.56656605569777,-0.810511332080313,1.54913201662627,-0.622453772900572,-2.78377588635256,-0.266301783198695,-4.00287449867575,-0.944607411726755
"59",5.62701824776683,3.861290573101,6.90056386112748,7.29477211961519,5.21069766418206,6.7206950839489,2.87106076347494,2.80686427517499,4.21630664551954,9.00298292609751,3.41682213349017,5.59767352031455,4.1657854320771,1.11629290063625,3.14942017445663,4.31628237093591,1.89788855692621,5.45333230467513,6.00860715655522,6.65484809814042,3.95908581904155,2.73540358803023,2.50885391718201,6.32046402692823,7.50566882486979,5.89376861941013,1.84143166377012,7.8318082856451,4.09969844024282,5.3360767159556,6.56240250180538,5.42868119079136,1.34854490130606,2.03062830511875,7.83820380938662,7.52810684129021,7.52291141793784,2.62938429754076,8.09917979400313,6.13803065872504,5.29306036279195,5.73641524406284,3.06059187388383,4.74099167285456,4.1483778809228,2.72083965315675,8.27816780334518,7.95896336707037,7.21492769584795,7.02207606271376,6.57867472721783,4.38391539904983,3.65982800260322,5.00614481819724,7.80358368168444,6.3562066051968,4.49632924062654,6.80908330471691,8.17222104716415,3.98261949950682,4.38771678996071,5.91261581342008,7.73657946270568,8.87150684924582,5.66463871970733,6.52459158118113,5.9967532324522,4.3372287558716,5.5899517154579,5.82979304323714,2.45130983052085,5.91518802791035,3.7029573422301,6.04575808590064,7.72878243032967,4.08884535796764,4.07102579750738,7.36026717714732,8.06734374482716,2.67272359207132,1.62397271119415,4.52191144778325,7.75078554595022,3.99050415693556,4.20123356556408,3.32769092961512,6.33851212989124,1.73668833373933,5.02429384794641,-4.24801067455583,-4.52752995025199,3.11345548424705,1.13763705928795,-0.438740423330526,-2.16392963424751,-3.21921281529188,0.0152771878113809,-3.80578343452293,-0.56248017566066,-1.69160910350171,-0.918197324321913,-4.23025286483194,-0.16258947767938,0.570340897301998,-0.667435424152672,-5.83329574818694,-0.549490983811878,1.13995706417227,-0.018907702344056,-2.31239199199683,-3.72750186273456,-0.290767316592876,-1.81616866816473,-1.37285390189156,-0.379463010128765,-0.767739202978148,-2.79496073656825,-3.41055962775056,1.05541891448986,0.445376617693805,1.0934255773286,-1.95583268549654,-2.35920005615887,-0.950224244936549,-4.78911255257266,-0.948660779818684,-0.699697251937608,-2.63484953319597,2.01295437356766,-0.203159206866007,-1.82361296146194,-2.57260526514338,-2.42811064505987,-2.28968520745005,-1.33986200339809,1.35131881213772,0.772705941203687,1.57643317349826,-0.911810459346352,0.278789121463396,-1.69592523004362,3.44803438036525,-4.37766193491159,-0.241411040199302,-0.590476565376146,1.26032659577747,-1.73518030039357,-3.33458752112102,0.456877472564149,0.155078084722438,0.824408275351961,-3.50405463360445,-4.96421780309791,0.977259871129413,-1.69144305016609,-0.390929150439427,-4.09928433151703,3.24216808940027,-3.448196697927,-0.868896374168574,0.381402717108315,-1.33919032212755,-2.15592274806008,-2.43265637227773,-6.19680374610621,-1.22050449202392,-1.8393861953789,0.892095846421536,-2.43879908207061,0.104630600719158,-2.13692577458166,-1.65133171509156,-3.74986471031383,-1.47975928826127,0.358067832507247,0.325534489043456,-2.44539274907897,0.824176690052963,1.58415036078706,-0.847180888762891,-0.967680231637599,-0.0870717413262231,-3.32155021887267,-1.87790457849374,-2.53792945579313,2.29069962858902,-2.01229953020662,-0.495182553157894,-1.6058725296187,-0.989903890531951,-2.48236546282542,-0.132952450776047,-1.80491647457134,-2.1161480266448,-0.650931705258326,-1.10169972386106,-2.07490670614241,-0.85502977907738,1.3565753001702,-0.211346436587546,1.03045063479779,-2.16280767346489,-2.73059381758964,-0.300174693042887,0.445082779825006,-3.08204098450967,-0.503444468572644,0.130356671943215,1.71432906045969,-4.56299170685605,1.99657130776803,-0.810002458722645,-4.05043400337957,-4.43906980388783,-1.57848310840251,0.271652983745027,-0.50153739484778,-3.47771250904814,-3.01081120118099,-0.62381996865121,0.218938345601946,0.85391812309378,-2.88091563496853,-0.202841068751758,-3.7075495339656,0.200198063550537,-2.61722213656194,0.168174943249994,-4.64186268240992,-2.57620982852033,0.719890226598421,-1.24561438649772,-3.30432313527916,-1.66422121210011,-0.360178702969884,1.72258511479806,-2.24564903275191,-1.71889149123168,-1.66432219093052,-0.551791279003501,-2.12458869863166,1.75122959482825,-2.21946331946361,0.00909816697822841,0.529252037668617,0.397193664499333,1.29158104271557,-5.13978764418323,-0.806029884449413,-1.1875254792074,-2.57947473909292,0.466947698673302,-4.69841429941389,1.08918472041733,-1.34055655987944,-2.89874424978502,-3.32343921811597,-1.78896655102701,-0.781292444453041,-0.774187025005141,-2.17698600025003,-3.50924523555657,-3.9779968944612,-6.58122222633246,-0.841372948763666,0.179871258556365,-2.08864358158955,1.28027625977974,-3.55607194400736,-3.38099887493537,-2.73826618622841,-0.466946675260738,0.833733034060623,0.384755203161443,1.77740842928256,-0.786751586351033,0.838038677672326,-1.51348203292406,-1.15540501458357,-2.58477964857954,1.10576039599585,-2.50784770712263,-2.65155046004013,-1.70882342214892,-2.75459665355285,-1.25508918592957,0.0150782059004835,-1.26118487975788,-3.4197752469079,1.71191380153891,0.606527600182353,-3.35108131210084,-1.48641924510902,-2.48498361122118,-3.8899501786281,-0.231658752481045,-0.78751163446976,0.438204602059314,2.07527964075367,-1.85710970421457,0.607336942526273,-0.0338730430695672,-0.546799513228475,1.85263186463608,0.7539072128042,1.37674477457307,-2.10433460690442,-0.138994752277153,-5.3932577959374,-2.19809139938639,-1.02596229782973,-1.52282334975373,-2.60177588382319,2.29263977768656,-1.04582583087876,-2.09197778555785,2.08063315233853,-0.524095578834586,-2.54424960813518,-3.60534066429284,-2.73537571843006,-2.76313514091262,-0.214710850126705,0.0699504688525014,-7.00459594739001,0.927829291341081,-3.42609712161021,-6.60115406889722,-0.1614820359044,-2.08814431640426,-0.331508525310802,-2.96852259969144,-1.97457685144269,0.0644645871689942,0.0196380775017189,1.45815998932842,2.63194064054979,1.32153471949814,-0.919658470352957,-0.811016674443933,-0.492965557603814,2.0094398796055,2.41655503920971,-2.23972467480578,-2.76369908524979,-2.09856020575285,-0.132916104445837,1.95987379010372,1.34818503112912,-1.29303411124738,-1.35526503182391,0.468453532355697,-3.92712792448714,-0.357019196735691,0.153861564538152,-1.06453679169622,3.16839372771233,1.26082855787292,-0.348155365874767,-1.42812920269371,2.96233892960846,-1.15321991622526,-3.19026333605383,-1.31091816420172,-1.85456816419303,-2.93650980995797,0.610125220069937,-1.10377381025874,-1.32189960027902,-0.963301815373324,-2.27103693473658,-1.00609502282047,0.264013034268867,-3.10804303838128,-1.26564421729448,-2.18108727436231,-0.996428809862616,-4.42241962012257,1.48160747313771,-3.79315844680911,-0.406358459213453,-2.0591122016235,-3.99098935951928,-0.473079333557187,-2.80528993298212,-1.87848991274727,-4.49859783240296,-1.06745346500362,-3.98066996810074,-2.05716450271757,0.607434927634904,-0.512653880030993,-3.68267332219333,-1.52973129529576,2.55522209099688,1.9448181434505,-4.75436821022187,-1.62415193887103,-3.40271964313911,-0.480211081449695,-2.73044311139454,-1.20176834464538,-1.97067410563498,1.09517602476066,-3.53785677227021,1.53477195852941,-2.71103267976879,-2.82680611283034,-0.36844971350685,-2.13532559768321,-1.54851980099032,-1.30407473548599,-1.83136819186069,-1.78477808619469,-1.65426933105562,-0.333408979115914,-0.215433101019079,3.22510680561921,-1.86020619237822,-1.79432006570282,-1.12480944721737,-3.49270793216063,0.5443311915263,1.86108900555003,-0.28137068249813,-2.04562046363038,-3.22318036123103,-2.30484978107477,-3.53097594290745,-0.429694328883541,-1.30515608227383,-4.05401966566201,0.155893331924281,-3.57054120940079,0.354197176479074,-0.166193060140648,-1.81177851681857,0.773348437324054,-1.71173745606872,2.74018388672381,-1.23827228570785,-0.831296242920677,-1.37912216963639,-0.890311257414871,-1.36873122624467,-2.48026079427628,-3.3280268547084,-1.04654356460411,-2.39859753522673,-0.521731049236826,1.10594746352135,2.05105886695567,-2.20170783499416,-4.0849092708703,1.07139492685935,-0.977682143412774,-2.89177764486205,1.29873013350336,-1.13711507474026,-0.665421728922787,-4.24887376255187,-0.104937233313754,0.0275818526927387,-2.01316118306063,2.00959925112264,-1.31901332614333,-4.16074202776258,-4.11146869430218,-1.90419921121325,0.134537019747367,-3.34172109335424,0.864106520889552,-1.91629290081908,-0.873857627745825,-3.72311344589221,-4.61174052244296,-1.84442848902115,0.623718955602361,-0.850282559113021,1.92429096699072,0.514996604592584,0.728290829994406,-2.16544264402678,-1.46221885760299,-1.3405607502564,-0.635026632571265,0.199862003601393,-1.58499153432008,1.11302513417614,0.171046589023595,1.45752261740413,-2.06767578912278,-4.32994433700385,-0.0183919463299113,0.391030269676825,0.76807548371105,-1.96434059484447,-1.70666905438655,-2.25779979864163,-0.926467759065734,-4.94766870132863,1.70646584656458,-4.55158955990492,1.58225833596672,-5.02910844245349,-1.51629570379629,-3.44402480725483,0.48398143518935,-4.72014861815298,-0.613416453830051,-2.35812419837202,-3.86978262566829,1.78932991163592,-0.543682175743796,0.859150285788224,-1.44865789084186,1.40479343789373,-4.18723799268523,-2.48356055415805,0.686293941019568,-1.44644233844627,-1.96039644981314,-0.862775959830028,-1.02741719110105,-3.76745363017577,1.43053615868897,-2.67181191322057,-2.31312105062242,-2.42545581431903,-0.602663498566794,-2.07190273683423,-6.47199306677262,-2.06316319301221,0.425696611868091,-3.47242597707595,-2.9578251497935,0.0417574304613357,-0.0173777164867719,-3.12934199562587,2.6311132731545,-2.49127663945037,-0.318157453225505,-1.1519764534682,1.64032089963644,-4.40000784586077,-1.80607556011641,1.55759440862943,-1.35180037531634,-0.186685643250737,-1.73475231272591,-0.486385548821733,-0.216923095147061,-3.08992954039398,-1.00352902056907,-0.234973143964202,-3.60252843629131,-2.86722702931059,-0.993853148420043,1.41280840410022,-0.729377813526888,0.349866631007134,0.157977512161509,-0.776991328946564,-2.41027850681448,-0.67089951090245,-0.273286076721579,0.520086102275516,3.8102768858184,-4.75512554547356,-2.18796281010901,-1.16519159580163,-2.12773670692553,-2.01534156861813,0.653917063910279,-1.96917496535425,1.96421604490621,-3.85067858507315,-1.35397475397496,0.174291478420775,-0.0024365274205479,-0.301149222229948,-1.71827222427722,3.20911758355766,-2.94206812427124,-1.97760728339363,0.00630053595251079,-0.807358202342072,-3.81054113387809,-0.62625114317224,-4.43879799786507,-2.77274402017754,-3.1664621567071,-5.02095971458887,-1.06451965942825,-2.05884738329215,-4.92305619395735,3.26893102828194,1.87637640791019,-0.36649185853426,-2.70455506045311,-4.02814412708915,-1.68510286036493,0.862065869889476,-1.68736653894609,-2.8021881592158,0.0714225878135555,-2.00084294759216,-2.70149981122104,5.9990023278829,-1.77810623959978,-3.68859362364145,-1.70320665787815,0.152958983501692,-3.43972212224584,-4.07400713445357,-3.29117826861438,-2.80497351876574,-4.29923309208079,-1.06297285752225,-1.08753202035051,-2.27733000293878,1.28579947065808,-0.600905707282706,-0.778714438985452,-1.07156145357013,1.02972469178759,-2.21351184859657,-2.0333559214792,-1.65405088614156,-3.72298806640884,2.19339189842253,-2.17586786364743,-1.02437972299555,-1.87537304355962,-3.29089905861071,-0.738539261069526,1.31545296289715,-1.86528963413493,-0.180542831024116,2.50944656062127,-1.10252503372524,-2.67723997501089,-2.19465450311247,-2.9577532037765,-2.39406847518485,2.56433946526217,-3.22767199512669,-3.39369665963643,-3.75241095678968,-1.43184993797512,0.971163865121887,-0.0196372115331724,-0.874570316843371,-4.12407674922403,0.192985266564402,-2.39947666139982,-1.34518790078599,-3.81240589682692,-5.55291899210771,-1.85611959204941,-2.1756909191818,2.8263744101094,-0.759766863423731,0.284246938642042,-3.246042522085,-1.08657229448999,0.751877824408385,0.876399147109868,-0.00371249086491243,-0.948218363311329,-3.01308422409467,-1.99858318246399,-5.05027617908194,-0.144442915239145,-3.70453893823437,-0.428044766491659,-2.85605503381882,1.21892624709538,2.47864988630784,-1.28047343660338,-2.72002699044502,-4.81103651356533,0.112467887675273,-3.57381198972109,-3.86309967366855,-0.279022031638657,-2.41635606514707,-4.23724654821246,-0.950015017817395,-1.10973924564659,2.99469875598472,-2.17419987944292,-0.261004035355515,-1.02044532709471,0.182370080032782,1.37316534866682,-2.22169226094134,-3.74289287157677,-0.987755481725024,0.0702772001603951,-2.01286332340816,0.027168419500611,2.04201255547677,-3.59033670891354,-0.488141243190799,-1.27276442980192,-0.247193865347627,-1.45525341214687,-0.310711272436248,-1.4197111609419,0.772555823143302,0.60277808424063,-1.96858377025393,0.825596594561022,-3.07011369215013,0.746006725490365,-2.61750409439298,-0.361182426509635,-0.183804543973498,-4.26796965491713
"60",3.3816195885438,6.22749632334078,4.59335321186293,4.52178527130497,5.92879412376595,2.7391146889526,2.86123602863384,3.90256192147926,5.1270837892028,6.11868461891497,6.48898109948695,5.28565455501004,5.07323935456229,3.1021555034587,5.9750195004439,6.00499550152007,7.30177962973359,7.52154165704154,3.76081868520862,2.60887667343514,3.02993709768882,2.52733117397577,7.20295817454587,2.65047197445688,2.29023479553334,4.92651701732263,5.65974274971381,5.31505982266618,5.76265964211435,3.70706586826365,3.34891064316364,4.62832520920037,1.59177983077267,3.46434812034931,5.35752013249413,6.20309764572255,5.82125674814732,6.70724972317977,6.88179353215496,2.43182137266229,6.6315607075405,5.89217616078978,1.73512831273195,4.1344813173889,3.84272258056456,5.84580599199511,6.50178241524223,5.90632885556152,3.51773844254023,4.4988110175201,3.92108596369129,5.44958517879973,2.66647627565652,4.94648600120343,0.241654884262721,4.34895306752209,4.2332376185089,4.60480950182387,9.15205997276648,5.59530890005427,5.370081051482,10.6446225727018,4.48004652079689,5.37508983550907,4.92984261537092,4.19589785348563,4.34928517896661,3.52313134454278,9.26433702447955,6.56602475928186,7.00737730833789,5.97700235414812,3.44486286767019,5.7148855703909,4.99854928780884,5.40722132554131,6.87985757911906,3.99297146203751,5.62983074637146,8.23865489970355,0.845848742267418,3.41740287748439,6.80360564742356,3.30028690825089,9.44334164492516,6.49754947287752,7.40517976062296,2.10449861754529,5.33848282973885,-2.30593282838397,-0.273189116054759,-6.50875683843429,-2.33241348570556,-0.947982979410846,0.969342117141458,-4.58061331139386,-1.39384766161406,1.38909075948882,0.0086361523183327,-0.20562979097753,2.68809283434092,-4.36469960290097,3.80000665152329,-0.876397160831602,-2.7608765120987,-0.36931945361516,-3.9467099754575,-0.967739052668947,-0.476454995801882,4.63789268198085,-4.54770021213164,2.4837334854549,-0.599578563500384,-3.07321617908763,-1.24053285947281,-1.97119729298764,-3.62501141225317,-0.988729674209538,-0.64959113342209,1.70076829198161,3.14583985750702,-3.78703848395887,2.62851792019319,-1.20632722421292,0.299952628096312,0.603422323242715,-5.37134293808972,0.144365881063026,-1.45328134077077,-0.71826156397642,-0.0835881361509766,0.331081968363871,-2.90619575062432,2.27623878228201,1.01209479120271,-0.176000589106067,-0.320227221986284,-4.19890803425965,1.82304240834199,-2.30921026877709,-1.51710623346898,0.663939763636087,2.52467021784461,1.33899675040489,-2.9292909188047,-0.0549996847225735,-0.773911715894258,-1.44914789726174,-1.60818896619708,-0.584480114082365,2.52767378583116,1.10198588545485,0.0357929582072387,-1.14310865893066,1.97538955269329,0.614731287231946,-2.71963858915102,1.28263094443323,-0.207399912872789,-0.989729003470339,-1.68286097131164,-1.73910334494194,-2.01040329944186,-1.12444084809774,-0.453401257662181,-1.28048877244299,-2.45693805488464,2.66005372307071,-1.32684268743649,-1.69499498038853,-0.919174139563927,-1.60377892292722,-0.302574056479496,-4.68703080801239,-1.02384007443767,1.53540853820656,-4.36028898206779,-0.556911872721941,-1.09255559968452,-3.44156061491156,-1.96536964046488,-2.53372738620127,-1.07148753525165,1.78905444876828,1.10886385632829,-0.393133013456595,-1.18792597826416,2.31934468601425,1.96905641914887,0.168483401113127,-0.640092865970915,-0.426529787847767,-5.69130562555227,1.41176253946615,-4.03206102336233,-0.436452360789329,-2.30059461403498,1.59591676435643,-1.93249612916095,-1.1579399901534,0.00828650240780182,-0.620816597542871,-1.2402565555147,-1.54855850146048,-3.86582128403924,-0.356237964300311,2.32348361181251,-3.27202836145645,-2.62458964278125,-1.45221955919495,1.06619887581265,-1.27618154519386,-3.75979882067869,-5.13877944845909,-0.998355977968248,-2.74339283645132,-1.12542151674801,-1.64697163184871,-1.91324731795554,-2.84211410381987,-1.05529269595763,-3.05139853165744,-1.06545093034969,-2.44857944008958,0.930211158723371,0.467187498848587,-1.12328473644911,-2.67852640075143,-1.66157706602612,-0.379246180014854,2.58365801949096,-1.82964652615172,-0.693407139977935,-3.41060210845965,2.47360627060065,-2.56082950306014,-0.381697125129981,-1.19692032090175,0.191119737305746,-1.26866011055455,4.9036150914117,-2.64610232874693,0.581932885125036,1.42028093199497,-0.112465239320397,1.28533471618612,-1.89972123591718,-0.784973950447276,0.287731581560854,-2.99814968062026,-1.92416581010215,-7.18912848566709,-0.591966439595351,2.25134698826957,-2.85571485654724,-1.30789050216896,1.12373816434181,2.61991686507109,-0.428520893571558,-1.61683175128999,-0.352540615093714,-2.42568917370091,-3.69796494347747,-1.88436981106364,-2.62277094620181,-2.31380586200306,-0.509078801719032,-5.10914518208464,-0.943858809756048,-3.88201048196045,-0.414169044490014,-5.13550765681227,-0.487239420204204,-1.88740616203604,-2.41507699636571,1.82715625473877,-0.0870248949292913,-3.48952928263048,-2.21021597051895,-0.474826924958129,-3.84449311245422,-0.229982238825846,1.77261573524304,-1.49831913394695,3.39411344423867,-1.11385933196818,-1.06075571950035,-0.412213623490042,-1.54041521195007,-1.60821561008638,2.24943413263409,1.24641222978113,0.722701448094328,-3.96399256540626,-0.412635410263115,2.08593663064667,-4.98367401490887,-3.52679999354732,-0.319274631242839,-3.09265770179646,-4.01500619262118,0.462910471683678,-0.237393987695109,0.618814490525666,5.36036799403885,0.301355168950705,2.31750234528654,-3.20767603368256,-2.11003408886477,-2.96112628002771,-2.44050163689981,-0.634391286958881,-1.56226375506926,-0.597782261510721,0.442805825148302,-2.08816052388471,0.491076555894248,1.51518939735904,-1.04807445034022,-4.44773315932698,1.1485193254157,2.11811016350186,-0.565108537665021,-1.38452115921388,-3.12085708592532,4.14600666500249,-0.373177155653801,-3.26452507790226,-3.37415103971244,-2.61572624083875,-1.20081682996641,-2.27597119489952,0.693673238377907,-3.83788287097286,-1.31492944317504,1.57728110522687,-3.84849426796504,0.691447134131596,1.1673564786187,0.288278747084066,0.275131249956858,0.489151541788422,-0.337621985064526,0.841685979724673,-1.61209824276621,0.172615754381755,-1.87933084578034,-2.14208935604208,-2.96564574539433,-3.65781234747285,-0.973446833511186,-2.53810639488559,-1.45231070268479,-0.780165109241444,-0.82001946435525,-2.93543012893339,-3.27364292169054,-2.59944640842907,-1.84563835915582,1.77011508385697,-0.521604526777327,-1.3533534260686,-0.986801283969089,1.81705874399696,0.674639303957886,-0.666271859448034,-0.564758926904314,-2.4832525211715,-2.10880253505556,-0.978683056210336,-3.83917316649772,1.93545399033662,-1.00942896682537,-2.23752984245835,-1.02016998731571,-0.431210754105259,2.76490474544372,-0.680117322911747,0.743295778323287,-4.20697807067795,2.47391269128676,-0.745848146803207,-1.96542063461168,-1.40794672203238,2.72447085445267,-1.37403969241793,1.50972410756032,0.0917380609415901,-3.09103483885792,-2.41138456876741,0.705714105098538,-1.46128326430984,-2.65912267579856,-1.52095815527998,-2.6715967001954,-2.19089123508542,-1.41759685404728,-2.26047003000388,-1.18563382124105,-5.08030607719576,-2.03039674968404,0.475894836128272,-0.826765697532421,-0.670724410118369,0.468600368448052,-1.81941679670755,0.614875653868006,-2.55041710696756,-3.20512318664776,-2.75604792715848,-2.48370367799795,-2.67874466850639,0.227894830436971,1.11802598601672,-2.53935730785063,-1.01526098680257,-3.96902797965373,-1.14499523938479,-1.05434619563834,-2.57111217814444,0.621388655980617,3.82387089922339,-1.52686355510435,-4.40632261135782,-3.02811529654605,-3.59803908501858,-2.15154785157852,2.45097681106564,4.29933183450109,0.857412448672756,-0.753321788628901,-2.57465454799721,-2.61611470155864,-2.0761738432193,-0.891537104646925,-2.21428542496789,-0.615926467393522,-5.67486274464063,-0.996208327868713,-0.473519110324433,-4.13730933898867,-3.44531637394139,-1.43076958055842,0.390210925440569,-1.89313841668638,-0.573195390706287,-2.09188878940371,1.81044694230487,0.0183203713203035,0.594090953520633,-1.67137082499813,-1.2446903760203,-0.480119924180763,-0.310942903716942,-0.335809772146905,-1.05208661668729,1.00721647638814,-3.90371352181724,-1.20267482235077,-1.05817379976255,0.89745942886127,-1.16633941196514,-3.70308493129404,-2.29681570064894,1.90992150938241,-2.78295479084176,0.674832262855707,-0.906955405645633,-0.577690510408401,-3.5752234239457,-5.1868992793249,-1.84707189288959,-4.00935158252832,0.679627219330398,-3.37441657811962,-0.526342830700987,-3.7417395893119,-2.85140835191099,2.50062208513966,-3.16095168492883,-0.799125316961963,1.0410405275432,-2.99477903344462,-1.44776024505965,-0.374084966039077,0.828373434658541,3.45312699060285,1.48879075670444,-3.55981662215359,-2.65679563834542,0.436146339691615,0.654080262038661,5.11322492429942,-3.99485564802588,-1.47258616178091,0.681513851635082,-3.43987295446794,-1.34053851518395,-2.10027357027977,-6.49370537539168,0.453065832584489,-1.76410138005213,0.136918474665046,1.12461915064032,-1.99373630846377,-3.16877768534498,0.270949431023843,-0.187177535406347,-2.54361572459025,-4.02988193589335,1.8292426993946,-2.5321724407377,-0.85907594001817,-0.223460069187811,-0.631407456568424,-1.65095887769191,0.0157309087858843,0.261113670386793,-2.35954902262495,-1.11174770788942,-3.90879897040398,-1.48650646106209,-2.09716271258476,2.28362246179981,-2.32147539561272,1.08645618366695,-3.37234317619914,-0.177891620867116,-1.63552438669313,0.860407024633156,-1.03696386800412,-0.716464917024891,0.497555080191639,-1.62465195991981,-3.59310794372215,-0.929590043861104,-4.1560118926087,-1.13472188255037,0.218003438542472,-0.791681873955073,-5.33849973217446,0.827597585505284,-2.90893953849749,-3.95186761806365,-2.31466618958718,-6.51942296978018,-4.83375032235806,-0.93646792552185,-0.85096542227559,0.556991928395066,-2.85467038762592,-1.59245667607525,-3.27733201637971,-2.49588388428323,-0.691715931490752,-2.64172312609198,-3.82658293131273,0.614191497684568,-2.20315714980937,-4.0722900858419,-0.59586512794796,-1.84964480380969,-1.20258520230295,-1.64294548738675,0.0232597036461994,2.09047533823667,-2.86254803682781,-0.15576977772841,-4.44166070884388,0.695045350649804,-2.7874073925706,-0.512749057052757,1.77607577225504,-1.52463507968653,-3.02455542542496,1.92392965715471,-1.1372752032688,1.23152531333763,3.4585218966849,0.0495472470206715,5.73298191513554,-0.450758626936616,-2.4256765604561,-1.16225801457239,-2.25785801943216,-0.741934732096632,2.5836108450454,-0.939405516956609,0.183008911771191,2.18558627805407,-0.526719267047337,2.66862242019212,1.22441946714567,5.47116622774585,-2.4374225483431,0.014940117438119,-0.100711562792608,-1.13135285225089,-1.26497895569639,-3.435586640617,-0.603535058091634,-3.21069359292343,-3.98693272625209,-4.11690508528049,-3.08296190818649,-3.96056467421476,3.27160200956744,-0.675189036745894,-0.101596043334018,-2.72930587057655,-0.537287786457964,-3.47268235850205,-3.64762330383815,1.51335287506474,-1.83625157290143,-4.092863059008,-1.5823846962195,0.77353222702994,0.610809771345764,0.707690008525157,-2.01158528851516,0.0122250989840478,-1.33408716954985,-3.13828829331874,0.140079833051288,-0.261924864506066,2.24659394018931,2.01383200060073,0.157826915058369,-0.676535550790578,-4.81629119965809,-1.6056110537021,-1.83498469221982,-1.60068636618203,2.03320034775727,-1.66206203292356,-2.94689439502824,1.34904026231994,0.591628109937835,-5.93636162390308,1.81485755593662,-2.34592584796497,0.323569842183479,-0.402291927439044,1.93725969030067,1.4413843170986,-3.43943446730527,2.03971998482591,-4.46240986456867,0.743658393048316,-0.655261218559188,0.707852421684055,1.62517189884532,-1.72352430193611,1.69444011940743,1.09029470013645,-4.2725897275132,-1.49117629835497,-2.1395022677979,-3.07913677257664,-1.82233105162757,0.248962485181511,-1.21915760946064,0.66508623483616,2.00290580073946,3.64341194928882,2.9159302495844,0.415585957411059,-0.825608633356175,-3.0187851274708,0.752795165862372,-1.45247684178908,-0.973798391934075,-0.564393369073204,-1.47494052531067,-0.781017544366733,-1.99988071079663,0.80880357800993,-0.964746062604566,0.817164282518533,-1.73781196624544,-2.76492112276544,1.15905451151764,-3.77768145434833,-2.88159765011324,-0.00880275023227539,-1.2733427716918,0.103247462806223,-4.18725731924392,0.231949681305875,-3.49115247835552,0.247421344604384,-1.50869652991549,0.662902688529324,-2.13022286624611,-2.59668545267571,-0.553636093287249,0.776871078935662,-4.06618368391894,-2.34620465197231,-0.717394016540637,0.399576819799641,-2.39930819160498,0.552536153543389,-1.39182242750508,-0.351200439075338,3.16561986356395,-0.873653193278069,3.61176630093363,3.24992736813737,-2.90623996335634,1.88283822317372,-2.22375444594245,-0.263405951846212,-0.544205273974455,-4.77132825138444,-2.65951025394339,-1.13417769974007,-1.25943172480398,0.63442820755527
"61",-2.03765725951454,-1.58662805575706,-1.78876116912788,-1.71351289857708,-1.96229230419665,3.20099963679963,-0.820804492508527,-4.57526036919315,0.45897991421842,1.57977577501117,3.17070537879768,-2.29917628310508,1.36540685222209,-2.05597057073335,-2.21893139663088,-0.871123531693053,-0.806004310105893,-2.48516849624158,-2.47158350248977,0.501667173727398,-0.950670854206278,-3.67452320562237,-0.367232714632716,-4.40152273588487,-1.65590552290024,-0.409980604274074,2.10242368049262,-2.21472396562996,-0.496335505717636,-0.990669483906243,-2.868638114968,-1.3590265440624,0.233497570401882,-0.283164400208948,-2.23252161260821,1.41990657720899,-3.23476933967021,-3.72120909442292,0.0878467319811398,-1.24496417069437,-1.29780155834686,1.1881311056161,2.44603062515173,1.23648949532799,1.8354400207388,1.16201212350682,-0.65219796201421,-1.89913118118687,-1.88977847465689,1.9759275768966,0.831419051532627,-0.427757638947731,-1.23769927311696,2.6924238099453,-3.59333075117288,-2.04269035653288,1.04678627582435,-1.6819112328556,-4.47564250105718,1.39245501590634,2.2961401562731,-0.818181276424942,-0.238465913775223,1.31272616324679,-3.28725406002272,0.785333227573362,1.49019676819355,-0.886044400373675,1.61061179877466,-2.50893481133239,-1.50009113427428,0.492045636763023,-1.36389875037505,-1.06992017724398,-2.15803976717995,-4.44463686677259,-0.812342392701324,-0.375313793332058,0.297194071639379,-1.95761505824012,-2.08893540034771,-2.51905359495975,-5.21361234676463,-1.76982932834486,-1.80454322629231,-0.0658974267679577,-3.65660422223935,1.19437302975651,-0.0399766884069833,0.556078008431821,0.275814993841626,-1.52941219830727,0.52172230952685,-2.17653824779366,-1.60791707191098,-6.03062780724426,0.402403598975028,-3.8947393409835,1.22346104933647,-1.41407853132097,0.420187536533194,-2.52218915175231,2.83548325346431,-3.20764371524293,-5.97101296625614,-0.761601585546419,1.20186302950886,-0.311187458191447,-0.617441345831031,0.257884430361409,0.207951652387428,-0.622632990659129,-0.434817855996308,-1.55274903539916,0.309730186102944,-4.63759521451849,1.79181145340186,1.89174551819099,0.979379023626323,-0.511658354359247,4.67745666790065,-2.95463824362656,-1.98458283540066,0.195763341555755,-1.40455681434765,-1.92645368695462,-0.634326000810564,-1.34224318983958,-1.11510585160705,-4.88490650695358,-1.92767940149238,0.266363388469515,-0.349337027502823,-1.17767911139595,-1.00560653504,0.902323491739618,-2.45969121087901,-1.58089137945142,-2.33253328877656,-1.19925020911927,0.470738940074442,2.3937254030446,0.852099437001551,-2.16197936521155,2.48851359123082,-2.65121959653735,-1.36888010744329,-2.78062701111347,-0.813880442810561,-2.59031544895757,2.55142121548755,1.08319944608021,0.426320430493429,-1.49168377535963,2.18123125248045,2.97278884308667,0.520294283394307,-1.6165628432053,1.95567095620431,-1.60980940839682,-5.87647173037305,2.40138665410055,-4.07450786654039,0.94736459501481,-1.2366420165896,0.842983569498838,-1.59540157958143,-3.97129085966187,0.424363439954351,-1.01133762428726,-2.42685747550519,0.157241036578636,-2.01077223161804,-2.48660998525649,0.754581140744832,-2.10952491112664,1.96517222937676,4.55035694762998,-2.76028708190812,-0.190746589119034,-1.21768059934666,1.97314564061562,-1.88940728811138,0.510051723359049,-1.86699961981267,0.110994253151177,-3.19871863486765,0.720802930310648,-0.0315016670380445,-0.689434378155157,-2.55303453797795,-2.2655083063932,-0.878054118133934,-0.226460618602794,0.181706296883641,-0.527349968134855,-0.0412617292679378,-0.66677084884295,-0.845931295475519,-0.645849285771098,-3.61116753261017,-1.4241059368217,1.62195212784318,-2.75986905262979,0.285855868052229,-0.922238611107048,0.683674059273297,-1.04925140572447,-2.73753921310536,-0.338324170318407,-0.743540937205477,-1.12931726327901,1.24605281880259,-0.653484367265546,-3.96307549894778,-0.883672022723698,1.50895091787242,3.23292036080254,1.26651145261143,0.175174293847046,-0.284805309345709,1.08753238452984,0.632631847023609,-1.41933552985085,-1.0374550223426,-0.47236130061239,-0.701537962654157,-2.82229907622559,-1.1465459892925,2.06503434566647,0.0508215802101641,3.5597686183941,-0.665441872474881,0.783699084689472,-2.69023577086007,-1.67640205769379,-0.885759670877698,-1.12669521363466,-2.90256573470318,-1.49262300241907,2.52396550379979,1.92546369514412,-2.11860636264154,1.70623736581451,-3.76723069506589,-0.583099712348868,-0.335051744539119,-1.55591638489663,-2.10322829459051,-2.2199619944641,1.00827007528339,1.92104828739515,-2.22970137534164,-0.919321565794968,-1.21641746221285,-1.84918035054869,-0.336966426872559,0.58163589230295,-3.47155271283902,-1.10859296705368,-0.259006055517382,0.729042999773049,-0.814051087664383,-1.1697278047629,-2.52859811569035,-0.985793347439788,0.262305603063386,0.391020711260285,-2.60897849619873,2.09855506114435,-2.04317095475353,-1.30971115886834,-1.04845158064132,-1.23998234658691,1.04821071543402,-5.69063836398155,-0.799002604376806,-2.8947762777407,0.32165477952481,-1.14820178464634,-0.372821509933996,-1.21827462822351,-1.60595199186593,-1.295211064588,-0.961202494874032,2.66683776860942,-1.21066634862821,-0.471869443529653,-2.98625910404775,0.909745746634248,1.34509908299564,-3.96460038009013,-3.07432570810503,-0.152919868795142,0.106381468205434,-0.543047906479157,-1.40030694018831,-4.37271577648442,-0.573449744190873,-0.850286639411897,-2.96858000981474,-0.175471504385358,-4.03368176646898,-3.05654492979808,0.746917401190739,3.73287556739836,-3.77366496487141,0.00638584514632456,2.1408625069294,-0.96872515413196,-0.392426519955455,0.872161486556256,0.152553574010244,-1.50844647634072,-0.110599851651708,4.18764099896708,-1.72878110194358,-1.71576260583091,0.88908658115639,-1.56071258291675,-1.87412768166998,-1.31807030492795,-0.162935068196835,-3.88681647291543,-2.67527324509776,4.33148884061272,-4.3938592103074,-3.2028187397275,-0.80930772254663,-0.842414357529963,3.24488803773356,-0.531103934961641,1.81231137897255,-1.64954678648434,0.467631116627681,-3.54032337903496,-1.61293945719137,-2.96004133117348,-3.68213266653284,-1.72906894495589,-3.02364192249017,0.992426726365282,-1.01821041862717,0.0603254534018749,-0.273770618882514,-3.08366861038813,-4.17475298889492,-4.24485158165662,1.73473334508578,-0.81250071058352,0.833881656817842,0.123710819714314,-3.23753947979617,-3.19750549789076,-0.130856998259498,1.30792091309241,-4.63623568340833,3.81857941460466,-2.47361261887246,-5.62065115117465,-5.34706074878627,-2.13872515609083,-1.24269352501769,0.580847966454459,-0.469057590396639,0.571242850475938,1.32734670083712,-0.118218625820212,2.80469738717202,1.1956433790278,1.66764713488383,-2.53981981595072,0.0569375818991391,-2.78347401059984,-0.751848204245195,-1.10824641524303,-0.0831533344325674,-4.58377642216574,-3.45951722453407,1.98160519886017,-4.91691172556142,0.154633643960741,-2.90895101771664,0.424971779174542,-2.52377533053579,0.773807322996187,-2.1088227705034,-0.915581602023018,-0.103926065554873,-0.523821429285273,-2.17322453556198,-0.96240618943609,-1.6878953950218,-2.2935766084905,-2.8656845378346,-0.860617021362225,-2.53081139886127,2.65483034551118,0.14438089640246,-1.65413839661506,1.27352670264888,0.352262960188803,-2.02581635246102,0.933684579094172,0.932286380495544,-1.19211053996707,2.02359138768975,-0.248014037582974,-0.124334567234848,0.320425785012309,-3.10560366812055,-1.30183835630761,-2.61191856739274,-6.0451338038332,-0.582962337751196,-1.22454611465254,-2.63282771840665,3.22903762888502,-0.00689231000055279,-0.722536361178883,-0.281005106293226,0.611584937863477,-2.0618243726893,-0.00074094490214438,-0.667682629817653,-2.59305613148786,1.20539073788319,-1.51235369786345,1.29020059443147,1.17026786761303,-5.0201949355264,-2.15133784362303,0.510592158070819,-3.83974046407666,-1.2910234153926,-0.953741406622038,-1.46103035710864,-0.971681799764206,-1.86782361335653,0.381985857004368,0.39939949498709,-0.150546950652722,-1.40402127009213,-0.529639520571824,0.28836109419806,-2.2777242603444,-2.270897209257,0.757427787213485,-2.54535866580623,-1.9408312195998,1.4387519953511,0.848998927324495,-1.04053608419225,4.02359479265212,-2.32220585395639,-1.5704406569828,-1.59079925916864,2.3349864610031,2.9328764649247,-1.59597538654515,-1.96851560467533,0.334715617981606,-4.72197961593682,0.320773548884017,-2.8885036303038,-0.526899906904922,-5.5960000213644,-2.19973467579531,-1.87616234544683,-1.08767465039647,-2.15669590918188,-2.47761273583696,-1.72662542582517,-4.70683206800181,-1.74034687742928,-3.18944064548131,4.62913412946395,-2.19955906555329,-2.05609906337957,-2.64031199807787,-0.831059343483832,-1.03161787435893,-0.474555423308614,-3.09514668874383,-1.75288206456142,0.504205708306203,-1.82597958455492,-3.71495169039562,1.00853426812169,-1.35384634403827,-5.66673193783757,-0.535511115698937,-1.95087539719911,-0.531081028918143,1.36462259212487,-0.809712498552194,2.69638517163432,1.15742596077195,2.53020336718283,-3.42509107186355,-0.248596981054933,0.947549708909616,-0.561235440498769,-2.57526630158201,-2.12926438186014,0.0540584945615838,-1.3414865363431,1.74874218813723,-2.03029134734723,-4.74372305314268,-4.66554423292109,1.47523682227478,-4.39772250016168,-1.73871950869223,-3.11785328638507,0.289676646452518,1.89485385219517,0.47516425567963,-3.49745981251732,-0.0182500488556294,-1.25334440305837,-2.37723861677699,-3.6152976571377,-0.945992169544503,0.417560390350243,-4.29762168435204,1.22535131102248,-1.73923708026675,-0.855377416281845,0.051303334399724,-4.12037930030286,-3.16581820174169,-2.3193982488111,-2.43133223602783,-3.0363198357017,2.92586517299898,0.0317284229726242,2.03410238166127,-7.12372920089204,-0.513919199242781,-1.4706932800241,-2.89150562523572,-1.1339460639981,1.18293621488258,-2.97223940822496,-3.04325237845758,-1.05145238467542,-3.49371571867245,-1.11074880491767,0.896051810534402,-1.12650933188953,-0.590501149902066,-0.363325752825971,-3.53096171824017,-0.390371811016007,-1.53303644751102,-1.73494302680844,1.08776879168302,-2.36873854777065,-0.723840436174681,0.721182593844173,2.76976894458671,2.05070875178695,0.0951885297491264,-1.78217776112449,1.12259078767503,0.128431025099345,-0.493712967357356,-2.74016783278306,-0.864348890655993,-1.4543660480839,-0.760432284068834,1.11530470909391,-1.87083229688309,1.03605215391062,-0.336566795304219,3.68255602357326,-4.0739030204832,-1.73590842793309,-0.481075474323586,-3.98919459674624,-4.4563911804713,0.292057928661062,-2.0391323649535,-1.65986230992023,-0.465735602651917,2.26272025631655,-4.31047026279749,0.0464974990658735,-0.248527994619,-0.289434929346415,-2.98676842244137,-0.680682779833321,-0.974707113564868,-2.402857800905,-2.95348229222397,-1.91401464136099,0.870965259295329,1.85226003953177,1.27349760135143,0.0733474057417163,-2.34618203752695,-0.866950080852304,-2.10578346614219,-1.01662066081247,-0.433311320466346,-0.590616041053899,1.50493704085099,1.66573275437308,2.93501503012593,0.0167579209888469,-4.0617548249905,-4.77269634522554,-0.401182742585343,-0.938850952547726,1.13199684739975,0.700063299911909,-0.283963868064285,-0.22828544166536,-0.387579420185903,-1.4265418600788,-0.966711690863512,1.48566927041145,-0.0506465963561005,-0.922943714725782,-3.27223883328477,1.55623747585105,-5.39824514165052,-0.46738100978398,3.73715104019853,-4.08719892460362,0.598730643480851,-1.27463870097245,-1.76599501686211,-2.08141192661035,-0.689831389634155,-0.422147601389425,1.81378259979568,-2.06436805500777,-1.26973262499682,-1.98430234203248,-1.75368030415225,-0.86505896767392,2.12611869462123,-1.04261330093933,-3.40702602429021,-2.35611188843617,-3.32307479498433,0.577908252135526,-2.40722460725421,-0.640807809350202,-1.3155973916157,-1.13127812252188,0.239723420038872,-2.48235628372439,-3.25468154826961,-3.96095481052515,-1.6404704761663,-5.86544201887456,-2.10062725030419,0.00348858395630303,2.87052772211969,0.500511864671398,0.198821077080122,-0.653638226374617,-0.707553044438943,-1.65708732373165,-2.24390710194192,-2.74890820280881,-1.45658604886401,-2.4694781605873,-3.10032171856899,-2.32778462446332,-3.62405609360628,0.919260753165681,-1.22465892113434,1.37281660632494,-0.681425827496783,-1.87281781830857,1.87022594958802,1.75611473708493,1.60058142549862,-2.50952195439033,-0.800200802097806,-1.82561896420477,-0.372329739776114,-0.660659745514599,-0.613342998236604,-1.15580833773587,-0.381672270375113,-2.47491177432031,-3.12283472441098,-2.50260658931906,-1.64893468226445,-1.44424361855287,-2.20510953182551,-1.33474407229477,2.44889963588403,1.84436330021824,0.917752358069863,0.321558215139646,-1.85445333572249,0.468368671339649,0.622163092860167,-1.47645906841349,-1.63835115360533,-2.01084907984652,-0.826132011613965,-5.52190644203125,-0.000637303705045333,-2.93834574554468,2.52113667069851,1.26282058002507,-1.83870946428256,-0.139988218206838,-1.40538745651417,-2.94276021535404,-2.6517653599822,-5.28043031183326,-1.74306555484838
"62",4.68910961570276,3.15664536160718,1.26624117575501,3.64213550613858,2.68226012548384,4.79436731179574,7.07704851562483,2.50814665468812,6.95457906221127,3.70734097254367,5.4267158877902,3.72449967482063,2.77125704097409,3.58668272362597,5.35119044426736,0.793760156986409,5.53608624644855,6.61419613494393,2.98289503334591,4.36925980033787,2.94900684380111,4.89746610835211,5.58325483530483,4.66204733832637,4.40084435654715,5.68448804636139,7.19479397423897,3.42935572428882,5.62856319289575,0.612182349083545,3.08604772109669,-3.77842045327727,0.187281176647579,-2.00136085433369,-1.57503586394166,-1.93343309405176,-0.195430429241687,-4.30617813492032,-4.40811664886381,-2.15115044098893,-0.391712645707795,1.75867869165679,-0.618937413711992,1.41761255253476,0.220455337713912,-0.637948804461521,0.815331192071278,-3.83763965573167,-1.48919605482241,-0.238245969049638,-0.273851473220617,-2.15870541991537,2.2769221053395,-1.87595785951405,-2.39235938008585,0.545896311301857,-1.48295891693901,1.24929175050201,-2.44682685360739,-3.86555828598799,0.0402950399487654,2.2903877001607,-1.28980570128249,-0.934451576753261,0.801346469302922,-1.51980072702568,-5.32040684909341,-3.79367534215568,1.00340018892857,0.577248373147995,1.42706948518864,0.0207746094387062,-4.70906615185135,-0.982581083826211,1.01894921848727,-0.440136435395411,0.288838343017505,-3.11196893600406,1.08243643592076,-0.55561318132269,-1.3538703844177,-0.765941944471094,1.46529850949959,-1.8121246434293,-1.94191535921146,-3.50112373508313,-1.07109375215395,1.03623853506344,-2.3849710354021,1.32815639465986,-0.887062039086903,-3.49307963030621,0.621951671498162,-2.72131361223015,0.00940719775216659,0.23258136541995,-1.82914680664043,-1.12681067787629,-4.6756720220448,-1.62759217760149,-1.08547444536905,-1.18417339877003,0.991189231690052,0.300693116186084,-2.63475016951895,-0.28631374869676,-1.73571841889707,0.205017020363437,-0.0353792093840891,-1.48468477698687,1.87662059601776,-0.361648201668417,-3.13811860718034,1.18418086424343,-1.16674430228633,-5.23368835967342,-2.70709900829102,-3.76434852222595,-1.71425122957486,1.2375908166782,-1.59577638656231,0.146945554499802,0.178466419744096,-0.211522435481107,-3.20599192404681,0.833042775442542,2.8830643016829,-0.217135045077397,0.852136550975562,3.30673166278786,-0.0367306448269978,0.115324529429605,-1.28847796171755,2.33411109194588,-2.24117575520672,-2.64832356539265,-1.41565573130743,-2.46707412505295,-6.0698558440087,-2.10192039418891,2.64659150195645,-0.618647848748213,-4.06499846639309,6.12139430124367,-0.877129301638774,3.13512002736377,0.658965247298715,0.935925765047377,-2.15552093771567,0.20034696626155,-0.769212598596684,-3.01142427060322,-3.44901945512516,1.4411136243844,-2.74542623906864,-1.70134787418639,4.79595964378246,1.519212459499,-5.12938563067981,-1.01319211684576,-3.41726635132684,-0.813093350340724,2.15773145713607,-0.689617208341785,-4.09579677730087,-1.29798096665132,-0.84465629719364,-3.02933428038274,0.232163607534922,0.597197186795685,-1.69974024891384,-2.9698084994313,-2.96118808600603,-3.49052504239315,0.142186787612302,-1.62987327751231,-1.06672461957929,0.914253728019515,0.622761306623295,0.379901418112092,-1.09711467644397,1.07863286766984,-1.18418496785117,-1.82918600049923,-4.27258385557516,-0.718684626919085,-2.11840585459356,0.581072997921661,3.15339655222941,-0.677884433080269,1.00580611254726,-3.6391720598584,0.123572735348595,2.43167041164056,0.0586090254813023,-1.64939851492735,-2.09708781395087,-0.746486716776254,-2.94798052861162,2.214996994947,-2.42159379592976,0.0407363208478904,-0.317357709184148,-1.6215511283514,-2.11315024770124,-4.57753062437529,-3.32779369091759,-2.73150328655596,-3.13095386406909,3.32204138600145,2.07556744810829,-0.341251424443236,-2.1234634544472,-4.23250370230618,-1.44153788127873,-2.05480320642652,-2.7947455933319,-0.62142381448348,-2.45063619882871,-0.618113397928752,-1.64565062082957,1.3592857532289,-5.23408905780488,-1.02119981209807,3.0405681197181,-3.41565472137236,0.996503441976199,-2.6465752811718,1.68877756495292,-3.33159956000974,-0.80209340930706,-0.640640131837225,1.56241850546825,-0.748044214761959,-1.97809620672755,-1.79072821964598,1.91904616927552,1.57489137785363,-1.12594253319216,-1.1213138415584,-2.87965919270841,-1.62951297833394,1.43208103077391,-2.41866316402754,-1.86273496458433,-1.77430009817293,1.19326296587504,-3.79385889650826,-2.06320357940535,-1.00367569351251,-1.90308568609452,-2.29816294930619,-1.97096878234672,-1.75038583597383,2.38559306875236,-3.22578843540405,-0.552658525878348,-1.555401092442,0.365194445000966,0.784140792259269,0.0892894686621639,1.09486968723483,0.465788582460611,-1.33315314723855,-0.347629570264877,-1.14919988224566,-4.21596877146082,3.06885344814045,-5.02919683297818,-0.940949643806003,0.269515322336936,-1.05515001566027,-0.0289544768252832,0.361803042012149,-4.00885398768108,-4.03304802589899,-2.92259818689025,-1.63136690424585,-0.860923444813164,-0.353836924355777,0.0552330436722068,-4.74098003156217,-1.70924192739419,-1.08821957499107,0.212665587818711,-3.35802986579302,-1.23049499437726,-4.85740536286814,0.118180744919033,0.30144412700938,-3.65503117354723,-1.67086478025923,-2.66236509065106,-3.43832877383788,-0.254001336713024,-0.915775352660649,-0.280926653910569,-2.96528432724928,0.796518485859903,-1.9302577929936,-3.21870312054528,-3.69559187238613,-2.8122903207443,-4.98025411881481,-3.75398156036236,-3.87107555949262,-2.84769832995665,-1.86451964277379,-2.19545386458733,-0.532480878503399,-1.0022121056455,1.41342021140393,-1.40707511684833,-2.48715100365475,-2.10776929589196,-0.732600453792446,-0.415358108866127,-2.77859999354028,-2.59759714960384,-3.53289750195005,-2.62318362795093,0.888205602335663,-0.84480344312062,-4.13673989761552,-2.08055030351457,-2.47993209180828,0.786785087525791,-3.16418095669196,-3.15196065438894,-5.06573447371288,0.617761409778795,-2.42176428981143,1.77770090377357,2.09624385733097,-3.10857365871096,0.0928891723233034,-4.63377145409567,1.69909132807068,0.573199931902365,-1.97020821177269,0.880595377286959,-1.15021607607035,-0.145565035518546,-0.983129207502959,-5.89988757625724,-0.48457313961712,-2.339985264458,0.928170551227498,-3.41016855303967,-2.12941940186181,-5.00513975156002,1.70777112594691,-5.21207835259905,-3.87807088532189,-1.4769848874365,-2.52098045900909,-1.61571532934691,0.586320134031442,-4.50485339127782,2.2687211992549,0.941373337313666,-2.64743591993711,-1.44638336872454,-1.92615128141496,0.310061536260712,-0.511514288907847,2.03885212747961,-0.196543776518671,-2.72468537315179,-1.23685185663628,0.414025443504419,-0.573781834697569,0.0495133788427202,-2.33949894334809,-0.966672602876509,-2.32584302058163,-1.35742969821858,-0.870758222004541,-5.51000551668147,-1.77486423934606,-1.54154837589582,1.60121973781937,3.7375573540009,-0.746031571354716,1.30320947476051,1.37037896459634,-1.32398959462061,-3.14865924376088,-1.94657360331451,-3.13958304718792,-3.3648013780612,3.04622947435586,-5.0298971148047,-0.162555066920732,-4.16081164955431,-1.64656045137889,1.24708073290458,-0.998303799834376,0.268758161532249,-0.753028335522967,-0.782875628098337,-2.09433213147461,-1.33564809636592,-1.96106086509043,-3.00911793596367,-3.83881372800784,-2.68096881177438,0.608592027183626,-2.13139482204275,-1.57635809253508,-1.91920902409552,-3.54167835875192,-0.546444997992503,-2.67731116275346,1.68471188248961,-3.8515089251908,-2.46201686013348,2.00194789050764,-3.9598172887048,-0.0143500001494529,0.0707091596216018,0.0651485137193282,-2.78672613751033,-3.54809205476066,-0.866463738255854,-3.03237701341806,-0.176077458012268,-2.39454898833173,0.709122105650396,-4.48726012141614,0.604523406272333,-3.73206901297989,-1.42618965669169,-2.50398369582167,2.12190048880896,2.28196769709615,-2.16519438146266,-1.07573253677375,-1.38586465646763,-1.53813488529487,-1.02127936657748,-6.92656308282784,-0.721932044742716,-1.04086289726471,-2.69544402646929,-0.488325782306124,0.102158395087299,-0.512094730223541,-2.79848182070725,2.16609730745684,1.5046059366586,2.31812724446707,1.4414037134559,-1.02726440148033,-4.83880950845393,0.741511256198322,-0.740739258002408,-2.35743627844416,-3.12535918722375,0.497641127453351,-1.06229916720549,-2.8870517946724,-1.36154138700418,-2.98524807874485,-3.57699048802985,-1.38461369060677,-2.24515396411727,-0.190955890495217,-0.0377727646839932,-2.58751135555172,-0.758000333193473,2.1344927521379,-0.868983682794379,0.149877916078728,-3.46936555127103,-2.9143716286898,1.78583634041159,0.793009451748371,0.028068115136527,1.05117713328076,-5.74689689688286,-1.05246156204299,4.35396425276576,-0.172708377761881,-3.09943988007204,-1.61501970329044,1.44919745967438,3.57408175797824,-4.90181990707614,3.92466241106393,1.24688411668991,-2.94061176351055,-2.37311823019413,-0.258396497205242,-1.31644061247528,-0.868578749226705,-0.0145323143601243,-3.78430370219896,0.414657846736183,-0.733121701604352,-2.52509371314576,0.125354121235408,-2.46554169042437,0.260383261607686,-4.14332214092973,-1.0740692427449,0.285425220517434,-0.201689425900111,2.7971668157573,-1.31470046556574,0.28908449352417,2.67977297546002,-3.17505960282927,0.873961982336112,-5.10441525356411,0.736172415427287,-2.29666742847911,-0.918611995048169,1.63182501307119,-1.23409720227705,-0.528566645022148,-3.00099639008547,0.65503751786581,-3.43153818873875,-3.18295894586229,1.76644876175441,-4.07683526179088,-2.25343568516105,0.818964847128558,-0.900401479241596,-1.61416792974938,-1.64491366051165,-3.60585826625971,-1.23217971500917,-0.506630587630402,-1.9273778807847,-3.21008670180471,-0.393042960619429,4.63801149107476,-0.450114581946904,-2.23237054761342,-2.24528044443728,-0.493549781455477,1.28122977154489,-1.76211517539093,3.98759414991836,-1.07924583398854,2.11420256051912,-0.794408988851668,1.00147004425251,-2.23418697144441,-3.80987627545538,-2.24309493372771,1.2061388807491,-3.34099628261714,0.0521233970070676,-1.76446785022271,1.60458162512515,-0.0725959178137708,0.184000084780143,-5.70960401830364,-2.85405961438939,-7.1123307603952,2.10608640976357,-5.16418852258374,3.03157700432245,0.0683299364510472,0.297607524270424,0.136946563207011,2.6306616112741,4.05433119134179,-1.87384881074241,0.381677694624645,-3.28621924575354,3.85939148433498,-0.32192103938399,-0.0969344326718959,-1.98737893150848,-0.444180613289056,-1.38034128657245,0.907429031850138,-0.230820234347881,-1.84576223962347,-2.71569139834036,-2.20156272443928,2.0282220961927,-2.03934388997435,3.64988223469419,-2.44898519073395,-0.994803226599049,0.125548050243502,1.01320459117243,-0.130526955856532,-0.893356351812076,-0.958056914229386,-3.49525299046712,0.906570674292485,-1.82009452935423,0.506348086715305,-0.646622384638599,-1.40161296540028,-2.48149408808842,-1.94784941284598,0.747840429907113,0.603184633881291,1.09567771315664,-0.627595001686451,-0.967303405006907,1.87088534058422,-4.00659733231773,-3.54637630113785,-2.85167742039264,1.12200094498052,-3.41393844432459,2.76882572493054,-6.36542295457802,-0.414559779229881,-0.872265734798829,-5.00947579912919,0.760204167935441,-0.0452573598884718,1.48512247555282,-2.66930821203563,-5.13069981844492,-5.38428878607998,-0.861710320353091,2.24690682490477,-3.51533711570781,-2.41226434262863,-2.42501176847622,-1.67798907105715,2.66411469467646,-1.3608722210397,0.949681459954871,-3.49834269793961,2.51376399651844,1.04304508835188,-0.660418964343964,0.408168287467204,-2.44165907589815,-2.37116151486358,-1.33525457981293,-0.789485240110452,1.09114179139807,2.47171066695627,-2.31108503460361,-3.10310533651291,-2.12522243145008,-1.58723497479822,-2.17804172244462,-0.842206000688122,-1.99898217038122,-0.0623784255897137,1.09710299971408,3.58013791599276,-1.50336065881798,0.237928892868361,-1.50618418508603,1.06454751797031,-2.89493757526468,-1.71353006293658,-0.0581372813851856,-4.93118806951578,0.839194460911725,-2.08768276672358,-3.03396130550127,2.54036882246683,-0.328551546174499,-2.83382224370963,-0.963906074716769,-2.64769045649762,1.0697058797764,-1.55156412532885,2.81606870834501,-0.751888860898087,-0.745707900392317,0.825381348603069,-2.15791122325085,-1.73325301561474,0.322229952076662,-5.66202021888652,0.340867820574313,-0.844745720286278,-3.12172054471502,1.82065235484771,-2.22151881060301,-1.79460073369862,-4.06838414037499,-3.06993058875982,-0.0328610316612927,-3.15487670813565,3.85700564555129,-4.67617110265858,-1.94572087846263,1.46248608836545,-0.426576377706493,0.0657413724616687,0.231200927262758,-0.212763067561671,-0.932441169963384,-0.400007720067591,0.476286999918358,1.28158373694449,2.42518909072937,-2.2610754759118,-5.84817566297309,2.41529570384341,-1.77399409992836,0.929637945069214,-1.8416080107165,-2.48247227256541,-1.89203192591991,0.845208778056177,-1.6619149122559,-3.24177295129752,-3.40389898432478,-1.24055011700802,-3.82809547273368,-2.64772756727719,0.0122427531997593
"63",2.2027992595,3.46917317095567,4.24330122098686,3.97896160708931,2.33676365894379,7.57292561883001,3.66252803820731,9.82612609700829,3.01921543907674,6.71612339947737,4.29103164517947,-0.914019205796705,2.80712631993299,5.12545048433678,4.21181540491712,7.39976110143806,7.27214612132961,4.67016134305656,5.04266232899806,-2.33958434414749,2.31830402343308,6.38052430155773,6.33654859677276,5.53885034925296,7.36763144108028,2.37203796590159,4.5642935470223,6.97948871136163,7.902721202614,4.25090183163008,1.15954478334027,6.3888723232443,1.69278480191796,5.63241196602651,5.70259804678058,1.35347252613693,3.89227307568267,4.7454922584699,7.74693072540044,5.40510611309039,-2.29539508230795,-5.72798906277944,2.76199879472025,-3.80160938191815,-1.70836733273048,0.861373428270941,1.199318823407,-1.53854475740011,0.7863381187539,-0.853280098913868,-0.872398272185141,0.767315393357191,-0.646754619121423,-3.37045106018622,-3.28938745304569,-3.85681179315563,-2.84504822103424,-2.36641624908998,-1.36008407418087,0.200447667080701,1.28841697546341,1.82008864421907,-1.35595046713104,-0.598753794512548,2.06064252049654,2.3616745092187,-0.295809864166519,-3.30291409402699,-0.822035924372662,-0.897413668582908,-0.364980421044523,-2.91743317811644,2.40041233814372,3.04266620478405,-1.70385327838607,-0.0294558097636912,0.113349517149465,2.5770399919282,-1.52426925061719,-1.1043842849759,-0.410151466189642,-0.23824198360849,0.0963426907260831,-1.51783875553136,-2.66717935320155,-2.36201087026216,-1.06027214565889,-1.57084122441458,-0.743004317522556,-4.65322267454014,0.190237668378578,0.866959360625166,-1.64780231836492,0.0632255332072773,-0.142822230316459,-1.76826664372075,-3.89447331236061,-4.14996533875428,-2.55749424998742,-1.15888888423601,-1.63808123295038,0.772937251306598,-0.846505603950406,-3.4804381718581,0.0278790930119106,-1.53719489877309,-2.22236845227445,0.0059647979010562,-4.06390324747397,-0.753685665146653,-1.38784734733797,-2.18268521860432,0.00244270731728924,2.29655691486286,0.783976359997817,-0.892745971598457,-0.129250614700844,-6.54651619200278,-2.00173147800425,-1.19846391459891,-2.42960292607876,-3.09670111771055,-1.33995285218987,-4.96842260894389,-1.10251459112339,-2.60165673864164,-1.34487078763922,-3.31991997008583,-1.8380400021411,-1.90245882927265,-2.83723568653707,-2.6289505101041,-0.294613778534827,2.02112453834095,0.960523912523031,-2.69180072456574,-0.630220170758974,-3.55694264566333,-1.05157241985004,-1.36381813082758,0.775508026265393,0.0603828565802897,-2.97662962089032,-1.57343105901649,-0.469838789853169,0.782219933023045,-0.166998155886116,-0.504118148330588,-5.88602811990066,1.31290471144297,0.117546541877002,-3.59981163952661,-1.05877516195032,-2.60138109064161,-0.71345939317235,-2.5310346506711,-2.89157120230163,-1.24273878231574,0.222184016533114,-1.03797664429116,0.305107326642658,-3.25790053856219,-0.222349903667034,-3.39595661036117,-0.721485565927355,-1.17295781645936,-1.33515650868444,-0.94709914980121,-0.44849516880969,-2.21543807907713,1.58423324026638,-2.12197781444592,1.80017895500817,-0.585550610473675,-0.620594612180526,-0.538577780843389,-1.38822295244852,0.62395941710636,2.21590657524199,-1.36457414527057,-0.637631423944225,1.63593102741738,1.55820075133321,-1.89085295057183,-3.48505512757336,-0.970675956572416,-0.216211457080738,-4.43298997869387,-0.873804002749738,-0.0998887166373554,2.71033594420433,-1.16263383689708,-0.704381066750364,-4.22885387972139,-1.88277477907478,1.30997570287589,-1.41469066813891,-2.0715440190807,-0.962935990358949,0.550551285838686,-0.993652404063493,-2.09362984017139,-2.45306190094041,3.16630943602104,0.947825086736256,-2.79999246498223,-3.2483368355733,-0.404305274268706,0.0224963799588083,-2.89882387931428,-0.6591624266718,0.915336671640611,-3.36827309162424,-0.183143891036595,1.98275617944696,0.415270035984569,-1.58656730733594,-1.19763284144684,-1.31375664379786,-2.05245779706925,2.9833570454247,-0.275864181368055,-4.13618894187779,-1.36708694088347,-3.17436794422669,-2.9956094416595,-1.85112483323208,-1.14520495074004,-3.634002147005,-0.997971417985686,-1.13158625801555,-0.722591653186569,-2.45407787826446,-0.516778085614199,0.977026423840899,-1.64986977476046,1.21655777596143,-2.12377302069098,1.81109358994822,0.239558858324846,-1.04806517721738,0.253357005627295,1.85275233415818,-3.50392386490842,-5.85606827393651,-3.83953248146802,-5.37881005510274,0.274282299535146,-1.68032693453683,0.653766297577298,5.60766767751219,-0.777579237941489,0.843735683815744,-2.24389361920282,-2.29023094250965,-3.57827336924495,-0.0366941847510317,1.75922521649221,-0.217005325445788,-3.69983088731552,-2.92134077289798,1.17720387027536,-2.1161726686271,-1.62408255378339,0.778361080959084,-1.00950705777812,-1.44977026978544,-0.908695097871317,-1.5883467765617,-1.75926960976946,-1.8906999714447,0.15714817670078,-4.52327026988623,-1.35547502700697,-0.743710064124874,1.98156922911591,1.58825312901845,0.289706843381319,1.84119634373985,-1.3082017822795,-1.84816868639578,6.90433980544888,-1.24532567700286,-1.92081097844754,-0.934578760999322,-2.51166022278388,-2.48764819236078,0.0948974058376328,2.01559641196977,-3.36165041499036,-2.02066442910923,-0.826409427173531,-0.571169558224233,0.0739711807386936,-0.315162786662047,-2.09787290569609,-3.65859681200088,-0.786064867318352,-0.581597998896183,2.41872716995695,1.39262462089143,-1.8419579551322,0.71440273386702,-0.110043125156504,0.619169939834731,-0.591812242063232,-0.444951495161923,-1.050107571251,-0.910584646454894,-2.68045939134007,-4.84627550607497,-2.75452644710984,-0.304257880358895,0.460237207531661,-1.05188620346989,-0.406468356862842,2.52461035160716,3.7791525743347,-1.25043186651982,-0.782021031997035,-0.186998633143076,0.612372996297993,-3.13831647478587,-2.74253832515023,-1.70859088062746,-0.784618075278632,-0.209419741788179,-6.08433845660814,-2.57389086161213,-2.20274428654953,-2.74176267245276,0.931905806288632,-1.92733023601358,-1.06543474479845,2.38130915062137,-2.27962752788152,-1.01906854083643,-0.0760773019892825,-4.01663813748776,-0.316902808160162,-0.889582630715795,-1.03610982661692,-0.791517871667545,-4.47787834264497,-3.72758275885969,-0.402745125220022,-3.41563524487549,-4.90448593931938,-1.96544302450907,-0.0384055255963385,-2.5131851585225,-1.23595077098568,-2.52067203531925,1.48813358456721,-3.49161893862195,-0.0147890191667747,-1.18740419077394,-0.912063550269698,0.902722663118582,-0.839554134836537,-2.15099627945953,-0.81342455281862,0.0984646838393237,-0.737780225075928,-2.99107960220364,-1.62724408259192,-0.414136589509429,0.57587177459092,-0.621875723607465,0.0700210919883266,-3.32944921061873,0.383780379203295,-4.17731170215476,5.16604195112487,-0.732649227846344,0.482094717454541,-0.382197910323577,1.45518578109864,-0.482144327506066,-0.0654653456715834,3.33693152247929,-0.605917892544194,1.13851141750124,-1.35289007783965,-3.29349730074943,-0.0104237220024819,-1.93833222238581,0.530264060377419,-0.776572889224165,-1.16611633992779,0.11083461390376,-1.04893853394526,-0.144298693693107,0.861811837042846,0.313439113173307,-2.36560232566822,-1.0328062097041,-2.95065439672154,1.65384218997003,0.890876317816708,-1.46534531018041,0.384048817167691,-1.25214736380183,0.194084161090581,-3.93498558291229,-2.25486319858971,0.276892650493585,-0.749600126621938,-2.53282104015669,-0.178533058863863,-2.52095638450932,-5.40751838460956,-2.75050662549433,-1.2789445874372,-1.98989883101789,-0.0430400731624876,1.66264840183565,-3.04329412815677,-2.59596715437747,-0.429100072754971,0.19070588502223,1.03965974927827,-4.12558253896501,0.854044159399862,-3.21072253973878,2.69804386444381,-1.69898857501127,2.19931912708526,-2.06432599002449,0.342694141011371,-3.74289042953126,-2.96933663717437,-0.368387366330177,-0.285023714396422,1.91219754070024,-4.17070967390656,-3.11071752229341,-0.557295892660989,-2.78276473828994,-6.30809580782296,-0.99640558175981,-0.530706356660433,-1.09342643290452,1.85954002792582,0.347803918252398,0.997263558939561,1.21405071626149,-3.2953581888879,-1.33685035212854,1.55793093271879,3.24320033816546,-0.349612224091109,0.559257483253718,2.19787269832431,1.59898326987586,1.70867143010494,-1.29011451015219,-0.00348441699135915,-5.24830932808137,-1.5360596035912,-3.52565547958639,0.0310861674552829,-3.64562052765779,-2.58809343260091,-0.120123925073677,0.339625353351404,0.957985148723518,0.283904914101224,0.313482890794973,-1.77233717667309,-2.26090987683702,-2.99512914143242,0.052088487372016,-2.13248383413368,-3.28999891197915,-3.66396767335192,-4.57700752257971,1.12411977727604,-2.04574075523813,-2.39654366906258,-4.36779151246589,-3.11203431968859,-3.86759058704144,0.785265198255394,-2.95101280583627,-2.32091366189649,0.385344036024072,-2.2808300219464,-0.188560436143789,-3.88446622870104,-3.97366757237319,-0.0290890585253415,1.13823360687352,-4.96408756179255,-2.82137852453662,1.63835678276483,-6.83892309778295,-2.59011174581582,0.00598904868152461,0.0542474231793242,-2.13931738523738,-0.899714520471419,-3.22719079799765,1.12361929152641,3.72965781958382,-1.54649705599052,-2.32518723537213,0.608435849694866,-0.358817174431042,-1.3343693054538,0.516794704789425,-0.967073013449907,-3.46988204885986,-1.10552186412584,4.65846702867807,-2.68557897951606,-0.447389847821973,1.33364515762402,-4.02160112580239,-1.63086680774288,0.171639359042215,0.686000504102591,-2.31028728584397,0.755821420779597,0.881092435916346,-2.16463074816096,2.55900389152042,-0.913159483733119,1.4059423609721,-2.97414476703176,-1.50003666324217,0.699934865017747,-4.69819671263608,0.150859051891042,1.89099553957256,-1.55879614979681,0.58894141800989,-1.91050778762047,-1.24127749460089,-0.385664558829397,-0.740028326741573,2.49222862142252,0.275955037557578,-0.194594610427634,-3.24954523559124,3.28325269552608,-3.62641872333732,1.44528842095269,-0.465785455675859,-3.45580306307839,1.33276265894123,-2.19249649845159,-1.79794677770049,-1.37288198763625,-1.77564800115526,-1.43177263252386,0.225501648480593,-0.0129943312224666,-0.81171425496261,-0.100933671542352,-3.19110227423595,-0.966923429730131,-0.526248158662873,-1.66480140710389,-2.56054860771946,1.06906392816731,-2.00696025568383,-0.620289127864599,-2.04424867855581,-0.158764241510959,-1.014930704917,0.278118992845302,-1.72167128959185,0.668857838121729,-2.24401107022083,-3.55710240197289,-2.02547535843649,-2.00611095623284,-1.15222922156798,-2.15620745537875,-0.456183401113436,-1.19167954842666,-3.2917376682015,-0.30391309269557,-3.32689876220738,-1.34709861084359,-0.857442833988411,-0.962032281793471,0.542119113001774,2.72072649864555,-0.47876665388341,-1.45046477161556,-1.41768008987249,-4.20191831786147,0.561849055889365,-3.54884949819714,0.246658656870674,-0.83257130741362,-4.27854126723464,-0.66996547967784,-2.77885077545081,0.0132006911198459,4.88890179215968,-2.4818264483008,-1.71666428481002,1.73679615302935,-2.32005773048379,-1.25528855650055,-0.586814641317472,-0.109821628005234,-2.01173521488537,-0.484860415899885,0.0046249623693817,-1.38250096753109,-0.236517715343644,-4.01256206823006,-2.92864417729378,0.0741843512351126,-0.610146968712136,1.73013273860225,-1.39458061034654,-1.59571954083276,-0.966254084364203,-1.46271024506586,-2.20741467923885,0.401278275074626,0.47277809716535,-0.727688406675303,1.84442920467511,1.63141303971297,1.23491488308374,-1.88972448526021,-0.361438023676633,-2.54135116357923,-0.709797121264539,-0.180820573975285,-4.12372258268873,-3.9532311296151,-2.52935820055179,-1.58662541211903,-4.13876883892369,-4.118508030043,-0.998834744924021,-2.82649482633539,-2.89143964100892,-1.92934853436962,-1.35677235967772,-2.67801548357839,1.1023614366425,1.47539076560086,-3.01492646097797,-1.9400283323299,0.0408053078099124,-1.34174497221198,-1.89290385027731,-3.94426659284201,-0.309912250043568,-0.756376894596284,1.42929417900323,1.78076019735649,0.115513713670696,3.42801780195891,2.29805156948721,-1.00266013551453,-1.31395288966544,-1.31310656997563,-0.816975966038846,-2.29915082791821,-3.20397969092436,2.41604557848183,-0.583326132190633,-0.234645250347703,0.361387280115907,-1.89325632029501,-0.480397241065294,0.125912525197436,-2.8902699838717,0.774604923339391,-3.45128841209118,-2.13681057026487,-1.4857838296547,4.30026341545922,-0.667464626210361,-2.14001611929928,1.61911075044369,-2.0857413454942,0.0329665331491564,-0.520072345274558,0.668772395485017,-1.53038038772822,-0.346078119162934,-0.136104142417621,-0.0364137173846252,-0.0904380049640603,-2.89991805787994,-1.4913615536146,-2.82344379007512,-6.01243410611772,-0.39444418818478,0.937914566704897,-0.705004499583473,-1.53801961610466,1.29180433773148,-0.499342572834685,-1.56818541470237,-0.440419659809454,-0.012558617031075,0.302681963307164,0.459936514130814,-2.44782188699276,-1.85373846168769,0.0126790109924639,-3.05240657431876,0.670321756422118,1.16288456348575,1.07627025697882,-6.0379274375763,2.03877559029629,0.287144282275498,0.373450269228458
"64",5.24683628894646,4.30628347208838,6.93934366356194,8.18321012491481,7.88384223074264,4.7848033815102,4.0966564812952,5.28936102194801,6.27945451506929,1.80543635852121,8.59211691129775,3.18211781245436,4.02441933224705,6.02298586210842,5.70523455098269,4.0681747773449,6.70333802863151,4.25624419698933,2.03753362240729,5.93319640732807,4.26668578222745,5.42276112531107,4.70224606606841,3.76678863520556,2.71793193982422,3.34849006111887,5.42895347328428,5.03978689429166,3.27503271746031,5.29439763928996,3.38465605289956,4.33648042266309,2.86551110288368,2.7567595884424,2.90904935524525,5.93860451352169,1.87994989986199,0.338956714167272,4.97282139030823,5.63565866753262,3.05053040678107,4.90794255405824,1.80932824163018,6.60551969174154,5.92748026554358,3.62343588932145,1.73111358996816,7.01360981777427,0.460638300834034,8.1501840024227,2.21579606471689,5.59009217665317,5.80539549682853,1.15285046021129,5.5603870149289,1.48791737909978,2.60001928439496,5.15413200169432,7.57885681487213,8.90794282586408,6.87562953989676,5.32416334167953,4.65729800583545,7.67585407842973,4.25234528328255,6.31852454024516,3.01175329657275,8.57625675490048,5.56204268700004,4.3547716514907,3.09991037896568,4.43977168580396,2.18525599897342,5.74980492272191,2.7200801834122,6.55202563694932,4.44708476065887,3.20899033953232,5.23274678171517,-5.55905144932763,-0.981762759122256,-3.34143742484629,-0.208224149182211,-1.42966185122486,-1.1378201367688,-0.0883224216159413,-3.06988348901064,-5.03970728242791,-0.0154444908807746,-1.77718795565222,-0.619566553510337,-1.01475851574487,-0.624843595130647,-1.06754470215954,-0.246092712551031,0.590491791464174,-0.982913601544086,-0.107807618012139,1.71154804074912,-1.17054676002003,0.907171765557038,-2.20255742997853,-2.27287090162558,-3.05911255386418,-2.60086860890372,0.135902592297978,-0.782828640293248,-0.808118507489597,0.193622050958045,-0.524934505731463,0.842759631000961,-0.304035606176336,1.06109157454891,-0.250363638084702,-1.5869618589269,0.347036135922177,-1.60817923525454,0.502169663109337,-2.88926332531106,-3.69542833020175,1.05413294397549,-0.680508158812826,3.51547103499345,-1.55102624781509,-2.27527349191229,-5.52188576748946,-2.37570461388362,-4.81104737220713,0.546049642215381,-2.5128568485381,2.00796561158087,2.53220159682289,-1.37806017888137,0.818111866462291,2.86521231425753,-1.53726478815541,-3.71106735872142,-3.83997256471265,-2.07633702640596,-1.99293731029619,-0.780574280209925,1.4945144519207,1.48253440243907,-1.41461375985042,0.425893639507981,2.36435003909918,-4.47154533657875,-1.64022779827862,-1.8425797488497,0.535023559709782,0.878319217365663,0.250583346937149,0.0772232999392586,0.848134677518605,-0.998232429528364,-5.3335236265844,0.236812249331195,1.23310080797637,1.73525545643247,1.76688315530164,0.911963233450104,-1.05029817907981,-1.16184636032318,-1.91274137736456,-0.760246082303118,-0.971722053801,-0.13718864006834,-2.80715894210592,-2.05556390187144,-0.417408808964563,-1.03394136483162,-2.85986026327144,-2.01427131000867,1.78829312383166,-1.07398497704054,-3.14632118670221,2.29503284724017,-1.21479586995723,-3.62713542578105,2.39161624657777,-0.408107258955113,2.19344125478144,-0.203658151929633,-1.94261755970323,-1.84597249354981,1.68567432105472,0.283148621773495,-5.0373210166829,-2.34436979415505,1.6773015227502,-1.3917392228452,-0.721742391228023,-0.336859798864872,1.48740014799131,1.20038288216103,-2.93421562379272,-1.73497540568246,-1.80126913195061,-0.334428446009532,-3.54282266541876,6.15124662334229,1.85181752133635,-2.53491382139605,2.93379055498935,-2.34489920194614,0.998756222324344,-0.0648201171577742,-3.8167014402984,-1.85780939958604,-6.28259642489421,-4.62044944694436,-0.382263008534725,-1.04806973835181,-0.303134985000138,-2.46896432814824,-4.64621178806502,-3.66463472704001,-3.21956425265568,-1.70750959748739,-3.64433773822031,-3.44075306088358,-0.910711299546524,-3.22466960165639,-1.41667253315191,-0.363781243565615,-0.475755829144042,1.6613258660004,2.48901908702537,-2.39163229226972,1.35384323532099,-3.38293475053946,-0.8276041525099,-0.14143593397424,1.74045697342721,0.167464706440475,-1.20792182818073,0.495550920337003,-0.687416045029758,-0.753121182508896,-1.79738317996909,-1.87603906057761,-1.90223277172452,-2.23665193713734,-5.12084445722077,-1.35570272223068,3.30005543615058,0.493258565702997,0.240129206431694,-7.32252935466472,-2.29249368761911,2.59745388762698,-2.90310896950362,-2.09229267043351,1.93533607046021,-2.04591004448874,-0.651653482833442,-2.19101975611109,3.97768506170289,0.838096761543675,-2.17146402827463,2.16277464672809,-0.667383667731273,3.30272524077385,1.31678769558077,-1.62687348177568,-2.43387437124264,-2.7659341136018,1.85463624309681,0.340754809829874,-1.02186375780391,-1.29574952165684,-1.51904454276913,-0.482183621118791,-2.72715983153182,0.137319052853777,-4.63106918317367,-1.0093625511855,3.93916106942049,-0.817721357185144,-0.651422466870312,-4.39239756852591,-1.66840121175932,-2.6148406100379,-3.59002304878721,-1.85387184852006,-0.118276800040471,-1.83408376183272,2.0749975129089,-2.69144856079386,-2.34926596273731,-0.233588298134269,2.91886203905295,0.424171411424669,-0.806735716989398,-0.944825624911191,-3.65387602930229,-4.66935776971757,-0.776280233070979,-1.19734889608681,-2.2824751939655,-2.58179450871525,1.8434621821412,0.361872817253871,1.7925632560007,-2.65739529062293,-2.69857689882223,2.9598800388376,-1.90117316305966,-2.77178417738376,-2.68471921924705,-0.0682718432941214,-2.60418686583521,0.138677694452938,1.08383831176086,-3.46696806533749,-1.05822757257325,2.17304704326766,-3.52251461910158,-4.09497438274825,0.144746761141323,2.86513531911682,-0.318873186276577,-5.33080481000088,-0.476353719892104,-3.17785860304306,-2.61585765578184,-2.74701903158519,2.90892320300767,-2.43676582666474,-0.677236101064236,-3.54628954118475,-1.40990563144344,-2.18574944378578,-0.716893607573597,-1.11375028621374,-1.4908485583648,1.20915148064845,-0.219493511745379,0.323406944977042,1.93720199887478,-3.25848112652223,-0.148619165495609,-2.02484490024339,0.00267606222717376,1.79349483717928,-2.33770558813644,0.107321429916338,-0.654985014908805,-3.70570811846401,-2.57941815840636,-5.86913394343373,-1.42307634550898,-0.32420582172304,0.832087305805455,-1.4229438175651,-3.81036137076177,0.917764168104068,3.28285216808232,-1.35434596372301,0.617431677185131,1.50699137993447,1.24053532045725,-0.0805219118471984,0.778326124582329,0.367797155494854,-2.31295847229494,3.97473261667262,1.02245575524327,0.895887420445121,-0.166796780679209,-0.896194459176684,-2.26147810883219,-1.88871604427322,-0.574299454560421,-2.33100786878598,0.130794519035699,-0.774674682167719,-1.62852404414561,-1.93139659050446,-3.10823892336358,-1.08771607596666,0.0839794996147993,0.456468512050701,2.01998651112007,-0.190997915128367,1.18003123668091,-0.537846505220664,2.1124363327146,-0.459512146753152,0.960539096742405,3.77263672746364,1.33815489719804,0.664154065348082,3.79991347170247,-0.596503378283659,-3.89660347479563,-1.66315369985327,-3.0626034017702,0.950595319425458,-4.31172443849293,-1.85847975203628,-3.00993742142254,-1.43715757944347,-2.86232028224312,-6.41258612526957,-2.35615918699941,-3.26233709833495,-1.74401417852593,1.28222613801335,1.45862232418527,-0.0230415689775201,-3.83151517795273,-0.941693255051247,0.76085266425359,0.740240583105212,-0.972609746121072,-1.10769167910438,-2.25961631518573,-3.10534856446235,-0.557850269177139,-4.51607066095903,-0.796333137263598,2.65797846337949,1.15497520908851,-2.71914519247654,-3.05327391839882,-1.80098286188307,0.647708774782614,-3.13565784369665,-0.340064276990712,-0.620650489166047,-1.90361259599187,-1.75792533880585,-1.70491854182198,-0.777460192062,0.792690767821653,2.79978268823527,0.839328990644201,-0.292394322761541,-3.90096624821802,0.317915517436433,1.52928193195903,1.88493336925417,-3.5283956057612,0.315387496556661,0.653364342510649,0.276966515014325,-2.49534271666804,2.54881524332652,1.4896273051637,-0.576665027206108,-2.66076216348053,-2.31378640573272,-1.57104082420504,-1.14494463700297,0.162749822010665,2.89369561331337,2.14098791305545,0.100400958425214,-3.14253709552023,-3.13579331571361,-0.265985754326256,-2.59401964874873,-4.4056832024546,3.23925764733652,-2.04325005406351,-1.84495679604947,-0.0228008280446377,-1.18756687143083,-0.21338930349363,-5.59579002723059,-0.996695040332555,-1.56270585945908,1.45993027978959,1.28613499217072,-0.252768582779295,-2.48945257970863,0.663096928261641,-1.47165773986133,-5.51941768632654,-0.0791899805722783,-0.889171312444274,-2.19278796017343,1.8293043758536,-1.99456722584158,-1.34012760321073,-0.392743410110091,0.49264132019852,1.18983220349403,-2.04589814622071,4.28337503885477,2.24675326816374,-0.79978480415654,-2.969141825059,2.33563753932313,-3.46347034121362,0.882935251694841,-1.34474417682339,-0.849090470063018,-0.993646964201598,1.56695968641371,1.21616994938647,-3.98711594695363,-2.30666036362872,-5.69189645123047,-2.80656562866181,-1.42453979742344,-0.376201118423489,-3.35214581118697,-1.58432877819152,-2.72579213696446,1.87175203794149,-0.502724091373982,-1.78397619908267,-0.632778857991114,0.45771296343255,-0.104862923308463,-0.170296120584874,-1.02301245627713,0.0798320531875847,-4.68582941527675,0.296219586532894,-5.10237494355772,-0.390672774549328,-1.21797594365277,0.685677652449818,-0.104241344175823,-0.349744588959007,-3.86710798738345,1.03594854024015,-1.48229442919824,0.408275957210112,-4.42289588191923,0.153084237565413,-1.42679027898695,-0.553031920437159,-0.794077901013059,0.358951348085136,0.218594926389782,-1.51201347681006,-4.28369115478485,1.42993063733085,-2.64754476106002,1.22814373532378,1.39570956094348,-1.25366810667727,-0.00673437560615042,-2.16835365460338,-6.12699055887884,0.87032738303836,-1.33910036501687,-0.131873117990668,0.575587314423667,-0.946725506522612,-1.06580409722233,-0.424061819124016,-0.652085986969048,-1.69401233055464,-0.0225493750787016,-2.87867495246359,0.342144698837742,-1.25286013505947,-1.51742293495336,-2.19085533391345,-0.773429710768694,-4.62513093667818,2.47748842411023,0.82405514646398,1.75806773812922,-2.84136666539209,1.57846451755729,-1.16396120832553,-3.38376139307821,-2.12721957334568,-6.37132341426283,-2.02084685306639,-2.89212160545705,-3.5121466281649,-0.403860757730004,-2.06710331313714,-1.63017211401255,2.2694495603506,1.44091300266137,-0.0607671650108157,-2.58393542988365,-0.686041232499492,1.33635034213125,-0.120697437937469,-2.0097734525716,0.640135637739918,-1.22968791627334,-0.899841829188972,-4.40031457581659,0.228209689331067,-1.02847104367605,-0.00228544492596294,1.52647597508159,-2.26095296471807,-0.00926931186910629,1.76443549126305,-2.94731276347566,-0.28585297599093,-3.31779434092334,-3.06284637497013,-2.76337903635605,2.49281631271817,0.897003029668678,-0.655081179875159,1.47352330378966,-1.2148693362836,-0.938408526190834,1.43883575417513,0.0114356441237582,0.684935822260908,-4.3255540503496,-2.37091188583458,-5.80931293042323,0.733851304620865,0.00059356671394184,-1.35735737772201,-5.85414696961161,1.34104294336459,-5.2099020108242,0.510955579867969,-1.79816066724928,-0.941603820436915,-1.34530487336255,-0.156273032448004,-1.91867702847372,2.01228904868307,1.09577388877441,-1.53937655055413,-1.34219961278899,0.217567554221864,-2.77156895894957,-0.491709427418131,1.23345448727804,-0.390091992811699,0.652035325953642,-0.917103464884222,0.846716234776391,3.40521245105454,-2.97028156499877,0.616618430936145,0.0102397468185988,-2.05315460322127,-1.13288964786089,0.155223694849111,-2.59255274130534,-2.85526899177396,0.215325339483609,-0.00438420685813112,-0.843051141470392,-0.540224088047493,-1.28092139429267,0.0543660639670822,-0.515967824863199,-0.278022207428033,-3.26816431111114,-0.427030568095556,0.709688447141857,-1.91815591311315,0.500874309143956,-3.28914999720866,-0.18519960281475,0.472185685988248,0.680922727966263,-5.44979303605874,-3.39166131523878,-2.50896875771285,1.56003263720953,-0.768282189205163,1.00352006465678,-0.724735543407047,-0.742842129916276,1.08272294547921,-0.397521303454316,-4.36131196887037,-3.19379388372682,-2.20276974332109,-0.259775795529285,-2.02926134809068,0.668208810535706,-2.38205883831063,-0.464283685350771,-0.979884588505005,-0.455551016382428,-0.72268744750908,-1.15360794447621,-0.427815285002539,-2.5099578991381,-0.858242147926088,-1.48006184247513,-0.00539721362089673,-1.31601020275018,0.0363482706234237,-3.17751450294952,-5.89375829594969,1.34894134209498,0.470732780000144,-1.63235996410079,-0.83360931978416,1.77014760644785,1.64401546245372,0.85702423258711,0.446455758530997,0.324999544699655,-0.994721167003064,-1.416051939549,-6.04681305641236,-1.17661587188904,-3.33278416397494,0.878344691108317,-1.34632845707859,-3.25678825605956,-0.302763398517614,-1.20833424379903,0.817831805169402,0.892962794055324,-2.8300522440489
"65",1.68948635948324,3.16594716133086,-1.86680784336912,-1.17928209788658,-2.86575114518491,1.55109352637535,-0.749258791314961,-2.09854366624357,-1.24850798190108,-0.695925681035131,-4.9578094013226,-0.268695334858828,1.56500511479248,0.640881457830498,-1.68051934596359,0.87610497302031,-1.57404672803178,-3.00552911444977,-0.497836805256693,-1.57629966166336,0.852678450157086,-3.99948014733347,-0.942227886552979,0.513876165352873,6.08030284440749,0.278952276248133,-1.54495196742695,-2.57954717758677,0.798927287945887,-1.57025910148614,-3.27072436692687,-1.45415323355981,-0.928999153133552,-0.494144771193724,-0.888246380833253,-0.277331125999121,1.47361636307238,-0.614420153354774,-0.568160659826025,0.783022903176763,-2.80836610954231,0.156795113380052,-3.36806961999689,0.492932546152896,1.34566156157884,0.314028617957121,-3.25441387512756,-0.0361983189109344,-2.89249968912503,-0.891672132070312,-3.76685082443373,1.0514936888782,2.79234380966147,2.05468902869544,-3.32476088048238,-1.78931962472914,0.557255339363095,-2.48725257887149,-0.249968834699586,-4.53506904980559,-6.06289869527962,-3.34278679577898,-1.16769166681342,-0.409550754581226,-5.03465924898481,-3.66157191954723,-4.14887841063965,0.582178185322576,-1.04293965804383,0.647487126336232,-4.91470965878235,-4.4424267625407,-0.685017599629251,-2.63151455635114,-3.22509541701807,-0.901005187246794,-0.989959678039001,-1.20043549453163,-1.87875863849314,-2.18162750312392,0.898729561990407,-1.0119092617511,0.835884810066367,-3.02708730354734,-0.905744418078147,-0.326907193164663,0.376986877539889,0.186455991862784,-1.00893433400347,-3.56883382884715,-0.900625869525362,-1.49426001035342,1.7899800787452,-1.60174542670584,1.29723080929215,1.74567191141922,1.39438503626412,-0.814406926940528,-5.83052010496142,-3.03001547761214,1.96802848267119,1.34409578384687,-3.31052512694721,1.7965593521222,-3.92855362193089,-0.584937347962423,0.288872888966571,-1.15412031344359,0.128704689275277,0.401622666745246,-0.297095270064966,-2.48234237326635,-0.23922597263072,-1.11936184177649,0.469627716409937,-1.74147756010766,0.407559815807813,0.299711044031445,1.0846788901697,0.642122192598835,-2.76885054410336,-4.07985445347528,-1.15440269214185,-0.547926092947656,0.156723790918182,3.78947155361322,-1.30134564614916,-2.99832046956342,-2.48516934151534,-0.7275370100884,-4.75408088922457,1.07369303407572,-1.82213139065607,-4.38840035562568,0.0429361331602263,-1.7948030879821,-2.19592899265372,0.3761936285618,-2.20040569430448,0.00310701244867118,-1.04014206051284,-0.202870132193286,2.47444424053921,0.0497019802063581,1.40110090325259,-1.28381153210967,-0.775752785911983,-2.54999570853175,-1.56341757752594,0.388020431750107,0.508423616594548,-0.863713882445758,0.750123103168477,3.01254373965324,-1.52575278365673,-1.07221491608938,-1.95548690370703,1.12892347624747,-4.35054680716818,-1.63474887759385,1.05473713646898,0.705533740670895,-2.41077444174467,-0.979613711238267,-1.4693830750393,3.6320218838788,3.07804420680767,-1.14808027139247,-1.97733624999765,-1.83552059070142,-0.365837997608239,-4.04186638127291,-5.47460540332319,-1.69862791864828,-2.27018469167622,-2.82452375865452,-4.37150123215315,0.138773256533915,-0.0155196490730517,-0.650570710048578,-5.74628547671906,-2.26583693828073,-0.42324198258718,-0.275530929820048,-1.50825494813795,-0.57120767206101,-1.01407784460575,-1.9207257681571,4.32429036519015,-0.171811650864384,-2.85131123470704,-0.471971211746907,-2.67244479021646,-3.39736640955016,0.572313295773812,-2.40472956623566,1.18691807815136,-0.182436429956927,1.70916687867507,-2.02202399961737,0.920523034977235,-1.32049385570882,-2.44704900805431,-0.426605894548235,1.69981629684308,-2.32437520107175,-1.87822844364731,-3.21439356942463,3.68060992201248,0.0758908011482766,-2.01922886852929,-2.52055369518172,1.23011683843439,-1.19631943199549,-0.673113768697815,-3.16890392440074,1.37585959716683,-2.13943986223095,-2.02588748649636,-3.03518355866185,-2.80428698165723,2.69954364256218,-2.13768190241421,-1.02189760819142,3.44348709599286,-2.39947316628092,-2.23306551706376,-1.4388792014098,0.917923204340209,0.0153317295484758,0.261095854543821,0.934116442206682,1.93320258240043,0.774806222727587,0.20166555330478,-5.91118849572357,-4.22247018873634,1.52634979260768,3.04889306621796,-0.259447468246838,-1.48582967273723,0.899984541877104,-0.816718399043295,-1.50695088597866,-0.718847569511183,-0.58157021098145,-0.647569632941266,-1.27395790515496,-4.2522402407598,-1.04555238288729,0.946611992608889,-1.18352062665121,-1.33373708806705,-0.963857538432703,-1.4772566367902,-4.00904879687577,1.93566933605271,-2.82178072089161,0.611592268433381,-0.463218741834667,-2.57777008043001,-3.74436404011365,2.79195130709598,1.56863544993517,-0.279534194002837,-1.985066398901,2.03649025981492,-1.18732872818506,0.833924087325838,-3.34125500313404,-1.20439421838223,1.62238894461049,0.316006632210327,-1.73009293553344,-0.640888154346238,-4.15438936494936,-1.56665615544456,-2.07161281165942,-0.685874140623749,-2.0717257754887,1.46454806321584,-0.298862621805751,0.242908729775867,-2.36482889557183,-3.66321197056677,2.87006410441938,-1.49258071106109,0.022103795589558,-0.293976768575544,1.44761627111391,-1.94672270975523,-2.53207494763214,0.771407622277321,3.21628481095807,0.56676147783041,-3.62090005514103,-1.60760804113838,-0.904206831718814,-2.63268866335898,-1.26693115440283,-1.69662161792731,-3.38398458726669,0.164721928306546,0.597047203603057,-2.91881328541859,-2.95183374076202,-0.900601571946713,0.887196728198359,-2.10696104237571,-3.0610871141171,-1.31645840292217,-1.03735827955456,-4.504058510961,-1.81217547229781,-1.89786779328003,-1.09312255865625,-1.95132146403508,-3.22379393428102,0.966176990481932,-4.24677447936688,3.44013894588231,3.0649748238542,-2.31374702474416,0.00177002370623458,0.171430664186444,-2.66784136128273,2.15482748102456,1.74107411524459,-0.15085058085251,1.94909576253341,-1.62426094116415,-2.13363999360558,-3.53597822390687,-1.82159723693498,0.372416379523579,-2.7521367441101,-0.0897619480561124,-0.837344820717142,1.03839996872405,-0.787773435859117,0.307505573907235,-1.03460770015417,-1.87129223656857,-2.29203779823248,-2.31352416585979,-3.81476731685721,0.211763719836117,1.97242062370493,0.71756017267458,3.14579224231464,-2.23775026174546,-1.0496923566094,0.528403346777475,-1.12727237078715,-0.582374372245847,3.70978359000004,-0.675580517576981,-0.32988512815043,-2.65356982637305,-0.44765775385425,-2.82196422264443,1.13576481082166,-0.260078081556642,-2.54529365283399,-1.72627670654812,-4.73389604169963,-1.55223946151883,1.13965081453216,-1.72865181920528,-3.80823660267818,-1.32925596091547,-2.61990206509874,0.879881735983349,-0.952370196976488,-1.75882652921916,2.00960090250619,0.46845750934149,-1.9990645579825,1.55774026902898,2.85563914911232,-0.243542245049958,3.18340688232296,-0.988388614738879,-2.11285173291605,0.668188470712803,-1.87786193575565,-2.07810234205769,-0.243827282576445,0.522905861841084,-3.22306575768726,1.81637751918863,-3.25912004532913,-4.59766248694275,-2.8369419314325,-0.354167935140628,-0.214103644765773,-2.07951881434196,0.620817867501223,-2.90759923574615,2.74861395698422,-2.57992310864473,-1.44289169265188,1.81142198083754,-1.84437254802789,-1.40575436250078,-1.77308849004649,1.98146896609036,-1.47749601684759,1.06413117584285,-1.67547331624359,3.66287217545066,-4.33383639460738,0.868122067796281,2.09247457604694,-1.23734520032757,0.000800695176840893,-3.00636483183396,-1.6980113611636,-1.08602404819281,-4.8466658842176,0.759199437519318,-2.96326317480717,3.71938879199513,-0.366361352824285,-6.96071650307226,-2.45735950918074,-3.11448216642261,0.347726814111353,-1.28882015717044,0.346912242557723,-0.323082641698017,-1.44533999040186,-3.91253790544645,-2.34168185835051,-2.49877852734678,-2.7514216163809,0.400958930949507,-2.15130169452696,0.867705330004549,-0.623409504745518,-1.12963683040634,0.696339756308494,0.226072821537283,-1.05545422704755,-3.55863828802922,-0.317909454130089,-2.09202909701308,-2.3870408402226,-3.07192355078589,-3.23857566863441,-0.725496631646847,-3.67609514698653,1.54854809206452,-1.46525051339561,0.701180378244868,-1.57117615405513,-1.56376573414902,1.00330677976755,-0.585363119259399,-2.30894179184653,-5.29055202543268,-1.57909412440888,-1.66757838644039,-2.75943873149994,-1.7648223489977,0.0172764253155546,-5.4704073491051,-3.61153415121838,2.30932678592274,-1.8137839471889,-1.44087250437946,2.49975500255891,-1.17323862564693,-1.97104372114551,-1.03181938640935,0.0142274010232832,-2.97449225988808,0.198286886535876,-3.14822903567124,-1.80823808436177,-1.46768987879382,1.85939954323826,-0.791915222206635,-3.90035901637532,-2.60592839585261,-3.36182308270877,0.720269310090013,0.0337935949825192,-0.127860949037517,-2.09103956188018,2.21950443973976,-4.44804604560936,1.74515253322343,-0.736208664850902,1.86334890757982,-1.17409639139584,1.47724888261545,-2.72043060172997,-1.7723857355893,0.269603502970908,1.96836864975455,-1.73509653568441,-1.17441514875474,0.502548352287167,-1.70723594424841,0.818011425520542,3.24274663261047,-0.412981798576784,0.726476792086001,-1.02299955972419,-2.96097441362529,0.662611830634902,-0.40414061339635,1.24517419892027,-2.03575959560006,0.880270207207815,-5.05820372216024,1.63680428583557,4.12468619444805,-1.50637387661237,1.49466587175237,1.21014836986344,-1.45166428515187,-1.24344053930422,-1.17426331117905,-0.325911580268007,0.263926538684899,-3.07645874303507,1.17150538013521,-1.36329705389782,-0.376252576174751,-1.8916089166595,-3.02010699823958,-0.695189239192384,-0.45646182362401,-2.35832035341601,-2.1070885107593,-2.95144745961556,0.414449893070365,-4.26345353314542,1.30221666894397,0.181905658618596,-0.641431980454228,-2.81073750748545,-2.20143998137686,-4.00465691699769,3.34749108320656,-0.839141805361758,-0.716300625929094,-1.04221188966269,-1.95244567327943,-1.08233141633029,-4.75616011332724,-2.29623947347749,-5.51861660865653,-3.10328693416118,0.918635557263983,-3.26018275704591,-1.51004678264177,0.64280783521889,-0.717549416595518,0.161415910162634,-0.61675852950391,-2.81991264645582,1.21581939144831,-0.258755888454696,-2.03762571155385,-0.415233936825564,-3.59833429748674,-0.200208267981536,2.51045568687458,-0.583037303985857,-1.83289252154438,-1.39536473402629,1.56257281025434,-0.0528966150058835,-3.2774967872441,-1.23108394011628,2.03695606260905,-0.569813478291639,0.18960875766411,1.97490685452351,-4.85430327799831,-2.35261129441582,-1.53056543924472,-1.9865200653521,-0.0981094559673015,-0.691208264557277,-3.71989847559395,-1.80376486101498,0.833134976240886,0.710152013403075,-1.33562438308624,1.82607392096996,2.29363872292137,1.92988633800648,-0.657083506737166,-0.494599305167461,1.36140532951285,-5.62868539106775,-1.78420645941874,0.0458295245421527,-2.57023208701921,-5.09096388681747,-4.18838039649814,0.844240612308411,0.549166644410342,-0.173069381544749,0.416252384136794,-0.00545907965871628,-2.0107792336272,0.0822563130552281,-0.530955152222894,-1.07063775391938,-2.07790360188506,1.09241511546092,0.42089082393131,-3.71375975938712,-4.55802945026328,-1.52878450007874,0.0609822648061664,-3.52297078204501,-0.298067595817788,4.96672739808343,-2.54976057867676,-3.73311608510145,-1.07078207548834,-2.32614282692969,0.112072332254674,1.35732352125163,1.50901441232171,-1.13268318002164,-2.70285053618467,-2.87476784115858,-5.10503398239702,-2.45481998596092,-0.254265097093564,-3.70557374579095,-3.882456822177,-5.64482676263217,-0.230345308597401,-0.580775192477758,2.30017554531627,0.303831344423408,-2.18384551143325,0.734189481580166,-1.14350678064758,0.682206901880007,-0.349431546071707,0.910385215932312,-0.244175409155286,1.58781769197675,-2.1750158896704,-4.43402971266814,-1.64731300573824,-0.134182074692601,-1.55629684352222,2.02021687694498,1.55996631127316,-2.83495490605626,-4.06859688713459,-4.55920907345605,-2.09596249610332,-4.89021683886683,1.53645733721887,2.62413814716524,1.30823726234581,-2.91020451688989,0.65693484562862,-0.748004473392123,1.10683870314801,-0.469180723582252,0.352328617143505,-1.21413567563654,-1.54650777952972,-2.55629285198474,4.4348490905149,-1.19270544710137,0.099163655393282,-4.72532549926091,-0.448667958852759,-2.37275162972591,3.39015420206572,-3.64943229287981,-0.0608749323049004,0.876689799631908,-3.65224402932462,0.593705539522602,-0.195307989286349,-3.1922639452862,-0.00745498695112612,-0.346575689294489,-4.12687655834007,-1.03747560696384,-0.411179805813857,-1.83988289445182,-0.370989080513324,2.11071194405955,1.89821995617239,-1.20018109253715,0.18872648096207,-2.90412971076523,-3.60925482432129,-3.7290791297705,-2.16731096660029,-2.70328254609224,-1.75222609162988,0.76198203162987,-0.528719066162093,2.49309427023469,0.355619716969538,-1.38373559671543,-3.59508272042695,-4.02598179952433,-2.3286721185485,-1.29191844401147,-1.61061665666089,1.15283511974639,-0.479038600454273,0.256893557443399
"66",7.52047272426405,4.19164064032246,7.44481516509305,4.61832763021376,5.76266795676974,3.43316784142689,1.95125166091466,4.74393557789971,5.83594963600624,4.96697919684591,7.47754610632468,8.74199353521616,5.8476365156265,7.2927416519279,7.2213272834309,6.37166765029981,10.8145922721168,1.28214660027967,3.80804585643575,1.70101249098853,6.9508374920837,2.98988644835092,5.89858328952436,7.42052479372624,2.67839934108415,6.16160969871848,6.36501209220112,5.58460539570872,3.51762819546431,5.32633525128794,5.93545241141286,5.29933021018567,1.9462193993232,3.72656895951691,5.66533356760545,1.34887711591232,4.9679365307348,0.364550856813164,5.02766969183748,5.77491738936228,6.08280263069629,4.85088559410897,6.97722514649363,2.93872644738832,3.39942570544922,2.20089591153716,5.60004166223332,3.49216769832875,4.88784247112531,7.94770188924712,6.14561151412,5.23663401789991,4.58249756650787,0.466649597548564,6.00270958763433,3.77992666794799,5.29049683533311,7.29964413493518,5.56818245299906,6.28924654049252,5.68106709730266,5.14896471634353,6.57387493316984,2.54971989216563,-2.72978221873319,-3.04524656100994,-0.9845105362221,-2.03585174888459,-1.60075907540507,-2.03756977847534,-0.108540543489355,-1.60851359119855,-0.0897100212898716,-1.19038921189319,-1.22752557754852,-2.20617830230215,0.224139511726651,0.13141407120121,-0.713242735592297,-1.01758335689954,-5.3004082114884,-1.56989161348379,1.59355152046788,1.40684466490191,1.19183332314711,0.527774681386408,-3.7145448914108,-0.244545151548672,2.8252109986102,0.124834611054627,0.615327409592871,-4.10631120471192,1.07880169925667,1.06782795074823,-2.53498490427542,-2.00213440587836,-0.355500836373209,-2.85768361571248,-1.18606457100001,-0.919215981680675,-0.631251846168212,2.11130928565911,0.595539414790986,-1.73402740510906,-0.607308938806111,-1.99136648775367,0.244778777529599,-0.656654838132644,-2.80751517211207,-1.12628156777281,-1.43956182314518,-3.73807494696137,-3.72478621891376,-3.68587331943231,-1.06592878160793,0.136091289734944,-2.28716272099109,-2.48985661507634,0.415054668706083,0.672702437584171,-0.5557756309853,-4.00267084249962,-0.613307023767892,-1.89614825887871,-1.04565984518288,1.86631754369215,-0.599695511182441,1.18439517728898,-1.87842538180098,-2.2386000628557,1.77617462947529,-0.918337736310663,0.375354229120247,1.14080796128022,-3.21261525569392,0.454491394246971,3.95499076364638,-3.36909897001705,0.345734501498348,-2.82217039953068,-1.66764927613925,-7.32366953107564,-1.81750342395668,0.456088363252994,-0.80404834949951,0.514478277230628,-1.11093781390891,-2.76631911781583,0.444086819404503,-3.5367484737029,-0.0675202307141092,-2.18327865913433,-2.17142705241905,-3.96234973598908,-2.73661888838145,3.65025731214044,-0.753176082061016,-1.29044880171213,0.28905130915158,-1.52941412605906,-1.04510542159462,1.51538782327748,-1.02926350322031,-3.31105513107562,0.733295130933827,-0.969279459197844,0.705685951106498,-0.520776036222391,-1.23506798627217,0.252259693731764,-5.16083984036949,-1.69577083989991,0.773555866322586,-1.00322678826907,-1.40269750722495,1.84200222630165,-2.89484906622146,-0.938987016799243,-3.65094065527209,-2.77731467743768,0.621799503684076,-2.03928692794497,-4.0850460463613,0.952159958366012,-3.21754587148304,-1.95826861941138,0.155431047054777,0.581230594431154,-0.129007359608805,0.254452066360956,-3.65762293430849,-1.84911137359349,1.44854493914399,0.218993013258794,-2.03787751975575,-4.87097722463529,-2.97972545543556,-0.733342304534152,-1.12544612662923,0.77557937680978,-3.17825776646057,0.616140035981709,-1.00514313278232,-3.41327128840986,-0.314247841043878,-0.421533225028717,-0.790564942257666,0.986531549190527,-1.27052553948284,-3.87823094733767,-6.37076083017534,-0.261114126400197,0.188209721399299,-2.10497038490914,1.17595961715306,-0.357934505188739,-3.98395178018707,-3.02365218634133,0.633603536966776,-3.58238800135814,-0.814428993791772,-1.32018470946727,-1.08307067841871,0.635941672277742,-5.77299695531847,1.30265930062921,1.20625649164338,-0.462266578905732,-1.84618411566261,-2.21776736230899,2.62595444492278,1.4566971457414,-0.503065820470675,3.17812008361278,-1.71944616372837,0.912506149233625,-3.12073454073967,-0.586334804266365,0.162547157327334,-0.124118453622541,0.0967069477723892,-3.18751153073875,-1.36041971907384,0.984873568866244,0.585937917525767,-0.837069936097704,1.86645616558697,-1.95664646305481,-1.95639219900397,1.0561759461711,-1.31307793294295,-1.02461738740024,-0.789768326343356,-3.25644643967865,2.08465934796004,0.917712363524734,-0.0824185019995936,-2.91009597784514,0.74700875116399,-0.010988442903941,1.05647757283814,-0.765090402884493,-1.27502709649634,0.135963547294626,-2.28604037788684,-2.34914139018718,-2.45827802394461,0.0304082263509948,-0.921119461313449,2.76508351016579,1.21880249668189,-2.73401182881904,2.35225558992635,0.210672178418563,-1.96389208014761,-4.15403088795208,-3.24940363155356,-1.67540425476108,-2.26776889957055,-2.10522875456686,-0.107071893206937,-0.237204680966078,-0.506404989603458,2.9083630698678,1.8544933742862,2.18233590878857,-0.505651608335056,-2.46360740717683,0.797141670062439,-2.91064107789864,-0.750350172670798,0.936808733806914,-2.58545641560217,-2.65903187146344,-1.7931293034957,-3.49575330323195,-2.8600479703407,-0.799405186773468,-1.6378387690322,-0.453543625884254,-0.563299426308224,-1.14002412128869,-0.0802933639872297,-1.29624947878716,1.77586677615272,-0.848113070214107,-0.86220948635656,0.778038014073287,3.42674026977838,0.352780344250583,-0.045665072815979,-1.81300643511674,-5.96148487499392,-4.51982843632222,-0.90949063654764,-1.03451820160588,0.996177501148617,0.920462371424223,-2.48340266112487,2.22115473463637,-2.79513724707853,1.59935252929038,-1.0640783705027,-1.46338110311982,-2.51369131732168,0.876670013962638,-1.77190510082024,0.740235021606141,-4.1167967297599,-1.8980010525704,-4.55988716956342,-1.02002538847846,2.1534524685985,-1.75130542106893,-0.963778738952924,-2.90301713995995,-0.115676741733998,-0.26576257470822,-2.95735287927024,1.27804186068705,-3.31954086187696,-3.4943434748975,-2.91024585544367,-0.355097964976243,0.289360838153278,-3.02563576856494,2.62322193170895,-0.1803267221586,1.1616517061839,-0.678791802743763,-0.21192609842229,1.45760778382286,-2.41590830992238,-0.243957500268347,-3.13814787859472,-5.88928446605153,2.36849907801219,-0.211138778085533,-3.15571878913833,0.501627567512806,-2.03383883103109,2.28099773085944,-4.26833796944547,0.399196115037728,-0.330951755374733,-4.79457756976891,0.602917894991767,-2.97304984560891,-2.00495049425864,-0.74581002956501,-4.06171052718497,-1.76133348484371,-0.201214792023466,-1.80304900254403,2.32165055152597,0.165942398228701,-0.566200047604571,-0.727206541216183,-0.88996236995404,-3.69291989498923,0.17555178781901,0.0202069788301267,-0.643695814807396,1.97017868282004,-3.69378760534729,-2.63047283696147,-1.1952521890945,-2.01270656827125,-1.15357720923929,-3.8436131536278,1.65997189359155,-1.59953895792744,0.946306677164647,-3.33708479869939,1.84679668701115,-1.13817692097547,0.705119662242242,-0.86425275278978,-2.86855860307125,-0.736582307616581,-5.05587185693027,-3.54929110941567,-0.0565114335909691,-0.932763457236153,-0.585740641509341,-4.39200041243603,-1.76055325181207,0.0156794410168475,-1.18784197850899,-0.0497497312524289,-3.96725932817993,-0.229023428004867,-1.60451600928507,0.944295966658854,-1.51233879406041,-4.38023936357663,-0.976062272799424,0.472752473362437,-0.58862467206091,0.511035289643631,-0.0808086319442892,0.991372846580422,-3.7581639262987,-0.424870171786754,-2.70053942802356,2.06585025599292,1.04317258141939,2.34863447938338,-1.35554671963352,-2.35512537020751,3.15358734110423,-1.36546510715953,-1.47889602975773,-4.62340095676313,-1.91304614037631,0.543260642478165,-0.747285197960341,-0.680011580863845,0.0478891447052276,-2.48344494259718,2.16321721019143,-1.32996976268605,-0.0219564918060463,-1.69690931614544,-3.85741424379428,-6.113550688889,0.407978784199283,-1.13101851357165,-2.16902139853336,-2.00956744575001,-1.49544153520712,-0.474235175088654,-3.3776858789691,3.02619603124606,0.0223793059296584,0.314327834572,-0.593855194435557,-6.12450579754601,-0.637751740112156,0.187642761216206,-0.25260698207631,-2.26099991242038,1.35232049562989,-1.757644293505,-1.17223989856501,-0.961556268302218,-2.06296199992176,0.458169334990393,-4.7527083279015,0.462297567758398,-4.59453736706588,0.0761148055503873,-0.877695243393101,1.39866111955493,-1.54701016264957,-3.81049682380403,-0.330668624735544,1.75018567891924,-1.64686488472147,0.306796408379856,-2.41507294722985,0.607075256671008,-2.50481603642334,-1.98134764362728,1.5344775231508,-0.899294439110267,-3.4395508765051,-3.0869273158921,1.30931438570064,2.22348873205566,-1.30853673378487,-3.27889803121888,-0.288865450920281,-2.90357025505031,-0.456201977488988,0.973915404150473,-1.56026149801569,-1.85657747119838,-0.298135988673888,1.89723109347403,-5.21398006101706,-2.63124087718139,-2.86727166404706,-1.11652167365704,-1.85686432703158,-0.605950630294487,0.731729422190336,-3.30989795956887,-1.49330495470592,-0.0869270661540963,-0.115341734114694,-3.68896478039158,-0.463770198991506,-0.474721344926158,0.0323977912271769,-2.33875744377068,-2.09871268970477,0.5372160050951,-0.691966980128176,-1.31370415460296,0.212913963292592,-1.33061105502686,-2.15046406019556,-1.94448054995769,-0.904489521805678,-3.42940505850625,-0.844723203965954,-1.07977130197402,-4.09682876285139,1.08849694448102,-1.43796459307131,-3.60820051712686,-2.78614212530208,-3.21813935825486,3.09344184459497,-2.69055249588826,2.22470718227941,-0.907861602028647,-2.98845045377083,-0.754768934233675,-5.04265989030895,-2.58308681942345,-2.27535646690954,-1.8584734715928,-1.5235157086965,-0.713884229467214,-0.00588909385753722,-2.83391974020151,-2.74527880177001,0.314722546502031,0.46278014647673,0.900983265653815,-1.63973914527458,0.519653672177568,-4.74991081281774,0.2655772968229,-2.16807248373433,1.96562593778146,-0.989368163031213,-0.390971048865387,-1.03302914583462,1.77358675159627,1.600383632198,0.422545722079703,-0.0188271613893296,-2.28462233093436,-3.04206978782167,0.32895085617991,-0.705948487238074,-2.62300432641053,-7.23100913524623,-0.441205284164853,-2.31575877168031,3.04276238571279,-0.538691777365148,-2.40573601226851,0.570480755880051,-2.69437412322956,-2.04072180266262,-3.25591098455994,-1.2087702331502,-4.2680431223056,1.50122053308943,-1.15640994882292,-4.06695976808748,-0.70631973056124,-1.5060203105403,0.94105132677847,-1.60763383724252,0.0802910732265629,2.53963115795205,-1.2815827063677,1.3194136420778,-1.99526145668305,-0.769504715746208,-2.10973330291211,4.48189660630549,4.0721777580046,-4.68313387647487,-0.47067249572892,-1.65700061707406,-4.38753041946468,-1.99787916493632,-1.98330727244207,-1.37933363529059,-1.18808272842134,-0.601594522456247,-0.860643086635345,-2.16886537186801,-1.83953211126276,-0.0393509196406778,-1.61366014012429,-1.34859382970059,-3.47950159954516,-1.55974978967283,-0.26720064495396,-1.85684317468032,-2.08903334780685,0.955762237491897,0.549426959963259,3.72977459247224,2.70386910847605,1.43346475714677,0.548343024623867,-3.15310436984027,-2.84653406135079,0.715801092908219,0.21338164538219,0.608885432886243,-0.569867014962551,3.07505851952408,-1.53258902104263,-1.85149174681567,-2.83634120435716,1.24813810047718,-0.209204581098811,-1.14941420179771,-1.28451285611762,-2.58828623472056,1.36902721323448,-3.97306192232627,-3.75191483082075,2.81618853318173,-2.76149332654539,-2.45749027036345,-4.45784857491183,-0.448686229758818,-1.01524334791887,-4.57456584942751,-2.82399798769629,-0.371632093681863,-0.647423826643482,-0.19404436437598,-1.51231378857429,-2.07698224842081,2.01022272293607,-4.0973704560813,-0.6372364574275,0.465192117859343,3.71726185464325,0.00619190337964115,-0.105935738205574,-1.62278158271608,-1.59948166798109,0.0236669369356155,-3.94585755140782,-0.823908134848161,1.70597916926379,0.377418206013837,-0.187898289003618,-0.415412778183205,1.30101564198663,-2.16377184790914,-1.17519836643669,-1.7939247435337,-3.52244983412557,-0.360591075328736,-0.156300662734998,-2.97075672324031,-3.75290105842107,-2.39046519058548,3.16764065526686,0.641112028761939,-0.124520164845067,-2.39499099473174,-2.86434847911451,-1.18212226175114,-2.43487070603731,-4.64339051646372,-3.03805749891436,1.8068536088384,0.55481224712902,-3.69747117676697,-1.62106673163258,-1.98152130838471,3.84598199611503,-2.43921422934844,-2.38713607380605,-3.70133641924586,3.33008280295385,-0.961994462052279,-1.44712637698341,-4.97377735556214,2.80753616416095,-0.576902129740742,0.618463737342227,1.02357991394062,-3.31233854937276,1.13340621860545,0.458736440555186,-3.37820403926869,0.999314465012328,1.21401081306767,0.0595580258854913,-2.8962035029587,-2.41331701868488,-0.27919421524522,0.387734669998627,2.07506103128786,-1.98682535360437
"67",8.1956697856817,4.10559340393088,3.89187244655819,5.41042641159538,5.07625475305393,5.02546818492837,4.64021314145925,7.00337740504035,2.13396887972298,3.86910502013087,2.46440682939069,4.50583615222846,5.43262353480107,6.78034252211784,6.17546334054629,4.34730151599563,4.60023581169744,4.17903195256987,1.97604631918841,3.25314433805372,4.57533145723885,3.50419695927309,8.04829159003693,3.83024390071844,6.09141952931071,10.0320098954347,4.36111056367257,1.78381621452601,5.11116854306817,1.25726807321729,5.9993133568778,3.76855038535122,4.53978381009,2.9404006116147,5.37139117767158,1.28763903519656,4.20118355921434,2.6106679184195,7.68094729675172,-1.1623568262982,-2.78252555353827,-2.20560626971132,-0.777353421970147,-1.21582126816627,-0.867122794581661,-2.36631782039723,-0.647808376982758,1.22638557987203,-2.9878265109678,-2.15808911918828,-0.0643000470068439,-1.02173739328669,-0.314491130678002,-0.170906281678124,2.68950812880999,-0.342943869946065,0.416901101416357,-5.29623898917683,-4.1880099979881,-1.57200111896381,-0.116583757330424,-1.06885416355219,-0.273519708435694,-1.24222039179641,-5.05196889971195,0.173926767287294,-3.8566119650211,-4.07276163877146,2.96630119944286,0.152070157423221,-0.179236302138406,-0.937011194325153,-1.29435557440576,-1.1021720489875,-4.21511370756738,-0.569724548712076,-0.200036815633559,-0.562970747080917,0.6883536380377,-1.4372427272499,-2.18070982934164,1.09603792411849,-0.626032501072449,-0.683770437977371,0.539269289600692,-1.78834504317667,0.308643657503941,-0.928641785990379,-2.58254717369232,1.65908873603736,-0.613544677625158,-3.28839453829912,4.31696614429597,1.41345937930403,-3.63107108446826,2.88609463705889,0.910351850919752,-6.42480581925006,-0.60394383297477,0.898127223239637,0.256538018577023,1.18857213486101,-1.5398561830638,0.240304474134712,-1.37724770694589,-5.57604839576131,1.3604242037767,1.14731856788032,0.828813529843397,-0.604052027217928,-2.26840885293284,-0.674877511907629,-4.13389311536705,1.59764828396658,0.0723675511566606,-3.21374982142608,-4.08452112129044,-2.09406852624428,2.358609973192,0.133816130290407,-1.69396568919285,-0.169209673278368,-1.84431850855071,-3.65436676689465,-0.545090509736448,-1.90296744809467,0.423180849820283,-0.737496189351516,-3.3363335661531,0.788792557498976,0.507564268118272,-0.603693235791631,2.16885342606767,-0.180082357980659,2.64422637305181,-4.35052151884817,-2.1435073623212,-0.239460841717184,-0.0120717460285807,-3.17579260170119,-0.441983276745523,-1.89899023275142,-4.92561942138446,2.25344731968034,-4.27495508366325,-0.367628611055019,-2.4868799763487,0.135895717692752,-3.4036114764349,-1.43565883161469,-3.53539413391321,1.56806692622556,-2.24840284319105,2.78543729494881,0.609217317971488,0.36389856985454,-4.30171452691061,-1.26894916759511,0.890131174379442,0.509732062824523,-1.59557663340627,-1.70082095719196,-2.00360266084617,1.71679378194754,-2.05490225978955,-1.72822458893957,-1.52726073113256,-2.93408022354572,-2.97942712788169,-2.07840169294861,3.0141826469706,-1.41830318388107,-0.95024093622344,-1.53859290506719,-3.38198483975223,2.10801241803968,-0.323219990886384,1.23892676194781,1.33734324067752,-3.7174610726067,2.18033665723818,-1.60104952641849,-0.901349073263918,1.01163937345294,0.730706397778703,3.4229090014265,-0.886085089230058,-0.468954950873714,-0.43395169296684,-2.38280627412373,-3.44224521455162,-1.2289948111115,-0.040593230542075,2.16464125568159,-1.5771378581503,-0.314402025577727,-0.547456897921891,0.545690840406285,-3.61880125638601,-1.7632040635355,0.976836420297044,-3.15981457387144,-0.347575135142871,-0.771003593799259,0.00319322340059669,-3.94245971423314,0.656989858013244,-1.7289349320987,-3.1022184717743,0.163239534254494,-0.187670183627709,-5.3316109403549,-0.937379308012839,1.27843696846433,-2.69098018962548,2.98373171258046,3.43815611949076,-2.22744772927218,-5.13400371804061,-0.750944514977391,0.80527448834202,1.38689330284275,0.108750282192074,1.4531589675751,0.4115865885376,-3.32598189453535,-3.50364430706513,-2.71960716268313,-3.08212800160635,-1.76132013435159,-2.64073894148994,2.07285932435567,1.17624873107728,4.83815477750899,0.405746577161074,1.40519311957315,-0.140460156274859,1.08323690731215,-1.31656608581622,0.08932659694157,-2.06059397578006,-6.58358889846451,-2.59502458258573,0.326721513094111,1.49822679051334,3.75238184263727,-1.31050677683888,-0.0408350148453003,-2.63973917932001,0.783516892164215,0.643379168127582,-2.45208498644518,-3.5119790854683,-1.71194445391285,-1.5209044454188,-1.350435852088,-3.59699736285377,-1.48867929018672,1.52911874693307,-1.15124970095608,1.06165007058102,0.447559769636053,-2.47802023374406,-0.805182637037641,-2.43524111028078,-0.720994170983893,0.626523419649659,-0.58357975167374,-3.60638561939151,-1.72921945915863,1.64684701770247,-2.21155320097917,-5.59117524744575,0.153609188691555,0.559129389328729,2.78189722217455,-2.59148766912107,-0.85701207245721,1.39827862379517,-3.38313911641387,1.03645773906084,-1.75071965984944,-4.27432718081266,0.778873660112602,1.55145884330237,1.22429963468144,2.79894929095275,-2.26947890211895,-0.744194217126632,-7.90210730388209,-1.55424548582397,-0.0680355492180751,-1.23354607981483,-1.7620507679612,1.42603929768717,0.336363796540956,1.50748635005943,-2.68234445466876,-3.8392370092656,3.51924914628381,-0.137563319784036,-0.773700368657147,-2.65585263462778,-1.12881079841014,-1.59939783722524,-0.926396376694167,-1.64052851801458,-3.34274466305811,-2.05986432248475,-0.0703093924714137,0.580217012636346,-3.34880814677189,0.929588752544794,-5.50935517032837,-1.20231326183337,-0.621497799504316,1.52653174022564,-0.74503668186249,1.05702199891034,2.46954536178801,-1.03490608562572,-0.957656593670139,-0.478440104211588,-1.57832946095418,-2.00647430317933,0.314533616944365,-1.70088998314444,0.499489395314662,-2.755767165802,-4.45141974816224,-2.17952934700499,-2.6175171839432,-0.956734033963944,-4.67082818491856,-4.51591892676148,2.25419361516316,-1.65866946071938,0.00118884076878967,-2.72938213850328,0.886209266075706,-1.90408351564353,1.03598967803411,-3.42045411946499,-0.483378488831387,1.3626157630247,0.416586382981008,-3.22577264153218,-3.33753682535731,0.262258939249179,-0.232042683565314,-1.08726781954351,-2.90752459280594,-2.93312219077775,0.741705428659349,2.53671914875897,0.635319280827692,0.450509755743122,-3.28379044292107,-3.68206115815264,-5.30857897708224,1.71083626601024,1.60217612117164,-2.08484073330771,-2.39173262342068,-3.15411080138692,0.325222344451267,-5.0919710831721,-1.09430308308663,-1.19806651767576,-0.131202997795569,-2.40274886729331,-1.9669554144278,0.153567160042618,-2.01916741436192,-0.981501040079445,-1.9162054359884,0.39139174487461,-2.40250417282994,1.62927142548404,-0.580191577168993,-0.00851593706402687,0.563523076376069,-0.20467797538463,-1.14212248637002,2.32701045948992,1.38478091730967,1.29944154423321,-2.82815466704619,1.8281205966343,1.87294621587099,0.413791423988208,-0.673220445929262,0.848453567286952,-0.638349570948427,1.58673304762336,0.33980725239908,-0.110741571616696,-2.61336660450271,0.248595096750737,1.69556418432539,0.803798149040059,-2.59058315423451,-1.75658070388071,-3.17418112657636,-1.75901395747916,-0.0521907114609999,-2.97989349943867,0.0903317241644013,-1.82362072973307,-1.08852865766069,4.03110321200922,-2.802049538852,0.807429327362984,1.31407426085771,0.260582653188024,0.761599709059575,1.77798917604235,2.1252296376429,1.40633356356294,-4.55396053964429,-1.70250419124556,-3.35090490775696,0.981131320473368,1.34986130649831,-0.0313456791703979,-0.547902671733427,-2.91238875069207,-4.45892869039047,-1.22348206438296,-0.279416565995771,0.846253584754501,-3.63996508699458,-2.4101964669996,-4.55476472872679,-0.225867817430896,0.163369855635119,-4.81451385494135,1.14273906637602,-1.51739872051159,1.26399298816329,-2.99302405756064,-2.92865583464807,-0.37664688231511,-3.68203270200982,2.20392113208721,-3.0461190381709,0.956196259865269,0.700742599049644,-3.37006924041315,1.41117170602914,-3.07175128241219,0.602009789858185,-4.47005597452496,-2.0172748753858,-0.122783231427808,-1.30403479533892,-1.62781670514544,-0.093669997163532,0.255760094501625,-0.68311766119843,0.599574626086719,-0.498906579437923,-0.368065195420601,-1.79624677475504,-2.98922486601711,-1.23801157132355,-2.05594120507428,2.25020292726356,1.46396261987559,3.25234456704467,-3.34679409302326,2.89409110354492,-0.689141898596493,-1.94914673627617,0.152998737723967,0.577114923003546,-1.45334240079979,-0.202076549092057,1.42969713280438,-2.29556979306173,-2.42885066998946,-3.60397886996617,3.7817922957478,-0.54911511003058,-0.576368147676578,0.0428828395597094,-2.15487179606254,2.144786630915,0.0739955956274412,-0.522037836795617,0.903869759221505,-3.05817494288942,-1.07299195464635,0.513245073635876,1.38237252197367,0.0023787430818869,0.956584344252373,-1.56175288092899,-3.16803326784995,-1.84775042245606,2.36782665523422,-3.99820156744226,1.78972573333111,-3.54208684222611,-2.18429339084885,-0.235280592058746,-1.12258191992529,-2.59405381510251,-1.32296224272469,2.36572958231633,-0.364749788062266,0.0862394296007374,3.56954442533934,-1.28376385040587,-1.40467658614219,-1.04806002650475,0.187026550700477,-2.71065716705546,-3.3297855208691,1.34945154297741,-3.40692281316297,-0.993635476148789,0.125404907943083,1.89461826401771,-1.62652686859684,-1.7052585045822,1.37918155303296,-0.567623337426283,-3.62316546077922,3.06057560590747,2.25157043298322,-0.0797717389276561,-1.89092801464134,-2.47079936180262,-1.66163572261812,3.48018529291243,-2.39893869376915,-1.5438329270733,-1.35844400243897,-2.22364376158882,-0.502000558031607,1.13151499187313,0.482612140733116,-1.13703710812039,-5.65479886608812,-1.21847546619609,-2.77329868378515,-3.57476799800209,-1.39150994479071,1.26832032685852,2.13452757418246,-0.900038238112901,-2.41820838921245,-1.99731866215874,1.38963701133134,-3.01748162762175,1.57794275098041,-2.68376695339656,-2.06262050714109,-0.710978462994159,0.94676091523926,-2.70017876726681,0.0203669936281752,1.95978346089444,-3.14618097853629,2.56867542827524,0.285015763885151,-1.71469374571318,0.462895107960549,-2.09234178496156,1.06376863024575,0.59668540329801,-0.436402161080461,0.105952623545424,-1.78923072413911,-3.10055984855955,4.71581424359778,-1.02642452536354,-0.00753996703136706,2.20043614167525,-1.56324019631908,0.914119137717541,-3.07109689248996,-1.91028557213784,-1.58834273739478,-2.17075611168473,-1.5302859377722,-3.46340670980903,-1.59391819272685,-0.15551822666955,1.39095252527117,-6.14550202454992,-1.04977311696036,-1.95683117324355,-2.26177749126772,-2.74170478748447,-1.62974862031007,-3.09375544310481,-0.079547058955741,-2.88537298444907,-1.0112443543485,-0.745083747258211,-2.10281711587383,0.213213248297049,0.00391138514241174,4.1338184849839,-2.18208348726392,-0.957880413900954,0.401109277624822,-4.38589705450092,-5.12205158591715,1.30816992748061,-1.59840309676256,-0.438619698935651,-0.433985415994209,-0.968111317578288,-1.54468953015646,-3.63677969113912,-0.369862823335008,-1.74582079319292,-0.492496077857505,0.248120150440303,-0.739309112943553,-3.22742558274962,0.282935636856113,-1.14016945794404,-0.382565400373302,1.79560806210227,-1.70641576218642,1.23015821392433,-1.63545434959371,-1.70633305946567,-0.691592353367276,-2.07842550725555,0.126523630652995,0.398018990867507,-1.23980662556348,-1.99895615136488,-3.29344623528567,-2.47977251709779,0.892846090624089,2.55066847578448,-0.780207711970525,0.537777004130923,-0.296015609244765,0.0589964995566046,-0.74609895054619,-3.88608236559255,-3.26864097733013,1.11878140222984,-0.98757970426386,-1.13527309596611,-2.64899232128891,0.439651345258005,0.511248762283812,-1.96313724681398,-0.444328742133007,0.35703381336796,-1.56477747267271,-2.32581775866485,-0.803676122046205,-3.8201050633164,-2.51520122888178,-4.66279461734711,-0.19564468432574,0.637320875282543,0.883441676868593,1.52379810270043,-3.66678040018834,-2.82974725037227,-3.70074788245498,-0.946779816698396,1.43793897141016,-3.37099317445493,4.40471180896576,-0.204069801556381,-0.947875349989674,-4.61455889011885,-0.477244511313079,-1.80682086431246,-3.57414978811141,-0.692506283146444,-3.94694266393917,-0.516708842993435,-0.529298367973422,-3.08079589366756,-0.54730801547337,-1.37005473395048,0.57760417740344,0.841876618080774,0.635189776973969,-2.84326439503298,-1.00738809255139,-2.17672441119534,-3.2294206485105,0.430583682432062,1.68392533027659,0.145953499791315,1.0623192302932,-0.524104047160748,0.91749939648245,-2.00823613962655,-1.31387593803105,0.54835318425824,1.03812709773473,-4.64660337576111,-5.11145276677422,2.84382552930755,1.18951170326237,2.16515711950634,-0.732068640455212,-2.48507699843856,-0.425967787774756,2.08064777143883,-0.179147234450349,-2.96484540889609,-1.52717133007396,2.50632738528097,-0.674777454431604,-1.69577332432615
"68",1.20733757530651,0.494770004761312,-1.93047839487317,-0.92844554066593,-1.79541777924872,0.377022239924834,-1.41232977625485,0.0967451788780138,-2.15217078998423,-1.84646291595413,-1.05648499035147,-1.47914254860984,-0.324186526999525,-2.94284647191132,0.721723006522173,3.23828506479858,-0.146296238881816,-0.105459618653923,-2.0227909435028,-1.74163379944236,1.86649213803789,2.00695220841273,-0.687715048120875,-3.35968289337208,-0.891791949492103,-3.19734702604902,-1.46632044403295,-2.91482491791845,-1.77663543373627,-0.221010615294035,-0.0760849290444363,1.12557595755421,-4.12638830904959,0.611623226441553,1.84007113357795,1.65742662857772,-3.88575063291733,-0.402653579511124,0.709888097782723,-5.34377266404115,-2.84989602791481,-1.42334573895344,0.453277488743688,-4.82446327263346,1.00315770627902,2.46376944632167,1.20906586392801,-6.47218008730926,1.94865884610637,2.5676517030382,-2.84062820645178,-1.74740905385633,1.45323855062278,-2.72783642032115,-0.00245837180188291,-1.74165009209573,-1.35273461456474,-3.80578335790496,-0.477025501025313,0.0656582272693482,-0.607835054311057,0.260202173737959,-2.18324767481194,-0.803119818102913,-5.41383650051273,-1.67041556475283,0.41418071004488,-1.00626087596413,2.21613057072441,5.78628784328231,-0.323928670715862,1.86329189359259,-1.57057714302196,-2.25427151286811,-1.31428076070527,-1.15931897371101,-3.01363762608859,-0.144675822945723,0.487954121520333,-0.930975968176235,-3.60613094394584,0.0775117133476102,-1.13616816219542,-2.13443070523849,-2.61354045466171,0.149380840243123,-3.56984397617368,-2.03716149934353,-1.59911202191222,-2.25468747423038,0.114947921808659,-1.35747047809094,-5.97072936291058,-1.25816607288205,-4.79680158598193,-0.817442123276355,-1.83568676476636,1.21093482139832,1.57730441207156,0.513403841302196,-3.16755907295495,-0.65814765353303,-2.96089913872857,0.244162210666827,-0.752549087570863,-1.4769095342598,-1.97676997187988,-0.132037784647214,-1.38953014508842,2.69604206917986,-2.25749166435353,-4.42266669961187,-0.204330799653112,-1.98596057237874,-0.0633591339943427,-0.507434695111842,1.27138167930302,0.270117088730388,-0.359886245037851,-0.227418025453468,-2.52981123629992,-2.64285853577762,-4.04959100116945,-0.272438937123514,-4.16684960841042,4.63462949194279,0.923212981233658,-3.3029228665253,-0.6044650610991,-3.53220399458303,3.47135580892465,-1.50935723843023,-0.192464475798373,-0.640502412389695,-2.51256405949588,-0.362152232518563,-0.0481373920814203,-3.75649063904655,-1.10820275741454,-2.24090813136107,-1.30819223285545,2.48257106484499,2.18904019902371,-2.0802409387409,-1.57116984678366,1.30003234629388,-0.917660650413045,-1.9477497887162,2.14836719760104,-1.87766946629454,0.473652055673663,-0.55390406530547,-2.72987616394467,-0.406196351322775,0.0450539752768599,-3.59064560868507,-1.7633524745255,-0.428352275848357,-2.11329836326524,-0.668140474630854,-1.76503241943204,-0.931248653417902,-1.63418348543341,0.375414789405423,-0.737958524452029,3.12655524910677,0.774785481369038,-2.76303952028287,0.848101812331586,-1.06565618509408,2.23775893735706,2.34297502175883,-3.75819214139463,-4.76137873047356,-0.359078721861661,-0.839028797531567,-1.79491743204028,1.90611905886823,-1.98374824054132,-1.44537102366192,-4.96972430651499,-2.26482017102422,0.299025242756793,-2.6675163648248,1.8188381154287,0.588613686886533,-2.8271191124412,-2.01903724333116,-1.45178584712079,3.47434935228384,0.544455960108475,1.16918187348157,-1.95453780213562,0.610477088411912,-1.56722494417985,-2.4398515766148,-1.16124333625678,-2.93035314509824,-2.56929252311475,-3.87086652074036,1.06526131043565,-3.4406092021731,-4.16322051747662,-0.76738778924333,4.57353999828297,-2.01680161971329,-1.23090097863721,-1.28076663293061,0.588829679993,-2.32707726751577,-1.60176440474734,-0.181821557532766,-0.658403412789585,-1.22483145071112,-0.978332438382421,0.368539758851815,-1.71232131071412,3.18303319998645,0.650438246617505,-3.15952588753745,-3.64409381775106,-1.3405497536552,-0.824364124054935,-1.06867445818623,-1.46310763380873,-4.08968399931801,-2.62326865542261,-1.02855789392607,-2.2711165301074,-3.19263397007661,-3.21201829467816,-1.55375010164348,-0.919587695319868,4.04419044328256,-0.448580140324767,-1.63355963990854,0.478135737745601,0.289663351641659,-3.74615075399254,-2.48100554338567,3.56889733590671,-2.31058664262432,-1.43234705001361,-3.75983939569246,1.64338245542118,-1.9123656341942,-1.66603114073262,-3.94483975706453,-1.25771753667994,-1.22681155692923,-5.2271316251323,-4.3258274085335,-2.28042605665812,0.663473731350524,-2.07222177987244,0.154166961825085,-0.907221541525323,-0.786413868722764,-1.57978785983056,-1.53722515681396,-6.10094320081156,-0.781671657052522,-1.46062823978144,-3.89543757002782,1.0032997321769,1.32056727338594,-2.39251072350124,-0.379770046894791,1.27266673376723,-0.149389389757932,1.50137906776075,-0.282822595767523,-0.54050137705518,1.45194698662554,-0.290575529943675,-3.24829440108032,-1.68638572759009,1.55795919422597,-3.12727028258296,-1.84728161105997,0.39883336953806,1.28876866095026,-1.17092411479294,0.408548659897208,-3.77263281400487,-0.150794742130471,-1.81142690236178,-1.60757946098651,-1.48592964723772,-1.85978424615258,-1.97955074588115,0.232535569172862,-3.29822068861492,-1.33411342278254,-2.42958534779134,-2.71176672795359,-3.12110885645667,-0.410919597828,-1.63206076255023,-1.42805955457606,-2.92693820150652,-3.21968933699574,-0.300576182230458,-0.866549711525147,0.471481143098739,0.769976671905067,-3.39959561018494,-4.04339111112071,-1.24879364114135,0.217703336206597,-1.11050397141819,-4.03448543721535,-2.30879387056459,-3.32219887024834,-0.587599891768942,1.49734581115066,-2.10128333055517,-2.39985895681827,2.10647065320562,1.55436256678598,1.36565533565109,-1.81741834387902,0.199401577897898,-0.833925786710671,3.67099468570879,-0.200642110518973,-0.761780480127741,-0.947370101978765,-3.72261711662569,-0.433088796735041,-7.72137618949916,1.56887162890227,-1.48296974302892,-4.37572913833717,0.301308846628947,-1.07919042018586,-3.61636052097147,-1.77209045308156,-0.526029329255882,-1.41714585672973,-0.65875115833999,2.32165440420284,-0.355749361242022,-3.41577487233922,-0.238648492257258,0.347313762642123,1.49680916743272,-3.47159819245184,-0.218823665322654,-2.03538662183961,-2.48145072319455,-2.57857756277677,-5.2106101150118,-2.81146454105903,-2.20478369814128,-3.25543596072959,-1.62074601123402,-0.2862576396383,-2.95426706716666,-2.02484675983742,-3.61050391737276,1.80432632092371,0.101446618300819,-0.756655279918098,-1.33060360872616,-0.639691501082252,-1.1616672077302,-2.78862832806455,1.88618780234939,-2.03350947703996,-4.9551291658939,-1.31893125826988,-0.132353563710979,0.551688525484138,-0.0341721166520759,-1.03029931158528,-4.43677706705762,3.60504321529931,-2.72423191009839,-2.94048846378669,-0.82693359205997,0.220013536029809,3.48110802241212,3.69686928594924,0.466696001952089,-0.318659325404188,-3.35925211048459,0.453408484651724,0.332742519006641,-1.89689881614059,0.00246305565536908,-0.677030485016242,-0.35730038985596,-2.91990674566273,-1.76627160093377,-2.76642883639982,0.971826687383701,-1.97417089882237,-2.64402573622044,0.390104089332866,-1.42232760889392,-0.932251625624827,0.0350804760743118,-0.37892897437255,-2.67392329868,2.24801412869727,-2.24830736373335,4.58132448610644,0.909848643526172,1.70348301225401,2.46573904353238,2.53776971450048,-3.8807027047434,3.0390527234355,-3.80712028092537,2.17245981367204,0.236824834290633,-2.97780943972723,-2.49488228373055,1.10525843659155,-3.41738885025767,-1.04887759942432,-1.88225906724061,-0.0418197948343598,-0.0881094436397385,1.02072405801902,0.481776607206276,-0.447452246589647,0.575887516497511,2.049942539901,-0.81305989040611,0.778829048291553,-0.573343405799255,-1.75550535849362,-0.0287287390921928,-1.07586455523485,-5.60744223000298,-3.19628477355197,-1.82388097176759,-0.518464289890767,-1.38920827288584,-1.82899654408033,0.0158767460864679,-0.506698924272591,0.193365390179906,-2.40167615600106,-1.69937809861964,-0.122065564366641,-1.87102060465718,-1.89859067250683,-2.67791493763318,1.04538772597165,-1.05382558011604,0.263490790778595,-0.258960365772766,-4.58468305192998,-5.66376066562157,-0.424852372875627,-3.06570025653346,-1.79561775335378,2.60962187831156,0.929077996569997,-3.51754228633464,1.6191788392913,-2.78508064346068,-2.32368482864926,-3.98093409646035,-1.55057934375978,-0.286811730438722,-1.63112846354793,0.126399125133942,3.57046683010673,-0.942760707458196,-3.36256456808205,-1.79905164938141,0.581962431655235,0.257908238209346,-0.0439522903498634,-2.55004868547285,-4.87040956940452,-0.809427692478348,-1.92506943419629,0.288941749117503,0.141618254349307,-1.45421900427522,1.08465849181207,-0.163104959062099,-1.15647045733838,-2.04891813548706,-0.142835667501625,2.05070755171749,0.605843014116203,-3.27256890011478,-2.58362498422171,-0.722323168241013,-2.13105678644691,-1.89841243002289,-2.99301836037383,-0.766399130430819,2.54389212151787,-0.239965516581819,-2.75598268727612,-0.380224806132529,4.38621051184708,-4.70677507037316,-1.32503375834868,-2.51966880351519,-6.2612504785235,-1.31836718238987,-4.56182597971796,3.07513228292397,-0.470448587214791,-2.89180149364856,-2.06051272742832,-0.200248128627923,0.0889078066773177,-1.39207695151601,0.897879943779078,-2.07199239524305,1.73541402043612,-3.0129695757236,0.780961729622508,0.574097828111633,-1.52174941125267,-0.930861003974962,0.107284962509209,-5.58477306121499,1.12514135344473,0.661347007499164,-3.16909182038039,1.91339734151693,-0.689157391923172,3.06977636217066,-2.45366754892603,-1.64208602983191,0.419668095592276,-0.459564129890239,-1.09268737485307,-4.81745191380992,-1.21288132434523,-1.20171500078797,1.44499777315902,-2.64817119570746,-0.310058127537159,-1.09166864596505,-2.73352708033668,-0.827936312119849,1.61345595663937,-5.65115712543346,-3.66323091245897,-2.53108377019263,-0.640953029179268,0.331196805493879,-2.83171654095338,-4.07355526240517,5.36801588977473,-4.68455080651987,0.199150392355745,1.94282620678569,2.23229250034089,-1.56605808325999,0.0685969848925856,-0.436903784599189,-1.62206261557994,-0.853658201174687,-0.774837150931286,-2.24073104211659,-0.00555262642777232,-3.42026459030618,-3.7804251657435,-3.57830786245318,-1.63999613230641,-6.01686126260817,1.29156610144293,-2.94943586985615,-1.46409667763117,-1.92379381284781,-4.57614691061656,-2.32934778252441,0.708411045304747,5.77503256225862,0.680544201878767,-1.94207815259321,0.205822809109037,-2.76178317029035,2.78688491704332,-1.70835482222662,1.11831550512572,-2.56665073112376,-3.0656789229295,-0.719603936507261,0.358251861368337,0.0776741753444889,-1.5866231308464,-1.97744186117798,-1.24368463941633,1.37346963930427,-2.89724468460851,-2.08217818169715,-3.56343344771259,1.62336181069152,-0.985703167817504,-0.873153750086486,-2.71122370856321,-0.293014727643264,-0.634022126116721,-0.446557715577781,-2.19181874616838,-1.03191299755132,-2.60488140255665,0.515811269483357,-3.49868498607368,3.26643297144863,-1.96910137208188,-1.13415148938526,1.56644429261685,1.11095928996395,-4.18714746511399,-1.2917749449311,-3.79504737429825,-0.230284137218701,1.34390708274452,-2.38359369854998,-1.98876778979107,-3.61371406605893,-0.334783756856031,0.930134012313125,0.332580466340137,-2.90101635950754,0.465860255328859,-0.187097439949603,-2.5273909912698,0.669765037575998,0.524898357912634,-4.73179177620645,1.80264403706523,-2.78912039906451,-2.43216897090194,-0.887918920031686,0.182383167945043,-1.05539556510991,-2.88626830619572,-0.499452589784062,0.366064164169848,-3.20240979872943,-0.170111994369962,-3.18618070670735,-0.94394507458437,1.40499838667423,-5.73701378535347,-2.28847846512393,0.590786591255591,0.0165473009313768,-0.546822305418494,-2.45601472005038,-3.39456482517703,-2.40290032774933,-2.63625401850897,-0.0817404390657511,-1.46142499389156,-2.47203729942066,-1.42217232491694,2.42280348971484,-3.5142143226781,1.02292492489068,-1.65438759708255,1.74279525405603,-3.05962969310626,-4.20295004956768,-0.00164081686207218,-2.35470251820937,-1.14296984889858,-1.95967208212182,-1.91080877427522,-0.944328840297279,-1.70634759757364,-2.45693611715983,-1.57106650845787,0.00182143519085964,-1.84678865108993,-0.635166547687805,0.114824922255628,-1.4187693538716,-0.894288066371743,-1.4636499933683,-2.00508755438988,-4.45490586924419,-1.69014487002468,-0.33391992048103,-3.01534245991009,-0.534061426824624,-3.31985823047182,0.197264382141435,-2.40364919224348,-2.05115986865605,-2.37030922025033,0.118900435141812,0.124450401808206,-0.639804589951353,-1.73792317377487,-0.234147067113772,3.26142835494582,0.0444885530431631,1.73166492920342,2.64799732845875,-1.84206212884775,-1.29360204275713,-4.64296257368458,-3.54503971416707,0.930553906152799,-2.25967187585065,-1.68905089883228,-1.14493036323671,-4.57535883567153,-0.108433476818292,-2.41358331869704,3.13326403967915,3.01044624770914,-0.637505386427985,-3.12656175198964
"69",5.42382464994416,5.11876734773688,4.70154241425542,4.06930700692301,8.18106859054225,6.31870930326729,3.63055390923998,5.58172258384521,6.55809648774765,6.45212175987155,6.66165456954804,4.94930233324728,7.23718405406789,-1.65187922227763,4.76415604365484,6.41141545136535,5.35657422664119,5.23416958094475,5.11240598962759,4.55119315907564,6.82011556521753,7.49346160431594,4.27062109968584,5.93368528500597,8.35976990316678,2.8574860823451,6.6214119111019,2.8297487025153,1.25495618272759,5.85556653522525,8.47512319710278,7.98734301048504,4.24096161832687,4.55147603591796,5.00051925111499,8.95069732311489,3.53708156006083,8.37776391256462,4.45970398484453,2.43922773056339,5.70612019016646,4.29867626117065,5.17417396198033,6.60476754041479,4.51057401063998,7.63198769513497,6.53737527244759,5.35585144732558,5.58549073703226,1.27397788303701,-2.69787488825203,8.37003853572852,8.49482845470456,1.94262149583847,4.79335911884811,7.47844745468931,7.17833029469113,2.22613580006369,6.90791086987003,3.46678769606981,1.81676930615901,4.4029655122809,2.82182603013293,4.35444935172142,7.59780516983473,5.34975779214942,4.57771753655692,4.07353720587612,0.426717236644125,3.50115635398743,6.78536779918053,4.52374977355718,4.38680908931651,3.93690584503335,7.61625609351133,5.81038542927575,5.27711801626106,3.59359620801438,2.70445193473738,5.5280870464623,4.29899268838332,4.7787129236348,8.32722173109408,3.47161522178089,8.05423313813707,4.84164419452459,4.16090701120949,6.72164960825031,4.39569139699092,5.20221089985449,7.63809180502574,3.69732006654065,7.22493096723058,7.98554638010927,4.24562240741148,7.64562548707054,6.93834101038697,3.6480993996615,2.04804702334273,9.3147042308765,3.81912917955034,3.74682391110487,6.00045985251517,8.74031066779607,3.40802271299473,4.51477070627693,3.0098023490975,3.8204735538202,3.83694917668456,2.78962258183037,2.18675102392864,2.37898165824376,4.0412506156781,2.92414960326013,4.96829379229666,1.79963337875277,6.04011563059626,5.59466404992142,4.8860772334378,8.00071972823548,4.3673296952704,3.01880045981848,8.00617158966081,5.66775501152931,-1.2997778383464,-2.23245374479206,0.108982354721984,-3.2965009770677,0.142047185327465,-2.39584996987358,-1.7878171196145,-1.50383866050988,-1.37962555646863,-2.31509257499024,0.101323870153901,2.38607594583131,3.02355696596615,-0.467460332939184,-1.77091069191616,-4.62202276985853,0.79193450808176,-2.23365795517989,-0.136838102282549,-2.53069891046472,1.55484137924089,-2.51808395275021,1.13891295310653,-2.13715627860253,-3.0651661236537,0.0550400931254476,0.794862650701614,-2.2697874929656,-2.6293600898985,0.130193991294376,-5.63154723286247,-2.75134976125629,-5.40796595534766,-0.15261180626261,0.232494552902272,1.63166463739376,-2.98394925957488,4.50329881559676,0.166260356188846,-3.74682010744865,-0.884913867421019,-0.167487505608627,-0.647372678172836,-3.08844844389412,-3.14912844480271,-3.44973170632084,-1.71597003879046,-2.71691745424694,-2.3253914797817,-2.84666013674939,-3.60870114864366,-1.13916514556719,-1.72317737174175,1.93725560995542,-0.244999057594613,-1.30975582831375,1.61142197327266,1.05855768638842,-0.194752967802622,0.582348545452562,-1.34531127757173,-0.978352346690041,-2.89742462716663,-1.76088128756789,-2.07863553999431,1.17218167880509,-2.22413697849774,-1.36607262525081,2.33658677187533,-2.98133054519481,-0.0546149418381542,-4.35571847845173,-5.30173056408387,-2.19494989510654,-5.63982481066047,-3.76124417037684,-4.44765597551193,-2.2443994042803,-2.72113827610762,-3.72968511604114,-0.278682482328636,-0.460129666233058,-2.63939931158015,-1.31801939652246,-0.0138013684292351,-1.4929183422625,-2.35674579180093,0.733433592344331,2.01714097708232,-2.45102749671903,-0.146345226172278,-1.81787330853926,0.300395535051982,-1.35198361197225,-0.465666935417403,0.879155729753815,0.0532941455575275,2.29474133526597,-0.699587048798206,0.483803033496387,-1.7958917033285,2.67322822851516,-1.75046686899356,-2.03025375563409,3.35721797372156,1.00100405573761,1.04978080457958,-2.52764812715985,-1.01560571607916,-1.35724124179327,-1.01211653360577,-2.91430470505471,-1.88173120185108,-7.31264195827111,2.0532401090871,3.39489824813708,0.21508274023456,-0.320118239109054,-0.495292320881344,-1.31779507902875,-1.04253630836372,0.256952786541229,-1.52048101931435,1.6410599295405,-0.932203579054284,0.154063510698674,0.0452317688889288,1.54442413114502,-0.844676443297138,-0.114351163837778,0.446469234421206,-1.04187720416737,0.89185258543702,-3.80563591862303,-5.68707759468031,-3.67950255120159,-4.43470674132625,-0.694732772160382,-0.688235314795662,1.23738348481523,-2.60427727493899,-0.400013259329598,-0.307816998710615,1.85228285605094,0.0634125862043586,0.901821733255582,1.52198328911253,-1.47285770778054,-3.2455413093397,-2.12660132522978,0.127570250268211,-0.547614666288929,0.641250894859317,-0.366433130348969,-2.44198280677484,-0.126188597251172,-2.41518203279308,-0.175859403540844,1.42851312333272,-1.19478405830357,-1.18826120574629,-2.89778161944472,-5.02370406257718,2.57360860121803,-0.391567513696562,-0.912561779252305,-0.204845740976035,-4.62224767996289,2.39436495832618,2.84866877476869,-0.22133264837544,-4.25012610087523,-0.735509283691958,-0.718560218238336,-1.18477394153562,-3.07500460480462,-4.32975779778541,-0.410534705354585,-0.232083182249667,-1.39501485419511,-0.078028850119373,-1.83541470858988,-3.44411602014319,2.15079481109131,-0.201291632910638,-1.82548770686941,0.669402060890386,-1.88503483214832,-2.13843539528775,-5.49308184899422,1.10246508644298,0.161817333192698,1.60483754224224,0.83936887273592,-0.164191933335847,-1.828453782648,0.0641450540121689,-2.63413037347395,-0.543719211948155,0.985077621187476,0.334069571820184,-0.373991356172245,-3.57685021847787,0.113724952722972,0.000337103757837243,-0.196744940866608,-0.91980003871141,-2.1722072464487,1.04581087548997,-3.81230736042412,-2.41917093922262,1.35869542859507,-1.82188399303135,-2.48827786673844,-0.23339229568175,-0.284729353320382,1.75748791488847,-2.07454176570705,-4.65345026597122,1.04176773901872,-2.55245518111597,-0.533805887749898,-2.54227768958557,1.68377559913571,-0.415986205199949,1.46980502258552,-1.21041899691536,-0.335719962056066,0.242292867145805,-0.933092313960643,-2.59851957419923,-2.68731284356384,-1.61951249897437,0.255610760038083,-1.34017129079652,1.97625764310489,0.406927164867944,1.20226237949422,1.79457234049694,-3.58435199577181,-2.41510209109408,-3.61460272285207,3.16680852297192,-1.42044392668543,-0.864444136558073,-2.11290073503369,0.247543518270377,-0.328414273745036,-2.71592583962473,-1.39526786466057,2.17087858963898,-0.886683427038055,0.198921390370485,-1.21729844657373,0.911453930461773,-2.53796868831102,-0.044658160328308,1.79139512776212,-0.467472190159717,0.67213474017189,-0.816463879040429,0.836160708960796,-1.99381390190714,-3.39562451214588,-1.9701881690197,0.878492273919731,0.437810858386837,-0.708530641493869,1.20338538353121,0.366275549944111,-2.6009327234321,-0.229578029158544,0.0134486307030834,-3.94541192156787,-1.64000018899756,-1.3049554739324,-1.47949917347732,-3.54925698289605,-1.28525917073919,2.44905415293834,-3.01217559744962,-0.641889496502184,-3.2349829626362,-1.95203852862318,-3.165956688987,0.891190703871716,-0.412140154558446,2.12935365677323,-1.66315978479591,0.517941880215855,-0.389892432398358,-3.83153028992112,2.73588852431792,-0.7726139759385,0.982680232142422,0.91678289408231,3.31712227390144,1.50740925785023,3.79613248917581,-3.19344359696252,-2.86195730488724,-0.514178912897869,-0.785391348402352,1.02479196439667,-2.24843558871311,-0.46343507978126,0.609862028557771,1.88451858162108,1.80731690163692,-2.4519934155022,-0.669606760291197,3.44697739678793,0.0715485955723048,-0.801436548002425,-2.7506890215484,-3.34759062278055,0.810434365367256,-3.66462917188546,2.42652327516053,-0.0131610771032065,-3.97693271587959,0.829861543372088,-0.56896295889324,-1.2299950024771,0.659120747223473,3.06297063379814,-2.01216594689056,0.278727167170311,-5.26678600545235,-0.61578207332625,-1.45812278829841,0.731978137190642,-0.559794434345014,-0.357457056580475,-2.65773998113872,2.71732153322686,-0.664167498023367,-0.965053410893596,2.47621661014719,-3.060179855542,-0.814747535371547,-0.831480184031177,-0.707664017806692,-0.938345351447577,-6.50385015455418,1.09260525597627,-5.23875755844356,-0.629973549535048,-1.22816558458766,-3.68065580058537,-4.55348248600118,-5.10286829865414,-2.58250887435699,-2.73201530652442,-4.86928428797824,-3.87407434930908,-1.23584887199957,-0.625535288740221,1.26753532814595,-1.79866528404029,-2.98854253245647,-0.130387524299679,2.75340611084712,-1.99681770617732,-2.53028101607083,-3.06231029421082,2.55805269576793,-3.95397575817661,-0.879459165763602,-0.607534826173336,0.456277112806383,0.310543739669423,-1.6631065047982,-4.24132281650377,3.50116989241845,-0.736042388353444,0.223055941129923,-3.68549704457799,-1.5899244516477,3.93983812578205,-0.311673255339615,2.11589358671392,0.882129814554776,-0.563742465250833,-2.24900578203816,-4.66100684899914,-1.6940971910972,0.413808862789326,-2.35491818749043,-2.25444632529827,0.790406171506733,-5.36438627754884,-2.47197484609018,-0.448370411449247,-2.75068191951492,-2.71859923517587,-4.97074610296842,-3.9452584971992,-5.28347438939157,-0.89213023634913,-6.68342789937659,-0.225747640096778,1.16238833526183,-0.142367589394124,-1.96025930287907,1.78450959411332,0.424584631813296,-3.64866566189156,0.186009947725515,-2.94853118993991,-3.07488546011113,-1.44229141474662,0.477266722933875,1.28121526064248,-0.332253214043317,-0.164882248790729,-3.62271912246049,-2.51776756706299,-1.44551481840593,0.916049285751758,-3.10979946513318,-4.31698250203902,-2.06011987557572,0.134784916213945,1.70450339437342,-0.909574531040636,-6.18495619637077,-1.09442919321193,-5.8955496528571,-1.49635611597748,-1.93618233399439,-3.16448179453271,2.18891475672439,-2.07478345867749,0.346007433880052,-1.50224686175309,-0.126943633627164,-3.71986447971325,-2.80630731589209,-2.44230331500077,-3.64900677816766,-3.7251237161183,2.24331336232389,-3.86702893886547,-2.04965955313067,-0.505510929838494,-3.52282036505472,0.487363732111929,1.67029859758094,-3.4601416106132,-1.2723210607765,-0.542743280237187,0.0397382625184255,-1.45622905425314,-1.54539381918418,-2.48152212352454,-6.70466534826516,-0.577576195879939,-0.0111403650543676,-0.145873403576866,0.922793751187853,-2.71130308748808,-1.22237522848622,-0.593368702646152,-1.60930300491644,1.14833589868451,1.59153972049815,2.05983327436479,-3.06261603494461,-0.355768495340905,-2.37266541425116,1.01558541064928,-1.77751898705329,-2.1063682624136,-4.68786036389047,1.0118070461181,-0.546218268605438,2.15918576038606,0.198674728325477,2.01283841533405,2.56588651773889,0.374568983108482,-1.90599447511249,-3.31764986482105,0.501242094941239,-0.994840971190238,-0.159217048981137,0.137645090602016,0.046337716592882,-1.83414059388607,1.57778658161604,-0.919414655905879,0.120105225367153,1.10744655783557,-2.3871988087083,-2.74659330013378,0.240087725295299,-4.52078914430515,1.07038513956448,2.07565962376771,-1.59083905326569,1.06670877059337,-1.79629673853956,-3.83480546981142,2.67689275790871,-1.66680583419005,-4.59970812373273,1.03058131445401,-1.52812725667805,1.80106145933757,-1.11671157910174,-2.61751748402177,-1.51879096882711,0.337000248246012,0.707269177777621,-1.42431658190333,-0.031017142904889,-3.14372193881696,1.03095676008911,-1.68716788985247,-1.76640499931191,-4.89839122273965,-2.66103437808667,-1.20984433052105,-0.112294555939644,-0.608710652632736,-3.14339560421388,-0.416095436908042,-2.59741157787295,-0.621877299881625,0.333091982278493,-1.96568608338541,1.31455877761396,-1.48036213599965,-2.04768626736356,-1.95086431984787,-0.490547491124207,-3.58977287910875,-0.559356415697251,0.0416722932009346,0.0763286418510665,0.335011341061286,-2.30448785426035,-1.24478439899502,-1.59949418953387,-3.85454123459949,0.221364960370237,1.14246847204783,-1.13763971144605,-0.656820501427674,-3.4905609045714,2.54823145210233,-1.52742275394125,1.69624238350437,1.41208553044682,-0.100537563260158,-0.705052227511297,-0.313813656250231,-5.29958138544575,-3.92491746226261,0.567648601832496,-0.417696394469923,1.47677630318008,1.60927939202607,-1.5039448098644,0.737812454035245,-0.0053802366409319,-4.32300759849029,0.158790693745579,-0.00102906569941563,-1.96209830271238,1.11639844091498,-1.93131716329807,2.38289626476387,-1.51552432556859,-1.19132064847174,-1.71973946215065,-2.96494841891148,3.81748010200416,-4.22247718746199,-1.61103445997716,-1.49484324335782,-0.983517890648732,-1.66884853379053,-4.03010541115566,-0.698547028973074,1.05471709699275,-3.01063818561647,4.82988901312758,0.529149144773198,-1.83701801921872,-0.823546950963986,2.16294759533096,-1.23341503728618,-4.32855799163162,3.52252839133161
"70",2.16048252627473,1.30634375981435,3.42818536842749,4.71022091719605,1.48480579235057,3.64167184022503,5.32532975375915,6.03146924248098,3.69339146700991,6.90807381693548,5.00611511852133,4.36880296293346,5.31960642476428,3.57385913099581,5.3077952803479,8.55569595876807,6.08587693825018,5.64832495238783,6.5910494753352,3.73346442172539,3.34006981147709,7.17146673945857,3.47593473742478,5.67724910670623,6.65929009536908,6.43010881075836,6.98413200982387,7.51589458626133,8.38099705255678,4.40707318785663,1.5172543543515,5.75409382917622,2.63030442710992,5.60363158669842,6.19223203586696,6.70299578561059,4.70503049919131,3.49190188381058,6.09320500399249,3.09750314499225,3.05445391688719,5.48900799886447,5.62143901131574,1.95921139690515,7.43897612807839,0.888236966095405,3.77885566656312,6.47323972181223,4.70624549360338,5.58648114035702,1.36712672478452,4.97999598631233,4.44126709901396,5.49794486796417,4.693386526937,-1.04586904660691,5.96929894787365,2.90029243285904,4.94390241700905,8.68173487533194,5.21906391035764,3.82555782934544,4.86799322569005,2.14646285533948,9.4638505940629,5.57890141871467,9.60753510594071,3.3246498914134,-0.013224874206184,3.65511429243804,4.4048746799431,6.22730229511799,5.37074922094731,6.75498699017332,0.479327005948099,2.5366212882818,3.59776980938915,4.41845213148555,4.39928414158912,5.91884387516212,2.27735169003417,4.53005583981119,2.12618519521266,6.43351706351669,2.05129247581735,5.96956780363564,1.19358253942862,0.281202505269711,0.246968890739227,1.34250987252808,-0.259129116696987,1.74616722862729,-3.56695225341883,1.43393043029949,1.45662460331107,-3.04269375017648,0.0558581785226755,2.1578127607742,-1.38496249872629,1.92822289451453,0.475131604477623,-3.61631258401756,-0.900017871986556,-2.41304348998336,0.227609267235129,1.03911607525583,-1.53800618352863,-3.18566875943678,1.9892601071649,-1.10817268363631,-1.46133001242544,3.56228922931826,0.348418626049081,1.07624945184501,-6.2515826131962,-2.93317226018506,-1.54655821736405,-3.65611303552016,0.505813152695807,-2.25258902677478,1.58842672494351,-2.76794351733063,0.307787046019942,-1.42187845267298,0.0275556018205589,-2.03149112178892,3.31997642735125,-3.91715150077295,3.2727662822949,-3.84191879181677,1.89694967396868,-2.08044118633862,-1.03486136954241,2.19918190003623,-3.06347906650653,-3.90572513569069,0.611471691086051,-0.919914759480597,-2.99009311862244,-3.04625622793505,-2.64250203415061,-2.00614176702302,-1.80498567434536,-0.0248229801051538,0.670892208814502,-5.98305140274137,-1.12061865303702,-0.888040973268178,-0.0337340562855418,-0.429642244070237,-0.0411238943685858,1.40707163589078,3.8754666523272,-1.05915013005656,3.05967319772089,-5.13908926989457,-2.84415830002559,0.834272726132274,-1.23700127972006,0.557741707003892,-0.750600893212653,-1.81832290722618,-2.33543469334719,-1.56768323735763,-2.49847368319441,-1.84743539963265,-0.735594119636476,-1.45458403020763,-0.505980845401427,-1.99895121986632,-1.99386203949382,-2.14994535155281,1.06957524878511,-3.34292253003287,2.98073995248999,-1.70826275913944,-1.82709997012643,-2.34819633291516,1.04240617127232,-4.30898453787185,3.28357964578933,0.923122316926068,-1.21686237857428,-4.14677949814793,-2.56316761605158,0.2670255932685,-0.341130937191131,1.04920333874626,0.755279419027193,2.12751267214446,0.281488686804948,-3.55289298388392,0.354161205423785,1.64775490463804,-1.97992572997154,2.10169266538091,-1.38673421626857,-0.304297156513087,1.55553727113625,-0.967956154954983,-0.805164063482456,-1.54914819612013,-0.544038837960711,1.0882160806333,0.315647850757202,2.96595058681448,0.509251713369848,4.26853794360074,2.80234123104615,-1.55668979163331,-0.840754264113064,-1.40091017764758,-3.64031413723949,-2.0745253492554,-2.42751997465932,-3.85398463794318,-6.11886832109367,-2.79403364376964,-2.44274026461607,-0.88340601673696,-0.545485701602001,2.34823922862224,1.49356475362659,-2.41093414919676,-2.40221336200264,-3.42445527278529,-1.47706122673722,2.15861704310204,-3.79072643871249,-3.00992430821997,-0.57826022929812,-0.11505974808852,-1.43862983247785,-1.65309592649823,-3.36400221827623,1.48318776205538,-0.0895775423281379,2.82393751965613,-2.88514422760828,1.69119624760682,-1.12165858911194,-0.655049573969135,-1.0997338369362,-0.635462976393069,-1.92715892504201,-0.521990742909693,0.947706284076901,-1.52310844587114,-1.13185681717939,-1.24815698751012,-0.086513575007478,0.40860380599545,-3.55630695800537,-1.29234616323686,0.0637820738840296,-1.16159014416644,-0.330761964929918,-0.907337413307344,-2.72963896713597,-1.22579009182367,-0.542506420111898,-0.521666588187343,-2.01792235530248,-0.948741526680695,-1.40070504643848,-0.52993623011584,0.140683238863431,-2.19673768066518,-0.960609432876285,-0.0324218063115248,-3.26459900807691,2.04682580580883,-0.0430071258094805,0.512715888492784,-1.90263183925795,-3.02940809500187,-4.62210318615737,-0.553604643579028,4.31828923182243,-3.79337643970536,-1.66326953288185,-1.33317926607634,0.770788042230299,2.04160887801359,-1.9513101030035,-0.423506315905019,-0.23387450240439,-2.7316804287737,0.647260250113712,-2.90586183789208,-1.71865331130258,1.84756561725791,-4.28749041068143,-2.63593799507614,-1.45026264025072,-2.3055916676507,-0.160760679289101,-2.71897593649563,-3.7914607178219,1.24097138222502,0.957471366966454,1.92050987674491,-0.976774105273064,-1.53798594663968,-1.55216303402883,-0.00707762617472096,-2.70225621986083,-2.40863326234298,-3.13025228003894,-0.068084439345222,-2.52743798289433,0.00514181804722935,-1.04046111447079,1.58528381788292,0.354746058846091,0.173663698444989,-4.58528195989275,-0.453777337698709,0.948345029325902,-3.7835992282587,-3.29869104622344,-1.95315303245385,5.10632180399302,1.99682870312478,1.53029058501596,-2.76128527436235,0.00444452687573516,-0.0339364765459393,-0.0911799057774151,-0.767339244415027,0.0514312359983911,3.05547035103319,-3.32438068542695,0.247849676672004,0.961626197897342,0.491026856017782,1.9541479402167,-2.98097121787418,-3.49789171449377,1.5659659793128,3.52935099669363,2.04502427707405,3.12739304583543,-0.248314036807978,-0.126224126246559,-6.0100104127009,-1.06984278987409,-2.36680261241608,-1.24079927748451,-0.65267871334126,2.94037008386246,-0.465607676230612,-2.0796683062953,-1.2564656368393,-3.01210259787646,2.34918439336829,-0.524878207591187,-3.54846885730303,-0.820360918109253,4.23639496129144,1.9052779166366,2.13259590313463,-1.3561429616846,-2.18830125511949,-0.419866458316678,-2.71301582115131,-1.54157259460111,-2.41358428230929,-3.29646126776019,-3.19665883163589,0.543536351461865,2.17550852951002,0.285895608829937,-2.59601117469454,-1.68574217061286,-3.68179717940768,2.4429744949091,1.45409363057951,0.578630706246562,0.984434048563463,1.11461265185918,-2.15230866155318,0.838033754437985,-2.39830517428848,-4.69766492532187,3.30519491458911,-1.54630786201733,4.77401452112847,-1.20283140769412,0.0124872044715076,-4.05650715079003,-4.30605023070139,-0.713288305387353,-2.10576609739641,-1.44454925221766,-2.35719470597784,-2.36579138208354,-2.83711087538267,-0.553095956706196,-3.16694640661639,2.53381576644747,-0.506567988171448,-1.49243771512733,-3.06134336483533,-1.77353417124853,-2.94827393378437,-3.55097470864364,-3.03038408347151,-3.40387374617387,-1.17051605106219,-1.0303435339043,-0.557970390558778,-4.9788008603917,-0.728810849748083,-4.20555114561304,-5.05489655762514,2.16227181124021,-0.174615487963092,2.31642670228249,-0.790843247600681,5.17333942087396,-0.458826602943069,-2.6537387708611,0.443136625023621,1.53819922199472,-3.66161951313245,0.236599144585808,-1.24179556815702,-0.635170645517549,-1.89709442498722,-1.53652645522562,1.83170839758791,-3.10709435418582,0.00534707576301519,1.34547544641182,0.192011939506238,-0.985943263480817,-1.78872681390904,-2.40809128946994,-1.41983773190069,0.358105217401882,-4.5112873562055,-1.49921133915865,-0.247474941573411,0.983204397406513,-0.515466813772829,-4.08087895686908,-0.486842965346544,-1.45274598364832,-0.629414526297932,-1.42798512254676,-3.85923285085628,-4.0539754517005,-2.08948440956098,2.35929856439831,-2.67528331030184,-0.0840009084446616,-0.598965785637252,2.92578827642728,-2.88637972329643,-0.491474198919052,-1.06093297942477,-4.86104158472581,-1.20442796589241,-2.14622525048501,-0.687488162183495,0.437042898625844,1.61077609841312,-0.509087332964823,-1.7735997101516,-0.959106670518053,-1.71851309593534,0.670248909849439,-2.91813510536522,-0.664310123400962,-2.26097074639139,0.663153629020865,0.398342580779279,-1.1254463640789,-1.44217893789686,-1.79128855152051,-1.99691363640987,-3.29732055891146,1.63764912566361,1.62665214187592,0.895619890272086,-1.09100811784638,-1.31157646942243,-0.556919809141307,-0.218190724747527,2.80759943468904,0.948315781130276,-4.35791579844621,-2.06803670974676,-0.843706111878947,-1.56444091274672,-2.64306018537248,-0.374812182995821,1.08897180596264,-0.310653946590174,-2.84679606237652,0.954504858174778,1.40734062359802,-3.22710684559017,-2.07788624042463,0.124799068486787,0.393708601746251,-1.26374350162246,2.90388498791696,-0.665215856235627,0.595718941400873,-3.99888635909304,-0.944433854568137,-2.77047424357431,-2.04655229770755,-4.91870234718645,-0.902187320531967,-3.85578185103556,-3.41623515580198,-0.923611886210041,0.939789967692083,1.74206504848679,-3.65511945778769,1.92012017810351,-1.49419209693391,-1.14746151241039,-3.97046853755554,-1.48683285867796,-3.00448667786139,-0.135089904200962,-1.45643977954623,-0.454855953854555,-1.88110837288984,-0.593252806153502,-0.471021218112423,-0.217509434580861,1.20634648398073,-2.37386576705986,-2.71659051799756,0.246294168492506,-5.90842922009266,-1.86070578617031,-2.07167538135424,-1.96370119003537,1.80887307564539,1.21537600267229,-1.85643301560161,-4.26931552988211,0.803780357230769,-2.23641382882049,-0.10509757202585,0.695214436582034,3.55770375980732,0.401825771648766,-3.83118382145201,-3.12298179429545,-2.05059315969449,-1.01187298528617,0.720802319514948,0.833087682357208,-2.17349018254459,-1.03297180385237,0.914029413611048,-2.24056788108376,5.08666980271709,-3.64182747750852,-2.99207903250175,-0.58699307017528,-0.820639146792847,-1.03375840763416,-2.63519887616571,1.29077353588778,1.56955900242851,-2.97067941744015,1.1045085169338,-1.54929768157404,-1.11771794208403,-2.69602242640702,0.588227175321345,-2.98547310786771,1.22821396640035,0.250290649335414,-3.26945698446966,0.464835803735624,-3.23332487174213,-3.61652403593799,0.860526041248719,-2.48371200703716,-2.00330079194928,-3.84231837695664,-0.753157254546476,-3.28084078678411,-0.714310376330646,-3.14637354592004,1.40363833540054,0.849347628017489,-5.53098969815383,-0.592276130243456,-1.24719452438775,-0.460881166782954,-3.46496801035695,-2.64312508001762,-4.53510391699632,-6.52993184285481,-1.92897486355282,-2.64190180511535,-2.62917601619466,-4.96416351366179,0.991013363759449,0.931709272711814,-0.221706362326304,-3.35079765798538,-2.63588609954945,1.28060953022631,-4.42327321955544,0.634510322397444,-1.06817000470995,0.351056282675254,2.11316965765731,1.52092678792244,3.86042134375819,-3.55870119780212,-0.857975673814427,-3.47112947569075,-0.749678623081675,-1.77522292481786,-2.14016723886779,1.47453364658851,-0.993077949005776,-1.63981422195833,-0.639492684071679,-4.58599643618231,-3.73616127375955,-2.66378205605675,-4.00746546694921,0.11053017222001,-1.16520454558603,-2.97240830456071,0.0267042742136774,0.465568954919393,-2.01997871232883,-2.81140855797175,4.25239989837012,-0.753601617729248,0.885991740634733,-0.35527559850681,4.0842101078132,0.948138798903475,-1.15575946261073,-1.05444666556106,-3.10892725453329,-1.75730657536631,-1.3182867555442,0.826742017430891,2.09099786983544,-1.81976962268167,-1.03001004469037,-1.53508923472424,-5.60353672005224,-3.32813897019856,-0.181353719253991,-2.00152163024017,-2.55693846267464,-4.32463516885187,-3.63142741205305,-1.96626578067908,0.543931167693339,-3.61376476851773,0.0129648249772019,-2.22434039682796,0.259671004063509,2.36292544935673,-2.15710294110717,-1.82967578401748,-1.29905165665792,-2.19075891428844,-0.387258792612494,-1.14015895772414,-1.62842936129011,-2.54323807733244,-4.03754044614491,1.95200468841173,-1.34208586759368,-2.47857237361033,1.18208333748008,1.66950810727062,-1.98616687047823,0.0412314337445989,0.542727809738381,0.221774516044339,-1.73983065658283,0.291519827185352,-2.08553089855262,-2.7958412354613,-0.970365620055611,1.04417785135182,-3.4607169011929,-3.27847905463046,0.782433610192332,-4.59303771321904,-1.43104122334489,-5.26790188336952,0.991298058364919,-5.32105479535826,0.0174461471600795,0.482172148719242,-1.18787239431667,0.275252940895272,-0.863708822355063,-3.65591451811068,-1.03529704312332,-0.319201814061531,-2.2068582959181,-4.40048083304553,0.0186407434938052,-0.304386628495467,1.20933240169602,-0.282710385756837,-2.10844934396312,-3.14496236969218
"71",6.09928349804876,2.73749699512417,6.50817524079134,6.17316726345942,4.98894343458704,6.71860632501034,5.29830690349707,5.16840773750705,8.00283936743646,0.677893309678509,3.35132168217842,5.59896604097494,7.6733203510982,9.68878921990999,5.46335556447754,8.22535837624424,6.03651251543175,3.43113577096782,8.49357918228305,7.46294886147856,6.17047442328529,4.5279315779328,4.64841095847966,5.85251147628852,7.54247390905162,7.6051967132053,4.52264323936378,1.26836162599269,4.05781603582648,3.92945896345179,6.9152357436145,5.23875321955933,4.29865687942523,8.75071082170195,5.58479443525907,5.20161634076402,5.61439102695286,4.63962289724975,0.626253216003742,-0.887785901104937,-1.59590534196613,0.471848331668776,-3.98445567951709,-3.654947235688,-0.403473716191455,1.8556416196043,-0.568151620571193,0.519756108211512,-1.22085464596831,-2.50873996865253,-1.20355903263913,-0.236025294448351,-3.76793267305293,-1.42574788028138,-1.92771675634345,-2.21842506212027,-1.95464811218742,-4.54288280726123,-4.95954684543727,2.21432773237875,0.0776989507552297,-4.27574795685107,-1.38146467718907,0.16165689914452,-5.04742337499323,1.88669631847272,1.05160891668438,-0.257982635810048,0.333916055262728,3.79609006478912,0.06065540316044,-2.01523551980363,0.521243259796986,-1.69055301643127,2.36344493374486,-0.336871874809478,3.84722359354829,0.645745063511105,-2.94281279014246,-1.53535028653303,1.36771365738355,-2.55262811382359,-2.48308939296284,-0.955055524157386,-3.35209262683071,0.164174643730279,-1.82806672312049,-0.57089662757847,0.83697740852906,-1.53537032801949,-0.298436821665818,-3.00058444279729,0.242711535365055,-2.2284896242473,-0.150933065472111,-2.04299045480585,-2.70585935204142,-4.04052722963621,-2.07263354891582,-0.529475250748677,-1.12582197849806,1.33476064338734,-2.13363230100711,0.524077232991144,-1.85809059026303,1.82720013037998,1.17505509052952,-2.49813933159219,0.642124904769502,-3.36202690625521,-0.328282907813894,-0.296064335862871,-0.130012825797219,0.0677896413590893,-3.28388192392822,-5.25138350737698,0.844248394283248,-1.80815864278717,-0.049478869208356,-4.01551433434067,-3.76397404735367,-6.20142198928534,0.370794455776613,-0.565680581823892,-0.0537659528267304,0.639028092453284,-3.09745459913899,-3.63553629670675,-4.21995137911568,-2.00903029102047,-1.96352208918524,0.19449547143282,-2.64566081047409,-3.16163798676556,0.446475318170514,-3.50499338555867,-0.481999288505193,-2.13194142741609,-1.4972965556353,-1.00527194805913,-4.88707208830351,-3.48846946675921,-0.992918072330946,-3.02988561850964,-1.4040455408786,-1.40727848278075,3.93470507107086,1.13460785904546,-2.13376795145273,-3.75512323777484,-5.47967333989232,-0.0100138419970836,-2.21493476399054,-0.549344097857609,-2.22400270423387,-3.28292295322466,0.514727119170978,-3.93045377905639,1.09167682040304,1.95305136354897,0.2705204881671,-3.26410019749332,0.47001496867141,-4.53214963770052,-4.37674487545786,1.32003829091991,-2.52471139635935,-2.35405631502806,-1.43197441611601,1.08398485140552,-1.1300984548748,-1.11350155270672,-3.07233695508654,-1.10106037622383,-2.34991618317227,-3.47722335431318,1.8917071075339,-2.16431949825237,1.77439311784316,-1.2527765437367,-1.06848953270103,-3.13848347777553,-3.84775611381268,-1.18701453105448,-2.68339704659008,-2.72834818380146,-2.47521873120992,-1.22201152143541,-2.29711611428719,-6.53167222022725,0.445320873196186,-0.00959128831387424,1.91864170571589,-4.95520892413434,-0.765527161876175,0.405734759790239,-5.07832217811049,-0.491631343451199,0.269032373947943,-1.59548040586871,2.34454491134184,-0.461891677855194,1.2295613491161,-1.39437631068462,-1.70033925140928,-3.55942040986125,-2.92091664426194,-1.23115319057457,-0.145176363906455,-2.52233157877279,-0.676422399922987,1.90263663333404,-2.83004496734743,-0.823449459362355,2.97909370357665,-0.0589694374526027,-3.05021003093001,-1.51574215996011,2.30277326198461,-1.11720549670147,-3.1659212855879,1.72216803424558,1.86632886020425,-2.11585240955258,-3.88559011998507,-3.39333554045759,1.82748890184531,-2.51588156143982,-0.70905636413408,4.37859951597199,-1.72592069988109,0.847519239449421,1.143022982213,0.260421526877041,2.81343864497555,-4.88235316226296,-0.692788614224009,-4.77907107506203,1.09243942583362,1.95994783831307,-0.670112584517922,0.290091972507849,-4.15836414955951,-2.87070632546579,-0.00374708306235716,-1.00477232853753,-2.30165650701675,-3.57539877087632,-0.322860738052478,1.07785309644445,-0.613127608916889,1.62552144973892,-4.23301737308934,-1.16706521367667,2.33697887823728,0.497670344044575,3.74357634801425,-4.21669096346099,-0.886914914781905,2.0234972349619,-1.5742907595523,-3.98777532265072,-3.47840973995344,0.256518622679594,1.58636225878902,-2.22216463324527,-4.84643478389935,-2.59185409188774,-2.87384960984438,0.360692757452087,1.32364697760454,-0.209815807474491,-0.378566066412533,-0.882588278224336,1.36254341943691,-2.24397601387522,-4.14397431507353,0.703182669447664,2.58773578689155,0.217527062042212,-1.383440345487,-2.26116382704055,-2.45876466970617,-2.07629127514569,0.668425079013284,-0.536479606568594,-1.52177136184122,2.7437306215756,-1.1365841264834,-2.0212336306839,-0.531600835696688,-4.06382866837059,-0.829363083504535,-2.74741803447687,1.79185094505142,1.19133592697457,-4.46361838745179,-1.10718140015436,-0.70960626679051,2.08056362301224,-1.07394190322842,-0.426446396984672,-2.0109194884626,0.266817549789269,0.139974060043277,-0.628177543210641,-4.19951820524291,0.63466354302783,0.850655390304571,-2.60837568273943,-2.58489827989726,-2.62163080950246,1.4358134750366,-3.78845782780095,-1.03934030351941,-0.238706110851388,-3.36144472703536,-3.43460612893824,-2.36765254756455,-3.35928732991562,-3.30743126810903,-1.56440802437973,-1.64198728571288,-3.08653394558625,-2.33417516218726,-0.187076114448301,-0.781814287541316,-3.82655019068396,5.51273310329436,-0.36304515783963,0.579615571376882,-2.29073309735996,-1.22118781608609,-2.31954680010574,-2.9568881717056,2.57793144389596,-3.79061628988277,-0.797577581465763,-0.213207691291022,-2.34680599593261,-3.8354966405946,-2.25042658232522,-5.13941068539639,-1.51232335661291,2.28105553097428,-3.76371163508718,-0.363974400255761,-1.46680124843473,-2.03987125962578,-1.74345963544917,1.62433141465296,-2.50841557662903,-1.13640326597279,2.27807737395822,-1.92133641594771,-1.32590282300271,-5.30958492441877,-3.77924013488333,-3.83739547873416,-2.89492416793689,0.0484041200601215,-0.47617995037931,-1.26870515894517,0.47494752814664,0.310030820367021,-2.51628432370039,-2.44920669747634,-0.700366617858942,-4.1730962687565,2.5405675129837,-3.1607847766914,-1.04722821183307,-0.571922515124837,-3.25640785687026,-1.14278819334553,-3.94127204565292,-2.24352654361466,0.373047592135608,-0.0088474156641094,-0.323801719666859,-1.10278394635185,-1.76621738689909,-1.2325665832603,0.517754068880316,-2.0001874454631,-3.52401082529795,-2.04787541380942,-4.06784006890796,-2.02815174142335,-1.32036359098883,1.09421922412367,-0.302979068343878,-2.79708353062371,0.417159746375381,0.0548703854359389,0.738535089522359,-0.989559860810621,-0.901208976873791,-4.44574510651061,-0.771050583921323,-0.569299197569459,-2.13649443552936,-4.09583980309944,1.92751967218986,-1.29629576313107,-2.688730258267,-3.73056432902121,-3.56483813486024,2.11135094150328,-2.74309768571891,2.29708541034852,1.28569744777461,-0.0603741391190639,-1.06691482352089,-0.44546743514689,-2.74861536545774,-1.12816461203571,-1.69874926595722,-3.4218583737691,-0.9968636683291,1.29787287382683,-0.295102569837092,-1.6696699259676,0.0738703144688282,-3.61802778498262,-2.3762909921535,-2.38177642316941,-2.85095294179394,0.89701197139753,-0.58496604068244,-2.93147662764712,-3.71437002789862,-1.77136842580966,1.92691538581357,-0.658256923392591,-2.67802388609969,-2.21709549043764,1.06174216564636,0.0507693285450401,1.61945338286017,-3.40977548046177,-1.57667973332962,-4.20813863791238,0.238946379089459,1.23386488428351,-1.91199579602044,0.0976779482990744,-3.33756857934737,2.48556353420362,-1.32528936373873,-3.54987665076011,-0.767850638196429,-2.85870315577408,-2.03383742294494,-1.23497457221091,0.960585057961844,-0.473129652548389,-0.947285184850674,-1.16924503077826,-1.63767496606485,0.988163737742223,-1.78939105666056,0.287303453651105,-2.59436343647853,-2.080769793125,-2.17559184425999,-1.27957327746634,0.564658835204396,-1.27471280170932,2.48535521564886,-0.14817648106468,-0.845545486022881,0.677021162081062,0.0236646273435692,-4.54343963288103,-0.605032195274553,1.16436780932344,-1.09455146029702,-2.32305222897277,-1.8727130507487,-0.580820330466933,-2.65424994182946,0.179094786669037,2.42705169034067,-4.59786002178437,-2.19232980876042,3.27287584082492,-2.1802061129337,0.787360565893478,-1.49576953250601,-1.64572367656293,-2.69430746944496,0.269815697077047,-7.16931186661042,0.121520812428866,-0.315180898909883,-0.894975023074895,-3.42995909062452,-1.44279154662468,-0.825313989496104,-1.01709762206771,-1.65158896817044,-1.17586126761321,-0.336008606012469,1.46939961980206,-0.554893408404049,1.23429353984794,-0.414850013546036,-3.0818592500485,-1.2848604177242,-2.39950332012638,0.844261009248668,-1.90454566270687,1.20109197387976,1.94990075733641,-1.97735408762178,-1.23361118449702,1.89753749487314,-0.25807881473843,-1.83799951133573,-0.161209209090831,-2.12715120735933,-3.39011792704463,-1.98340774976343,1.99561504459124,-2.26439864028411,0.307411388952419,-0.659471875437778,-3.76866117091346,-0.374436267210599,-0.322648958776161,1.26548285590451,-0.441277185376267,-0.71248272622858,-0.996793509675405,-1.01148090180154,2.15065049053827,2.92876797248812,-1.11980824126907,1.26546803781049,0.249837678994973,1.80668411322507,2.17165097188339,-2.4881581890404,-0.628678022659878,-3.06070185725145,-1.3879915088876,-3.17001645399703,-1.15745058089438,-4.27087746940382,-1.18273103786812,-1.14769376548287,-1.74838985708499,-1.95579634823503,-1.60227562556472,0.612147282454367,-2.21317423871501,-0.0269250443748958,1.08321296551241,2.17233030792945,-1.56911194064314,1.68365799644649,-1.17068932170724,-0.468597150481807,-0.619450477350314,-1.65634995312785,0.774512072049985,-1.85508097876232,-2.88328759418938,3.08632529871693,-5.09187901474738,0.480694288742601,-1.28247788208454,0.862541732335215,-0.635067110801814,0.328510038058375,1.94921890173981,-1.63084796106656,-2.89469096372946,-4.28971107353779,-3.10980686820375,-0.402503672964218,-3.59929185314088,0.23617499069452,-1.64628969177514,-0.53509922182451,0.407974022523499,-2.65551415511326,2.45529327997832,-1.52976171185494,-1.39855460207585,-2.91701046283553,1.83986351571946,-1.19859730043338,-1.28153887686838,-1.875200879385,4.12237206080771,1.28850801941794,-1.09900978614387,-1.30776882148075,-0.656984962203597,-1.24016314449836,-2.63578874652842,-4.07982068037059,0.283567261466697,0.649525090165341,-1.18355912148758,2.72856185113221,3.49673475450318,0.374210666190774,0.925941980328743,3.47143861828858,1.95355618941394,1.31741654793236,-0.741264242892628,0.273596454866588,-1.10693960515462,-6.85030045685071,1.79065719323056,-0.512308533801337,0.91444728303049,-2.39276605144489,-1.10997113167937,-1.58356133379579,-1.6935618485545,-0.819044798637058,-0.0394813096951941,-0.823642975282502,-2.44653931992827,-3.67139501748286,-4.80245932261318,-0.147042460537296,-6.71638751559225,1.84449881155922,-2.17862287967194,-2.61133228301931,1.58092823238901,-1.29899539552864,-1.0977557852388,-3.74818929309673,1.35345137877492,-1.41111985780883,1.14787133999083,0.669288915927862,-1.66871250579045,-0.155547891788189,-3.4856246159313,-0.791723620496334,0.196609349363129,0.837480476608311,-0.777163991234874,-1.21857532557973,-1.29083922188609,-5.54812317556285,1.39131836997692,-0.338206673444761,-0.4673230747633,3.21747494677665,-2.93846400378534,-1.8412094506522,-3.23068670876494,-2.37329692049974,-0.989286857151033,-3.71141725849663,1.82971880850312,-4.10886234713031,2.26020400636699,-2.58924905399137,-2.21339168606555,-5.89334617952856,-3.28942988363624,-3.85602434827903,-2.86015750546853,-1.68406338611931,-2.88988918339657,2.75580086014848,-1.51011997519006,1.91968337165279,-2.52410794422328,0.016052380329693,1.00863824208872,-0.849460418804553,-1.01411387089911,-5.71905118208051,-1.03312607879909,-4.35447535589003,1.00987073546988,-0.985014339384268,-3.01525318811611,1.45073570647769,-0.404687923997661,-4.87111291781858,-3.62167376389237,-1.58147181568069,2.0565262979999,-1.52121719576186,-4.35122780469614,1.32401542224715,-1.94464376836394,-0.0437094157890112,-2.88149124937351,-3.57343446457164,-4.33871881188717,-2.9615939991107,-0.394262164121873,-0.257004829830571,-1.74944732730721,0.235160954423123,-2.28768122994794,-2.32539339915288,-1.44196569241901,-3.59646924926346,-0.800956972336795,-3.02491967336237,-2.45402065270456,0.408723734860436,0.258395936978949,1.17879721438722,0.393789819542623,-0.73208213200658
"72",2.73701375887901,6.36249242956153,3.98145517783451,5.92745176705972,5.07837805899131,7.02268892051318,3.43302172472429,6.19238686375954,6.07345284246833,4.03631556257744,9.47146303679116,4.27281887069305,7.5358594833766,5.01744029965841,4.19992572914916,3.81568633931998,5.09491439188669,2.80463465752273,6.46014419290886,10.770614366944,6.03879788826202,2.1755448485151,2.60804967076385,6.59524422037538,3.70880073302905,-0.322343548612242,5.17162642610944,5.86687583145684,4.17108807760924,-1.45996114406037,2.49347107041116,4.09533598913141,2.4560531023084,2.07914989331377,1.3401001441166,0.919761794698297,6.72159922666496,3.70744212376772,4.79018772529715,2.81679395579452,8.53548310824154,3.14676391328444,4.79851752808111,6.82204975008969,6.729423072637,4.9087154217225,7.8284032702356,6.90460617657471,2.6166434357938,6.00353013898268,3.61356520045895,4.174784287904,4.18927820401688,2.46683549193437,9.2489542962996,5.28588506874836,6.66818876918488,7.66969410513834,5.0164003108608,5.51691527613555,6.10678429632749,2.17272908119954,5.11087472673825,7.82226494221277,4.38051371152023,4.13088472430202,2.47196555156623,6.88732308171739,5.2873137734406,4.34942053251056,2.16324372783971,5.16076311617395,7.36152783630179,2.41052889959619,3.40177201766749,7.1578339814258,7.1661208236022,9.48180789967948,4.34712639330275,1.2423083574077,2.49997442092816,4.05593248685514,4.49933522868027,4.44283517957198,5.26108532631694,4.00764611056006,6.15756084310838,8.21034726492973,8.54061647192377,2.60162752907051,6.20691269608891,7.22256423132871,8.85487335923234,5.4063328471267,3.22811698976797,2.7634872126292,5.12281230481898,5.30207673342523,5.25246046415981,6.45756486068187,3.99753315683408,3.90899263078407,7.78053867500936,3.21845093573682,6.40652091675835,5.73305587525963,4.25654061073966,3.11857318016188,2.96216180223291,7.01302594159314,5.01919750096144,1.87395806426856,5.07711032107725,5.14729960747796,6.77800104767414,5.96624142414771,2.68597412697972,2.46834696588953,5.05364415191841,3.8703580567025,6.11626334403646,6.43658309507004,3.79129755963422,5.43379947837606,7.25148347552755,7.7993783064065,9.80125664910267,2.86647730026251,5.74962450241552,4.89906536958275,6.85170034939527,5.62446604297222,4.28206742452122,2.24881171772081,5.29297211380924,6.31499716818177,3.94767405219548,2.36586760488966,4.08519006076567,3.37102808247917,4.54807434690964,6.48025332857502,2.37382196233116,3.32965933840545,5.88855731475724,4.18429999215252,4.54666058940619,6.13023910459273,6.22814519064839,4.79174574633881,5.13940756106588,5.42369562225384,5.34483971763897,4.62934416194837,4.47429514279778,8.09769012279387,1.62792276000881,7.67152994783664,2.87858056057424,-1.43738589168103,-4.11404149162887,1.28621862825931,-2.67902469135313,1.95556589456365,-1.12298446380983,-2.34216070436084,2.65964175228332,-5.38377427411249,2.29902295461602,-2.4897553918394,2.63430958023186,-4.28344248070273,-3.77275452313287,1.2859930687157,-1.25782653011248,-0.343945210820398,-2.83356171689659,-4.32569457906691,-1.24987181165803,0.149584966325768,-1.1945186481585,2.91536296837601,4.10801381664685,-1.10762373745759,-3.24747177584238,-3.92135039822402,-2.26347049623779,3.31371174603882,-2.24311505784608,-3.0520869818504,-0.171715930023339,-1.26258654898524,-1.00957452905845,-2.30214063482684,-2.77166930892393,0.167618974577623,-2.28387454332195,-1.56673220642709,1.49751854274009,-2.1965037481327,-3.68093025395349,0.371514690848395,-1.89060876511242,0.305971180833503,2.04785538430143,-2.25230498385421,-4.78007816230482,-0.0488303281416965,-1.43905495265622,2.46379692167905,-3.44974857074186,-2.30575210971943,0.986931099391379,-2.55142793085942,3.14806574134698,2.10000845847848,-3.44108984495187,-0.0096078744108925,-2.40773248151158,-2.92352360260853,-1.43960422994006,-1.51705327973942,0.325836220317596,-1.18449794067161,0.708995358659054,-2.96067668350136,-1.1287350147492,-6.13449574730535,-2.45943575880472,-1.43766352806179,-2.50698405212772,-3.49491241292603,1.16217945828387,-3.09278621852612,-2.32023116556885,2.77814255309423,-3.28349830858846,0.276409639718359,-4.1959619256097,0.222040821191426,0.725842297426373,-0.411836403694,-3.06426306004949,2.19322238784248,-1.60072882043816,-2.43261560510067,-1.74597144944569,-1.47692436987783,1.1001966283512,0.0597089792730798,-1.91415099678479,-1.4429424298688,-0.36030219155367,-0.165458347183927,-2.95125886549053,-1.67560706555023,-1.51550719540856,4.51582378548507,-1.19588501431425,-2.26514514604046,0.893666034801907,-1.07231816517607,1.15830615061603,0.305663341407223,1.88986535800016,-2.94378462191467,-5.6477262441412,0.569737900481672,2.51735728909621,-3.19991257484568,1.20473262359968,-1.74275559016356,0.092659171075183,-4.32224936568404,-1.29385230158022,-2.8030524736594,-1.00454004653009,0.6882286877203,0.202367038382636,0.618144061378436,-3.36769357970691,-4.09738987793583,1.39690992700843,-3.0233024663636,-3.98144727672536,-2.23511237455364,-4.11896931566286,-2.40253601649973,-0.123713173558348,5.38933605697359,-4.20391476165586,-1.07615489791916,-0.0430083902395171,-2.42659383108351,1.1743546777373,0.496141706420824,-2.99863514612653,-0.237202316549199,-0.247532403764111,-4.16625069540602,-0.282850719832003,-0.266348932421229,-0.455509539767125,-1.54096133867724,-2.88999003281806,-2.3861243939541,0.212176650678076,2.29686357646442,-6.3206728834838,-5.02817492089689,0.517846899412232,-1.7074584484653,2.15010945687642,-3.68235217164114,0.394630078037301,0.414245119698418,-1.9210691475383,-0.262124289048502,-1.39126821536004,0.288643686281642,-3.301371105925,-1.53558795142383,-0.418768848434207,-2.10373278575202,0.0448741011480782,-2.62723878610261,3.7584152531241,-2.31337456447373,2.93606340238544,-0.18112931064951,-0.389690514129379,-3.44510069293256,-1.47649954994724,1.04993979613843,-6.72845854110378,-3.33263958166499,-1.44720872523568,0.134744983888116,-0.697316271329044,-2.99098013952309,-4.35156356408732,2.00044381222758,-1.86235414444529,0.197434581013722,-1.5025181810899,0.427074846082445,-3.15703041777166,-2.64269695476762,-1.23505202871296,0.0624556215803318,-1.11260196307022,-1.16996796628978,-0.397878849512528,-2.70215677728784,1.41722835282933,0.0473456566186667,1.46244474686296,0.51119531694767,-2.50639737603512,2.6873930891825,2.12574150723601,-1.86111729808325,0.298993314477885,-1.61478119853792,-3.60566537720118,2.98386748660526,-2.4750513232008,-1.31173511588978,-1.83585837126252,0.567810495096324,-1.32451262013394,-2.79026117052935,-5.9889060456782,2.05351954634705,-1.56792592522565,1.90780291515949,0.707406249610097,-3.60319692681047,-1.09900958884765,0.889629321111587,-1.89037932871975,-2.84424969061848,-1.05937293417352,-1.45331569012738,1.31428974550524,0.945626680663647,-2.411725156257,0.177837965271986,-3.3480099855685,-0.0461137236195995,2.42977492590703,-1.51502060186114,1.47352490697983,-1.80430594193099,-1.37466995068103,1.07358761674273,-1.41242315205091,-0.595749749008563,-3.32760082934944,-0.236087220450948,-3.48309036551373,-0.786730350060627,-1.3269575387088,-2.2756160635212,2.73538517882596,-0.75564285747942,-0.29137403199013,-3.35761725172012,-2.960275325048,-4.91265254600429,0.712511207477193,-1.39336915319491,-0.849902470547595,0.326989371408272,-0.318210914848371,-6.83841269806652,-4.27462841915041,-2.77237615606414,-0.668033440846519,-1.15405948053214,-3.71719371272298,0.900505161363739,-5.75609095257606,0.838412690286513,0.581316102752769,-2.02569327945609,1.40526079230878,-3.64302148520801,0.312803174769071,-4.14333022405038,1.50375881271166,-2.61087933721455,-1.25854469947802,1.30640153089107,1.26352111446336,2.28630226629066,1.63946352498736,2.80654449981872,-1.20804938051259,-0.288505233253184,-0.429941857248885,-3.38965013275558,0.582909938321631,-1.36125774779301,-0.619929970363645,1.35463628721923,1.21374114170664,0.740908742758103,-3.79312527277816,-1.68088767179983,-1.73536327726162,0.722081224841772,-0.664376370127167,-3.07876423671541,-3.56291712101585,-3.54169230176892,-1.05912366871831,2.13989573314566,-0.80333329936996,1.77309222759144,-4.65904009254728,3.27360568142001,-0.450868811542937,1.65676677775438,-2.43254078363885,-2.12909747103599,-2.09114195884887,-1.97460899194681,0.19872180375087,-1.36419846873154,-2.76011463576619,-1.18341445065907,-3.25715121452231,0.00180145579822044,-2.54262138454062,1.30269935401032,-0.838873930499525,-1.74024400928142,-3.53142336304485,-1.03507934214923,-0.372805158158034,0.466048447862194,-0.809618070079711,-2.85203284188528,-2.44405803527047,1.7175527008658,1.74000128223097,-4.1206549110642,-2.5338227694145,-3.02004305164679,-1.74344890976529,-0.0660492915469348,0.552706592748329,-0.753879901639662,-2.54996848239141,-1.43221347940094,-1.32955113672426,-2.52168265021043,-1.96579595720005,-0.859834827032196,0.724306584782878,-4.86355148079373,-0.392254109490212,-2.91402392541087,-1.27435014559536,-0.991785979052291,-3.60445995688663,-0.471088442407619,0.177559785628755,-0.825795299138062,-0.718306970087972,-2.27311414924919,2.27767781108127,-3.96481965118589,-1.18988630251622,0.815688985753176,0.56446271499634,-3.98062191737553,-3.72431705172745,-5.2744484492505,-3.52433420108689,-0.589450367026985,-0.316821884423801,-1.27773978667122,1.13165209517015,-1.59981336744282,0.0280101035699265,0.738407600946051,-4.67391002029253,-0.813985864639131,2.48895033253707,0.706709471602867,-0.428935614263238,0.05141240104875,1.60224790613499,-2.77046610570898,-5.20077890617507,-1.98147603376622,-2.10682606150172,4.09206702429421,-2.16879700548095,1.06169989125586,1.18425891395875,-4.79408975277241,-4.93322318088459,0.679233975294002,-1.60375469793353,0.500504753605992,-2.65053542770347,-2.68910838257532,-0.632187203853987,-4.28634644039802,2.27799423937238,-2.3371096474626,-1.04842860842962,0.193090015325296,-1.90900926654404,0.425321826057196,-4.80090383129442,1.75211164446745,-2.40136440583251,1.33953187484866,-2.6047811636276,-4.65389176980622,1.65151331190191,-0.250639286023572,-0.524130923412512,-3.12265354356877,0.69625656873041,-0.869490345238732,-1.33370284587685,1.380144793285,-1.12044622658028,1.50619581256487,-1.69586552642575,-1.02298288950196,-1.49181050723276,-3.69989665887942,-1.76735336314897,0.265423131469756,-0.274681694108546,1.51086683130775,-1.90731039485806,-2.7313729607361,1.83019699220372,-0.770165285940392,-0.38661894876911,-0.539521789647923,-0.683993752766084,1.65923449379123,-1.73107106118298,3.05059111348131,-1.21973260793325,2.07404475951945,-4.38704585123164,-3.83554663771404,-1.94145696460056,2.23286434287551,-0.403230515864055,-1.94074757718094,0.81147378468296,-0.499225732097539,-3.93452473571965,-1.24927891191248,-1.7645855625168,0.118283889171082,-3.22318709834616,-3.61679763540394,-0.536312705699879,-2.79458050876163,-0.625397800885674,0.296992709105306,2.09731841485983,1.41512135890894,-1.41553931654048,-0.826165861130557,-2.23580777176673,0.819349874279789,1.63689956904612,-0.5242604278482,-2.85349081343485,-1.64959919883693,1.63676368445493,-2.26150966428673,1.28136306217083,-4.3900098071898,-0.142463728579303,-2.55058422592838,2.40496949782335,-4.20216207460069,-0.163173330856032,-1.82332373015319,-4.79496512581055,-3.24327188769555,-2.32177676458463,-3.1513822381407,-2.63518111381894,3.41136681108837,0.624824383911482,-2.23722867514936,-0.0378082962117923,0.189635678382923,-0.45292501332311,-0.258790351141661,-0.553647703975436,2.18185105379841,-4.32898383483502,-3.18099737662824,0.354878075591183,0.820691848240488,0.553095219021462,2.79595213291767,-2.08716509161437,-2.33855992384494,-0.531770260103592,-0.496606873794018,1.62523989538955,0.339691126510725,1.38588831321322,0.351223169516899,-3.54586451456061,3.16729998783613,-5.28520293167487,-2.75375238065223,-1.2067490428676,2.91024783282309,-0.19195769774158,-2.68764797514329,-5.33876028255195,0.330448692743636,-2.55990077058789,2.52462299740958,-2.68263702289045,-4.37229373467116,-0.669466028099651,-3.02692549147004,0.881587981717262,0.716310651859687,-0.0655327259651585,-1.86269653475777,-1.16868241067732,-3.22515495559721,-1.37466604575599,-0.0988566182372531,-5.01367904832018,4.25147936594506,-0.292488929576909,-0.561181250844868,-4.32584104616255,-0.27635813517143,-0.281271147742635,-1.05554191292747,-0.00118458780145869,-0.541658565040753,2.16042064858811,0.52226748213043,-1.28103583874041,-1.75002210735033,-0.955753891264176,-5.69282673909666,-2.91390642834687,0.911747016891647,3.0222893000689,-2.71977924049121,-4.15520818773571,-1.04109436939387,-3.17468005882018,-2.63450531240254,-3.80723702836558,-2.58340779078582,-1.6398374667955,0.00231891402008499,-2.92897992464427,2.01044109954513,-2.21296661173183,-2.64727259275773,1.27847800849374,-2.29990225663827,-3.16293478149734,-3.79834457685643
"73",2.862315650185,7.63891387433285,4.34793929999802,6.60058628399557,8.28462950169273,6.97612462727778,6.34844910372372,5.45801022045187,3.18331848980115,1.62314689652706,6.750135979358,6.39396981973205,2.69092166029799,5.86478163688463,8.30008489812131,5.76841342207563,6.12493508601656,3.36659705648525,6.40579433196282,4.55755600674088,3.52969089310648,4.97021729330387,2.59424546112683,8.31681217118562,6.57352316839833,1.21719717584846,3.20039502874775,5.24532114256814,2.7558773628998,3.64868679498497,8.26439119380013,3.60961623956969,5.05099333447545,2.31946975465612,4.95550831495185,5.27355985688727,6.88525611039348,2.89852649689255,5.27884329869673,5.20329766871073,0.816651805227358,-0.667001126078133,-5.07786806126336,2.73238439266139,0.0495766830091366,-3.98166959931384,-0.874531695374028,-2.06257232752727,-0.52099126880019,-0.989880364399842,-1.39887585151553,2.35518487799433,-0.544167614350374,-1.29871945999023,-1.37077334731766,-1.58215199762397,-0.996874220953543,-0.161537756361605,-5.51901084675307,1.28559980357322,-0.763268888298326,-0.354995196319123,-6.28334592983678,0.35636035428545,-1.72324732613051,-2.36626680967186,-0.0137994903108708,-0.417563575414827,-3.63418823736978,-4.74014537071032,-1.58509109976437,-1.73195898609229,2.06543139892987,-0.82993970817647,-4.75840429618333,-3.06684615996724,-2.80570763757998,0.174837762899619,-1.04753573448467,0.0658668756018057,-5.41758336540146,-4.25935592393241,-0.394332499458707,-0.468784944346341,1.18327265267989,-5.79505620951086,-3.57919511790726,1.73435390178019,-0.962965028537875,1.36741622579822,-1.15301931833145,-0.20956994323051,-3.25474553487336,0.129038482109753,-0.207861319381125,0.630071233903225,-1.19687775900889,-0.656843391710406,-3.34515156491909,1.08945633447094,2.32588781861119,-1.50516380360861,-2.30302069462158,-1.97326437287394,-0.347081942780109,-1.67717629820491,-0.973348262427593,-1.13837936181349,-1.77526239188048,0.442037105262139,-1.42330563353199,0.749625278729238,-0.0320256839845425,0.702711498085528,-3.4611727013022,-1.845035555899,0.891155947966684,-0.586163683494721,1.18151187220551,-6.37101772046311,1.97859659260996,0.294763142044394,-2.83006327106151,1.94368369275735,-0.069359711394514,-1.11329835984528,0.271347910380039,-1.98920344433038,2.80216683815242,1.77041165975311,0.0970102545773164,2.76930524639762,-1.83575047100548,-1.85744963977558,-0.166688112335353,-4.3167804710993,-1.10090433001074,-0.435172913873319,0.953580072734712,-1.67864028510433,0.812460886693608,-0.92375615893332,1.23669410245681,-2.45115848390746,-3.03666093736484,3.41986127523977,-2.77618402962863,-1.74571935828702,-2.02027550853456,-0.677155913316634,-1.77934707143787,-1.86959949559377,0.351643093416315,-2.52743069402037,-4.64230411882294,-3.20370166913899,0.541694297086478,-2.6019997226627,-1.67009747070058,0.125968346748128,2.94560120990545,4.81559180397079,2.11652517101489,-2.14135967553062,0.531068637637294,-5.58575164141788,-3.98362829679347,-1.24131061227027,-0.55590421244164,-0.107007840658561,-2.26790308359106,2.11578660724652,0.949245375116344,0.150221316602763,-1.5294513508528,-0.91380306589301,-3.05629704690398,-2.9712395796254,-2.09596087316977,-0.282349049521362,0.348287426514833,-5.81226802772369,-1.06715245736636,-3.06933339435044,0.885387399673336,-2.3669667100113,0.108716251146983,0.399457207645591,-2.28149806060946,-5.82394563101416,-2.16153636153811,3.10185409331337,-3.86639440460526,1.99974923907623,-0.300686734220347,-1.08315810824697,-1.73267491926926,0.970699239405301,-0.00564868813974995,-4.7572443469953,-1.73832995715924,-0.966516664153559,-2.27757967249108,-1.65165240322567,0.26147750696558,-3.30582263943476,-2.47779687373567,2.3766734490666,1.42085797072667,-1.75744774338286,-1.74830607073666,4.04723495695485,-1.95706640669455,0.926738783587858,-1.47241397487554,1.67746525970801,0.614261432092477,-2.91968231814684,2.1502840322054,-3.39950304215631,-2.19446923672797,0.181569183916311,-0.0301724078666742,-2.52113010733662,-5.17271605621377,1.29341028965724,0.184685468328838,-4.63001075152437,1.26609433257453,1.20915566796381,-1.61287270276854,0.260945587703176,0.756709129985812,-1.74409989781659,-3.54352268140177,-2.02550587110505,0.257819442883154,-1.72966225082866,-1.15307006538687,-2.27011600699631,-2.87179273540046,-2.28112303270498,-0.594590137028483,0.498201629545274,1.56890559609134,-1.24027955999538,-0.575699050649361,1.34574063484573,-2.39446099150297,1.05394660032943,-2.28659830472535,-0.810937775009343,4.62761819231201,-1.18063464332177,-2.03289446033589,-1.66356049998448,-0.267029185736674,-0.532206988271346,-4.07005430864736,-0.919091932386224,-0.717636003950182,-2.72323615512362,-5.12423474484538,-1.79923283134344,-4.16111309984123,0.768499330941865,-1.84356704720585,-3.02121354688123,-1.06413396003611,3.0593927880286,-0.89702242179741,1.9862144874758,-0.795042441704539,-3.81202818202652,-3.87449430292488,-5.57796920532905,0.0283332059485371,-1.63325017715047,-2.31737691185442,1.27726578149525,0.497701853263256,-1.51062941603577,-2.88398260076089,-0.281260904898145,-1.36501264351489,-1.58338698353253,-0.0165994204536446,-0.78588243934836,-0.532193899849629,0.528424543553652,-0.950904559846942,-0.311892511088913,1.18879382060049,0.309828587815374,-1.86879589343695,2.88957281214994,-3.91305746053657,-1.57756185802659,0.600703083096304,-2.26785655448247,-0.986576569864118,-2.83159787312399,1.48697405023626,-4.62227603388565,0.784435365048901,-0.193401635094424,1.45278559308292,-3.23020186100385,0.978319949281238,0.102058150133361,-1.26131825435989,-3.08383139459649,-3.57166984866797,-3.28500588799767,1.50128518352782,-0.963068927225682,-4.73746586624532,-0.901444330820091,-2.51992472714522,2.33776884927432,-2.60250162487889,-0.821914069453044,-2.02518993651856,-1.14668975176786,-0.825249761731573,-2.15196496790921,3.09022434452066,-1.21501136549982,1.94464239325961,0.989733477498596,-3.23731269814183,-3.33133537588394,-4.27612289661978,-0.8858047704985,1.97360952082769,0.454162948209055,-0.159481262961749,-1.18275489244736,0.19429650753718,-4.09041967196636,-1.44403062314773,-2.01497389465901,-0.777079036179023,1.0299599102156,-2.54546465424557,1.68188674611277,1.47084253632274,-3.72605018268846,-1.61472011158206,1.9535628235505,-0.293153696535276,0.919379445833929,-2.02575927079205,-0.0527181638188583,-0.432532431841754,-4.35777202746253,0.364387952383941,0.29565104399648,-1.05468804902382,-1.41392463235152,0.148933050499319,-1.3801673659106,2.45581114160698,-3.59763795863909,0.172894132415859,0.0814071792687505,1.60116961472575,-1.42663693357785,-1.24484117274107,-1.05881353223043,1.11759018865059,0.959489728480816,-1.4984226560286,-1.9718527554482,-1.98925578124884,-0.353745726495373,-2.00109857420773,-2.65475282575211,-2.20758193225283,-2.42336180756721,0.434805011234334,-0.351095011723074,-4.36964102651641,2.74758995258411,-0.118894029152737,0.703708068704944,-0.274434120716108,0.739410355718434,-0.666343544218035,-2.13017038970321,-2.07145818354013,1.92689500926399,-0.710888409663457,-0.903333551658571,-0.839265460664225,0.606164192162575,-1.30526773428105,-0.0641622849572631,0.933570638525246,1.90945608466033,-2.72358868991543,1.88001378471194,-0.305850601636849,-3.49136341324957,-1.44816686714133,2.31567276293983,-2.46824769958305,-1.45594140436202,-3.31514532475475,-0.412279396192102,-2.12426928013889,1.0406271965349,-2.95628578065353,0.827933672419551,-0.987239344904812,-0.877566285751508,1.30636474208374,4.56018981669934,-2.65957690853386,-1.01932076943019,-1.51035877898344,-1.27278007093287,-0.656670601174203,-0.938540203709069,0.72979112211346,-0.231325778942491,0.576205004641823,-4.68071458396716,0.893780455428844,-2.75435371830548,0.0029463643597365,-0.323753675298933,-3.62644016040657,-1.09886834198034,-0.886184964269589,1.58716647622115,2.46489208991896,-1.56983644478558,-0.155854894917766,0.990990721680222,-3.03599216009878,0.214525698969386,0.776817827855561,-0.870696044261478,-0.779569467769592,-0.752904698825248,-0.1797614360876,-0.0308922916687081,0.745598685499873,-1.69858155757334,-0.327876793981039,-1.24818825608501,-2.61665975230482,-2.58251671792343,-0.915489816058769,-1.9517038537561,-1.77298305774347,-3.77889963682906,1.85200658260001,-2.27153763510031,0.320451907211164,-1.54401993808867,-4.3313024326143,0.916787682250677,2.3221388652398,0.430859788488626,-0.310643715923449,-0.26554035208312,-1.22210898091973,-3.04194870653359,-0.463784557802897,-5.1532425986283,-3.41521561747179,-1.20000912467583,-4.21881148131597,-1.94972048122733,-2.35436367812672,-1.08862307584183,-4.30077468558768,-2.03551867861528,2.55249363886602,-1.87883669766116,-2.39361435152437,-0.280000823052082,-1.21239828892405,1.91770939928682,-2.51744446522714,-3.35560367422779,-0.478127998342443,-1.21757716349746,0.832025587360778,1.85314374501116,0.78194794621329,-0.750498918385813,-2.6727232215493,0.190737395900137,-1.80263000890339,1.70917509707112,-3.07778003628345,-1.81549780339108,-0.467963787725791,2.76710244296087,-3.21780384189198,-2.90176314089617,-1.15389696511345,-0.972625982390182,1.4934578883029,2.60627023519604,-5.10182809480022,1.80419095279456,1.21531828464596,-1.2604867339212,-2.77422103781822,2.73006795196145,-0.67887080858085,2.51370166566285,-0.890919860091071,-2.13222628986344,-1.6621441138166,0.773901749122481,-2.50985916454956,-2.00892855190266,-4.4195058876002,0.0871461065272758,-5.67320401430733,2.74193150391089,-1.34707823075088,-4.54922892312491,-0.613595183866679,-1.36174603284076,-2.93040032666894,-0.10940854294614,-0.0417417887348078,-1.07393543764215,1.6163078596184,-1.60932188658461,-2.80467552764106,-4.459311511975,0.264674695821441,-2.9520584397765,-1.34621516890627,-1.8626363950398,0.965651572076194,0.266772339472574,-0.373088280999355,-2.94720840638682,0.860892692255141,-0.565502024052245,-0.961696453893896,0.792395670060077,-5.16348723858449,-0.836812894995194,0.105923364868597,-2.11339294318008,-2.22547294001296,-0.950163480732058,-0.729700483036224,1.09784673645305,-1.5577143493479,3.63827199655998,-3.5708003750681,-2.81984726562811,-0.313031451099321,0.127639007166458,-6.70648955614563,-1.72667918221478,-1.56774799093314,-2.91231496053092,-0.735402403182654,-1.30520789585768,-1.61420348106763,0.120175782525973,0.258280657503354,-0.541702546778917,-3.02551532812678,-3.69143110002048,-1.10053163075624,-2.52652742601463,-2.28281829775688,-0.428441721734771,-2.81350274246284,-2.95108542834976,-1.09484030206096,-1.59925934334408,-0.247170529253496,-0.450587941631276,1.23272410744458,-1.04836799515193,-2.25180391706469,0.00944039603643421,-2.52238649429552,2.32851951453905,0.807342605940851,-4.51224004408986,-0.84092690904086,-0.866948783759238,-2.94878451778816,-2.62037477728832,-2.79148671383462,-4.54540638342844,-0.765378814601574,0.0695563191489561,-0.64252582045489,-2.91943060531851,-3.337525511629,-0.369124623959748,2.65876095211316,-1.02054498409476,-1.95405209468161,-2.94871009123953,-2.82483740080858,3.57955528000903,-0.491265434085704,-2.18970049554216,-0.940975613661444,-0.658189793424858,-3.61066328012156,-1.48589958268996,2.93710746161334,1.41937749388958,-0.77819966058341,-3.62263230067384,-1.03895540546166,-3.41410112394508,-3.85845965899156,0.688340882136444,-1.40484449697153,2.69586525440655,0.762912097221923,-4.71706409246307,-1.41449820357177,-2.28812688526542,-1.0327922637048,-1.09867544918166,-4.16538985939526,-3.25204741909209,0.862481723945635,-4.81691676508429,0.408270779574443,0.24927302280183,-1.63429704250733,-2.52458073464063,-1.9663164745843,2.73037708235196,-5.20197351651095,-0.172747643450461,0.485865595029784,0.229638974060191,0.757425714094045,-1.70511879655545,-1.28705681121728,-3.80992267954776,-3.89263776449623,-1.87060095238837,-0.69293287610398,-0.388665894507792,-0.246007631038094,-0.769356845758975,-1.58295968027827,2.57481331613425,-4.03278105199131,1.56918827898129,-0.309825100239014,0.916460779260035,0.977086125699917,4.21026474296421,0.104283427805097,0.798774679864828,-3.35355813694436,-0.661705454240629,-3.68370074235592,-4.80790465215166,-2.35341614961057,-0.21530753734009,-1.91009551660942,-2.30102832236103,-2.63550412188659,1.04459437274412,-0.268312015238221,-3.94051571862372,0.489535288143607,-0.701719731031794,-4.30471974730345,0.22196542483242,-1.9415746678163,-1.37320745736193,-0.220645809204765,-7.1508225120518,-4.28967053936641,-1.35762295685025,-4.47846392640896,-3.6681910790411,0.712370880553833,-1.0062435504839,-1.1886757640377,-1.58211604631959,-2.13746687040636,-4.24636224799659,-0.85213737997162,-1.21924155587184,0.203220052433661,1.76087396978914,1.39615158724327,4.81772632149362,0.811775625895918,-0.976002090999581,-1.73746193936116,-1.21725471333148,3.1883922783028,-1.65892297719113,-0.202655131034474,-1.48385855567753,-2.20325378909217,-2.21159688123854,-2.41014216809385,-0.130699195447763,-2.38262171373217,-1.18366687621516,0.261056195318065,-4.59208426576367
"74",8.61848158956673,5.07051823424014,5.55967096620319,4.6689509539088,6.24809903033494,7.81960475201673,8.48548696757401,2.28359098173994,9.65023702918739,7.80770256134865,4.54049061742809,2.66256792365282,7.75115381945116,6.25723920875414,1.7351250162132,4.66551933164337,4.0559664332506,6.28230461906678,1.29743125097306,3.87816199958923,4.01545910847689,2.44731825668031,7.14260686969836,2.73570279086743,4.34358470580806,4.34517929134061,6.55919772416749,3.4144976880573,6.65531611695244,0.764724810192178,5.08420573272251,5.56792026380838,5.08705416128007,6.41400142188495,7.06546469023421,4.6629870520449,4.30724089465562,2.30565379017823,9.44283260222221,5.01194944506246,3.87023314493944,4.19195336369257,3.48402440992262,5.37473149427007,2.02459509127381,2.25956697196167,1.47940778648609,7.47145941831362,8.08832713985254,5.48404030613788,5.77647274645239,6.19279043256579,6.20162240589014,6.85548736311761,2.55444758952881,4.2569702805146,4.27309303781631,4.00093660174978,3.81938031450909,1.71255659813871,0.385801968791015,4.77094965130996,5.9348077472171,5.62418841661136,1.4990877170534,5.80437900578337,4.71411684888959,5.38289248514084,4.75177289656495,7.0595212345881,3.16430376610305,2.03837076361247,6.84444389185974,2.88784633426852,2.22722223745738,1.55610662409534,5.89172802524132,3.29845798602489,3.78800261227079,7.77922268027216,6.0475585082639,5.6635757471403,5.65431620499694,6.62918753776964,5.39003155377729,8.30540163397842,5.09969762699988,3.19849922866941,6.37796100231106,6.42348271934751,4.42720146840899,6.09274104336708,3.74478297000833,4.49333040629715,8.2241861666295,8.88567865517416,4.28918063508301,8.34558174351467,5.06651476245545,6.19768964304288,3.88137724789832,4.70527931491956,3.03628245826377,5.08352379207368,7.34145286931718,3.81948340992963,6.16652460779598,6.24495478390154,8.27043911350699,4.88967120315555,1.56368616031984,5.37176798729499,4.1237718623337,-3.80977311779451,0.476078256612918,-1.26066431207177,2.19096601632363,-1.09312748340146,-1.97867243577053,-0.764086878953397,-2.4555215004686,-3.37445578390996,0.665819572624434,-2.10320125786409,-0.94600135908568,0.304677135523935,-2.15934148091597,-0.285084859853941,0.689419312663613,1.54916496764039,-0.700266707346852,-0.463445148994679,-1.27714135067289,-2.39432766458123,-1.35488799274935,-0.052091608136822,-5.044785118128,0.111231243711162,2.38751477514411,0.584508800800031,-5.78628365918156,-1.13626127661252,-0.286787077293091,2.05854950024867,-1.58968616890831,0.434135256536891,1.77278648641237,-1.92548180064882,-1.65187163845317,-4.08965624674488,-0.594121303791543,1.73450335737629,-3.15686431999592,-1.8212172088978,0.40890685397311,-2.65660032739087,-0.146730880938049,0.264578383588007,-2.79603636545173,-1.65881645757899,0.4140800143991,0.152408481501048,0.372302071197869,-1.38163776813019,-0.67554944132258,-2.07413225948194,-0.681689575326348,-1.05508697054671,-2.63467021959303,0.313366911595702,-1.86764243905431,-1.83626898950085,0.0249951949084575,1.25379494725686,0.473375824139661,0.776441971972755,-2.24365369834376,-2.16439285001323,-1.1102609719059,-0.418701653665988,-0.476035993816557,-0.625429706568491,-2.81883453989097,1.87799570953515,0.510689528606925,-4.92722980042053,-0.254524928108278,0.223727025592763,-1.89464415920342,-4.07011616333009,-3.62139824469453,0.0613628162790174,-3.04479662941378,-1.38273884083769,-2.64397378353104,-0.127620512541553,1.10000761115374,-3.29289965220246,-3.61994610641977,0.174315744175347,-0.672196076487768,-0.143261098864219,-3.02022822503687,-3.33836055090944,4.75037442065726,-0.821590583650574,1.35692434141639,2.40122848094764,-4.15958716581217,0.814778702304907,-0.723059501051037,1.61468147655153,0.694789100691573,-1.02849020208631,-1.04769110630101,-4.89083204113316,3.39543957251503,-1.59497771808467,3.52916754239667,-3.42183897297585,0.637920602818161,-2.46704442863188,-1.47355352239199,-2.07145521526584,3.42027159939854,-0.892398501715566,-0.538959522220908,-0.660469729445823,0.0418178291398414,-4.47328121110468,1.43617438800482,1.35201835649788,-0.239504786507975,-2.56673130958982,2.14349612198385,-4.32084372371842,-3.24025444597592,-1.95032430580062,5.13239697089171,-3.86017290749028,-3.1663030103908,1.2163814917261,-0.230633601422312,-3.4873725834625,1.92571977366411,-0.818312322375351,-3.10057873073017,-1.13084046564696,-3.04713425786369,-3.46102133676909,-1.42943110499761,0.681771431157694,0.324775043997906,-0.330111489050433,1.4889013317076,-1.22006266399263,3.11468427575298,-2.43043632075953,-3.24910552560636,1.8017163399226,-0.679900858687708,-2.54646129198479,0.608425329736347,-3.00007239852551,-3.78966868749652,0.0291651912785567,-6.45458763150912,0.728128514323899,-0.890534264011278,-3.12566076084054,0.55924076911198,-1.0632019372196,-2.46658946427481,2.21344968619912,-4.21118166646384,0.497087667953009,-0.569149225419971,1.89085350582639,2.06554505370589,0.165818405819796,-2.51632794632985,-2.73814885588573,0.865272322556855,0.751862026034963,-2.82144219859612,-4.00618118592163,-0.217905338275581,-2.13850599023505,-2.594812426825,-1.91635201269474,-4.14461200769017,0.928090754776266,1.10875751843769,-4.50640269971399,-5.11344954603947,0.506871518243087,-3.74122225256943,-0.203093260285535,-0.748008904511826,-1.12027130238597,-2.34244288609511,0.215739311632727,-0.974118491605849,0.114900057766981,-3.19893385417109,-5.50710140899474,-3.33544710374308,-2.70178512061552,-1.4343365924286,1.29669451604015,-4.47700233532799,-3.01231534026116,-3.21371183816073,-1.60359533184792,0.230861056485746,-0.698629941200671,1.08163000415217,-2.41343851784079,-3.43773816645406,-1.57496524036611,3.54673484678751,-0.807064532535034,0.429895212623182,1.08960288142259,-1.56822242302779,1.68757150807594,-0.33571950416473,1.73646100974975,-0.590764366081016,-2.63459722835347,4.65395957031016,3.03141958018449,-4.55114975567816,-0.0948331752118828,-0.267862569428625,-2.78287601797858,-1.68452606703899,-0.491282165130295,-1.70772481257989,1.62664211087219,1.5312888474026,-3.46851277068287,-1.36482777446637,-1.31194664583503,-0.225507790446227,1.04484055761138,-4.47164840717132,-2.73370571278621,-3.78809338675984,0.387010200935118,-1.55750406014879,1.79194234028439,1.16255217832741,-4.7811304220755,1.83411580040733,-0.476034917702681,-0.60998250666187,-2.90145324439717,-0.0392470915620819,-1.70659753253212,-0.704461157119567,-3.9251203668561,-3.25639353501052,0.135547756457979,-0.774282255095824,0.429863628913276,0.943332509158592,1.1955353020484,-4.98174786873679,1.3323603792959,1.48048991953414,-2.39205022378056,0.676698981961837,-0.159392394234983,-2.97097075185669,-2.74290131837917,0.0456879975867388,-4.194020525775,-2.11085459936815,-0.138460013680803,-0.0429009123394697,1.55913291310097,-0.865334279880742,0.434799078741407,-0.693994877182867,0.9786511272025,-1.35817257068688,-0.246381297462726,-2.17634671735082,-1.15240660672975,-2.19973837790351,-0.647425156514181,-2.22080993332184,-1.77749600237988,-0.901888393639178,-2.21875838878547,-3.94764621355,1.41180152566816,0.988373859900082,2.11812396388575,1.02032835317503,-2.14955992365266,1.55151107021533,3.05794897291277,-1.40824008448128,0.244979260363078,-2.3996474280658,1.95612931854096,-0.977954832150829,-1.35588255938991,-0.484184633080858,-0.0455437821242617,-5.36514294062401,-5.46740986773608,-4.45378560745139,-0.515283228785097,1.87045822914698,1.8772363286572,0.976367996830505,-0.691090741250668,-2.30635745040559,-1.94229004114248,-0.142262291894643,-2.70617302079655,1.15778744593203,0.260254710300246,-0.071341347226171,-3.6288575945279,-3.1342109973275,-4.92535511624073,-0.868041670620343,-0.114225370649464,0.422020693939532,-1.90760159973389,-0.162327986910242,-0.0908716468265551,-0.648390584007817,0.0730075355379296,-1.63623642995367,0.232855077086489,-1.60610854852644,-0.978816867817468,-3.85211980593362,-1.03589634374366,-2.64962425792939,-0.604928746639298,-0.645478919011272,3.09506729343441,-4.15417016394899,-2.82411138202943,-1.15053911755932,-3.59552887162136,1.55899637616482,-2.67321410166619,-0.0123870104662372,-0.268089803761561,1.20958887697997,-0.470383795152783,4.50474970773303,-3.53883550819923,-0.48612924242399,-2.10143809405177,-0.473043302845643,-2.68650252827196,-4.06054707894851,-1.25719950427173,-2.03809467735472,1.07448787349526,-3.34593825530477,-3.3809428186475,-2.32817080166238,-1.95253028013307,-0.244169005081431,1.87195068685822,-2.88873343278167,-3.80478846494751,1.12646932520284,-5.42901505027321,-3.06353291072907,-4.25207911755911,-2.27700654545134,-5.7537496799071,-0.913266157653223,-2.17298777696444,-0.652715236933476,-0.797190027970558,-1.73914327886179,0.323059884054869,-0.849804411764857,0.945487825422098,-0.150778625915952,-0.143218986398197,1.25177023633487,-2.58223715019309,-1.42556249935585,-1.2534271552433,0.155542041965818,0.306555137504311,-1.59315600123335,-2.57551189201248,-0.106660324790479,-0.113374986588493,-1.04489163517075,-0.0963446475588877,-0.0845313421594244,-1.36024826128984,-1.38186063108533,-1.2621268565494,-5.25226456065653,1.32290315919981,0.886016227691972,0.26047778318492,-3.70465129216762,-2.85309853755351,-0.194535796987732,-0.773795599336502,-2.28966757962972,-2.23020530130292,1.25265774153019,-0.152068650032066,-3.7275706782603,-1.28903247853897,-2.6847289639127,-1.39571741677372,-3.4182034115885,-0.153196913609229,-1.66997268126081,-0.331450950790682,-1.73584663606478,-0.825592764899137,1.874899504153,1.48585057522015,-0.0661094215011035,-2.09261310072069,2.0398268281669,3.64718801315424,-2.23445926505947,-0.740889637774339,-2.40873488059311,-4.3797198644098,-1.17204129077666,1.98729871556312,-0.123590723830254,0.743818174762928,-0.555816627654648,-1.90975367721144,0.557996910591007,-5.24719521675845,-2.93824401723563,1.64646862451556,-2.47222026586976,2.03587505153453,0.0765160142643697,-1.33107671797883,-1.20240316962182,0.0584438874688911,-2.35309563423224,-0.727904895191109,-0.971139380532776,-0.528530384406454,1.81765527535732,-0.30143257532761,-0.983461721323926,-2.53714814937822,-1.94723754903969,-2.64674230927833,-2.99927844342596,3.01799568436019,-2.05091587932525,0.282969768911681,-2.11436687192916,1.60589309614528,-2.46870449200338,-0.266091690557301,-0.539828033598058,-1.19940586127129,1.03800284419942,-4.46430023444946,0.770194381589671,-1.65761111019197,-1.02963557663081,-2.39504107339903,-0.584634813574077,-0.418539738321746,-0.35585088932957,-0.327073055904752,-1.01202888004009,-3.55244907578353,-4.1274997299806,-2.59441299978726,-1.02296062943435,-3.68921402352086,3.62094601923358,-5.25106952299757,-2.32503145661042,4.61586585086686,-3.19841189401118,0.990113875036934,-1.21225040866207,-2.45499007284696,1.04414042558322,-1.45162928986312,0.459627243047572,0.200340781400342,-0.100730761506406,-2.65502264706168,0.4781771294174,-2.36447294083438,-0.998232185893031,-1.58521801822301,-1.40733452628185,-0.743827713558785,0.149765764504564,-2.34411478374593,0.413840860346867,2.00328495014021,-0.0552272005635188,-0.89444624223993,3.94803125043964,-1.05901545599021,-3.08969048763354,-0.419468744609575,-3.46556214851573,-2.20440099139878,-0.311079128426915,-2.92864676785828,-0.443506189726274,-2.28450240741031,-2.26868342564341,0.298356084732822,-2.97362385972992,-2.53696042711652,0.276885576801674,-3.79900007704955,1.0108315418238,2.6710356761941,-0.847871441849977,-2.04640758631995,0.0380025623670497,-1.86872786239912,-2.99038510662851,0.791200380127444,0.148647963632081,-2.24113065260687,1.75261345062411,-1.81733548051785,-2.54234005287969,-3.28878893051397,-0.818207541651114,-1.69467449219743,-0.0957104594568844,0.913201970460715,-0.296767332980572,-1.54086195070829,-0.875985268413148,-3.60099756408654,-2.83189166854531,-4.59457071070619,-2.25512852678296,-3.78886301990704,0.214059863919127,-1.63419014054921,-0.12690677468722,-1.71683423740256,-2.30518207204936,-0.692710596186435,-2.13956996898577,0.462638793954699,-2.04334721767073,0.515777006388041,-0.455336395506786,2.36715545378506,0.6951167231764,-1.43654530449003,-2.06164886283944,-3.27874911980765,-1.90674202212077,-1.97820755957709,-0.395306434661144,-0.879584537222225,-3.67527841994186,-2.56288855916233,-1.04483122508491,-4.62725242007869,-1.38821994729946,-1.47321075829381,-0.726627184423389,2.36465155828575,-0.793485882295469,-1.96461054380391,-2.17886273861569,-4.5172772805986,-1.17139072455704,-0.460982372814759,-1.50316665858915,-0.864372503641186,-3.15340743068689,-0.596174479817091,0.77473637849192,-0.911506492066122,1.33002070725743,-1.97255609009259,-0.449943142758536,0.562131455778583,-0.167985908076982,1.16549446200099,0.554096845665359,-0.457096956740326,0.719142534421888,-3.00097601238485,-0.0644160933690439,-1.22202073541807,0.189963301508849,-0.808243929823488,0.943742270565886,2.89991904122064,0.854865067214183,-2.17019167518635,-0.554203102517056,-1.14320630476775
"75",8.31975484693588,3.42700894301174,6.10205275734512,0.21093706065758,5.77969723081911,3.00390567447401,2.58853431747022,4.99104399606677,4.9539221372328,7.05036593520075,6.27791038194553,2.75727086565178,3.64398522867049,5.21134837783363,5.47120652394977,7.91704024770392,6.39862813629189,6.8623031328555,7.28355330129576,3.93327944808968,7.17794940986876,4.72729277399591,7.09149636413685,2.95166024801872,1.2969570410921,7.47508554122839,4.13451382466563,5.8605966950997,5.68415060988223,5.25317891990121,6.78793116897936,3.50551312175795,7.38059555071307,3.00084739614418,7.3547476424226,2.49177261482067,4.47394170755699,5.3444906262968,5.60035752365071,5.99072690085524,1.73481773462549,2.08311039375896,3.90417086269763,0.258182818825999,-0.684668554076882,1.8643572080121,0.826810202136043,-1.41257527130861,-2.10918402027766,-1.3709025689207,0.825934570834372,2.60020805825567,-2.76204094527744,-0.705095427243052,-5.55474636227746,0.0572656972063541,-1.84616784851877,-0.465379685413418,-3.6142416722343,-0.0207319590363284,-3.57507746803049,2.27385110041076,-3.29073825883085,-0.572328549873326,-0.879408906335341,2.69831675044645,-1.09825457557546,-0.34736110789512,1.59727537014401,-3.38017439563615,1.3420615763597,0.470251981893848,2.34319284346635,-0.637515324957811,1.43199999538712,-2.40897916598997,-1.36950453215374,-3.25527032639384,-2.54911189238391,-1.36067347906309,1.66172521573358,0.425771667389907,-4.36897207477044,2.66074297376756,0.938222873132181,0.976374043022566,-0.383356103478231,0.912044239701177,2.39622423644204,-2.82158088525749,-3.199901301377,-5.8392682292748,-4.60549660938312,-3.71211008872034,-0.892886991976163,-3.43022846342626,-0.972044471081253,-4.00746867531359,-0.000636022448261997,1.42595723104884,-0.127810961097875,-2.13281888565709,-1.70931233187915,-1.7774289002449,0.653833735197251,2.22605255711272,-2.00166639353399,-1.58121997366383,-0.898215999069702,-2.7997774001949,3.49902829203735,0.136550423247535,-1.06572398648783,-0.893342911858474,2.568605670522,-4.48749411366742,-0.856847850727546,-0.163377538424208,-3.48749624377254,-2.18999026891027,-1.09300409658975,2.5564842596661,0.315363009329762,0.6981617053348,-0.39626994406451,-1.20024901826781,-4.4302181926157,-0.128686925388126,-0.516937778342227,-0.520578206760565,0.107093021920576,-3.14353758182791,0.159222266410736,-2.53673992640858,-1.4800082918343,1.48135813287873,-0.325525438419158,-3.24204849108246,-0.331793961291305,-0.345185576962953,-2.15889852307608,-2.16670995852364,-4.07533146097678,1.15534537529203,-1.67885046724085,0.736729783913572,-1.0540939401856,-2.56073606273442,-2.3307276562431,2.40730450468931,-1.57128357085724,-1.01988380025424,0.437888392512295,-0.327614844398115,1.98175907449874,1.35994992219485,2.591825378216,-1.54027295097444,-2.55729546798933,0.289817763264705,1.16470356712038,-5.5009323653514,0.601193703586956,1.73616818941471,-3.18543187310592,-0.806272966581781,-2.14423420385526,-3.88391174994721,-3.23896202766887,1.47784495301561,-2.26518697614534,-0.111275990580274,-6.93922379752359,-3.31076730297837,-2.34753281675109,1.05129879023468,-1.17674462638833,0.663633098729031,0.670372666993924,-1.88282645737589,-3.6307956710653,-1.18255816871154,1.34387519590786,-2.6420234868018,-2.7636065706705,-2.21740757099349,-3.34841648011062,-2.26753278488938,1.95543028540644,-2.54314364802635,-2.46855333466201,-1.18621294352292,0.393634599424985,-1.9659663112548,0.309471332615683,-0.400841978565895,-4.18077910160557,0.397771001097768,1.11788579762215,-0.170251954193372,0.668995430776183,-1.39378215365099,-1.12230978178895,2.8669461367715,-1.35663445850212,3.05506896707849,-0.0519158201724197,-0.395073425249725,-1.01018310614554,0.401152637577621,-1.94772255474502,-2.39552425362533,-1.41984092016519,0.427061358097426,-0.783837175605187,2.40388866702412,-0.568469719217479,1.11260117708815,-0.909131813475531,0.902568453052913,-1.32446932811977,-3.4635505186864,-2.94699471100278,-1.3539429349641,-1.86080958937042,0.214636705683957,0.937001675134576,-1.46065345952942,-0.246699399043209,-1.95087543567082,-3.15903586313069,1.2223179758929,-1.09691332214012,-0.184331900399046,-1.12306094014515,-3.15528927294931,-1.46579931204605,-0.380589445752228,-0.566464089625,-3.57058531109909,-2.02827826201023,-2.33819272006132,-3.73359053664511,-1.91915164393254,-0.450344442263133,-1.28286038763009,-0.306603944833442,0.150443487467924,-3.44996333822085,1.08484637679365,-1.08749910476351,-0.411251421208013,-1.76129528513965,2.46485249811255,0.447198755928238,-3.07003871189078,-1.68234206009859,1.73104566358943,-1.13228013154758,-6.43647043845138,2.61903831884111,2.31443945167737,-1.63687284852278,-1.83975593195455,-3.90132728427464,-1.70643285054048,0.208524550542839,0.575613454450133,-4.08446095303577,-1.05418135535823,0.151731232457801,-1.73923846373784,-2.35008731645617,-0.409321098394663,-2.50875100863965,-3.48400115902217,0.637538709328218,-1.39436753685463,-3.94840480438732,-0.0697306119905954,-1.30899535386715,0.674134886289026,-3.40471000252131,-0.497552403759101,-2.30491482524813,0.173124312135772,0.523739378854159,-0.423266592391789,-1.64139756548667,-0.00105525979705112,0.746496321095099,-1.66070070883035,-1.43262455031382,0.0796078218910012,-3.03742716965354,-1.13582035960696,-1.1480109311906,-2.23623055336584,-2.12221423254651,-0.864743702590357,-3.51213901016784,3.47619935954294,-2.43168098148027,1.12950474974218,4.03406318624057,-0.107727344665052,-0.391077386733904,-0.557644619448433,-0.571842097131333,1.90743674420635,-0.548382414368277,-1.34775269483922,-3.13562650881523,-1.50792556734258,-2.77108242869066,-2.39843153301882,-0.959414613336885,0.166290395180104,-2.57917260667748,-5.85448971690126,-2.10853468802142,-5.27473981453424,-0.20570830401918,0.813524007742419,0.0683286086275909,-2.01893501387843,-2.55976705774438,-2.43497775584354,-0.599756743750683,-1.66350012312983,-4.32383467334397,-3.06703445923075,-0.747542030926133,-2.33500760571241,2.05738756974173,-2.45772446123757,-4.29976307294455,1.80106720689153,-4.2194988208179,-0.545365770778306,-1.06389629175197,-1.09834919554602,0.523853756902392,-1.07037236746709,0.982472146149679,0.176967089661587,-2.20663900095446,-2.56711284208259,0.119176798098445,3.36191290123258,-0.684633664490433,-4.13400263459527,-1.29953018493958,-3.34146597103692,-3.02618858134042,0.876621760539868,-2.00649351889017,0.356501448775297,-0.736846000887786,-2.58230690640629,1.52418723130625,-3.22457204203138,1.76731295880743,-3.02216497914448,-1.94701234103246,0.200223120686583,-1.47052642294957,-0.723177861236497,1.43691845463511,2.32255999505427,1.07374965697099,-1.25700497039696,-2.35414021904231,0.418441540875954,-0.838514519032583,-2.50326830065531,-6.25369508758804,0.408889826589515,-1.84957414336278,-3.27323721500781,-2.77259684333125,-1.63853518322055,0.287529493492618,0.502237849014132,-0.585550529426352,1.5625667278595,-0.500939221579193,-2.33265852495269,-3.74691486712416,-1.19744110325118,-1.96444550737452,-3.4114996251259,-1.63982483029306,0.876390960768596,-3.24680320238533,0.541717885044928,-6.26046096994875,0.548654391370641,-0.588675708305066,0.0177918095720078,-3.22738080214959,-1.52501024142392,-0.621711016986489,-0.639689679880858,-2.18695865176859,-2.15611512671609,-1.91213298314065,-1.38796374749709,2.37594997470368,-3.25042115234979,-2.98124828610497,-3.41660483122084,-0.367806551056866,-0.424050804964629,-5.65086982190506,2.13635456363205,-3.34731193778264,-1.431063383869,-1.87235339871495,-1.97617593985837,-0.17218942854665,-2.2778818060027,-0.374702864129734,0.619963601468341,1.06938871474987,-0.684002118257161,0.757097839251052,-1.18156867335723,-4.94521388846013,2.2204128881374,2.48267107566133,4.42779972003364,0.669426339444516,0.778764161998944,-0.90582202373584,-0.731946177917402,-2.32724409175185,-1.96381246611543,-2.6530714837768,-1.25388235991772,-1.71547587334014,-3.99721857562613,1.14341381317893,2.27776870727664,-4.03967946675717,-1.85798363716809,-3.07717603470571,-2.57544228160746,1.8496415194326,-1.60224901119443,0.0993521808069895,0.404695422466746,0.957196704671834,1.04395846857533,-3.31706899848622,-1.41062365637063,-2.48844100518109,-0.625996842803301,-3.66642916274538,-2.32611090871978,-0.713377488007241,2.43501639885792,0.058065118512731,-2.03304956256165,-0.0293958579619703,-3.09627462325436,-4.42663896951594,-3.37798823641778,0.585138492805501,0.147649477475568,0.577756875954575,-3.04085622319827,0.588020523974923,2.12444521173288,1.36303301262334,0.600791965917991,0.267129082590855,-0.547459193852095,-0.795784879247314,1.96738031100294,-0.93296909329211,1.83460037760641,-1.42228845971437,1.94341355095152,0.865353572687076,-0.43025651858966,1.58913332164713,2.08220195803603,1.32407816703342,-2.35259680478834,-2.37581953369186,-0.581749197762294,-0.812553845857298,-2.95399137881988,-1.10171580213098,-1.75875160067667,-1.6130136739527,-1.08519095648716,-0.914928437212804,0.968193807494854,-1.60045337816057,-4.01199380775022,-0.599129419718581,-0.126117067307293,0.860024816420452,-0.437994609308376,1.68641123058319,-1.35047541138017,-0.223335589266581,2.56518473535887,-2.42789579345338,-2.2541110042393,-0.510239841927264,0.206803783684988,2.46978486991316,1.0979581382487,-1.85978657053647,-2.09600755081501,-3.20388661165604,0.0362834299761803,-2.18911800301163,-0.63268027208534,-0.959857299605838,0.146081955225811,-2.93462270042851,0.0159186895276673,-3.37916348407832,-1.97493970516603,-3.09653389348602,-3.99601516793905,1.93735429487848,0.274931660528479,0.0995260907773627,0.644272365405974,-2.38779244998376,0.458545338277414,-2.16689139459159,-2.28822107636988,-0.0551760651779789,-4.60594695167468,-2.00031089552588,2.89241380602953,-3.46250620473083,-1.7315496986903,-3.14244946961154,1.51796349802595,-1.62123603052019,-4.00873710435803,-2.87058364571425,4.0127095031089,-2.80175545749738,-1.25942760069074,-0.465981724825248,-1.14800585311774,2.49150483688837,4.50646993054347,0.141473602102622,-0.564373920161461,-1.37810516683826,-3.08838558582851,-0.383486367184268,-1.68814703947315,-3.36954888166167,-3.27966137595131,-3.51884516741825,-1.55966339974424,-0.095927411760963,-1.73655342366096,-0.402933773049013,-3.65838439418565,-0.0514051403087259,1.59154701150171,-0.732478508404517,0.581860495417442,-1.24339408464097,-1.25685003381644,-1.47049305665222,-0.93716155057463,-2.87744411570274,-1.82960350345053,1.2797254523536,-4.02221987976086,-3.70867517829024,-0.452634684715903,1.2364893833445,-4.33998897256921,-0.43126029670294,-0.185766289301637,-2.40784597693509,-1.27990496678113,1.65219280371698,-1.56334582816677,-1.36236524902609,-1.0565294387162,-3.00756799669468,-0.908825355348601,-0.0664977933736075,0.0135008327956161,-4.38206677098628,-4.97835338256816,2.73708176031185,1.11261880768122,-0.603882166955486,-0.187108382471416,-1.78662097188916,-1.67812308110502,-0.537267674010886,-1.11469848160041,-1.36079647861504,-1.98089533876765,-5.20716421997992,-1.22127288472759,-3.25572622138569,1.30899433713093,0.0544346247450616,1.13489879679083,1.26813979501997,-0.150976735095725,-0.818699282263634,-4.07445254354475,0.794783401640851,-1.61533895833356,-0.658749566959418,1.22914729751264,-0.906191693258885,-3.50324237263337,-1.74108961681402,-1.68125199188417,-1.53154913026031,0.2671262868171,2.10025349181698,0.244448989851289,-3.0005570453924,-4.80584851278232,-2.04189117633843,-0.370212985002975,2.79722974254702,-1.8298330563681,1.81471010603872,-0.946357293620675,-2.30667480631353,0.328207898078295,-0.278523580253229,-3.09239184488311,-1.50422293603451,-1.49051488659793,-0.371898559709001,-2.11593314715023,0.67307982307504,0.447652140525384,-3.32947692308546,0.162392103430946,-0.814928298207182,-2.19907972947631,-4.23870593725448,1.08626461255394,-1.88850475139522,-2.65912262278719,-2.44167466795766,-3.63289072424397,0.96888074127563,-1.12367838257001,-1.94420750452464,-2.37192427135649,-2.12914889736559,-2.65337037484981,-3.35054402274328,0.0528713531371321,0.587665115448205,0.927676789532031,-1.19442278326779,-2.6645582476472,-1.1665812481936,2.62489878012985,-4.40842777889018,-0.274052101173163,3.09063942544016,0.567868702940688,-2.37420663695819,-4.52730084415071,-1.32975441184051,-2.87863965415867,-0.229321727927478,1.54144132757642,-2.66673051403316,-0.412044485567511,0.271954742993744,-0.107900500512921,-1.56383569576124,-3.37543430013554,-2.67705458287236,-1.29153903841282,2.50777106399615,-0.274599556788943,-1.11964681532903,-3.71505962383665,-0.354501795680339,-1.36678215472067,-3.06038079982063,-2.8387849114106,-2.28087210750706,-3.32667444271858,-2.98824768997001,-1.53215616921768,-0.660153259271074,-0.729663073146227,-0.942005344271676,0.701729197387464,-1.91087151161806,-2.21578526119854,-2.69923425182872,0.503867843163825,1.58915092749963,0.0992357056147581,1.54822339065608,-5.80832909876688,1.23983546473931,-0.643399018292057,-3.58791982801513,-0.400708670294648
"76",8.1269966616684,4.71496743082731,8.42177951344979,8.36661185656434,6.05115733175379,2.69793245023723,6.68756043924661,6.43580795213142,5.28985709171683,3.21421453469136,1.9610274095573,5.30896088430872,3.90739960546874,7.46890446358315,1.9074912353399,3.78923004150356,4.9754627276195,8.61729525576923,4.58286471731709,2.9981676690596,2.78372730005975,7.6688801564551,5.90815690209143,2.64777649237595,0.29498831541218,5.04521389627305,6.71292005652619,4.99975040312648,5.9379443188876,6.88448733926285,4.73110640890934,5.06469659515187,4.2735748009907,3.04727691297048,2.21150123951403,6.26627997861313,6.24971922401778,5.86046310074614,2.1208805549908,3.69081993564736,5.94467748127648,7.47318003952459,3.48567240397112,3.68996548596722,8.20909538179618,3.62240057043009,5.09201960913121,3.02943585175375,3.98805642034383,2.8330866445471,4.40340538246808,5.94978165419562,6.94532261684064,5.79365362971139,6.10802329465395,4.02774560627081,5.53597150308305,3.73101657256336,3.13855084631312,5.68622282306385,3.51871094177101,5.56193371932345,6.61471585375507,2.19105938441032,5.27537447217222,4.3264337846996,3.78057579918588,10.0148204334742,4.91736077973284,5.08790500919061,6.10128256896072,8.69490099358181,3.93675696329303,4.03094270913062,7.06189533862879,-1.02074296231148,-0.392117424553534,0.633557915365066,-0.167870645438301,-3.65485781149239,-1.66991029369303,-1.30394112572424,0.0491618005496404,-2.28698226048313,-0.295331464354654,-2.03858181830578,-0.59574603072271,-1.80681440941152,-0.731959774735943,0.200247039904086,-1.35281764378824,-0.910519241500498,1.99084932844484,-0.690114665573625,-0.269674891889701,-0.261911414151126,0.744146912027196,1.01893520996707,-3.57600023792788,-2.64773209900636,-2.07144586269506,-4.03193493204031,-1.0105160411769,-1.12946004079568,-3.66029262528894,1.45517402042801,-2.47269264993071,-2.20196762693479,-1.12668880873186,0.470353522753709,-1.63195612526803,-0.85956209625807,0.0414814304004145,-3.7415590420556,1.8924624608179,2.51195170779607,-4.8535006664023,2.10448858375588,-0.217370783150834,2.24936886027151,-0.485442890042256,0.0624918869130615,0.73079375244343,2.20995821637647,0.142302127029627,0.784974244754799,2.38962483466077,-0.900531768197786,-0.569076591994853,-0.312517250495247,1.10431773109218,0.371642841243314,0.0342942871306335,0.148629888106425,-0.741299034287155,-1.19517976611549,-1.9096245616289,-3.2991647219786,-1.31748601928917,-1.41598883294403,-0.843164803772951,-3.21504825750189,-2.94639148295526,-2.84870925598251,0.202105128924371,-0.885900971438079,0.613894733420091,0.464248528715541,-3.26634879069738,0.322967503231981,-0.338258056534776,-0.675794946320978,-3.74718927459701,-0.527498655207237,-3.37251747860801,1.78080012692415,-0.444513957253433,-2.46077266413006,-0.867898470358653,-1.57089444093157,-0.877154598578238,0.482390067752936,-2.21805930824322,1.72689775213011,-4.01638439501204,-0.170218224575384,-3.46177242880123,-2.35577133625081,-0.790997022338058,-0.0561917214926266,-0.658613725040375,1.05157183030966,-3.5694557938569,-1.0825494191254,-1.79680223105107,-1.58219317102829,-2.22786454787257,-0.370103029037878,-0.227390174408127,-0.617637409138082,1.2888205959197,-3.14196734787462,0.491147520109967,1.27202647845455,-2.35181159253146,-1.58287524051547,-3.34483111334764,-2.27022525967456,-2.58447183153694,-4.10445041193893,2.79809451711317,-1.2264491920644,-0.432753415659913,-0.310756055351944,-2.78213678078157,0.00550425295508061,-6.06526537978691,-0.636824076171773,-1.81578593048315,-2.12626956711679,0.710762212820593,-5.44514389213799,-0.989601649713178,-1.48320613193166,2.44813666796943,-2.76432557855736,0.746365249560953,0.190925934910755,-0.348294605583812,1.40952537402121,-2.48262745193778,-2.528882824886,-2.49791097845499,-3.75931570404398,-3.7521781467239,1.3595614832446,0.0872558733536819,4.42749181291837,0.796201354728432,-5.14611624812733,0.262436543013324,-1.00232938163604,0.408289456329905,-1.49104220895078,-0.370737767061974,-1.52569459052575,-3.97667597486832,-3.17251898229552,-1.47209151551792,0.943070594682899,-3.10498739617997,-2.56167906902407,0.564633678193087,-4.80570090401867,-5.61147280834164,-2.47505895365675,-2.39682737643199,0.449943467568766,-4.25492795130754,-2.87855864676864,-4.93875751198957,-2.14150999481927,2.46622446516752,-1.6700645952487,-0.443464234061732,0.669900904705023,-2.31702496635284,-2.64928223410376,-3.15700658109326,-2.04359051403913,-2.86313246238107,1.32218253387432,-1.68394635131378,-1.27101002711258,-0.217471445658567,0.527834489013429,-0.696300664710171,1.09981498805427,-2.78834452636131,-0.257505621318832,-0.649786438774692,-1.22131340608813,-2.85603965454237,-3.45374761623875,-2.36749957327528,-3.72570454236766,-2.22127755096697,-5.15919902949183,-1.01549439048239,0.90462662137902,-0.446914725791961,-2.8799492476548,0.213365041286858,-0.6235475243069,-2.65072881135243,3.70771453032853,-2.30378303835618,-1.98449636705768,-0.543083762450697,0.21927798215763,-1.83687571168408,2.33790198911466,-1.57440649498832,2.82597420056388,-1.69425718944486,-1.8452025518685,0.0956165916710447,-2.97513669803133,-2.53061935495277,1.37683393100357,1.26281703173873,-0.0983675234634149,0.28382501765496,1.70188243045141,-3.56432198237878,1.56535183816792,4.6871297400354,-5.84605926136043,-2.91594943567341,-0.433609722781064,0.163426201454719,1.13920154855888,-5.09391904147361,1.97504814114183,-2.11476560242004,-3.76466840251095,-0.0829440778156525,-3.89407108066132,0.4257013345053,0.224685593946032,-3.15908371925779,-2.10297861582735,-0.806194294395604,-0.53629359125065,-1.78595646946185,-4.71720243241821,-0.525579857975802,-2.64973191382316,-1.67780053236379,1.49574969792036,-2.7458152200828,-1.44205805399335,0.535752393410347,0.751517714784145,0.898325617792693,-3.6450653260708,1.98161151522353,-0.50231002507158,-1.90773225408345,-1.74406897552025,3.09163661923865,0.296377913115214,-1.41606633299632,1.71068812749438,-1.58637493025374,-1.37024814178896,-2.43949093757245,-1.04111466951917,-0.681408107673824,-4.10794968731095,0.423501828482179,1.78661949880804,-2.44994047575062,-0.647524119921016,0.589628952371014,-3.88088605841181,0.230675636210156,-1.35419907481724,0.19125552914411,0.981894525141829,-0.0179377588654202,-0.335138731329491,2.71178703913925,-2.30387249699095,-2.24179845408832,-1.89159238881728,-0.121340267463846,-1.82031704021387,1.64796598811665,-3.19064922124453,-4.01257606532167,-0.827713636821362,-2.54744581773353,-4.03250507958759,-0.897984906290171,-2.76909426309399,-0.0472701959913401,3.22956862688464,0.630068442884868,-2.83207407212224,-4.41443783848071,-6.51882094035036,-1.94577834805406,-0.314461490343951,-1.59658642451931,-0.826918803447028,3.21188095998102,-1.41958667961659,-0.790712008902018,0.464955433478969,-4.67811005812339,-0.643860414904407,-0.536942202521862,0.72947286646787,-3.17643697113943,-3.53901875770671,-3.39272260630027,0.526861195481592,-1.5181295199382,-3.03070619939192,-4.76221130230272,-2.14341842678549,1.29539152896354,-1.89011767752435,-1.91495663146211,-2.17871329021218,-1.64217729752147,-1.6043472391799,-0.587938660565029,0.865266462849694,-0.205786310345108,-3.50436362258076,1.69206170272735,1.02337263241686,-0.820725572467759,-3.77267509694132,0.753758822108,-0.630083273110134,-2.85966935968182,1.05902109282646,-3.67605216184991,-1.17637632174669,-0.833358344111981,-1.28322168504655,0.506470612527568,1.63797535776587,-2.06173565412724,2.59725037624982,-0.093799821539117,-0.661991238001736,-1.39316364423073,-0.733838633962144,-1.34246325857689,-2.09631649790161,-0.0142803459120919,-3.4674612903702,-1.56632538373515,-0.0740294428047824,-1.30711946402152,-0.13327970464796,-0.0387750617568886,2.15246991862922,-1.03392405021652,-6.43877908878331,1.74787585729282,-2.80916518685812,-0.842332162261683,0.321988578656344,1.75242489581005,0.522125553932676,1.31204208190325,-2.2412907158969,0.766752288332139,-2.28647042595423,2.33215970922233,-1.09611696094396,-1.5854935504978,-0.593440234696373,-0.374811230827029,-1.71613229792359,-2.05518385702161,1.09697639157714,-4.68206952650563,0.158399820382271,0.87883943341674,-4.71076799432309,-3.04891583852952,-4.29873213821668,-0.315257824958694,2.04907839923125,-0.25455937221909,-2.94652129458317,-1.09316984628007,1.08845041952292,1.765365592249,-0.0974741824020375,-5.31210107896335,-6.58634017745403,-1.74773469144176,-2.14004920946675,1.96026367677528,0.147244216362026,-0.967451646871833,-0.603086054058588,-2.04266399867209,-0.749599572616543,2.1067598784843,-1.97980770518657,-2.88777774119507,-1.20732645109494,-2.09111548651524,-1.54632661453345,-2.9305831885555,-6.09061718812237,0.212735875819617,-3.33042678318601,2.4806474773971,-3.42398110296078,-0.995988780213168,-2.78845658431365,-1.85077895370903,0.162153749328216,1.8767122493683,-0.528544402864875,-1.02453726695111,1.2204971932707,-5.5502639153482,0.248305315797303,-3.01886296945687,-1.52683029898457,1.70532140146905,-0.851692360332339,-6.44653611081922,0.763114174988134,-2.1415413018258,-1.72392292300607,-1.53385544887728,1.13778331661502,-1.4821160736183,-2.79128670059534,1.84828146424995,-1.98305674935645,-5.0499454870129,-4.12850661295843,0.144635227190128,-2.17075010977482,0.282278885056732,-0.0665969553512621,-1.02034208651598,-3.9818604173597,0.611377303969581,-4.13193568986515,-0.0704373959751277,0.414305052403341,2.4718428313479,1.70667899771311,-1.36189447695705,1.18310527493717,-3.63158672517367,-3.98311422347887,0.894851416630185,0.721338858622725,-4.83215208284918,-0.588117273826821,-1.95637067149333,-1.14904869623027,3.22967452158962,-1.20799591286771,-1.31489861277562,-2.24111503829598,-0.813715103545917,-1.91975579714582,-1.44647810335383,0.582439451727705,-0.599127367814949,-0.916987887112204,-1.78588236017101,-2.77315899438948,-1.67756403820377,-2.51500648279736,-1.14082055260424,-0.236867874944264,-1.36035432127646,-0.617675251088358,-0.862928984273456,-2.07775682214601,0.0186050515698908,-0.845910189612489,-4.57566905624546,-1.61570503123781,-1.18655158032919,1.10987468060408,-0.758931789968295,-0.293405642181577,-2.39838179249871,2.11450323940589,-0.856808479850078,-3.09519803501343,-1.827182761147,-4.05762929390914,1.98959058868486,-0.85656077233283,-2.85673689935173,0.788963219224629,-1.81985242354954,-4.14897974773259,-0.120791077837779,-0.171165488913762,-2.49222902125072,0.934601620864743,2.78445414051089,1.71208734178309,-1.19711988333035,2.02435164192868,-2.98490580534624,-0.320271119663668,-1.34503647535348,2.07971923358267,-1.35739338739745,-4.78817750151409,-0.713611771547902,-3.28645475730261,-0.448992688335462,-1.82333250814409,0.256471247834817,-1.79460390811261,-0.584823358967111,-3.04195895300854,0.828773227216415,-4.45043647451176,-2.87927730430967,1.78277066301413,-2.03588683204082,-4.48971577291945,1.31903709859639,-5.9780085703789,-3.15151476755204,-3.89115176806392,-0.514533379230701,-0.950850468340849,0.471487760245483,-2.47717954003641,-4.38418768481092,-1.3196802658207,0.539581699195777,-3.84506938601467,0.884162623973165,-1.81897393496775,-2.85141709483922,3.32890570302183,-0.972274933838991,-1.47019250192296,-0.907767998307486,0.443690803317097,-1.94657214631387,-0.00943783126347697,-0.129913288444237,0.962506661025791,-5.91583129070802,-4.09100507831004,1.19272681261671,2.15671351646752,-2.2603333515652,-0.938848805282754,-2.59522419587584,3.12023004927049,1.62688244867203,-1.7334976197785,-0.918115862144483,-2.51957521923522,1.86610261539418,-0.957954330441489,-0.112827004766262,-1.76447444500781,-4.72360660793439,2.54630267386728,2.73345330185138,-1.96966755646459,-2.23872918594871,1.89637709614398,-1.9854520728548,-0.341264265170576,0.646240210098771,-1.60014514128037,-0.917264225317524,0.539758588028303,-1.10873007137795,-3.13369007652613,0.375932534363224,1.11552617102152,-2.35256391752985,-1.87185695441261,-3.71441685049979,-2.44373384975859,-1.47272399767394,0.797713548503708,-0.487532871000573,2.04632364450535,-3.61337365150611,-2.04451238858014,-0.775519046132275,1.07269050870699,-3.44800127335543,-2.46412599766416,-2.3903598479618,-0.865489504171674,2.87679776721907,-1.29426454919571,-0.552727687525682,3.08784700250333,0.0441080042031294,-2.22932139337192,1.89380813294382,1.45993805132076,-1.98730651803751,2.29667905965575,2.76074440069679,-0.288821452707286,0.22284813869665,-1.04170880595524,2.26090901512883,-0.108275956816922,-0.376617544117748,-1.60550496755703,-1.81542794215078,-4.68470336107089,-4.74412977745849,-0.952688222543366,-1.94553400488937,-1.80929656390419,0.266075095053551,-3.77749173200086,-0.631674233099293,-2.21441089481237,-0.312638596538928,1.35284967606833,-1.25181515728835,1.49387459104983,-3.57630899088397,-0.753627641712537,-4.88859506420789,-4.90379956937088,-0.477569978031394,0.331423267745093,1.44548849448783,-3.74919703591273,-2.81779067413118,-3.98916984558407,0.113674303683601,1.67324031378038
"77",4.88832786977396,2.87860318333262,6.85307546121792,1.61502054667063,7.28750168329945,5.10824292045389,6.85069488001758,8.21614002528096,7.13496171598049,2.69545706371623,7.16473321301743,2.79725305848322,4.6968794524226,3.07343676207256,2.40969025298363,4.85666042803593,3.56438900302693,5.51757424217533,2.90797891514533,6.90590604888541,6.05380515384328,5.49591935082516,8.82978136705121,3.68889363644607,5.26891724517152,0.122650201139733,2.3285848992424,6.53895385981952,5.97943985695569,4.80628324015115,3.66490008806673,3.69163608242548,8.20124296185855,3.75422913197371,6.32576312018486,4.62801705037124,6.23260401417494,6.60429966789522,4.3745871543146,5.96415834959543,3.33065674719134,4.57691229976867,5.12188455653187,9.49361190705908,8.92947155409183,-3.13123975953546,-0.492201714888901,-1.16181937023587,-2.23229375769828,0.108530609366027,-1.23667530225029,-3.00763312450227,1.732010178057,-1.93055093720383,-0.786345345088869,0.378990313930329,2.34873595264596,-0.485976449497428,-0.585316020849404,0.765029510457685,-1.93301027195606,-1.39403798567757,0.204904221464952,-2.46616049678174,-0.324388178162117,-9.15165884974441,0.425889704246288,-4.64720844142003,-1.05247374596156,-1.98679714443922,-2.20550255135176,-4.91822744363894,-1.92626447609946,-2.14609371379826,-0.965985884013241,-5.49606083908491,-3.16118993787199,2.02632318941775,-3.67660449407289,3.07510392340432,-3.0110717713899,-1.11360090375047,-4.8987304830082,-2.55564317082781,-1.33111738424872,1.82031780022393,0.630367441311078,-2.50812423429078,-0.946814091110316,-0.395564314370719,-0.804124314432904,-4.05210893682316,-4.12342357445897,-3.01122632932004,-2.70181816997965,-5.42880940961163,-2.56704879114826,-2.33058804442818,1.36276800913579,-1.02186071629239,-1.04066626150966,4.46376479168279,2.15798584665945,0.405154246883929,2.99876396924148,-3.89052739079986,-0.684853044320693,-2.57186225322804,-0.0999652311635708,-0.911382633695516,-0.484207912103725,2.95834908444365,-1.00719805209604,-1.48150768823797,0.788601750393946,-1.52485669147858,-2.55868960536126,0.278220554961917,0.0943250440239203,-2.18295067342214,-2.40554197346724,-5.23427435178137,-3.41871747262817,1.54715787978475,-3.17698881768993,1.10153911887392,0.172045864133558,-4.16192317312447,0.334837087931174,-1.70838036103679,-2.75397621053302,-0.223558411768271,-0.177505462865482,1.05150607343815,3.36336300753946,-0.33062419567694,1.17029466036611,1.08020526669,-2.90679049118028,1.78875467869338,-1.42029447702587,-2.39233713084733,-2.34362518734899,2.69234657361747,-0.940599766248662,-1.61549686142147,-1.78691136347156,-1.74246328031066,-1.67196505299942,-1.88034286847783,-2.00005642477571,-2.30103231247879,3.80644163746914,0.162521088801185,-1.90338061805253,-0.757066503184415,-0.29429794486886,0.622303106673683,-0.948071537176265,-0.252041180783535,-2.0264439229515,2.68164598880738,1.69154435077884,-0.181312342460477,-0.291432630019038,-0.466935536300252,0.603649455405427,-2.009816137158,-1.91667831357179,-3.25926134107649,-1.31263709720173,0.498008743184313,-1.0436596651831,-0.479038482387576,-0.506632277526449,-0.661535243430391,0.280523998613242,-1.37471084244877,-0.388408790321408,1.94128494061325,-4.89708570604538,-0.548070858456111,0.112556892499055,-2.8581738225789,1.96409178300984,4.52357555550925,-2.52700364819609,-0.0370064405346416,-2.84260193680859,0.317104127981602,-1.90064189468814,-0.464597898272443,-0.547434529363847,1.62128224704976,-1.41918830407528,-2.70691800895321,1.42971345541078,-6.33960606684938,-1.46078448824448,1.17325361376524,-4.28398271359045,1.41532706405702,0.0587589776378383,-0.782080324528686,-0.213669048447279,-0.507150124549182,-2.46790388724945,-3.2761531787168,-0.724424354006618,-3.08856762923741,-3.7413195811582,-2.41103706982267,0.289675542633663,-0.472357920688935,0.861482846161209,-2.29179276706453,-3.84344141806772,-2.01498895399212,-2.9930542593448,0.85718166192258,0.114145284558144,-0.437182165302482,0.804427552164723,1.95372439556501,0.882520585181944,-6.11273286657823,1.40003189909992,1.58190272827165,1.65696235830983,-2.80365776986137,-1.42950459750994,-0.865012276576203,-1.31896415851295,-0.725319776953763,-6.3366752283249,-1.7059583077524,1.07530854620109,-0.718623589709452,-1.05488381976956,0.0900587407750897,-3.83416973079897,-2.71885158232428,3.36812873391619,1.30492699416432,-0.312729860328342,-2.50927271573811,-0.146297006730301,-0.838426585111271,-4.29862187098963,-3.68636754942564,0.472416269944492,-2.77238530841137,2.89242943879199,-0.105864683909052,-0.00183270107893285,0.429551351684839,0.330526045556205,0.108212015048676,2.62003889739059,1.58716321526258,-0.750090423962041,3.40709678407382,-2.1256737147381,-2.36853073894669,1.18588810308189,-3.38256941396053,-3.73763732017761,-2.02827897717275,-0.90238232061119,-3.05186735359896,-4.52493834630981,0.778317750230712,0.687351092888288,-2.68845332590608,0.668147398247569,-4.49584775869482,0.44646249019623,-0.44348839572741,-6.93828566510749,0.301725427261762,-1.3850155606328,-4.31357264122687,2.8136917092081,1.01636713818987,0.841506087712055,1.02683452345215,-2.74674001517648,-2.15693581257901,0.71666097995677,-1.85317604424231,-2.03022663623163,0.409854864679418,-1.12682795318157,1.0062624342396,-0.240310232670689,-1.10161563127435,-0.423624653025864,0.391850176221428,1.21689629072259,0.119045949722992,-2.16181266702098,-0.839427339883849,-0.937450317451407,0.734450861533015,-0.110832258452771,-0.28389706852631,2.56659637951313,1.63535348968496,-0.805727718059368,-3.85480315794919,0.881564002251476,2.04158103534825,1.37342085895377,-1.38547864840513,-3.03883222005518,0.365651288349018,-3.3441703990103,-3.05686546839654,-1.27777164828135,2.54955158296791,1.8935965470718,-1.20868852661454,-4.14015888384934,-2.28205679824098,-0.0540440911631552,-2.10055188104143,-1.6476283945134,-5.10409815805241,-0.0274572681585813,-1.29357087788296,0.159269267503717,0.355291848027063,-4.32660190331221,-2.91187277240573,3.49317923139695,-2.62083080166553,0.610619254801086,0.588170799656295,0.680105535269106,0.022948618429268,-1.48582804890807,1.32978424271316,-4.72940292907484,-0.750023321641085,-1.6240540072894,-3.66978070680387,-3.50088802395141,1.46020079966248,-4.87788968184688,-1.83593773608255,0.371252101441112,-0.846737132430329,1.57777285302845,2.06037831562955,-0.00892692352364688,-0.0582753750014503,0.0918945477325839,-1.96811031674919,1.1223606291705,-0.70294349408946,-0.442905207673838,-2.89525974902817,-2.29052447322026,-1.47046475693318,-3.79577004313116,-1.6492914794205,-0.182806621039641,-4.39791162928267,-0.709715300070479,1.44820135799422,-3.86377729612114,-0.183600097802694,-0.69157281106925,-0.438262048996699,-1.66218776765431,-0.422729182087359,-0.0153122221204344,-2.1915733141966,0.0488487983715564,0.280928264041836,0.618495010040903,0.439690032992757,-0.334848678557447,-2.05158907631567,-0.562761727668879,0.503558140218827,-0.951308606882434,-0.61772119352963,-2.25530460341833,0.230243198101574,-1.94320989961302,-2.04979669327507,2.00621970048447,-0.371039192262931,-0.52647630208239,-1.55729152022932,-0.35447198038065,0.930147551700683,1.58037780554412,-2.17115235358487,-3.1560837865341,0.992537432452166,0.284564080183989,-1.1774191096404,0.190669138154271,1.36340525527373,-1.32219089641791,1.13394929795904,1.51312207838906,-3.82494199647358,-1.56080158382995,-1.03607938152667,-4.81420153917934,1.15062760700259,-0.519395125610255,-3.35746601689608,-3.3951721536085,1.67180163882638,-0.243514341736762,4.50946546874986,-0.207992854411407,-1.7709778373252,-5.3543935934869,-4.51360328214413,0.712823922955049,-1.8956174371251,-1.6076229203721,2.04489931194456,-1.06271749789787,-1.2751297942423,-2.29196115092577,-1.1188911896931,-2.07662946053528,-3.11605964984916,-1.19906002466739,-1.69182220621902,1.6283730095109,-0.0974361055585579,1.62283828517035,0.279648367183198,-2.84774417471759,2.70891312417829,0.91227285529665,-0.92075710265598,-2.05387978121485,-1.87144573301752,-3.17086511790209,-0.981419093533564,1.63741645199504,-1.69488053053656,-4.28109752188874,-1.95751304523438,-2.7747259449177,1.32799044622977,1.73419157512743,-2.14038942301931,-2.73403701258007,-3.36104542723498,-1.62688128948799,0.534894040756056,-4.10676324829585,1.15536082317446,1.81728200706406,-1.83947595504803,-3.12251457811339,0.893595265058692,-1.53690767616733,-2.57094747915149,0.68002280836944,0.631616059735449,-4.08518444618545,-1.19485584517967,-4.18497690484663,-1.98319669669319,-1.4632653511044,-1.20066327483404,-0.774616726325571,-3.22347846843729,-0.968459950149344,-0.516383943661864,0.664301099429328,-2.95551511269654,-3.26959931780278,2.30176189093392,-1.41228387140372,-1.10065284501678,-1.46873141995762,-0.74356432425878,-2.99274398945479,1.33986845262092,0.651243392567193,-3.88707189449593,-1.42044747436388,2.60086118950993,-0.589132528448167,-0.233470493293728,-2.83187331713808,-1.72096092381926,-1.68800105767055,-0.428078229167343,-1.59446702128489,-1.69130803344778,-1.37404619352636,-1.24532332252439,-0.359768204060594,-3.01260087740659,-2.01374515552172,0.219041943456547,-1.66835061500829,4.40775999752445,-0.339926323406304,-6.87880881177425,0.295927213632776,-6.14997880129186,0.925016917715701,0.0634129271737267,-4.16241589759521,-4.38230264385307,-2.24947579331108,-1.09332219315986,1.72159533984068,-0.850415640636652,1.55872889074529,-1.15140423456133,0.803904219942025,1.07711575206135,0.30324851016882,0.360578638166491,0.931720334537612,-0.143052300726943,-2.01788038154402,-1.34368737953668,-3.15135595548895,-2.6911162374136,-0.739244476375544,2.05180244635011,1.58776214443022,-2.21477672159213,0.2140433915162,-4.85444801918768,-1.35232672408583,2.16951390102796,1.39331217920502,-0.136274205437187,-4.05011260810573,0.0810166221467477,0.644902659979102,1.23915362828222,1.86936240396454,-0.24617550078331,1.08038676826496,-0.0494149942933451,1.03737104268741,0.571765205977779,-1.79548078765457,-1.54572808402143,-0.811948613997728,0.0447340115870105,-4.02827025654089,1.88465899857649,0.274573272688142,-5.20101521522373,-1.6697178881361,-3.01731324193737,0.353277453554222,1.80616370269328,1.70719699143752,-4.53041358081348,0.0289742989207082,0.526345843680176,-1.26957057043788,-5.19526456491913,-2.33865231466061,-1.13185263711532,1.65231029870721,-2.12338572531721,-2.92173122467752,-1.33135130316074,-3.36074666088161,-2.93796296038309,-1.36694922676535,-0.968751256400079,-0.560667654164619,-0.214918507904263,0.563763684425328,-1.67592155424097,0.0212154304772825,1.34786404468996,1.08253183601726,-2.48307566210338,-4.51159620134429,-1.53940915407396,-0.803507882206292,-1.23521690608201,-2.57788693681598,1.08602570445919,-1.17947098817361,1.82381557885033,-3.92904427397583,-0.704990911387236,-1.6017273668408,-1.17585710003796,-1.39517278114316,-3.75215056407435,-0.563497731639969,-5.96416941280996,-3.15558873453825,-1.4300794468721,-4.80194004475691,-0.305655796745576,3.12041713400274,-1.5863317881519,-5.96217268812999,2.31971707993428,1.94092687504678,-2.13600205432553,-3.44880470451635,-2.37086925165748,1.39476536798781,-2.01365104564871,-0.924379410359298,-1.84078908587527,-2.9491408728404,-1.09496797536559,-1.46677954998737,1.95980588859843,-4.58927315536893,-2.02743471670337,-1.22526206535533,-1.32544974502121,0.0590411504952413,0.340902697853408,-0.190025241627782,-1.34278862673455,-2.5009050517767,0.307229520443393,-1.33465287895589,0.161278537700461,-3.35084729391772,0.729696687832823,-3.84879761301566,0.198159969776236,0.376531828200427,-0.421186149528316,-0.0521239224915679,0.543863622590653,0.833975029496667,-0.161082051974767,1.52459082191022,-1.40502555816618,-1.66621434589653,3.84350667123274,-0.675247165220509,-5.60988586639526,-0.372319764133826,-1.00300245662151,1.18779243560771,-5.69730857053533,-0.35983703585891,-3.13957515750686,1.57969993359419,-1.83001900722348,-2.08653186308959,3.37738060922729,-2.4610474373722,0.753542218775902,-2.99669847771612,-5.96296891755241,-0.661824017248344,-3.74520307160457,1.43281209492951,-1.35991562437319,1.0685080428191,0.123616048845849,-0.10006480287715,-1.8872272886287,-1.24236530489658,-0.319039195237332,-1.79928195210326,-2.58391994769199,-0.298665125246372,-1.97494478915987,-1.04084999362915,1.74823924366847,2.58447596847749,2.11547421399341,-2.39301584386121,-2.29318359733289,-0.482618973133154,-0.601820477294601,-0.104189808207157,-3.81150946216673,-1.65643691568159,-2.8989351181803,0.235654195865378,-2.80573104792534,-4.84378418710509,1.54789088202835,1.19701461215131,0.381468596515465,0.704606220914719,3.5754642258381,-1.99280182192174,0.854332776312005,-2.7900421543442,-0.282754283227466,-2.13681847764654,-2.67231316158387,-2.33844446155628,0.861660757547932,-5.46400792665322,-0.255003692222962,-2.21523699070745,-1.95891341748344,-5.10891254149465,-3.43978250917587,-0.754152201965615,-4.40576912939801,3.91026140249278,-0.974765286460711
"78",3.70350988716372,5.12135553269797,5.13738357960863,2.09957575018164,5.04903065838154,5.03929939552887,4.20675497908491,3.44665644561248,3.88208978614842,5.95167417421271,4.08231794399325,8.19157278123827,3.26403829045339,4.84581282747983,6.15283545631497,0.880667016686406,4.48667830820034,3.93861649147956,5.37086208010749,6.1567002598999,4.81175168573753,5.21932049700172,3.41460455091899,5.87138772791859,5.84246958655268,3.62684933275645,6.53754338083551,5.46204108129256,3.05293829397631,8.6865914049867,3.84954215264653,1.44268955787858,3.15852531709981,1.88318150405207,5.38151177671397,5.89702653710933,6.7563846022948,5.47400811931837,6.57933531450071,6.13042645399719,4.60342908318858,6.40951919783318,6.00436848105141,7.18156298277072,6.22618572713639,7.42624811155247,4.76337054151506,5.83553926408084,7.71081777444432,3.01081284812305,5.22788903365328,7.90354208802608,6.1935419068186,3.26468755827789,5.13242368611444,3.00845586664591,4.19186332526969,1.2293582480214,7.18895235923334,2.97569725606215,4.80425441562638,2.79969637506479,3.3520342677152,4.50096003464453,5.26981515493407,7.46452552508564,4.2914227509367,2.68436140364661,6.04521550916247,3.84116539697011,6.36626890137926,4.98188958702792,2.59359624768815,5.07409593245144,5.6193735139714,8.71659212055943,4.05460062963754,2.95151373650871,2.58269604093507,4.61905114196356,-0.724313399670344,0.456516215988832,-1.74418536324023,0.695003047279926,-3.30764347426843,-1.21346808427418,-2.34701758352638,-1.99079331400998,1.35337206023009,0.174817765757704,-7.1160230794467,-5.58435004022772,-2.48269140628773,-3.64396399954079,0.633495962107268,-3.10292945382256,-1.99301094558864,-0.294385109099351,-4.89768839241121,-2.13458363904642,-0.316839991175061,-2.41402372027355,-3.01711622931456,1.33307652890035,2.45913117428629,0.490683231326038,3.4986780782496,-1.11622417884486,-3.02070215393362,2.35092943616784,0.698374940365564,-1.28356874014374,-0.918648764428639,-1.08946753028905,-3.7885409581165,-0.258989581910618,-4.26940777824002,1.23639798481244,0.193983607972693,-1.36997576658529,0.555857046510585,-1.12365707377361,2.88201890048845,-2.74705768211051,0.0280253831205022,-3.84679481128013,-0.858071601734479,2.49417888286846,0.599472504999613,-0.776228837821468,-1.56153753208968,3.00433231914284,-0.0234212737857227,-1.07719662624254,-3.82507954990116,-3.1246258912623,-0.33114667883869,-3.31785173582593,-1.02522189604809,-2.35662337149131,0.194262873293372,-2.25090629045161,0.823879604676022,-3.12805008547731,-2.85472095626248,-2.70581129429687,0.439467920816278,-0.787960466708864,-2.882425929031,-1.51948515332898,-1.25292929016419,-2.50517690821015,-3.07910007837024,-0.778482287586696,-0.955484389559558,1.26731455438159,-1.94295274190932,-2.05925822310756,-3.98035316973679,2.47700092538178,-3.86463203661893,-0.245612464308422,-2.36136064277669,-0.833082916856269,-3.63555411593196,-6.06875649423191,-0.547746196602826,-2.58024192474192,1.94894838788074,-2.76460959894263,-1.60019164534061,1.41359347041143,-0.97400550695169,-0.127352158203852,-4.95188715330601,0.438867210336823,0.0334669813438107,-0.22926983226743,-1.78378549284416,-0.37109968503175,-1.80822439585522,-4.88258202726922,-0.381700688381365,-2.39069614594249,1.48433821239894,-2.27381282847114,0.0851530284393627,-5.10672355624078,-0.400390403667178,-1.36314540326691,-2.36179206103397,-1.03178531033163,0.445978005704661,-0.181179165993573,-1.41455891548032,-0.620244410740346,-3.39276748044338,-0.235936812155658,-2.23054143474041,-1.6236465654374,-0.985980561399299,0.933498089928671,-1.9323704041955,-0.798368023968203,-2.54248624508066,-3.18843485894486,2.18775855159836,-1.94212940348425,0.20617848433269,-3.76782271267639,0.185966751445139,-3.81833371032732,-1.31450963224539,0.0196016459288817,-2.64117197698425,2.26482650436733,-1.47975591579534,-1.99359883153141,4.07073105602496,0.496394970587522,0.331725553099125,-4.5600781860005,-5.97970614105731,3.39250423602181,-0.347313261508633,-2.30308768995613,-3.82532395987703,-0.993918448064196,-1.54483508561345,-0.440584812667409,-2.4652544079179,0.345685812362223,0.683410284918834,-0.448721842454992,-1.37806480065825,0.835260636063381,-0.0275521642521572,-1.56093171439197,0.132686067009107,0.474909556579413,-1.78854128349845,1.05537009127396,0.228411665532875,2.04297463244403,-2.36374676097048,-1.41550166632874,-1.17293130424569,-2.37295963928163,-0.284983284175108,-0.888532195019987,0.0220942817846241,-0.781737380088554,-2.80063389279194,-3.31495955595351,1.07126973445727,0.945666904173438,-0.517484267559579,-1.02846527342624,-1.61233226845767,-0.708578307635218,1.38116433297203,-2.01322100583736,-2.12418024240289,0.448466163099677,0.773424180851366,-1.50372719506821,1.77642260730939,-2.51200738492321,1.48247051482799,-4.62424907708934,-1.03178311287477,-0.81422563872147,3.56823344639837,-0.141651415272453,1.64726137550536,-2.29189042706024,-0.363410429152239,-2.57906067382349,-3.21861657302578,2.05959881943525,-1.06496214027737,-5.01282871292563,-2.1757726904979,-0.606530422482674,-4.36759924263923,-3.2422154588636,-0.0898079434956056,-1.72137355308219,-3.0600593913428,1.67679056871873,-1.67344164798592,-1.90443802315089,-1.19079952884145,0.802220902078982,2.57606003982138,1.21951999714605,0.361551254875698,-4.6076708576924,-2.91626361145584,-1.29419047889306,-1.75362065310808,0.742303929425134,-1.35513927121823,-0.0647264066853153,0.587477618507259,-3.02630972959576,-2.85774039535411,-1.72944711918459,-3.74510187791186,-2.35136156630014,2.9623666086272,0.18170297412989,-2.08905766744131,-1.15132574694672,0.340123706468493,1.3097682322251,1.10785885303852,-4.91741974514376,2.03704199773247,-0.80296700839291,-1.9002026873163,-2.83652852150917,-0.339823641525992,1.48012349247549,-1.89631670515206,-1.822082997195,-4.18680648797991,-3.01999550850991,2.49144189152715,1.97857627214096,1.09803716448498,-4.91182012647064,-0.341918636479797,1.20173858663377,0.193996301802411,1.11619589622922,-2.32597240219231,-4.16992219899127,2.22342332353483,0.471311257559916,0.842145962384524,-2.47073404857193,1.33377325335604,1.03346007977953,1.56487927124499,-1.44061804925596,-1.14889391812723,0.211601578092836,-1.27095765983152,-1.79612244056865,0.314863938963151,-2.08242982037046,-2.40216108497093,-2.69182079255911,-0.886666894667159,-2.51146617499714,-2.93772276420432,-1.94101646334239,-1.53664478586721,-1.64650658854344,-4.53938083115309,-1.00554188223265,1.94989593543345,2.24093926897618,0.596144182390429,-1.08607560589435,-4.06835546000791,3.75215770539897,-0.485020823863604,-0.168468751197586,-3.7908509581343,2.80673691391047,-0.625693146992948,-2.2418137483027,1.09635211471656,-2.88481136273779,-1.75815101418468,-1.99971359173177,0.193748888940703,-3.11579854676953,-3.48633595230168,-0.331622614020476,1.77857863657912,-3.09761742741996,-0.462040000055297,-2.64310660084672,0.643593488200406,-0.876793312727199,1.22564393679188,-0.440422828594421,0.947113407766003,-0.573473380661119,-2.41917496360511,1.11780086696224,-2.56149490086501,-1.53955603597055,1.53595475758638,-1.76270544593619,-4.85167992756319,-0.226997610375099,-1.0361036423224,-0.388732178083458,-4.00214058955909,-4.38764366392517,-0.0390483905677388,-2.40611402757747,2.13646194426461,1.03505159716739,0.838127065870115,-3.82553479353669,-0.62246502320987,0.851849960634607,-0.899178864117131,-0.4071445985372,-4.32059990515788,-0.0222828730434146,3.25675411313777,-1.00841667159525,3.11703519927853,0.722331286339379,-1.50927813672789,2.23950850022147,1.59636292624206,0.59156164261175,-1.45498101917356,0.804589031313586,-0.923835554231403,2.26791577208221,-1.27441629190078,-4.27465804803222,-0.486983552693371,0.680614008159684,-2.14855538366232,-0.690917442247266,-3.13324721472426,0.941634291370054,-2.5628297985517,-3.42073829960004,2.33368325129134,-1.32461954995837,0.155919056392122,-2.95898292970022,-0.056187413913916,-0.975987873596321,-0.398655338919928,-1.88648405915821,-2.35673237342552,0.00921549755748896,-1.34067504319091,-1.57694197010154,1.91187434023131,-0.00851809675002646,-3.96151122035795,1.36170390893404,0.99108724537629,-4.13648851533026,3.20840238615602,-1.64945493327898,-5.85826809616853,-1.87686840038183,-1.5187066765118,-0.477022539350687,-0.69628434486337,-4.57469828143227,-3.10634427762753,-2.28983648489941,-0.472957354803871,-2.79807194263713,1.55466876692608,1.39944283685368,-1.64352252773907,1.02481342785253,-0.564968502379377,-0.0808393623471032,-2.18039282355008,-2.35416530234084,-3.52311492884448,-1.03680437258334,-2.41532557970612,-3.65077617537653,3.20212717865353,-2.19839362320805,2.08427210993845,-3.81289554517627,-4.56348344739149,0.071302363820779,-2.88072233558442,-3.44871823966265,-6.61414351295085,-2.79047351443116,-2.87081151991029,2.54309824506308,-1.4561586600049,1.50937267392341,-1.16988582462777,-0.130754002815211,-0.615329498136304,-2.67230634507502,-4.39191210600316,0.241694383238336,-1.61469259677955,-0.922315132702204,-1.75207922409038,-4.51045241081449,-2.89510482488002,-1.27237330956471,1.13085727555777,-1.66595788471454,3.1880348255481,-3.38411749899726,-0.693092509982162,-2.04398715263332,2.24791882849757,-1.82160799716809,0.969359392492125,-0.0382785202548122,-0.129596123602132,0.0559715986110834,-2.32535673351179,-6.12662406302196,-3.60899294565164,-3.20859259827709,-3.71859611790199,-1.50371820113451,-3.52271199436147,-0.45466425163065,-0.0938984335118974,-2.77672764079188,0.441119182277926,1.98909755042869,-3.19890865681144,-0.215614805531221,-5.00431098867703,-0.179179371864254,-3.2928373983139,-3.78635046091557,-1.70860537994391,-0.510990139627128,0.245315729603623,2.45869963237161,-2.57643472624526,1.64125081794481,-0.919889787975077,-5.12051610472065,-2.85226369895497,0.292203878402928,0.581711540848765,1.71393923234653,-1.23334495968055,-2.771818415394,0.0571567327130182,1.72131868532851,1.68709842590855,2.75037596737147,-2.13332922380134,-4.27019658435145,-0.611520514048085,-0.938016751026461,-0.817617799384584,-3.51047420670629,-1.15540557239023,-0.184564986643565,0.751060866225699,0.963349999398319,-0.732225415090066,-1.17169084302345,-1.31776369997504,-3.7722586041255,-1.49064789644961,-2.6078241393342,-1.3963488790469,-1.40012579684639,-2.4519266078967,0.461076478967279,0.250534714044894,1.43511824505309,-1.57238995342055,0.16525112323286,2.19256313654925,-1.71401853366126,0.658883627656091,0.041850996851803,0.569551167604807,-3.23343200470017,-4.75973547801734,-5.47153181972435,2.14513006379127,-3.15471528334388,1.06147347191675,0.124786871908422,-2.40917322290099,2.4691350971946,1.46645279066538,0.113342806544259,-0.235068276771779,-0.788676920409278,0.608163657884681,0.0187749951313563,-2.62154247366225,0.506132353450925,-3.92047526286511,-1.96352111015194,-0.60868264623181,-3.19836419937033,-3.30854700027112,-1.86513208643838,-0.811027514394371,-0.16530557094729,-0.543440678302492,0.860899680238276,-1.73952115939044,-1.40387387863395,1.12570467938581,0.335571498244239,-2.04380078421579,-1.0715408032623,-5.91617660995303,-0.590373110893512,0.372583514458274,-1.03409024073218,-2.06777941801782,-0.4661983251792,-0.0634940549623033,-0.787771040327486,-1.08893852546525,-5.40131311371748,-1.72887528780223,0.707105561104132,-1.60565316809945,-1.02426847094207,-2.3485778087635,-0.166681045678273,-0.728728697010347,-1.55949227995507,-0.428544962808341,-3.40821622591781,-0.053351912525725,-1.14102580158083,-4.93418474886347,-1.67287369459729,-3.10238587127247,-0.469895299916008,-0.269865937131904,2.17431984061323,-1.02710339836478,-0.670551532745522,-2.87690608401382,1.42781343378961,-1.0113991062488,1.54665101982408,0.116221772894327,-5.41457970662059,-1.7014012513615,3.0276000467124,-2.73446608795965,-2.06287989139918,0.00883298829435342,-3.82447557672294,1.94292143400329,-0.571693372730818,-0.827112758830652,-5.25803731299597,-3.30490888936297,0.160981723612424,1.39028569510821,-5.84000706518917,2.1887750581053,0.679295850345786,-4.01187693787963,-1.04628596413562,-0.437862908591156,1.072655859178,-3.60558747289688,-4.13931407288099,-2.13439479328303,-3.29932273546231,-0.437787300823225,1.35201839135708,-5.6357597009562,-1.51759610182975,0.378652823590031,-1.92074364725827,1.38143317673091,3.71860329802362,-5.18573719625681,2.14118690004545,-1.52144093920189,0.183783193581607,0.980133803134551,-1.00340216750042,-4.0681133073935,-2.84320583963277,-2.49554104646264,2.07164245254262,-0.975077562934509,-0.30623319723607,-6.0155784590638,-1.07929522804882,-2.3457840023999,-2.55526881186142,1.18356972227369,-2.44298347073807,-1.70264043572997,-1.00176074960757,0.312046859041922,-1.30423849201722,0.155764966157347,-2.54003720721665,-2.53526839319507,-1.02302058034514,-2.01693477394994,1.34375623142658,1.52073723233469,-0.0923156759207173,-2.51989100251989,-2.70764557633755,-3.2395542705319,-1.14252288562206,-2.2302182394642,-0.0873242452846396
"79",3.78594852930417,3.77503283906263,7.33069544595938,3.82285778610386,1.41778827238418,3.92078729226629,7.53452453002025,9.94406024060823,2.01082029596635,4.13813775009777,4.17945024824959,3.50135718512619,3.109817400049,5.66343560715275,3.52474757135195,6.26065245865141,4.23169734472092,7.27847256331143,8.04973017174184,5.81516987953732,5.64236074378449,6.72141111754688,7.69801183467961,6.33885278293574,7.22346645453743,1.65379307954122,5.53015275911367,4.99054626310423,-0.0699169291368031,2.41121843725322,5.57550559450883,4.72848774579031,1.22947951490316,6.64471118870845,4.53788457757717,4.61375355872459,5.01746501238642,3.75891030182941,3.48280938921398,6.06243023685011,7.05117620522367,2.00476780700708,6.39723297182219,3.01003887821394,-0.460000912608194,-3.50386210534436,-4.39745621124152,-0.25312822142181,1.71714124138675,-0.895853057558408,0.94379460259386,-2.42519594266944,0.29385228117982,0.782400091146148,1.47981047815652,-1.70637371590467,-0.640267603028095,2.07990012536587,-1.89058864446603,-1.6239718792845,-0.849903600864359,0.768086387982799,3.50553013571503,-1.3471681844105,0.0183723979828185,-4.18808840488745,-1.5949716604701,-0.218219250888112,-2.5357390515053,1.16460289365275,-4.73341025496522,-0.302242396571672,-2.05941706046574,0.0610274354853959,1.92651279357085,0.0962586822107867,1.2236988446613,-3.6793285736432,0.732597796805628,-0.565218563654562,2.81699569761822,0.614141018763688,2.31992593080004,-1.83798610929651,0.288217171936236,-1.18157611642835,-4.19144550830995,-6.43631473636437,-0.808368073873688,-1.89292495573611,-1.67731985436625,-2.03767028477188,-1.83904819745412,1.67537670894176,0.392959750320749,0.790489283089429,-0.771113028637856,-3.96744916447758,-3.34581734278041,-1.07112311079603,-1.17861448062691,-0.898411136060049,-1.68130535198823,0.681669475420096,1.27228017881525,-5.72886425463317,0.506809152225393,-1.72643327507372,-0.485892927570317,-0.580933440541446,-0.512837639929879,-1.26144910492237,0.784465070173939,-1.29105433806778,-0.464134333467176,-0.12707863992312,-0.293403414623135,-2.36895713941935,-0.485795234960273,-0.372648555882201,-1.02456743078013,-0.343838092416961,0.110511681215817,0.116850357309103,-0.940644802600433,-5.95253322521147,-0.22704786595474,-1.36196673682015,3.98358353130542,-0.33058725262445,-2.5054023369733,-1.15316410689356,1.71452798811579,-1.22100657226998,-0.965451828856063,-0.894177159768003,-4.13183530221119,-0.910966611762889,-4.80533244130619,-0.379987773035627,-2.63931135112975,-0.0519898463946404,-2.30453241492394,0.338981587471409,1.37643207379296,-1.94397660662146,1.1290881667279,-2.71504653695559,-0.557056166647054,-2.90898308810867,2.66191737304221,-1.83880092852876,0.847645513208182,-2.62797409473784,-3.93092053009579,1.17259739124374,-2.29434551916356,-1.59563396537685,1.861086279514,-3.97908373298781,-3.09873169804456,-1.10082209969135,0.135575107522246,-1.62138825823635,-1.53680475647397,3.23577282958379,0.104154288418839,0.042861351579587,-2.84306001161347,-0.120275052679086,-0.507094297249934,-2.95492740531768,-1.84038461056296,1.39266336480498,-3.07215944730729,-1.36019961264372,0.0548274386762948,0.673841934931754,-1.08260393602199,0.575517581268983,-0.988620732736268,-2.20468351555014,-1.08841433367146,1.36277544144562,-1.92002475997409,0.0210751483267262,-0.619591540031172,-2.48711758718486,-5.92315096290139,2.11775819281634,-0.232511400317957,-1.36327413471486,-0.976420537170082,0.253309453879534,-2.34594115792322,0.165185137386472,-0.41653163550708,-1.90123644010508,-6.39998210621449,-4.15743052802621,2.62974657653942,-2.57826501111123,-0.83681399317566,-2.40352122443307,-1.30470843605756,-1.44433064430613,-3.293813508713,1.76648625964998,-0.55175649688698,0.106184391405597,2.23209914788201,2.68142148700232,-4.19711844876741,-0.825562264553355,-2.61531611974501,-1.18379134949466,0.307089954495469,-1.16642605748852,1.4339721455858,0.989974524583813,-2.47750518217974,0.954066438912425,-0.181037162495695,-4.61098872715547,-2.99625321957438,-0.187447508078695,-4.51853590107173,-2.00219504555873,2.06829574746469,3.1998327398958,-1.68865720145632,-0.265566189367457,-1.78971402800087,-1.07253422049816,-0.458442329609548,-0.303623390159051,-0.362924802284373,-0.700085386314173,-2.09477816243843,-1.48161358146287,-2.28779370488655,3.98152100912927,0.222913622256026,0.0406762802835627,0.463933154907361,-2.04292311897174,-2.06628249834853,0.440232936138157,-2.85520307965298,-0.942930007799087,0.236487746124314,-1.17524424813947,0.957196383118589,-1.75578980079046,-1.76531120933614,3.86482997878146,-1.57000736706248,-3.93592478779542,-1.57271140742037,1.53857914417417,-4.09441055451253,1.73969958704606,-0.95980120513484,-2.10999161966946,-3.09411504478184,-2.21248713861312,0.855133619822687,-4.85831099495219,-3.48204794218687,-5.2259020739219,0.489013740404988,-2.13673355809139,-1.86086181924167,-2.69298509042086,2.7536115854431,-2.37559831493078,1.67245690569878,-2.41779552965683,0.115062739097165,-2.18135816995304,-3.90821704568653,-3.18121468826836,-2.73252467893436,0.0149476515257392,-0.014767570513,0.797293564930923,-2.2744284500868,-1.42195826460821,-4.32219057129899,2.60073924389925,1.05068975528384,-2.87340203872494,-2.72686225271862,0.172506163573809,-1.64629422369673,-5.35991885472348,-1.32065417680267,-1.93350590905265,1.84067013480378,-0.223005497894083,-0.357794368817198,-2.859498802681,0.190640615755816,-0.488769956258527,0.949615606457412,-1.42492633503576,-0.634446341832012,1.75871123759465,-2.09325770922262,-0.973370552938701,-0.182100661304578,-3.61822074435652,-0.702104891048351,-1.02526150362482,-1.18048152866377,5.03169467013634,-1.47804580038322,4.88023384466446,-3.01458709295537,-3.53655473425498,0.943321553528624,2.10347978824134,0.741199816935315,-2.51669436670294,-0.521605181734111,-5.24877760001176,2.17273176128438,-2.44897267283644,0.307361918003121,-0.793561242748368,1.13553622164074,-0.835364651819419,1.59980909459125,-0.0959533055083319,-0.723638024394219,-4.14455776732838,0.131265723787621,-0.437981646437429,-0.132710015282868,-1.57696157911144,4.75988442725212,-3.74044084769783,0.754698389037388,-3.91003495619173,-4.33264166342887,-0.0379520384167404,0.571801563045485,1.21079158695942,-2.04162814587116,1.95590403648509,-0.64930396777425,-0.0692167282580906,-0.122245875219033,-1.69610860399904,1.69786939275194,-2.05204205514071,-1.73952458580725,1.11777241669994,1.90085262347846,2.05745162626021,-2.14089899282888,-0.244399797464786,-4.74346522341268,1.72849466373173,-1.9900416049575,-3.87369665582035,-2.85084327818917,-1.75985516194091,4.11876837032524,-2.00325545795779,-2.82777532363551,-1.67317363087967,3.40469702243319,-4.91733014002141,-2.26769600159179,-1.51846400064073,0.861560217269113,-3.29049896079948,-1.00601974103508,-0.60230251518627,-1.34745780369917,-0.467473932386785,0.286902337422401,-2.2107896144174,-0.461619170371947,2.44581842893084,-3.10201106494929,0.478689236350065,-2.19752727304766,1.03446672408339,-1.28698813371662,-2.46411178442256,1.31475513988648,2.95174830736723,0.292729939449945,0.441301770466106,-1.30900778265478,1.22323272474,-1.22388994316246,-1.25759224497115,-0.699362713478274,-1.09808936571625,-1.93089247895831,-1.07125474258595,0.082175206257497,-0.0572288941864293,0.612202532299576,-3.82143948963532,0.983474605800045,-1.85698718519207,-1.53597827053624,0.556949373382264,-1.20587760658869,-2.18410034537714,-0.317755948790941,0.00779834796369805,-1.53419474000204,-0.224816655028631,0.226086838509329,-4.36251881624303,2.42300847913444,-3.67746908522897,-1.78003646239855,-1.04108393795596,-1.8566986729082,-4.11505497046296,1.19916999494157,-4.507533433018,3.36323175422138,2.15883417869696,-1.25104516453996,-1.86028763130527,-1.71740934757064,-0.304418244306533,-0.712367355071584,-0.682706261276646,-4.60862881337014,-0.763710068065736,-0.64438623597528,0.885895350638221,-2.0852794715545,-1.7821664507332,-0.985020082797499,1.14690717053598,-3.06489956207949,-0.660855326237854,-2.97120581420989,1.46081908006117,-0.240399569474233,-1.44863534705661,-0.354859116572402,-2.68918602583066,-0.312894508652511,-4.50453956255378,-2.19623821656149,-3.07248541127584,-0.825744974238455,-2.13278765323716,0.845091449543985,-2.23315734569319,3.43400836479417,-0.47950151378024,-0.627309038353232,-0.909852343578796,-2.38701944234711,0.485617816173432,-0.457951615377863,-0.894348445344204,-1.91179685234924,-3.29180162117657,-1.3206697685714,0.0608853362338442,-1.38110330706504,-1.49196372058052,-2.76054467482538,-4.00344822535151,-3.29501193850856,-3.49956274439412,-0.0605647765458839,-5.26532525013143,-3.24251633495661,-2.00839760451731,-3.10730351498882,-2.55600024023672,-0.0833334578739362,0.723940056183115,3.00864632701664,-4.40703877109826,-2.63866649037056,-1.84636708169811,-3.02532119108832,-1.22497609897825,0.170336854160938,-1.56731557339956,-5.50151771632557,1.68488228304234,-0.403289062290389,-3.14967949872265,1.57215860866217,-0.903527155352938,-1.58920652678448,-0.406304243891674,-3.94545155025793,3.3597911889781,-3.33693287667895,-1.91836750153506,0.769840578531409,-3.22810419901272,-1.03349644014918,0.710333963389657,0.515856390461976,-0.0300367280011953,-5.17276946113095,-3.15790313917241,-2.64228329976567,-3.70592281378227,-5.0727113438827,-1.77844377834119,-5.35606881082435,-3.13665425979966,-0.187702706511969,-4.01013896013694,0.142917858301237,1.64656447365891,-0.230969521616054,-1.96426521774251,0.942280340257442,-2.54164867014725,-1.12202038067094,0.409896086393051,-4.66360310285923,-4.35270975562582,1.0660575741296,0.489219533646614,-1.11026093256407,-1.02043412451014,1.69761401762875,0.131344774969597,3.13896317252885,1.17884095829707,-0.866512410934702,2.29923742354454,0.404382440581336,-5.69388099396348,1.13730740513915,-2.36695494355786,0.588042207880302,-1.28315077217707,-1.12458617174739,1.38220172192727,-2.98334353790281,-1.13999948482024,-1.23379832287884,-6.22497351231391,-3.62126879191215,-1.65857436360364,0.807699503877477,-0.692725313969911,-0.410291353365631,-1.98169889949277,-0.130483135675204,-3.5726002245602,-0.0325602676303455,1.92805523014005,-0.342239848463695,-4.72601297355336,-2.25396668751873,-1.52062573975133,-3.62773763182591,-0.801868799775158,1.88104996095144,-2.23850318470433,-1.20615191944104,-0.437862790883291,-0.0719502972986857,-0.909042654452287,0.825647058435993,2.09945215231305,-3.01919031884061,-1.98984620578478,1.625108330391,-1.14550649848038,-1.85363052486379,-2.40975991522994,-1.26776878255213,-1.28021315080958,-2.49540414687523,-0.387232291442481,-0.510074003866985,-0.543222795860236,-0.181927750161064,-2.27640078991014,0.404750925999271,-2.62917718753443,0.352431447477948,-4.80842956130407,-5.08514542754255,-0.318600585245421,-1.182263201046,-2.34496240787675,-2.69751596370295,2.50086283178181,-1.87427367219823,0.225879435064254,0.265504532941722,-1.891528846835,-2.02795290797805,-2.39908807817288,-3.26664961880895,0.0938958407359742,-5.22011021316637,-2.88219933891117,-3.16237597464027,-1.53382375000305,-4.93576748376786,-3.15974403251666,-2.00092347011939,-4.78600210378861,-1.73311017682604,2.19210895977894,1.37893587709324,-0.991712414753656,0.525606806150033,-0.0534196641545562,-4.18048025011289,-2.87123293787346,-2.07953296959286,-3.09593208838728,-1.74401299729035,1.40236524414465,0.923282705295627,-2.61164413164263,0.247410799411959,0.301720612165068,-1.98468047313067,-1.01010326526086,1.48409770083117,1.46098160131078,-2.21328360424118,-0.816889118666351,2.77733793669699,0.962230744812752,-2.88373018281315,-0.22208499911188,-2.88929833850776,-1.19823902344315,1.13057992080564,-2.46746809388706,-1.65510938421642,-3.53806896410467,-1.49443506779826,0.281466524071143,-0.176045788576561,-4.80825778143016,0.0708632179833488,-1.66221190316191,-0.142684282191275,-4.08458956137616,0.889394093991189,-0.0404777951035109,-2.58950770811408,-1.1284055872979,-4.08066075228238,-1.74973883567072,-1.13694903401893,-3.3811041885187,-1.4048397716861,-0.846089208400304,0.718658198224693,-4.09554189758767,-5.40263468268984,-1.05288743042786,-3.61070484331924,-2.30453142567756,-0.844269488804756,-1.62756530194054,-3.85849306275152,2.09211639029946,-0.709513274144098,1.48097407247869,-0.596238057647758,0.80602401419741,-2.05463525641936,0.106485165012885,-1.39196257027983,-0.270512990152634,-4.09222464900095,-2.596966661387,2.06378665958457,-0.249584815765047,-1.42265274321358,-3.63825088613314,-4.04251637199315,-2.70840022472451,-2.82844481741298,-0.826371926754851,-1.46243626625682,-0.212261054339616,-3.02689001271762,-2.97822809875467,1.21696787170102,-2.30067360774745,-3.61570527227442,-1.03586730586234,-2.70079425338185,-0.637589320365347,-0.778508837994457,-1.75867800540923,-2.12318821358474,1.19730079514326,1.72563125091373,-1.30442304316772,1.05558992668721,-2.71286051176056,-1.55672239327554,-4.28820807739527,-0.0843434849291265,1.4523995281179,-0.374058012031021,0.799090712498815
"80",5.05277246284229,3.48532304937089,4.62747275657709,6.19201545769899,7.58176649916856,4.3412106967115,4.98007642313585,3.42794034423793,4.69163454054499,5.87149049667541,6.32891007765403,7.49665968924672,5.85795800959079,3.37680990758119,7.07232498808264,3.14520786471231,3.64755361061074,2.72482422237144,1.35412933544601,5.31090424226997,6.53935629158596,2.92742082413309,8.06292753580038,4.30639059230791,5.88559247921866,6.70018410029186,2.42692550008579,5.08843990233383,8.86620911544812,4.02180493323586,7.45810288870064,3.54376035872727,4.0296658509606,4.16269061786846,6.43424988028862,4.73686518215433,7.39789676906215,5.08583711984293,7.63733718580119,5.20373336166714,5.07831790679612,0.312518802667685,-1.69123375146355,-0.572311341437759,-2.11159249334009,-3.90296444545492,1.46556070143112,-3.19695744095719,-1.82776455143112,0.66826724942068,-4.28752168644777,-0.228283082098159,1.05380606940277,-5.43495239693416,-2.49573542202398,-1.1850804461712,2.77771136167558,0.692551881493906,-0.751211223116136,-5.25075383288502,-0.109374442006111,1.6682087270149,-1.63944606609595,0.55819969229293,2.77700121503411,-1.71674697019365,0.0205792649652818,0.154943707655891,-1.40142944599892,-1.70893172856676,1.41939078056943,2.13918866189495,0.860453460962052,-1.98572587465307,0.319148553162688,0.545671346593151,-0.94291005274551,-0.0485794925166364,-3.96921531228344,0.70811323716522,-1.58579937172795,0.168477254558801,-4.26798811537603,-0.400987327855377,-2.78138976520711,-2.91254310264342,-0.767968735136901,0.986365535786689,-1.35543732256232,-0.175934936768085,-1.86432223443955,0.492336067254981,0.0059911141112392,-2.74828336693282,-4.87592684133879,1.24821248741119,1.43046400623497,-0.688424150499807,-2.30017726977832,-0.386836175186688,1.11053294538071,-4.06168462716366,-3.66991178956024,-3.10346055523495,-0.330820231497274,2.20799435911712,-2.32387191016293,1.07748316655074,0.329662872647384,-1.45774614725858,-0.563525575273463,0.755788736106795,-2.03680591664281,-2.30943938388259,-0.716167016791149,-1.17042584410047,-1.58789371763825,-3.03648564555474,0.390899555594613,0.497990486567394,-3.50360723870687,-1.66125353535481,-0.767787131437844,0.0323775881374295,1.6248019988554,1.29492196201575,0.395166033883923,0.552113150447689,1.26537727605096,-2.87656513375951,0.021031278799881,-3.19098149545394,-3.01758788966589,-2.36279438467651,-1.14673503050982,-1.99935963124034,-1.35397569787707,1.53017569870243,1.56625058149993,-2.79220295808453,-0.0867757980179656,0.607208661116212,-1.88192511158652,0.887144690642375,-1.09803312051737,0.750677641070284,-4.27077396447948,-1.18404985829269,-4.65336894272803,-1.01402368712758,-2.00365666171576,-0.673832393136167,1.27145440048623,-3.60572801905711,-0.323814055982671,-3.28179195507514,-1.8181624701205,0.620820816749429,-4.8914424805368,4.0128234725644,-1.00314493879049,-1.28568123049853,-4.44396733092756,2.04025274767959,-2.02920322120039,-2.85205373388509,-0.450479909081534,-1.19021393728902,-3.81365623033361,-2.19780395725504,-1.33202541805544,-0.277395954238209,-1.53378297344301,-2.35842571115496,-0.690324362527268,0.019089129050865,-2.01917318818011,-2.30546161546858,2.60392463956377,0.883984760752566,0.267793291041709,-1.73554552194749,-0.0253567194386188,-2.47997462561735,0.645985774663479,-2.05312533860202,-0.765990236803525,-1.41636746450232,0.32496431613634,-2.42724944243232,-2.04005673114857,1.0953358353953,-1.4677318612442,0.700851978851873,-5.68407022596759,-0.538852977590572,-0.9643928597069,-2.53533034312616,-1.98263434287327,0.94240372486507,-2.92226396898355,0.238677858883355,2.09604959453378,1.08511969320653,1.93176592686217,-3.74805233259497,-1.69067455617735,-2.73308252040664,-0.0133469762637416,-2.59065728812283,-2.95075193512891,-1.06408511224296,-0.999267335986751,-1.34964888033746,0.491452888475187,-1.13545214689044,-1.40185340778767,1.59627509641319,-3.09787561917897,-3.10556499729676,1.13024416731948,-0.928461553015692,0.800787921409157,-1.84848909123041,-1.50091797946112,0.995074434712018,-0.0351763675251289,-0.422572213054976,-1.87308716606301,-1.35295460106617,-0.634039551547978,-1.23306353231569,-0.655174267622021,-1.01387467730316,-2.36499746930227,-0.34601588359139,-3.2157592646527,0.836713779351099,-1.96137801676101,-2.01584724201271,3.38547545694893,-0.0979790752235187,2.56707695359063,-2.23765203295729,-0.190155605389677,-1.80404962829169,0.604494102912184,-1.97579364696057,3.11735943852915,-1.12252659119142,0.302359710475965,-2.43735263630986,-2.68330361397495,-2.36366792228027,-1.39418741068,-2.5180790381812,-0.631940857800096,-2.13465066422084,-1.8306754452665,-0.934806860475761,-3.1754404169388,-3.72417149996476,-0.503592398378381,1.98348621070103,0.788885034504141,1.51776908690707,1.22618396416512,-0.0405835894351653,-1.59589470398827,-2.2286695326283,-0.918234640084921,-0.870318972389453,-0.191141826643062,-2.11867973093808,-0.411438890057518,-0.0528839701545107,-1.74929368112555,0.341693800143827,-0.829045212359892,-1.040222624446,2.20485169940645,-0.834887572024801,1.20776672941635,-1.12739536854207,-0.57655209964417,0.141060812268319,-4.14307867225208,-2.64006354838623,0.196601764008098,1.22985359022664,-0.844832130289077,-0.759100212645553,-1.11800642764733,-1.3818804939105,0.749919829934999,-2.32992669097106,-0.275536363576971,-1.28780459344801,1.4365565878636,2.9093043667991,-1.5236913441596,0.50438914791864,3.1679107575905,0.0160344813209818,-0.753788544896001,-3.24380639827517,-1.34744816243627,1.59935167352672,-0.881589237008882,-5.70619920854325,-0.141789779142164,-0.687289137390066,1.97805093870105,-3.14133942860884,1.9654513460612,-3.34840742993032,-0.20250938773982,0.426260871989895,1.13430936231059,-2.61053972709849,-4.10123074974654,1.92189419835477,-1.72231906797137,-0.0551546575435398,1.6864392708934,0.284714702621818,-2.09770085564739,-2.79413484931783,2.5133160419763,-2.53630911031678,0.467769222143744,-0.741497169833961,-0.612355242891093,-1.51064034810772,-0.620875442710378,1.27924478587647,-0.222470328425781,-5.30757692373799,-4.43528170839042,-1.07885659356332,-1.87051261875969,-2.49045355730438,1.08402305919874,0.890907240478782,-2.24042216558407,-2.79119555507439,-1.68420360059552,0.533310289530446,-2.49262239911366,0.284251794105401,0.691181989034278,-1.15254644860932,-1.5525055493377,0.0399660532342196,0.366274729995772,0.183432326604568,-1.44664780027738,-0.601416167799181,-1.56462380688545,-3.79812927193241,-2.50871109440832,1.38166603123317,1.86589114594712,-0.0345511264049647,-0.621180910740915,-0.0878546632839753,0.210750474846054,-2.61107607448989,-2.93218574793871,0.199591787381552,-0.524574320452125,-0.647370356887349,-0.831542414250318,0.743914010761203,-1.17097937960265,-2.30279638549167,-6.00543041460217,-0.150802670826257,-2.32686917097911,-0.366962507343999,2.68608678761467,-3.66835310052754,2.10907991279147,0.38042757952318,-3.23179196021355,1.2777528078546,-3.78802056753511,-0.500466620230366,-2.27742869814999,-0.938471968630805,-0.799201280772009,-6.15189217827944,-2.80932138170108,0.863463165143221,2.49621764000312,-3.3173802143694,2.02925220373047,-3.59118666302644,-0.0325551108921583,-2.8834945604051,0.446712304253556,1.59916281944099,0.37296295520284,-2.58110804511785,0.758146832991634,2.67810964027494,-2.6284125974487,-2.32976811354536,0.378867646749169,-2.19637132776897,-1.76929373268823,-0.456513794617687,-1.26281590770248,-2.46664836037876,-1.94830991463308,-4.40831454320367,-1.39270192770912,-0.684649396102259,-1.98869253521197,0.448002821077864,0.901092258812986,-0.205894436793745,-2.63040469041101,-2.13392952290462,0.0731155825685716,-2.8382538538456,-1.76997423666544,-3.14795325138433,-1.09993044764747,-0.0133345731553068,-2.64123080436978,3.06504143016646,-2.6460527482935,2.31665582962247,-1.34295033071019,2.04632642401634,-2.72615876787588,-0.383986010397627,2.59428023462678,-1.75309833861277,-2.47673694558748,-2.53810649133271,1.47712531686232,-4.22086835690009,1.79228606909552,-1.84501635704815,-1.85172180311813,-3.01324328318096,-0.774061780401888,-1.28685514906653,-2.61334130766759,-4.98160107950394,-0.339068039910192,-2.55924897981202,2.05726873567449,-1.59110462112327,-2.83010082915121,1.27993103856202,0.199811946038645,-2.03453385185768,0.651596310211908,-1.31780818318727,-1.56548089271567,-0.983621334590852,-0.0493383275887641,-1.18274926920077,-3.33515057269542,1.12181021153813,-0.167249384027639,3.06141387286862,0.633919258912042,-4.23068481308392,-2.24633992772715,-2.85495572650765,0.271645088534315,-1.14594226720454,-0.280658176230636,-2.60610944431983,-1.30471701200104,-3.98521761128557,-0.818314198945839,2.73212575808074,-1.4976709742344,-3.18936330461127,0.0828210193197303,-3.76884606160797,-0.643582834483039,-2.32402141479927,0.401164090304918,-1.00414320772159,2.02823987448804,-3.96424890548061,-2.98714286606212,-5.62608404620247,1.35460395310243,-5.27064409146751,-0.198993602806931,-1.60494745376161,-0.663198134003526,-1.40148215458175,1.28277401354019,1.37284362411441,0.668892999640923,-1.30928581069481,0.499830580254375,3.50996275236503,1.43087670565609,-1.54658241423414,1.18241158732736,-2.03335512832378,-0.450225006970388,-2.08450252067253,1.64344712583587,-5.84336898013175,-5.0123557655647,-2.40057433660024,-5.40204454461835,-2.76713781627335,-1.87669886169621,-0.73468298050341,-1.31201696578883,-3.98689957403318,-5.09637389445356,0.746087513826772,-0.767972298215778,1.77217298907364,-2.10817475584277,0.159278101831956,-3.27257030103319,-3.04834761793292,-1.04690075949892,-1.33663848823639,1.88631082565659,0.973252684186272,0.0919341174359589,-2.0041408672883,-0.957414981251958,1.82972538081678,1.34107951567205,-2.64014109569881,-5.33100910745672,-0.0616110678306282,-2.98357707317952,-2.73808317871829,-0.795865823607165,5.705469414391,-1.33258977149976,-1.87190506608746,-3.01286279183689,-2.05668580217008,-0.90390833468696,0.355043247974465,-3.31868296068049,-1.17437473525844,-0.867251396480254,-4.62904164322496,-1.25992155476066,-0.234366028668006,-0.0299587303953597,-3.48868136604466,-0.586510892575813,-1.01334980549586,-5.1704370093272,-0.463754517269311,-4.69297972061777,-1.25310231479397,-3.0611098585292,-0.40792511564135,-1.14695169278882,-1.08601453333588,-1.33829529421465,-1.0196120750778,-1.65401818648318,-2.75741276063338,-2.14134132903354,0.241340472364964,-1.13696858774252,0.794841299617855,0.162415844996721,-0.156170580595645,-2.06686736999583,0.821931342876563,-1.66330964813106,0.135182868144976,-4.03136943690542,0.279208220665891,-1.84524525212226,1.8566380620749,-2.11384881747583,-0.655622937175725,-0.552187810029832,1.30164149667285,-4.77275087929895,0.399748298866961,-1.11415409932441,-0.530744384328372,2.86075647016146,-1.2623798290539,0.0245133379331919,-2.90159672719123,-3.13679772332103,-1.44893900511656,-1.49712521976608,-4.4760761913704,-3.56397860234956,-2.02301296585238,-0.584770184839926,1.39686371286945,1.66422090882928,1.7036139083624,1.08831694945301,-0.787866107974718,-1.33117200276502,1.24444935836282,-1.8718042820038,-5.04244747566098,-0.175209243911256,1.5811064754037,-1.05623021754045,-2.25315029998518,-2.83249153549474,-2.7620452415407,-2.78841524491034,0.231486910092122,-2.66570776868678,-0.582233793129466,2.56657613996352,-2.50318257959773,0.542264747481397,-2.19826035026233,3.2991977383307,-2.5129668146477,-2.99973483245767,-0.958839603421748,0.682120025292827,-2.30842685128925,-2.19483836943699,1.27261963138458,1.02653938505424,-1.38949940624172,-1.74175610020855,-1.83722850055699,-2.31546093105152,-2.89507327374973,0.628313683504115,1.7354035470802,-2.06897360455168,-1.16365432820653,0.260926428628407,0.859135877378583,-3.51638151436587,-1.09207300554573,-3.48190704654704,-1.38490363374987,2.02819869206806,-2.29499116136039,-4.03624235363699,0.969751616546639,-2.09416680378639,-0.382872093715921,-4.75186588577734,-4.52146550282837,-0.717047266207059,1.45618329369447,-1.50013566461929,-2.90768829254286,0.142512798273949,0.0273388228634575,-3.23244278303595,1.82429154402284,-3.47820985894161,-1.66992179714627,1.28257425645376,0.133456805086016,-1.68793646835564,-0.606228749045734,-0.542407565308645,2.44602306309771,-2.48184904187897,-1.96938463622146,1.10197921172539,-4.47828958498057,3.99182118332083,-3.05756963597351,-3.37305710757692,-2.34688338554802,-3.65371532718403,-3.19379464384238,-4.74956611795115,-2.24104659182709,-1.22286020213185,0.149736055136647,-3.68848105719668,-2.80604139390908,0.740448633714795,2.41481122691342,-3.12435118375238,-3.35502756905461,-4.53585148923502,0.604196655600023,1.25210090392907,4.29811499253552,-1.21858659054326,-1.20239473831699,1.77342028494782,-2.86220077140608,2.42075076832183,-4.38574740823856,1.05547249140104,-3.29618640547555,-1.44994661921275,-0.757514209930976,1.86422656544558,-1.74006481988832,-4.63436082600523,-1.30366197547647,-1.95523116355244,-0.468431330458115,0.158384631550387,2.30435179633057
"81",3.16573092754545,8.31874062565749,5.71659643060153,6.08256009040034,6.92060148211209,2.34496864242825,2.68460274224633,7.84929048011247,2.54693908592234,7.61780530003497,7.22402575147622,7.29385070809161,2.42404573168302,6.74182479014161,6.28797529107681,4.91588985157075,4.92970067053695,5.25756197604804,5.53009744566236,4.85585048207671,4.35430441248318,4.02684507368237,7.09863217138369,7.27308338894755,3.11427727402213,4.99332909040113,3.51813454395345,2.24142207133047,3.38720346583467,2.51740535738846,8.47887594022471,9.4443274645045,-0.119355511322597,6.00673352595748,3.80959238908808,5.25215413997095,4.01016695989568,8.42637573704624,4.17373605497237,4.92452280921933,5.82197895407798,6.44761615022347,5.47127923104835,5.1504656179503,7.09164308488013,6.59464774639569,4.39559249106588,7.60120035979699,3.1594670668245,7.53956099956215,3.69407667852027,4.24943101834144,6.1357646265608,2.55191035899367,5.84199618400895,4.59574882896644,4.01104977712655,3.56688025120886,5.95997598837478,6.10435975333627,5.11903801368786,3.03536501637207,5.64731198864237,4.4771875394606,3.03608450941499,6.38273989700727,4.81881877271254,2.51195562923643,4.81998671891278,7.09347992848677,4.25244171796125,5.33184473371966,3.79733955970768,1.62370026239315,3.34199271059646,6.31564649142468,8.3202291744263,5.17286665970095,6.97414760554858,2.14127565132404,5.3249089137905,4.04104491451215,7.36385018679537,4.53085111008628,7.49553612917229,5.45316777953472,6.70496083055788,4.27809104989151,-0.637996334965574,-1.66170986565187,1.36405315951717,-2.9005829457275,-1.71796930286387,2.70130271830721,-0.509118259756104,-1.5960507787938,-3.20020738254222,1.62473654453686,-0.579408713406044,-3.62544288141198,-0.248368876603273,-0.292952062317325,-0.422952150317401,-0.0880997157527729,-5.5261542911539,-0.208247321835325,-0.553490140064497,-2.67405992840266,-0.546232044091375,-1.55723061788384,-2.47342460080328,-0.59342077043693,-2.15205921970662,-1.90492833075387,-2.0276403391606,-3.81623347048086,2.65846039368307,2.54186338997856,-2.66960929665457,-1.23813905257948,-0.0836657407721171,-0.0737292913311218,-1.66436484518421,-4.15979766988114,1.0660731830769,-1.21088533637716,-0.132935840265648,-1.34790939638334,-2.73240831726373,-2.57978822619092,-1.51425492974852,-3.85426276707836,3.42811251579428,1.52152360274099,-1.11257001159112,-1.1916677153893,-1.32354312099119,-1.69424118264213,3.5854411572647,0.523185509424943,-3.27229783859849,2.78672718894161,0.0151604995581929,0.490169284844661,-4.46011974566299,-2.91983894011909,4.40611364908782,1.88954982319826,-0.529086512097306,-0.709597567639685,-1.90976702982684,-0.0114363440022962,-3.57766903248731,-2.604095828496,-3.33880808028193,-2.36374423101356,3.65973374659657,-4.04741417093334,-5.77085060953499,-2.14107024778665,-2.72035520699574,0.646680302702222,-0.0242606288902819,-2.24517906193748,-4.71599689838018,0.889516482517792,-0.33380238889247,-0.507601793866252,0.430182686121246,-1.5436844659441,-1.30411679118142,3.37494415505654,0.148575391139329,-2.1968054966686,-1.5716100003282,3.48977143830158,-2.90349079143138,1.15973739050882,-0.621250829725446,-2.33706606761468,-0.522266839264393,-3.69204612017613,3.18705366223709,0.0109965545999513,0.572671367282246,-2.8906481604313,-3.38734605837255,1.32905913856052,-1.61704762350306,0.013509401855009,-3.32030458246472,1.07493293531233,-2.99164394376705,-2.04036390805927,-0.542166131412179,-2.52874902835246,0.13066983209248,-2.61169485711044,-4.34898518848493,-3.25764041896571,-1.92096375615795,-1.42891957334998,0.815044869296989,-1.37269434166566,-0.0769763773379136,-3.03427323459707,2.44268105775049,-1.36049046152647,-3.40009953818398,-1.9663697532384,-0.19874458534711,-0.21342388567832,2.33324838100026,-3.5520938268799,-1.90160048099503,-1.05864955013687,-1.57547073446597,-3.67225196278562,1.07828938632928,-0.0384425873222066,-2.88957808680261,-4.32934451749818,0.438720454794311,-5.02935626925886,-1.95423275577943,-0.0294988752743075,-1.55670550572206,-0.0510797926435409,-2.59263687735783,-2.02474463806157,-2.70099497800828,1.7773875645698,0.0203312182368711,-4.27534009471896,-2.00316394803092,-2.71686593939575,-1.59443032734111,-1.96388726906937,-4.95630256605414,-2.03794127477082,-4.02498195210428,0.354826588433847,-0.046453365781027,-1.31085598317893,4.61005509462461,-1.52061809864957,-0.878423926731609,-1.43467405372873,-4.14357026013764,-1.02131594807306,0.132121023115935,0.152795992544339,-1.62193458726206,-4.17051343248875,-0.888936321896344,-3.05854509775979,0.306407258406294,1.15247211949681,-1.52333855905972,-3.01822002870171,-1.24148925159238,1.0448669992621,1.69585524629728,-1.4137392179334,5.30120624910486,-1.71941946852439,2.08865749532664,-0.601781022916911,2.36789573469964,-4.71044117476909,-0.144249296989249,-3.28442175166252,-0.873846640611983,-0.935737844868549,-0.454691466859038,-0.711914094233708,-1.49960791823642,-1.29089414119981,-4.01160571064801,0.88985757634259,-1.00971276866372,-2.04348967969873,-0.988458247383667,-0.452357148186041,-1.63209430227251,-5.63702523828592,-1.37455277372807,-0.0307144143413164,2.95400378808993,-1.58532496632812,1.91990253107382,-4.91688505211739,-0.70233474528472,1.7690209597842,0.199657464342901,0.979144318257504,-0.726849759690533,-1.61921406297054,2.12704920059133,-2.74760652314017,-0.699996867392038,0.283456156483245,-4.9492804454123,2.14514208619398,-0.313357830467412,-2.56751055807696,-2.85575340291594,0.0200735796545157,-0.456836585264964,-0.2502301474344,1.06231418431735,-1.98519863843617,2.27430128025279,-1.08059395898981,-0.875498571191497,5.41436050427872,2.15948984374741,0.251526792624428,-2.44567570019852,-4.11084661346579,1.85517591224688,-2.09210061151091,-6.35994299096762,-1.31700299423943,-1.64570184098957,0.767293750346701,1.49257725185635,-1.10851286964037,-0.884148198928905,2.36895477933739,0.379167227682917,-5.79208468102084,-3.11232519845707,-1.07305111746044,1.71869036142429,-5.40270346407646,-0.670791409163232,-2.42610282390246,-3.14330525891403,-4.30208103104686,-0.385693317335579,-3.18359660355062,-3.77057080396466,-2.95653558073679,-1.55922030717972,0.379932462007463,-1.86087564819183,-2.86612709523918,1.17562187451665,2.46352573125784,-3.23311116397312,-4.8945946599871,-1.16609886750773,-0.460073767904513,0.483390661680473,-4.1596175895936,-3.04939790685907,-2.11520685234818,-1.12805401462977,0.648245235899589,-1.66086334568051,2.06838865643369,-1.55920141301262,-0.070541492586528,-1.12441177408619,2.47646301497325,-2.17853490213674,-3.10137431059398,1.73398895175385,0.695062129318317,-3.05983939319906,0.307441347995255,-4.73367095589787,-0.119545434362305,-3.41732947305805,1.27881830196078,-1.30060676219143,-5.32532035845951,-0.863619752661704,-1.59390499962967,-0.263555227997571,-0.580475785854708,0.811476603726415,-0.343776711110955,1.10515946638818,1.19961055824018,-1.45893921524111,1.87112067028232,-0.249186042083052,-1.23111313675729,-1.41097460826961,1.0227775298146,-0.0170696716389331,-1.0308566926964,-2.12873015818654,-3.81022991591229,1.76139350101324,-4.44175675247618,-0.550485457478986,-3.62259472192173,2.60166705106445,-3.48173207891067,-2.84835916536435,-2.31029521104019,-0.841320062592527,0.578953719910076,-0.827373849344583,-0.043772479978789,-0.976243762221578,-3.63862366006454,-1.73361238750022,-3.04150317108072,-0.730535484224303,-0.0871002844461315,-0.128326014779643,1.10006018751386,0.823780210285957,0.327939007283586,-1.76519688774088,-0.809474729854705,-2.7629678478599,-1.53054534882999,-4.46863217144512,-2.38238953335522,-0.601529817718692,-2.22898160881103,-0.486554226897737,-1.32017600497607,-3.8131605259508,-1.71439997395108,0.42097252190887,-2.95557704541937,-2.06564840344017,-2.10132944345286,-3.90425290685732,-2.46445206272748,-1.31271494007496,-1.48455071475655,-3.39795122486234,-0.946747775436756,-0.165669511435162,-2.24393951140789,-0.278948875712646,-0.0784436477487075,0.777081842149978,-2.27510310237262,0.589880213268195,-0.111212883484684,0.737367625080475,-0.762830531803791,-2.39892991326787,5.68980080111105,-0.00346701574596986,-3.11235611132215,-4.37846605573404,-0.996527302060197,0.431253874143129,0.356907427814424,-0.587902957775202,-1.06853670846331,-0.25241299585448,-2.53157007121743,-1.20547219664499,-3.42498809766128,-1.65547794170249,-4.24457488300903,-0.80120833017126,2.37577362395909,0.0928789627299029,0.459046766363631,1.92527816890445,-2.72793762287817,-3.99706875752879,-1.83893100478476,0.303328783150844,-1.63100132384873,-2.57011904676994,-0.775108112257106,-4.74534842359187,-3.02582379710337,-8.00156166217563,-2.78342858885161,-3.12207582996199,-0.89837202772226,-1.32613097091442,-1.38911652225117,-2.68763936570277,-0.481439272235497,-2.82613351757402,-1.03105427331048,-3.93085261357938,-1.0217489164092,2.1772139907211,0.127452447716756,-0.771136213589894,-4.02788090704006,1.70986795188258,0.871298063684886,2.03288866050987,-0.846101495193235,-1.94259392967937,-3.5936305515113,0.404359183354531,-0.56794519530125,-1.50720705749642,1.06430215286566,-0.318341909751306,-0.161720800468252,-2.52101749057956,-2.7161528764993,-2.00259997885955,-3.41375938193863,-3.42668068533338,-1.66482080438204,-1.69389070023625,-4.75399857312822,0.577880914824283,1.24699614629556,1.80220761726415,-0.748684518109936,-0.679239380507987,-0.696875630615406,-4.21759000055878,-2.52021001198498,-0.745468075471442,-0.74049282374134,0.184453363110874,0.372942346519207,-3.42811105076682,0.10710063375942,-2.67491908552818,-1.26418432744125,3.70745363345342,0.478930816318816,1.36230880993628,-1.20602517775552,2.47042822682321,-2.63256182745602,0.130145734228821,-2.00647279126236,-1.10404779445917,2.33316253008887,0.366871752510838,-0.72259327013156,-1.09868092073175,-0.380992327804807,-2.64812685247012,1.83492526201298,-2.99812115861397,-0.831233220157287,-4.45641128992732,-3.51110348649661,-3.3202880963012,-3.54185136306244,-4.45830965787409,-4.47256799169423,-1.45537429967071,3.80319373818333,-1.91182151235684,-1.19211104068214,1.49704100492541,-0.0518204179321021,-0.499210887603025,-0.308970326603893,1.03423478677385,1.09307220253834,-0.603033196515717,-3.61140788040868,1.46884892934686,-1.25015538862717,-1.23911871760479,-1.02148414019053,1.55446604070402,-0.393461332767265,-1.24615267101912,1.25121800594557,-0.0450923609452194,1.8489226551757,-4.45266715739718,-3.85878099284992,-3.48189310220114,0.201954894237694,-0.695367649866466,0.391179154315392,1.82508898962877,0.755048678681265,-0.0773130393437143,-0.928174614491484,-2.48648531495643,-1.36337947882726,-0.743230918707757,0.958883292672845,-2.62119050154057,-2.80821786118806,0.10198799820999,0.880555568164471,-2.83742767520479,-0.12764296572857,-4.432037093578,-2.02949269754571,-0.929505660559866,0.42147663203182,-3.59443283591889,-1.41659547338927,1.24103244993654,-0.977350694166793,-0.512838104709352,-4.16924219528599,0.745450332654271,3.25782579778296,-1.22694027508698,1.13091971995781,-2.20888907852458,-5.01878641670025,-0.302992105477716,-3.14862914492257,-0.238194293601959,1.05971751448243,-1.81490729443802,-1.60820865243882,0.896157691811078,0.586524139393592,1.26222209155158,-2.30442300354319,-1.15311238249817,-4.55853706787767,-2.73679294209871,1.1209140727606,-1.51115028431857,0.737460833899438,-0.637587203906373,0.659378484676753,2.13956878868955,-1.30494661492431,-5.09605168369501,1.86415909288158,0.0185509917412614,-2.94384544513252,0.561307682374189,-2.19379178310464,0.397033127288337,0.0942703096046109,-4.85082028013933,-0.359222572287815,-0.026911566272883,-3.17559627593806,-0.0665630104228139,2.56834523916108,-1.25998723290531,0.696952763606859,-2.75715594617579,-2.37702484277101,2.18217109338231,1.86143221922093,-1.88875328883719,-2.66362061573137,-2.99689494905723,-0.273251868521872,1.58845332777597,-2.6758932088286,-1.97308070602903,-2.23797690331871,1.11601031288651,0.605018233983285,1.22309442494289,-2.24678078047642,1.51176703206962,-4.9636261365983,-2.57091116393091,-0.704619848771599,-1.54276237245978,-1.40027344693484,-1.10981428346081,0.223384714949858,3.06866759713315,2.7582617458356,0.393132346815619,-2.37960530781319,-2.65965270627056,-4.76873347350797,-2.89399784076506,-1.09648865242643,-3.33889914763497,-0.308020923792222,-4.19440573408205,0.14012714700887,-2.34577698484006,-2.19630274706083,-2.34349002811295,-1.94472525936916,0.00931255026297584,1.13438895171056,-5.08800125998634,-4.50789089940263,-1.6084311546529,-1.64297192978881,-1.02976457214957,-0.374904695539022,-0.647905594810111,-1.17663569230632,0.112751688765659,-0.970641624664628,-2.5280044883865,-1.10016873907853,0.437681980861503,0.310855906382413,-4.21446848321852,2.16297101313987,-2.18470146971721,-0.4137582314102,-2.11844843818683,-1.00228584085897,0.873609084792626,-1.57842617474454,0.08740001182387,1.52607968984205,-0.574974507443549,-3.03992369095797,0.766611837153884,-2.78459697730554
"82",8.21858927822525,6.92026396294581,5.38480901033454,4.26502599245126,4.43835845290117,6.37760722509639,6.95325874234438,3.7574778454755,5.53579526895626,5.59269541816386,8.61619257388448,4.17528681263325,5.45037202748712,4.74093544563937,8.86755234572543,6.67627019656119,6.22388325783441,7.10952288723435,4.70371708281113,6.49826075698849,7.41358959823163,5.83047041786486,5.21295066968937,3.32838507035596,3.52586356362138,2.33016269651824,6.51582945759711,6.7140868247798,5.14733128287335,7.3586974653125,6.65934246307047,9.94134345473275,6.73636805265605,6.98779481588799,4.72366495719458,2.41334542459715,4.54650645392243,5.63102259177849,2.22688764009347,5.86158297633402,6.44397496761578,6.01806727905675,7.97757687944302,3.21281087151635,7.54869646252369,4.840006331182,6.41257321258341,3.92835494790183,3.19014684506439,6.12697118340337,6.39730981339732,4.01309708554469,4.48450639689566,3.5088744607387,3.93291066834948,3.81302934955883,4.81693774094916,6.52323085082867,2.96151172983501,7.51965441757631,5.90253715545979,6.02489816602333,3.85869905693423,3.24083304570471,7.39370836205299,5.76966564069731,-0.292786729344038,6.54169244233203,2.22709586503778,5.93691588709732,2.24532416095515,5.29201845848797,6.30529839664708,5.48114929589261,1.43451984285026,4.74718686546565,1.0582134626361,7.44628436047539,3.04379925958214,3.63235875734857,5.89960069691151,2.97243975428215,3.0470038279251,6.34744485308967,5.32930360120876,9.072342901147,2.11935383068377,5.23446385108054,3.29854998677977,5.67042632488037,8.09888972867495,0.692556185021573,4.47811440582034,5.55537233689582,3.81450976519681,5.64455006555049,6.95906786525962,6.66246727605471,8.25669586710365,3.20371758310273,3.87582878919322,4.98864869485122,2.07674262028033,4.09461622287644,1.00657448381224,3.96031328363603,4.76395982626831,4.15040404934022,5.55851376709299,5.26191463852211,3.15166997440738,9.54489713242178,7.06029597406323,3.40471889265046,2.49597991828053,-0.277136315491464,0.346333249738305,0.732332680172291,0.185696463502999,-0.90702364810465,-0.037474819354447,-3.7805264572274,-1.38632958645262,-0.310985084952844,-2.54576585988943,-2.30949236217773,0.725930533763575,-0.826544220026351,1.78814356629067,0.837439142455159,-3.47618533120206,1.70963306008544,-5.03758319459735,-3.85270481231158,-1.49823137719885,0.622985391641394,0.756806759571497,-2.83347168074361,1.4139952490585,-1.91021077427444,-2.7198089444501,-0.894489670453708,0.272931294379027,-2.70349570792543,-3.18518654573549,0.133870492472872,1.11852063582571,2.29267450897594,-0.903352298883001,-2.00168456597036,-1.93848306545038,1.40787368875837,0.0445927512848008,0.239964012458156,-0.651068595854259,-2.7915629539378,0.232769852834881,-0.959371339266958,-2.98136741505583,-0.348306968520701,-0.0475630172339256,-0.982237857325195,-3.27186162277295,-3.77129212677344,-0.981096905016012,0.754589381605434,-2.3204005470625,0.253856314886513,0.590514400112933,-0.279795232399362,-2.43246229118837,-4.58281074827638,-2.1629758719638,-1.74318716060523,-0.548433114916419,1.7162910504685,1.10434851314138,3.57154203261134,-1.03232487060874,0.757487996370592,-0.816017126975762,2.43797132600955,0.660420296972841,-1.7245655992048,-0.41039366220146,1.91885530267766,-3.5014459211215,0.316752573759316,1.40514547670421,0.652424477215068,-0.970421298392477,-1.02963769541427,-1.66467751905641,-2.84493759016159,-0.529306755707476,-3.58124441577955,-2.4012159095587,-2.64539781931191,1.58663228334707,-2.20582356509642,-2.32075069360947,-0.41943857789464,1.03010437936264,-1.24396966488905,-0.54232361007683,0.296879005346126,-1.16782522284556,-0.971314059128121,0.861935856376826,1.09060145797342,-1.62664036714478,-1.12219274356811,-2.50322997923516,-2.54599642129467,-2.32327837897044,-0.514494553437381,-2.86178267118046,-1.0591030185617,3.00381894030359,1.59100851640892,-2.87969131386988,-2.34696743661918,-1.00765207644527,-0.754739508402033,0.757058556468606,-1.24393169487515,2.91793683450171,-0.244174075888557,1.05785611492932,1.99822646306349,-0.943000047152013,-1.58229953796426,1.74072702316199,-1.29734560262602,1.4931030106071,-1.97307465366111,-2.11406555272351,-0.357529316950151,-4.10640190124146,-2.19885914465934,0.741000052706221,-1.50262173273572,-0.847733621529333,-2.16643740377839,0.715192244430192,-1.88919927764187,2.70840161684603,0.913450196706439,-0.150155419973326,-0.275594788138557,-3.22280106447889,-0.413109532447069,-3.56668989909199,-1.74264948477667,-0.500939580719282,-1.31355487714818,-3.34604605320914,4.27565622428145,-2.29663671089157,-3.06633594982819,-0.491648269135763,-2.44050350803057,1.1550894350659,0.512088711364399,-4.05969803589387,-1.42325659725873,-6.5623420131,-0.42049266844828,-0.562250471494258,-2.0976154599518,-2.95396624642608,-0.508411166650562,-1.8309986487515,-2.3434303714767,-4.35751977576976,0.695799489150093,-0.616952083107063,-0.410837704917883,0.628636743833088,-3.43359371465373,-1.24016410538591,1.42196278321232,-2.09470464095294,1.25912330539978,0.836480363520667,0.301770325284316,-1.62851445444517,-3.25339000146191,-0.903628677590644,-3.96889343004344,1.03511900014768,0.0433189739430837,-0.19698307647422,2.20529719130893,-1.91176950920666,0.197133107101722,-0.102745131823503,-0.505714956420187,0.304596054989046,-0.795902156247215,-0.311433854475669,0.355447452007508,-1.00709166865812,-4.19935325690359,-0.67833431718603,2.23401773203593,0.0646547569485818,-1.71257131325018,0.87729612648058,1.75769756823233,-4.65280509667799,-1.61151062341127,-0.00148264939366294,-4.09797227291041,0.698398018485307,-0.957815067079691,-0.330580184515352,-0.408701527243804,-3.89645543630489,3.57626659465754,-0.0196668255083302,-0.487401664100091,0.298980474771216,-1.05569040441766,-0.669666245638208,-1.82052270826924,-2.40029867264705,-0.299301411727925,-0.908041765515471,-0.170496755969191,-0.202503727600756,0.425765526831087,-2.41064752728751,-1.59369538371287,-3.7110667804317,1.1579460531494,-0.103756039908299,1.58732165260575,-3.45200734429998,0.772387755603964,-0.225712344708914,0.348599507425942,-2.04433616559474,-2.09731180307602,-2.06342728293027,1.09935246771277,-2.31497540049594,-1.61336931619454,-4.73016441666921,0.327830296255162,-1.69180518165755,0.81906408262568,-2.18285563533705,-1.77656235215248,0.271076005656388,-0.0117806837444456,-4.62405814877,-3.62861983502484,-1.54628673440973,-2.82388840279876,0.396442885001494,-1.6995604672846,-0.0664907723697,2.01643188899949,-3.99530978811647,-4.36016369154558,-1.73198148868713,0.804212390515827,-1.62436797861308,-1.61101652689142,-0.836941896580443,-2.23533529479257,0.0929129595437974,-5.27173951937113,0.425071433840927,1.23091924429905,-0.469434018215081,3.52060400139077,-0.299530476250733,3.35626880349199,-4.98335211069216,-0.882224345625555,0.727796414216175,-0.773723927694193,-1.39873733891198,-2.36196309198098,-2.9119263570088,-2.89821079418673,0.746097988854653,-1.91919525521464,-2.86037420632084,-3.11555063689515,-0.259201720149634,-0.681534476081647,1.1754523765796,-1.1513447019209,-0.0634216427189397,0.997217828322437,-1.46268765537674,-5.92084178603798,-1.13378323228196,0.186741566804811,-5.60131685321429,-1.42942625787971,-1.56906714232032,-5.39704714668683,0.929040932463036,-3.26666661007831,-0.412990987635049,2.2093810420206,-0.638725770156171,-0.462834789272302,0.120948133185236,-1.84857037521295,-3.42385974859224,-1.52728192149985,-0.54467448192898,-1.46261320911584,-3.05597652686372,-4.68964456334286,-0.0964217646870036,-4.60379282257124,-5.02406686725038,-0.976272158196609,-1.96118539561486,-0.409922507071413,1.07627126038783,0.0953811483720186,0.843961692091635,0.734081988678584,-3.00204329775335,-0.498506501442659,-0.988646948378103,-0.509843371910539,0.540168569989353,-1.47044021332666,-0.572305893172191,-6.54299867083946,-5.3829819651095,0.306317025504832,1.32223097993037,-0.084650596352382,-3.74928764801226,2.0591224124412,-2.61900584074944,-3.11223374111448,2.69355955585837,-0.58836972214972,-0.0117940435371188,-0.909826041528583,-2.50351662318774,0.499757391902047,-2.29557783805972,-1.17092413887312,1.11830836328104,0.32161119045211,-0.0456613701108678,2.37210168573841,-1.79827392509439,-3.28481318770923,1.51430011981071,6.00920170098916,-0.122617737424446,0.630744368493406,0.0336630898995047,1.60190434454443,-2.23325454826318,2.86061961942928,-1.64619091638621,-2.03590250383154,-4.28461385512913,-0.508254431097522,-2.8346287658147,-1.89122260351394,-2.14061330168601,-0.946548222610174,-1.60278743995095,-0.510145907144924,1.51384756774146,-1.44494886849576,1.59560201783043,1.49288515325914,-1.99507598798201,-1.03955564111617,-4.76873242564842,-1.5156810262148,0.978543312568414,1.21431595439804,1.34873866552073,-2.1697886873182,-2.99206978242842,-0.472651060276803,-3.85098412583309,-1.60119134226266,-1.23768294582961,-2.88351152332969,-1.19181114304975,2.32094310814782,-1.99972599947848,4.1275395983394,-0.161916934112296,-1.94104290675062,2.09163156954574,-1.00608936091369,-5.48548937838581,-1.0013253395213,0.579018636114095,0.411190445196856,1.40005345631631,-1.84371935236917,0.704206529108099,-1.36795262421727,-2.64294033065402,0.170503853402531,2.59784373956264,-0.937717343177304,0.973822325819738,0.472560219674899,0.160475288590597,1.45338457475135,1.60775964004133,-0.128989440328938,-1.217263996187,1.38675652026325,-1.18534341694949,-0.832759565537942,-3.56238754780022,-3.03502167219401,-3.26693791380538,0.319098237645013,-1.35147597164515,0.902160429369957,-3.12687795596181,-4.41468676008563,2.00988267380664,-1.37998484693798,0.648910932008214,1.00820926104719,4.37968131724565,-2.51226951875278,-3.93741842285811,-0.0977317208635087,-0.0305977812210426,-1.06056987879969,-1.66000317208137,-0.642790295114623,-0.589418170564611,-5.8091615986554,-2.47478786894911,-3.73480982685845,1.20379841852686,-0.336027925822655,0.97275918021024,-1.92848861875404,-4.30373316768208,-0.653088005159635,-2.26672200188135,-0.458295460506035,-1.06069534408394,-1.15738819643275,-0.504759651008673,1.28419822989418,-3.47025688644713,-1.45422393979643,-1.5561594560708,6.08037246511977,1.47806084226901,-2.07133104059724,-1.67840967928571,-0.509515811767773,1.17328927731028,-0.759108594626746,2.15719040816972,-4.4470841778458,2.12925992367734,-3.33741998896963,0.0119642796398136,0.719902041981481,-1.57027706110898,2.5226907188271,-3.63151774430621,-0.65977452734379,1.05928276776916,-2.94282060476815,-4.57217728832804,1.58392664549701,0.107764699034937,-0.617061230906466,-0.952833793337887,0.0370852389235459,-2.05917049417728,0.206315518207769,-1.21996443873062,-0.885283955234972,2.98414298858606,-1.26049293912955,-0.298118118851,-0.546815441742399,2.78334775087679,2.16000772490663,-2.12803595668209,-5.16587335698684,-2.56158403862329,-1.92425321406875,1.72608964013961,-1.18763091471768,-0.626903246231507,-0.855814328209936,-1.76477514130564,-1.07164156273694,-2.90510626366326,-2.97765107262301,-3.03720583746294,-0.475424377947513,3.27388439146711,-0.717233505800482,-1.37658412430093,0.975749634831461,1.54929183750903,-2.4509465968211,1.70408026188533,-1.29879362434108,-3.27816706117925,-0.854726209038566,1.66323557071276,0.992185406038887,-4.71239909408695,0.656066648944746,-1.47017880487918,0.7075543742525,0.355641981451475,0.757067434494833,-5.17685345701277,-0.0063447041240231,0.180797368792645,-0.919753115714497,-3.55674627604851,1.05982050000278,-1.58830955162613,-1.6522082530576,-1.8954198574728,-0.84327746639849,-2.3928365431061,-2.56371035437746,-0.314074066169279,-0.315273520906507,-1.41627943129464,0.131866871936136,-0.914687391073327,0.306122233829723,2.65339155273859,-4.1331137135208,-0.875253262430583,-0.950996934169964,1.41324735010254,1.72728581749861,0.773637203206997,-0.856709581668918,-2.73074670254269,0.851926898871829,-2.86295280440439,-0.205846222859551,-2.49236310228232,5.08343295349565,-0.70878120872534,1.22254546325496,0.611787208045725,-2.56121681538687,-1.7756487279054,-0.717726707441046,-0.42465056942089,-0.675578385320388,-2.18634998774772,-6.82124312059261,3.53283118268493,1.80742792464114,-1.82810149561512,-5.85020382504893,-2.28937591634309,0.0790020444612178,0.555100701697576,-3.34707326247119,-1.62932841734683,-3.36755616773571,-5.19106153279575,-2.05814401921299,-1.69565766205326,1.03788343203734,-2.9675683998042,-2.43810225969527,-0.443616954754565,-1.3112931881057,-0.319795533590823,0.886988365661935,-0.861504399759078,2.62966697947363,-2.14035427305889,-0.386923776779251,-3.69657174613725,0.485112618818278,-0.824604218287918,0.0593616497369736,-4.23798874562483,-3.01588881957522,0.829721864762533,-1.79590626970537,0.351788482120598,-0.692668758658003,-1.2390823631869,-1.83323936020566,1.71818599425484,-4.41416463344127,-1.03240991511306,2.43816501359794,-3.51189168572885,-2.06978383092826,3.46965655747367,-4.27715664797168,2.84463851393218,-0.746497498724986
"83",0.531289907404867,0.253940829284966,-3.60013888561816,-1.59317877517265,3.42773633849401,-5.9123236843263,-3.1609103494651,-2.37258837682834,-2.55880478474939,-1.36524860932636,-1.31071721037254,0.50240326440428,-0.841135785847671,-0.356745541429041,-1.63599149640073,0.784629039493367,0.887856506730893,0.713786746892345,-0.342505379051782,-5.79575030232549,1.5882158025309,-3.3397086045547,-0.977909172592214,-1.49108846778599,-3.10350735232848,-1.62857733048278,-0.920621371553246,-3.59022457832914,-2.27158867337244,0.9255662340558,-2.70054625943992,0.538797791386323,-0.761720792854845,-2.46018330482225,-1.58508242270643,-1.11951088343593,-1.28012878694096,-1.13616918790294,-4.32472834806911,0.142786803759705,1.64888058819864,-1.17563826794333,-3.60837539961593,-0.525831636716773,0.156561682366037,-2.96837459427562,1.45305940034881,-1.54849582717513,1.55686403024504,-1.9042514612851,-2.8686606329055,-1.30048879514788,-1.98638307559483,-0.962273853882766,-0.543967067027637,0.81951095822521,-3.46793691368471,-1.42497116192405,-2.02028744280727,-0.54538694464694,0.707317629408427,0.483686481686556,3.59186782875015,-0.766648595787135,-3.33166273119652,-1.00644819722063,2.46236281293085,1.1499314575413,-0.246553129345912,1.47968134382235,-2.93945975389866,-2.89933507854923,-0.628372892516268,-3.17261253463967,-3.21186816251272,0.822669347999978,-0.476180708504093,-0.956746350190999,-1.56336924504642,2.25851048977976,-1.86985286519976,-0.202656659119727,-0.0943870479306045,-0.568265573736586,6.61287842491217,-0.596274612360104,-0.592915831462875,-0.732236406146085,0.530781117239128,-3.68200606323199,4.02908316327713,-0.464703120538169,-0.510498135583525,-3.25015748656317,-1.57643094315701,2.96232660034134,-1.55195559300499,0.555251050865504,0.169490891009175,-0.676979568400396,1.38856494811968,-4.3515162366414,-1.1360505964072,-0.716908901796193,3.8331949939663,-1.63717299248109,1.99430823665608,-1.05964759589643,-1.97126569205215,-1.45869720113793,-5.94108541516534,0.945171411337585,0.739600917059622,0.571920709249,-3.37770782194924,-3.62561421269157,0.548428530686687,-2.67937018772965,-3.21257210896998,0.601717652043919,-1.99213858763341,-3.41059168747869,2.51213062423402,-2.86678239670235,1.74663787067211,4.41480718166869,0.323296531519683,3.80113178606666,-0.397881955581133,-1.6704597801052,0.793903121971363,-1.25393958579758,3.00245080738393,1.68858021793332,0.120629808524058,3.38643686637247,-2.4034126551607,-5.14652068559416,3.41584370747167,-0.713650719201731,0.835341746368098,0.880677842525865,-1.08815287000062,-3.56532733693073,-1.10576446871569,-0.286044727376416,-1.65394788997821,0.277745360590024,2.08389728446992,-0.78500606929216,-4.42818234164854,-5.12532105627214,-3.54970369940068,-0.703877291260545,-0.934833849981443,-3.34778757136974,-1.29055163526979,0.548626875345894,-0.167742118868527,-1.18516142002783,-3.54268556369762,-4.03808581120792,-0.988788272082888,1.04156466042396,-4.46149847135528,1.79118875500478,-0.92636757645072,-2.63959552562452,-3.19808770853501,0.0322206041491033,1.19025385132475,-1.17378654413666,1.5885550292264,1.8004604712571,-2.60817949020928,-3.24929328761612,-0.381131370229215,0.757631936991721,1.57843291383134,0.490495211056004,-1.52151515053036,-0.816799727619002,3.51438950281679,-0.796755655614654,-3.55628193591644,-2.2207567695383,-1.55871634246773,-3.42382732463802,-0.216936130500433,-3.54902612400407,1.0330607297098,-1.51482429632846,0.079270499855276,-0.0339442160297325,-2.88126713113487,-2.72842727981307,0.451086872854809,-2.2554338706922,-2.67977899137028,-5.6270800748884,-2.23457677488505,-1.39996548327972,2.23087807299295,0.532683638445081,-2.56212661418939,-1.81399538654179,1.79678369220199,1.3160217887381,1.38280919691011,0.0578189745180215,-4.65199896182931,-1.42977778376052,-2.41571599880738,1.37113064902344,-3.177106949456,1.06850226706022,-1.23318144490436,-1.6072720269471,0.589672680606911,2.13186215036655,-1.8044118122292,-0.909440080586938,1.31874452817205,0.763825349497772,-0.288290965555845,-2.76483237486724,-3.0341324564621,-5.40625217449395,-0.675539791389776,0.700130990756187,1.74422714523975,0.244686767184858,-2.65645720830358,-6.46864755287835,-1.22761887768208,-0.251223676991113,-0.196029828758293,2.02504633593037,-4.15207111685349,1.70348482399159,1.41818668392645,-2.97146778390496,-0.134617876078918,-5.42341128285434,0.212840498591911,1.9286809603526,-1.04694593055635,-1.53368660481031,1.36001701809323,-0.659726816809201,-4.57026071126323,0.0472917643752224,-0.27725945687819,0.889281343843562,1.29829771169741,0.712882686844123,-2.59436304904641,-1.52228995509249,-3.1355267168038,-0.700677449598053,-1.4891175676124,1.53572554867767,-1.09148654482553,-4.73983686727328,1.49125324661295,-1.64557318557681,-2.47383142844351,2.88144596374961,-0.836508636114958,-1.79597200304435,-4.33630337978884,-0.338576380155365,0.507741302267195,-0.692886481879486,1.75624964422252,-2.93835818256821,-3.94175843466788,0.893440170232514,-2.21281951589887,-0.781938737735679,-2.13073198680663,-1.14791970164983,0.907411564574948,-2.44503672337864,0.704505533267521,-0.830799495767386,-1.55267256777458,-0.910464897776554,-3.7101381329495,-3.63529388364808,0.197407084071975,1.82899334658241,1.18347478443223,-0.392602488100778,1.30319751063581,-2.28607913570881,-0.449462788206955,-1.96918254208228,-1.372872725414,-4.79944561677085,-1.40022136270376,-1.16827717844775,-3.41240142961418,1.31848037464965,0.554239480673311,1.51983168123223,-1.46394795870703,0.0373550050011211,-3.78691938915291,-1.55664497864605,-3.79652756863242,0.729161747033496,3.41938014045154,-1.20126337226623,1.24596628224093,-0.717326631179739,-0.458118759420649,2.50767239252686,-4.50555524551658,-1.73730723657703,-2.12884248740112,3.82169968147408,4.68127026383752,1.46815371359216,-0.823176940645014,0.966054399462958,-2.52971159594516,-1.42827319471971,-0.261604776353548,-3.14371452849948,-1.64634555040436,-0.0168003912160458,-3.51643094841358,-1.39113188678507,-2.29154237407378,-2.53634017754721,-5.47320631820709,0.559316230369851,-2.94184934202846,0.286974917149949,-1.19260305070301,0.940213605907961,-2.30889095793708,-3.2917260803263,-3.37180482638188,3.323113503752,-0.29831948316648,0.752892963377845,-2.14765722418392,0.376805429958527,0.394102183856682,-2.54488534828726,-0.168624468595904,1.32671728729895,-0.888008891378135,-0.395465615609658,2.54223766791536,-1.47017050437119,0.312695966098105,-0.940999917712032,-2.77254928858418,0.768308942376697,-2.14265712949647,-1.25538797862913,-4.17289807049831,-5.5913217808433,-1.10891525269991,-0.320349857957682,-0.302574722457047,-2.03428694281091,-0.643887076143379,-2.2208114975284,-1.67831019131267,-0.620371873562953,-0.0781600852479415,-0.591896271609906,-4.22386649443997,-2.47298644315328,2.14638317510811,-2.04588133143938,-2.72803457576799,-2.99274140005656,0.908840607771443,5.58629825776361,1.61776189468324,1.18448714737045,1.07792782480346,0.663571785847734,-3.37351740857347,1.78942345774289,2.85884649785643,-5.67669807685265,0.634269217977201,1.91933232163811,3.55563037820613,-2.12686751512729,-2.16893560447697,-1.39734728472403,0.845423860483533,-1.33816839481211,2.99426180994396,-1.26536433615407,1.31299127860607,0.880259823106293,1.53880722244159,-0.506905312270377,0.744577929466431,-1.0936661604591,-2.49146101273925,-1.11151321838617,-2.40862222721315,0.930246513524528,-3.03654671863924,-2.23692617186654,-1.27547533127318,-0.0379249195091678,-0.337489233902491,2.04414052431905,-1.95732111626741,0.261482076839685,0.856022123272274,-0.37793571185769,-0.620596200078135,-1.1168548078207,-0.0811480950661888,-1.33395699073694,-0.156423427051868,-2.19588437759805,2.13718128645608,-0.695761365513012,1.26570733781119,-0.0831578424152316,-2.58363234760394,0.723170937125635,0.00779606318904946,-1.51566862464809,-2.47111177356038,-3.26321462277284,-4.27917929121464,-0.115105637772474,0.376505040348886,-4.53320631366786,-1.6112287454541,-1.06670419468451,-2.67497988136954,2.98595536991933,-0.635551574348486,-2.62064375931447,2.34137343976079,-1.31438352096492,-3.25633003869778,-6.2285532250291,0.422802923503677,-0.120711881502235,-5.08138705952197,2.44177920331857,-1.53086600149802,0.8547880119817,0.317927025441513,-3.517890410308,-1.90149803967239,-0.517953497762426,-0.983913844106485,-2.61858742753901,0.328873509550628,4.39421982293348,1.72533843107133,-0.508091659286548,-0.593850174392857,2.31405165189961,-0.0654804712421792,-0.18725195702923,-2.67575636944827,-2.99823691852033,-3.79895698446913,-0.544225260142517,-1.63706313840223,-2.38364690175112,4.92649220851417,1.59936435279059,-1.42950643915542,-1.35785134982369,-5.75484264730926,0.0831815016377293,-0.797888481100872,-2.65730767634481,-2.24699297198488,0.262235230277436,-0.337653451883817,0.495868420804732,-1.29909560156028,0.808789451612805,-3.66183355848147,-1.39468460397534,-2.06108004650511,-6.63048202691417,-2.02720420858147,-1.74712392787845,-3.15245114446006,2.9389901535269,-1.05227530783679,1.26094435978509,-1.49113991009244,-1.73514841567019,-0.579925894073289,-1.42551399671453,0.0804765702909584,2.23987410397194,-4.72372902687159,2.82956413645686,-2.22613119636573,-0.800521336669468,-1.78772399867395,-2.94352620826792,-0.424599946056572,3.07774769207166,0.182913972432121,-0.0543261641855692,-3.31264458574536,0.707060579727396,-0.461694615399886,-1.13477879682371,-0.662716332328553,-2.67752223288072,-3.36599667275448,2.00007757891867,-0.761051773377498,-2.2260088993831,2.88510892836205,0.423131805746641,-5.57047848814793,-4.11576382719875,0.590677842943279,-4.48872405702019,1.6270885188,-2.08187909797264,0.206887173837521,-3.1694214477612,-0.64196644486329,0.449522321651946,-2.0733094482253,-1.16516919057028,-1.17539803679182,-3.26012658776548,0.4701438625033,-6.7749615806466,-2.58386439600712,-0.249210431607002,-2.8270399670728,-1.3757991017255,-2.71126303024591,-4.44606203643142,-4.20573954537341,-1.26340132782057,1.4536244826126,-0.627503902889182,-0.0670983683933735,-1.32930244507688,-3.43306611075782,-2.74642301839271,-3.74991330527661,0.846680393582753,-1.41437493217501,0.0270185895386525,1.33053953518492,-2.04039802871505,1.14084494115884,-3.50486613278422,-3.92646332783261,-0.248613915589468,2.35693964614077,-2.49435262828493,-0.480804281859179,2.93082828275939,-3.35669642097857,0.639236763912003,-1.39783489817491,-4.9270228403881,-3.49285411561642,-1.50035448453487,-1.8837352583838,-2.14132799584758,-3.20142668308383,-1.66180327223234,-3.03077621365132,1.49440416714548,0.785443304821904,4.78554334952148,-3.0696460431116,-2.96850769238436,-0.848885834276492,-1.62278117006328,1.82444051980568,2.91377315381648,-1.10195588185417,-2.16760542314445,-1.62841541033128,-2.76586620569634,-5.43229490392026,-0.430698020868871,-1.07098167922059,1.13695260649362,-1.67756354841782,-2.12527795640843,-1.54142131606745,1.5493676554516,-1.09946199685722,-0.740222680236598,2.31291473543873,-0.822240653576861,-2.01639277221294,-0.644955428803135,-0.0410190309454574,-3.20843612790805,1.90733206774962,-0.0851994658635212,-2.25291940654773,-2.38706273881144,-1.49239698093264,-1.85699075187959,-2.59472774832256,-3.67420695557822,-0.026570333881474,2.45932814501745,-2.12319644780534,-3.49929116417947,1.44229794082102,-1.20085274070948,-3.36663554895299,-0.710623550792055,-0.801578519234643,-1.63193415851061,-0.640673666198083,1.426677797005,-0.120874929711466,-4.54822628749691,-0.0221431955629753,-2.30032527608366,-0.862232014721523,-5.56640774579922,-3.57387089346707,-1.10310035723994,-1.67836992928332,-0.590533151084122,-1.40247598877217,-2.61291261596086,0.263294353214454,0.143068475754857,-3.8461287733602,2.7518742341261,-2.78723504730685,0.683824578442615,2.35710370536405,1.06124807172224,-3.75075728734351,0.785629193112725,-0.206814412895376,3.47161410892331,-2.35702759237872,-2.08470078861487,0.088073348440777,0.420363793076461,-3.97451367155788,-1.88920064496761,0.405584395739772,-1.17133128786873,1.31453642403093,-5.12472059744488,-2.63884094362566,-2.45749401261603,-2.07705794896914,-1.4404490994692,1.39865585863045,-2.20852721379251,0.867599251764854,-2.0524755280043,-0.140517763971562,1.0947561668563,-0.605111417250608,-1.17715997957998,2.29088606534014,-3.12306828281536,-4.20708266689688,-1.79907460795098,1.58275918446201,-1.60745867570508,-4.46411616570178,-3.35167814967245,2.34535367362659,-0.210185097597266,-0.245217997493209,-2.81137882960568,-1.59387783628954,0.367058392662753,1.3318146547214,-1.29281585699013,-3.92682817393396,-0.326215300271932,0.419476514313683,-2.51252655810668,0.261204129856472,-3.29967181459424,-2.03150120616813,0.801282551437608,2.87755243261969,3.1488408134114,0.907504262593776,-1.12481943156748,-1.05949721279758,-0.536160850169636,-0.461323113138556,-0.350284524923731,-1.72613072380136,-1.1680540078155,-1.24119640225401,-0.0659097252039795,3.39975132381888,-0.90326262204625,-3.04584689621807,-7.36674236193679
"84",4.30776700179328,2.31212771584095,6.716858271857,2.89067321230664,7.97237236217851,2.82121909122623,3.72016107574547,6.26479831918819,4.8060353750537,2.64468418464101,1.45656079696439,5.38205634420805,5.75572879097941,2.04156979863358,4.08947131604226,5.23738946739688,4.65709054119599,5.54144133592868,7.88247101046764,2.43909384203771,2.73975443961291,1.99582198296083,4.31795772289756,1.01792507121824,4.91430240869941,7.76825712159612,2.53665179261664,5.92746522378817,5.33712931578378,5.80497668347199,6.85763208489461,4.85989627142838,3.38000848994777,6.05509495371344,6.42924146608488,6.17744280282694,6.20067556289391,6.00794783221319,6.09576782730121,7.48031651092223,3.96526939170491,6.28811445958219,2.9078917798454,6.83096821265645,4.58994708952664,3.15282278963146,4.70806548587914,4.60182955827836,5.77311482169369,3.99409877098079,4.76384061123192,2.61757636870506,4.65102515586238,4.3114943657414,5.69331938167256,4.55846987844369,4.05638483377112,3.64139176903386,6.49634609870367,3.49549037445867,2.59158757010992,6.45075285808443,3.41835267037191,1.24089280445094,6.87194042417176,3.02525294517658,7.55429648404975,5.3808030824948,3.35959089837118,-1.42732735635072,-6.15149560491637,-1.12173467153141,-1.55861173534409,-3.13983478200492,1.82998909917633,-2.67716205245685,-1.1925993332676,0.359535153930532,-2.62501768128896,1.36057184049822,1.20236469480363,-3.10606941597578,-2.91423620102781,-0.237064227769768,-3.05341972773424,-1.60207490938725,-2.20818058928404,-0.211657228658813,-2.48191576508219,-1.39431415014121,-2.01400645061235,-0.0470594493980369,-1.65229678609545,2.56605803227641,0.955293926569973,1.62328295084403,2.2254377826942,0.0543484447807068,1.81493550542052,-1.62320783035139,-2.94400349659292,-0.281786954933375,-0.84368294014405,1.81202185100153,0.0843983058070368,-1.84889487157577,-2.61480861666401,2.17607828769858,1.35088200550422,-2.93467636136064,1.07668653283577,1.46430375053638,0.68796488118513,-0.170067840183644,-1.34135844682247,-1.09063617028711,-1.93473951359293,-1.34624601678642,-2.67238567546177,-0.741099431837762,-1.69963142567772,-3.05960927097309,-1.79897013114886,-1.39364510789793,-3.2030130230979,-1.77494036012843,-1.5982024315265,0.575526835989074,0.93164506342781,-2.38167808371625,-0.801520189147795,-2.708516855406,0.904403244286364,0.0707249633121103,-3.25351846441803,3.00974103178436,0.981747547822371,-3.17306573756574,0.864068152105074,1.71966642286174,-5.05248408824729,-0.742612010860518,0.874883056040216,-1.46802710745241,-4.33997205075817,0.806103493436414,-1.44620732955886,-1.06060351017219,0.478716647895562,0.401968004182018,-1.39503409540785,-0.318112061261689,-1.51221339955048,-2.45533264652193,-5.21971590024623,0.201532970293354,-1.45719141997168,1.55042147512823,1.76557668077162,-2.25863971148112,2.45410744240914,-1.81407259794102,-3.48501810706024,-0.183144745097275,0.911544181050928,-3.54808468966257,0.283665410368001,-5.63258741946883,-0.428714820550466,0.465655320436463,-3.29746648985894,-1.61925585540804,-2.52204945405634,-1.31486146850215,-2.12316170758484,0.0601524002637099,-2.47432716012762,-2.77088533889566,1.50118514255971,-2.56912614027613,0.0827796126401876,-3.35382513285874,1.88488376167088,1.67905491707368,1.38644806374185,-0.397800436544934,0.780717433439769,2.0153341575962,-1.97745572479448,1.39998170770729,-5.22371576369487,0.657596573294467,3.21265360537575,0.216427368777504,-0.955653141601666,1.56514031891279,-0.354352975276009,0.702239344382513,-1.16722181767965,-2.21627322429337,2.71926860159526,-2.83944640372872,-0.948651517602578,-0.906125672490128,-1.14108519442218,1.94652733587626,1.51727317096678,-3.53108808347473,-2.6315043224039,-0.647565322443753,0.995956101902471,-3.75786245601755,-1.17802336689313,-0.261896638500909,-0.284748629835995,0.252169336233969,-2.43283171805952,1.05307609737504,-2.7714654776564,-0.627647326903025,-1.27499576359052,-2.26042307531504,-2.07447769197226,-2.27478088707355,-0.170611334690566,0.189225388927901,-3.81431111513625,1.06243430954719,-2.1304386316309,0.7409397507691,0.0234583215391095,2.05128971565154,-2.47389916894933,-3.53696247613091,1.21219305997091,-0.876606312874132,-0.366895186047353,2.178485672663,-3.57043118412972,-2.00161875304864,-0.921547578529777,-1.29907632691275,-4.35317480615435,-3.51367396383404,-0.840208796026514,-0.966962862947948,0.781280856810163,1.45304586981541,-2.59771409520182,-1.73304430904566,0.517326117817261,-1.38908319787717,-0.508132623549463,-0.947826343739938,-3.09866415310985,-3.24992895799064,0.353255214572454,1.20944362927757,0.363993918503475,-1.58371017771336,-3.51162151719077,-2.11520579388414,0.0655300209038059,1.39996734427261,-2.04061539201528,-3.32265533049376,-3.7171596007801,-4.95305489673399,-2.46256490665064,0.389287786525072,-1.58945263320021,1.42964767901442,-2.66862280511173,0.87143633432164,-2.21890990121266,4.8463700822946,-1.52250080565626,-2.08189509909846,0.490126178329126,-1.06690740178601,-2.80513438892005,0.778688185409454,-2.29833619303253,1.08097857353943,0.429257260876918,-3.91308773002113,2.58747156627843,-2.36994311354009,-3.79155828733397,1.43004610881695,-3.93513530981529,-1.03523059973421,-0.316384632013784,-1.18697342598586,-2.84373118348429,2.39212842685653,-1.55911767180782,-1.06186036228061,0.604538967818608,-0.284973758232177,-3.23598355264121,-3.39398993123837,-1.88086998991473,-1.07058674580717,-4.45698303578903,-2.55730893042223,-2.24836952119584,0.754278459294077,-1.82647135771907,2.37870912305644,-2.03481107660939,-0.950937407779016,-0.355130866414559,-0.037228186473967,-2.07238902178606,-1.77161219946275,-0.742743368122987,-3.51070389284027,-1.95740213399689,-0.469412662716238,-2.23839562274537,-1.41324839894025,-5.15817815874887,0.422230696508962,0.978276055121436,-0.155539824179371,-3.78388340385868,0.0718148205957523,-2.23964941003943,-0.190611945896225,-2.6675749277089,-0.469562115887012,-4.64078644668829,2.77661983373594,0.672092921472914,-0.0570179928274602,-0.0634201471273207,-2.95088903924816,1.97414955902173,-1.27387537168448,-0.327975321366832,0.970400603890965,0.19783052150025,0.8773714224127,-1.62532166846042,-0.893529890197081,-2.85115304539066,-0.180197631159865,-1.79909821262203,0.249263766322345,-5.01513584816952,-0.306671733940119,0.709128158356366,1.26404367408886,1.10146721630504,-3.48490213197603,1.77331966340473,2.11063504428156,-2.11044274639261,-1.99654207058381,-3.21433410724499,0.75649020133604,-3.30350372901058,2.62304148337494,-2.77374308870959,-1.23650384315491,1.43931243515407,0.156667041086225,-1.00981148581921,-2.12038659596932,2.6682286074701,2.64736485486049,-1.66635944217655,-0.666627656558568,2.53872936664674,1.37226325658879,-2.97181120842286,1.5292737008436,-1.87997290213077,-2.0760279666764,1.47631985101414,-0.854767911641299,-0.215885338042477,-1.64268497928956,-3.44050765078043,-4.31365663178625,-4.08090688420221,-3.60106034113094,-1.45662550509169,0.583832150238045,-2.01508659953499,-4.34005418373724,0.945265601763554,-1.13918186267373,-4.54321011007646,0.493362072408335,-5.91731945145551,-1.49235587161524,0.976064393904589,-1.7511538086404,1.81388624709006,-1.04045572719219,-0.23047043954512,0.214851475709228,0.00201232238703275,-3.15059683347105,-4.35608072550571,-0.377225216010436,-0.843100141451174,1.4533379359975,-1.89910147941661,-2.67951628617739,-2.11842314786182,0.965297322369389,-2.37810248879615,-0.575932358123465,1.11369847643919,-2.49716777447802,1.04427537961594,-2.35337969238515,-6.271775419522,2.48151604890797,-0.376835338303893,-0.0680292499235629,-2.9159827751064,-1.62825885686447,-3.64571513950786,0.458851194557824,0.233116439077327,1.04604450472915,-0.118090585570979,-2.92408202687322,-3.4810768982175,-1.75273352689702,-2.47957137327889,3.02891897525741,-2.29032781416575,-1.29477059184213,-1.85925683006546,-3.47548185045866,1.92692282672185,-2.43966587986585,-1.67108572391737,-1.09583235810584,-2.09757219626765,-1.47396911477565,1.7494263893547,-5.23406231096548,-6.47311466616245,1.74937935356991,-4.41436958107627,-4.08661144193033,-0.871532852005152,-4.50287151896071,-3.3851583293766,-2.14064940172227,-3.87208162043036,0.0538379446223203,-0.903023023856699,-0.548214833416002,-1.36137620798475,-2.86082548011416,-0.307235100781737,0.263999521173387,-6.56860583628518,-6.79822104635153,-0.352673489023574,-2.4071933844509,2.18831134286208,-0.469132248602894,-4.67888420090001,-4.71784664833829,-2.80109638088523,0.558997415195121,-3.89848625938523,-0.207041529690689,-0.551500651596691,1.88848118211078,2.5390467847555,-3.7445035460015,-1.67315903143675,1.10442639696361,0.842272197958551,-2.57595350483369,-2.39192724718714,0.353887227496448,0.635997302157905,-1.22650869348955,-1.4062725625132,-0.458291311193869,2.57108532312206,-3.57442813650181,-1.43597887623647,-3.8926496711874,-0.00830375547662698,-4.35635991541328,0.972645774410529,-3.55789402651009,-5.65821067972322,-1.06499203295493,-1.13080237873616,0.728740462314319,0.63619243529147,-1.70879704650014,-0.604727350048384,0.0420194906867615,-0.384528237359521,0.144914039775309,0.278015428049104,-1.52450913801409,0.111832374547366,0.922203471721296,-5.17154847982964,-0.537791728940762,-0.614820210939584,1.36708094723989,-2.21340730854888,-1.07521993779434,-1.23434105805138,0.025306121379963,-2.16856935898798,-0.500679629595445,-0.445196256180929,-1.96656877472273,-2.84991431171727,-5.26248403215416,-0.624585204843602,-2.95171927603516,-6.52613233321916,1.20299018754198,-2.41979068915958,-3.8855255202889,0.475726054089081,-0.679042199169602,-0.456918568789227,-1.69255294342929,-2.70310206819617,-1.25333631002095,-0.538349906350073,-0.951161823870074,-0.622537000576732,-1.12530247542429,2.12777011587252,-1.29903181019648,-0.0769021951709189,-0.885468789585652,-0.253494407979609,0.268816825719571,0.0654956205702575,-3.15524401609964,-0.878553291459283,-0.0439162963935439,-5.84254498530247,0.150804895852012,-1.90683403942255,-4.68955438759031,1.78979261183416,-0.972648266176322,0.211096507958101,0.512270807201848,-3.11499389495898,1.49651486045062,-2.57962640960034,-3.1809979481362,-3.12747035182742,0.603284643270979,-3.02556354020504,-2.70392645386875,0.505241639250577,0.0433612637500371,0.578312243933122,0.13222115963503,-2.2884440113167,-0.430143996449791,-4.92023770940335,-0.305373408549547,0.653781927627508,-3.87996453041807,3.30401892787469,3.17465885076986,-2.52600750539857,-1.6792875047667,-0.0780777498377968,-1.81882738650304,-0.397458248152929,0.042900606097271,-0.999828402083948,-0.23176828733035,-1.52700339389885,-1.92327021006524,-1.20654370093506,-0.692010408401543,0.895145845675673,-5.27179663100632,-0.865965070986266,2.12255708259493,-2.76468283884436,-5.12407913836866,3.02620592510744,1.69024331914755,-0.264074003260798,-0.0334484365962533,-1.82963894013443,-2.33522736615999,-0.850549563396378,-3.13934777965945,-0.444829356282438,-2.19316763208124,0.205229864261351,-0.991973308212683,-2.46344795486449,0.723492945562057,0.216366907037403,-0.531476223147174,-3.53367873770598,-0.968132978908403,-0.67037181749784,4.24923124035297,-2.38272961549267,-1.26560194283043,-1.74693941834624,-2.46844247211865,-4.912384199133,-4.42907194710699,-0.621294762028374,-0.303094305784966,-0.0945632226413252,1.51160155709149,-3.09025701787577,1.3719365503578,0.561374599339043,-1.30107230968273,-0.309817715891483,-3.01696206261151,1.01106632739422,-0.411572832042904,2.3797991679595,-1.68021538709597,0.131073880290187,0.119810276473018,0.789686895592135,-1.15973946507885,-0.878568731667308,-1.82732416389687,-0.231025051917245,1.52078209774477,-1.98613079568485,0.944826263336705,0.0211137279894744,0.609595781305017,-4.58265728673887,-2.50963220396705,2.58833699410589,0.136570510005737,-2.80203166890131,1.13829890268626,-2.58840582248931,-1.0545195770832,0.403120992977053,-3.11721409721143,-2.19409298837316,-3.72954288947887,0.325669934143215,1.33635576735968,-0.198725345405883,-4.29876303972648,-0.733254805722307,-2.34944741358207,-0.954433702599964,-2.64808717619402,-1.07831698944524,1.12783498387865,1.32377999750011,2.86502931277865,-2.15580914103941,0.0921324608940983,-2.2716997774074,-2.16549585956385,0.157441114385934,-2.70821141280641,3.15820964449947,-1.5750120062631,-1.3951072372844,1.78387930461131,-2.75541404430317,-2.84600697368774,0.0704424487164488,0.255362089460139,1.23220643492732,0.522739810417114,-2.30553823725669,-1.40876095086111,-0.686139042281047,-2.36305859591061,-2.8455028317563,-0.828004865013727,-0.859627634759392,2.39484959232336,-0.0467686835262588,2.27309909629595,-0.918176349834104,0.455568417310273,-0.0400081837960511,2.5768961864211,-0.345555454637469,-0.207392439757458,-3.69758613769574,-0.884336219993423,0.0925998855515633,-3.08897843053081,-0.840384191421797,1.94642000338816,0.0588367230887805,-4.63347032187204,-0.236672276448676,-0.853299618445495,-0.0519254210210063,-1.05730599442747,-0.544382053176803,-4.48318185008027
"85",4.81220530376421,7.65005304285476,9.92098619106237,7.16627187385171,2.732322074379,6.30331181293685,6.69294585958449,3.40171367728254,5.19215197839369,2.5152328534956,6.1423151313582,5.08897304911757,4.05921284674655,2.4404752839513,0.360721456049798,2.56918241339622,3.67595432008841,1.84549954276229,8.38267472235355,7.32812681575888,3.62132397602896,4.87088494754019,2.6590426520358,9.62372677563852,8.01117898754054,-1.19827323394004,4.86564869213995,9.44463571121396,4.12211244679699,5.97116678035953,2.53834387200458,4.60515223452757,1.27347679613832,5.07136871121865,3.94079688416289,5.36848256997256,5.38611975385172,2.53842532528871,5.83523337769566,5.27726266562647,3.23305970946276,6.08664055291657,2.93928412297523,3.26520562908646,5.58003262646152,4.58047703796203,2.45062479349939,4.00961210694136,5.70663113307412,2.80879859168388,3.29769325987594,2.07521914325448,3.7462209036607,6.86992222280235,6.69597529351424,5.03217361277038,5.28693532944444,3.16267186337979,3.24669646742779,2.77022079612193,3.01251361351395,7.53841613739368,5.33618037007951,3.33487969685013,7.54933418329655,6.70078303829134,6.59919371254773,0.425290637902692,6.59018138987114,4.6963203348976,4.73860717021319,3.32428840598228,5.02663944519509,5.00828339999346,5.92337095497834,3.30868185196963,6.15920610779245,6.15215065725313,3.92055114607125,4.35997005641975,4.24732538193514,2.2630676746128,4.3972890337946,5.27097490741173,6.59847832316051,5.23309361132225,3.89489710389013,2.32403506971685,4.79790363423654,4.0301147865928,2.09690060194798,6.79639970586331,0.67615049762011,7.91467988402928,5.36005068817401,5.22428371455645,6.79809680411184,6.43381524511855,1.94241194183478,7.63551023387698,3.1168256457501,2.11433273494164,3.11493441037905,6.28286664256957,4.42857186846704,6.62804585732828,10.3842411239412,5.46412222245606,4.74271234276144,2.94694133131293,8.0962779736051,8.00738156262695,4.47292905916581,5.13109184778238,3.48835845556302,6.54130412334663,7.28894992270716,5.82196165876135,3.30744318789411,1.40790156191327,-0.797169550302971,-1.87309779651413,0.309044914465441,0.508868169792949,-3.36640970880531,0.724767071496387,-0.623710544777766,0.262889221607312,0.180019517737535,-2.02042633358963,-2.13634965283466,3.59271369052188,-1.55172668832343,0.601106742810899,-0.626955138602698,-0.742193710917066,-2.46659551648051,0.155537683800564,0.303357824105939,2.86794351098635,-1.06936780209764,-0.387932947045575,-2.57543564686467,1.89513100691593,0.0865376518269239,0.818954680204146,-1.55959235653019,-1.02847621331635,-1.82008196683811,-2.53424625278046,-4.88463175992228,-0.516185931176074,1.24449803986696,1.9344027822054,-3.50754686173273,1.28139206005965,-1.98900314605261,-6.80680116795096,1.10427403709,0.828789601920862,-1.17105850677861,-3.19774654640288,-2.78199446366825,-1.55738019114673,-3.5762505386117,-0.0254762495623189,-3.51109684487169,-1.47347731295824,-0.856009279107136,-0.129010520959845,3.17223497641156,-7.06361071477653,0.356584978049828,-3.72869466828763,-3.55959952727074,-2.90470665712685,-0.630411996390405,2.10906746452963,3.46162822885057,-2.34629813266994,0.281052743096261,-2.79820049368221,-0.77602830741554,-0.478286702781771,2.3837243051884,-3.25524718156993,-0.596068783702224,0.165610991303318,0.563874390498879,-0.9484834298502,0.201604304978656,-3.35648156599303,-2.40446608980443,-4.63188248779711,-2.72219074475396,-2.77480114944997,-1.48257201135417,-0.196303963485277,-2.55812852738446,-4.57417118965866,1.94475499062051,-1.31140760211478,-2.66683178510592,-0.33361104769718,-1.5701543826524,-0.418041590519935,-2.8857828369835,-1.13430572383358,-0.389110439747282,-3.03278041658416,-2.53273521498787,-1.62363253562829,0.215348062168052,-0.571868483107212,-0.277328977999662,-0.351914502785943,0.302979759393564,-3.2218834578366,2.74741051955036,-1.33754573591842,-0.122159982686224,-0.311187684079352,-2.69388286968592,-1.4276570168863,-0.130056974480749,-0.648471584735108,-3.8452367839552,-1.58595267484959,1.31590426777658,3.04949260588295,-1.81036857940852,1.71053245857419,-2.10121881985452,-0.101639835606513,0.283037442497952,4.2025890975435,-2.69143299369907,-0.915342948712981,-1.78473301870979,-3.25583083707333,-3.6608862932121,-2.46309921623203,-3.6900316247346,-1.93942716209412,-1.98460293547862,-0.00361751953769707,-3.12648508857362,0.861064230179117,0.245790453869444,-1.87940507361952,-0.966174701863045,-1.77650871195652,-3.15725178919018,2.58939888821287,-1.16543160250926,1.37927202029558,-1.75785147038005,0.709970600301256,-1.23935714356558,-1.6109270309836,-2.51336300913072,1.51020563502483,-1.09067667279893,-4.51247971152272,-2.22267013945188,1.57503824706943,-0.22929872743393,-3.33567176807426,-0.817014290385383,-1.03054981757537,1.84571545805812,1.75784329752097,1.42860179854052,0.381275863279224,2.50474437048364,0.31183618328394,-4.06287173521288,1.29442319246929,-1.17912764182792,-1.34856759830848,-1.45535967847315,-1.32325591280976,-1.51716439295334,-1.24463447656946,-1.86260699427016,-1.34334398285127,-2.16151103141845,-0.829247534334165,-3.14783488031018,-3.06580612951246,1.86013322250235,-1.38602568172302,-3.61790603859542,-1.29794214283216,-0.228528448989157,-0.281340247882299,-4.64364318339028,-3.34591033948889,1.23894038672596,0.719740519514798,-0.802462669063764,-0.492067138364492,2.70903267166847,-2.24749934918455,-0.978658965607489,-4.3740634540682,-1.99585944959547,-0.910962209612718,-2.19525164340199,0.992045519510383,-2.36259458205039,-1.05926280883806,0.781974190484449,0.219610188073758,-0.955813821257652,-0.436402772125435,0.0824297520344841,-1.66999296036938,-2.13294895288092,-4.75462740640091,0.511960192522801,-1.24924792421073,2.96423930587385,-0.481759503269539,0.737425664761414,-3.49990814339932,-3.29971521265301,-1.89942389627987,-2.35419746403005,4.1754499339281,-2.44193963437628,-4.39450275387057,-2.30253296321401,-3.01717597862491,-0.0289727193951388,-3.23636119341573,0.841902291747666,-2.81793112526078,1.3048864347947,-0.469316713625071,-2.91985706048599,-0.428421620166064,0.129235772797143,-1.77775466460144,-1.7812586784224,-0.206126666182497,-2.64290712786322,-1.3162272697883,-0.0831956250218103,1.8666526788017,1.13356649357585,-1.61498318461373,0.19103661883959,0.479865923030324,-1.71217640744596,-2.4981736401314,-0.591705384795052,-3.44385275716141,1.55674396155386,-2.57075986678207,0.352678477390573,-5.00201730764205,-1.77007386179216,0.20752550240948,1.22371689491273,-0.563848737955134,-3.10429124533007,-1.434633990843,-1.60303013470037,-4.68112777215853,-2.34252805376926,-4.05931209575733,-0.929132636751066,-1.80923574512796,-2.45901329771498,-0.959761609915846,-0.115838482805945,-2.14136968477685,-1.23983313691045,-2.66192661408249,3.19823889399657,-1.19964230148237,-1.93444618218579,1.37649691971607,-4.48978383926891,2.36441652442499,0.901790511062359,-2.56649947413421,-1.4420269237794,-1.62402689595902,0.979256437413653,1.63383599184165,-1.45684437938712,1.70273225041865,1.60899895546941,-0.628279583660822,-0.116833585911837,0.536336240623639,2.31122570154799,-0.663642594877186,-0.730530937435619,-5.45721519701636,-2.37782107993638,-2.54954156058812,-1.49112338250081,-0.956502247941888,-3.09908167045557,-0.271373393775323,-3.12705792597682,-1.78952282750497,-3.96408124390753,0.840396771169083,-5.69111764618015,-1.65189922271456,0.0276128998677585,-0.753300389578153,-0.233334961585314,-0.333668640959405,1.06448094198883,-0.165469502055433,-1.75872158045523,-2.40405543464332,1.23055851430786,1.03979074342227,-0.159212803328192,0.209743592758678,-3.7514021877032,-1.45779000673812,-0.578223148571379,-3.47135318535738,0.674644419997321,-3.28559437238979,0.939946906015369,2.4899044358394,-1.30800662444978,-1.24348965167062,0.804179091120228,0.345865787308566,3.34057797071675,-3.92344018603954,-4.85718859562574,-4.01826934374272,-2.9682024767255,-1.88131126968862,-2.52770485600753,-1.77272994609229,-3.07553077800992,-0.613264859623629,-2.89997186510998,2.47709321480295,-4.80938111378276,-3.14636196360644,-2.65512346957514,-4.2580486175645,-1.47744641853623,0.198025970291722,-3.54935610314237,-5.2157274688479,1.9940345990062,-1.38605525268066,-2.00235312135813,-1.47424404101952,-2.32597621642799,-1.18935010117704,-0.944274775858189,-2.08756081729468,3.20716692318414,-3.26410155546058,-3.73179628198233,-2.27985735763361,-5.08418164601824,-2.69296001875389,-1.57158883754635,0.830967279505394,-0.307426297743744,-4.05653400406065,-0.24581375301217,-2.36477470596207,-1.59192849394731,-2.57004411062282,-1.06728330295027,-1.69893254181405,-1.7468110977169,1.24869485314342,1.52893390992115,0.893229685674506,1.50095489577005,-3.92938494532413,-3.74499651933798,-0.244222767279126,1.34216978959336,-1.5512532069877,-0.871994626194224,-1.05378889490302,-3.31998080850255,-1.59606779547842,-4.02828938938368,-2.13452866489612,-2.36585383595629,-4.19260787375504,-2.79955010298267,-0.794869055245493,-3.41952370868194,-3.2079068821131,-0.675421443418793,-2.38119472913426,-0.592196909317259,-0.0510686517051684,-2.67711909200478,-2.2743687777815,-2.80301947905243,3.23256568649548,-0.500003148772908,-1.74428534184641,-2.36201374410167,1.55802775456953,0.950321310471495,-4.24446411298017,0.687855324208051,2.81231611729647,1.48282361083944,3.88311433776821,-3.43543236588177,-2.34252903984808,-1.21795031124753,-1.53068317734517,-4.72736756958441,-4.03179463770911,-1.40251422793313,-1.42007319428446,-3.05706803882832,-2.6168441525662,0.152250098574704,-1.51048215607092,-2.58588618577814,-0.721084596111639,-0.0642904722134519,-3.00215141268907,-1.88972415818742,-2.66831567081198,-3.96561048950132,-1.72588932372431,1.19443162908756,1.19588991804032,-2.58890030005642,-1.61100421084731,-2.8402835262402,-3.22760626613369,0.298457180035362,-1.25315537661306,1.59563061131329,-0.881216838434979,-1.32947743903706,-0.712800244931331,-2.51289165873844,-1.73333598470127,-0.45669145133982,-2.65529348562325,-3.72151789872904,-0.595850948580245,3.25578390857072,-1.81846528573163,-0.0296372664555544,-0.893512710286533,-2.93522413577338,-1.08992531029154,1.24631974127077,-1.69451415729297,0.332296911281408,1.20657318824348,-1.30734022816665,-0.134113291398394,-0.638002992488628,-0.421427858102797,-1.40839228115472,-5.80533348819172,-0.516074083603573,-2.82787670331378,0.0892172595565082,-6.64898668751734,-2.13802632465462,-0.790059050657159,-2.17736468126586,0.195209445525094,0.333322898242367,-0.903256500455621,0.203134049329573,0.385346101851523,-2.54893195398265,-0.875810773525194,0.628901874764124,-0.395239882147038,-2.23199456179823,-1.12087375802389,0.948204745051808,-2.32599240704194,-0.748211795791319,0.84207654715424,-3.7062551680516,-1.80950669751173,-1.99611561320351,-0.419011394335621,-5.42065945382605,-2.04472066177077,-3.33300701969417,0.508168820575839,2.60069123702665,1.88124579880425,-0.383960560108774,-3.02874704866451,-2.09208500604476,-1.23496177039433,0.411317589446464,-1.32504766165061,0.970408333986937,-0.325187127475708,-1.24638565392424,-4.16204636751759,0.375190215303445,0.744740160061929,-2.93092218992361,-8.0638896870733,-0.44778633131759,-2.67101209867986,1.03211124349676,0.283887927395345,-3.97903263361785,-0.134030330032267,-0.222806217819471,-2.46208282483632,0.40676020558625,-1.69540683671316,-3.06639581872903,-0.4831561090558,-4.51634992051026,1.82058636278859,2.68775111314519,0.483625185944351,-5.01610198442336,-0.713087286689995,-0.308839671309977,-1.48571006065233,2.52936890229689,-1.39464362137845,-1.682918501348,2.07841188093573,-2.89776302871398,-3.88114338472634,-3.49623643961089,-1.13916447770423,1.49017683447959,-0.0228755884721347,-4.47765588498622,1.36615616429139,-1.46929794442048,-1.20842319674124,0.0961501536253586,-4.69966881318545,-1.26713966252739,-1.48550870443712,-0.779996436431527,-2.33258773518945,-0.776068170665152,-2.97886551500995,1.42126615547307,0.695095784302326,-0.296581625153269,2.13699479408256,0.692493922873674,-0.00507800480238196,-2.32723476786276,-3.41698189330322,-2.34205653175403,0.314882008352696,-0.542477536412787,0.68941808288659,-0.868172767062241,-0.0453554210483067,-1.1772903275559,2.3187818321797,-7.3333966067628,2.28470550682796,-2.40026840371929,-0.443295327863981,0.845458568330598,-1.32415347321946,-1.68915248512533,-4.75098931282664,2.80238771895073,-0.805422936715,-2.92003827570952,0.693903206414522,-3.1643288702177,-0.262655768141424,1.33590347341898,-2.20091363817003,0.288901766089082,-1.35329333155261,-2.84228651030379,-2.24020448076595,-2.9320957720928,-0.305663870093883,-2.39873458951625,-2.35480010229737,-3.40054266852978,-0.67680055664237,-3.96310274797861,-2.97728586607657,0.971148172348601,-3.10710600167718,0.295894724064525,-2.48565323534879,-1.36576643620845,-2.11119506577992,0.0649336897065778,-2.84700941476504,0.490871235296126,1.37735905669039,-2.20315574317346,-3.09735520373956
"86",1.62368520759632,4.75407414065423,4.9895568335487,6.14796762724237,2.80711076280306,5.21871283291043,6.56253756958325,3.59834258300723,2.69450409398739,2.56914511479983,6.1717378649824,4.0432775944473,3.81661937342879,7.40708455065702,2.5089173037311,5.9952605688201,6.41905901469562,3.17021257324361,5.29852069887862,6.4391860901217,2.25724983772833,3.21298745617073,4.95021694694318,9.18484717889503,6.97915764388452,1.61308992832513,6.80424001075894,6.29456093428492,6.27855067434116,9.52367849939439,4.72237746735509,5.42372013224577,3.93222459534021,4.01479462184236,4.86392422247459,7.48810442426538,2.76303239766031,6.42109080261643,0.333290188693006,-0.459638063121967,0.461843525140183,-1.37340513946272,-0.484008569263336,-3.08174517523913,0.88883437386271,-2.00549784248248,1.0826605863248,0.996303551709051,-1.82499041941543,-0.988849590164758,0.939270596919962,2.72008658437809,-1.00913053052032,-2.48586602612386,-3.98146707728275,1.23481928086503,0.207910824059296,-4.53587402484338,0.60555348606021,0.842564448795369,0.0343087054608326,-1.87771132455044,0.0872426928723116,-2.44968680874466,1.79953271372211,-2.91359952249166,-3.80467455678779,0.360385607683817,-0.0637881390348314,-4.3656685068944,-3.67844989333603,-2.27042298122344,-0.780874152534736,-4.81772037200497,-4.40020852489951,0.608240044690939,-2.49229799318395,-2.07102796679947,-3.46095934306099,1.03445804549659,-2.0142534547911,-0.34880238061615,-2.58206997693208,-0.957704040780894,0.0656244798546737,-0.318706322219684,-1.27757061030323,-3.52615141757361,-3.93947234606501,-1.17310485582342,3.92971892726579,-2.48243964710747,-0.59807544150887,-2.23539214049736,0.653519873814263,-0.873845177332458,1.31231625536872,-3.35479454665718,-0.083344713958913,-0.24655356191544,-0.92908227428802,-2.40137476665771,-0.155635872910706,-5.33079236126648,-2.53724660909022,1.98226189942329,-5.07330734290261,-2.41606797735024,1.70374787130419,-1.58104421095986,-0.899587867305434,3.11454401582573,0.0711452342871761,1.34024584400261,-3.78552681510113,-2.35660344648912,1.56734221376271,2.32900223254565,1.69310580585892,1.10332740254621,-2.36082113246002,-7.27894988354546,-2.34349182716215,-1.21657617703923,-4.24910566736297,1.02883227935305,-1.80050473312565,-0.808781079668869,-1.26252956743741,2.07749132658602,-1.10375873791383,-0.451280550712712,1.5930813367805,-1.00874064917262,2.35210569135465,-3.90159924257015,-4.26080577904407,3.58329550344146,-1.63263055675641,-0.961705561816187,-2.08433342625915,-2.55558834778826,-1.32052375904141,-2.88473232543671,-2.15486314729263,-1.41658279278713,-3.45908522813231,0.874836380129924,-2.56606617541556,0.503190547053431,-0.0208513477315885,-0.961277835256759,-0.881745739923576,2.22332175704374,-2.74448278508555,-4.69153019541312,-1.94349311155896,-3.17797830303657,-3.03479134179222,-0.844992086519863,0.654607080477912,-1.4729122336417,-3.56827384236782,1.26041144826541,0.175704711646057,2.2118561658718,-4.8506661487092,-2.48928693202328,-0.988777553370754,-2.01919851611901,-1.78591250221074,1.12995680682895,-1.76467379798883,-1.39160829745661,-2.43984561386822,-1.78254595895615,-0.786032304258371,-6.02014177474129,-2.72106421600728,0.441220863777447,-1.91854502884023,-2.15284524098236,-3.04503323847693,4.04423602271914,-2.90814338546519,-1.68147944575562,-2.29954478718156,-3.30682812179365,-0.438158817049578,-3.65097155003225,-1.78709691516089,0.829902065650118,-2.329751533944,-1.46892441508863,-2.40518424012525,-2.29451159777859,-0.458218695626168,-0.435207412294024,-3.00524640776867,-1.77306550035831,-0.632100024533286,0.802334832150762,1.91485383877298,2.21362304766221,-1.25983269264465,-0.0981375719159885,1.49863959511876,0.698559159270134,-4.10906442278694,0.814633694338598,1.10068530396592,-2.100385511528,-1.77366899201679,-1.26283598281981,0.508759756736354,-1.72897155923204,0.00930869520748945,-4.77614496314153,-3.87609096408344,-0.150028201941184,1.53850540471132,-2.98697103407143,-3.44029853492138,2.82897293945518,-2.52923056480496,-2.05535582096948,-3.57907580625427,-2.53637205979622,-2.09519145705026,0.641504180098694,-2.36288785891141,-0.609567867017248,1.64867980255486,1.60903677853477,-1.90135742391056,0.534494435481833,-4.60374975737736,2.4675051022463,3.30391046501644,-4.12817386384299,-1.86645143241594,-0.864645655006026,-0.871944204778119,-0.826401106258524,-0.631978805047845,-1.37126740769354,-1.22283816405217,0.0465846847006581,-0.914627796887071,-2.09847306657766,-0.159016607748839,-1.68152544636658,-1.88067381913693,2.09600797703342,-1.22815977568715,2.15920025836618,-0.155876221124467,-1.07497160135612,-2.69350385406152,-3.36321380187079,0.293506123120393,2.3797286086832,2.92038230119894,-2.80722989780716,0.609221465171299,-0.322615376263352,-1.46579305700861,-5.25632362990252,1.21042261272142,0.792682768291915,-1.39625588975838,-1.09413757939221,1.02155760241299,-3.16228281870162,-2.32135864723478,0.265287138174691,-0.993474735242585,0.189030271893311,-0.642213240684351,-2.35151237143281,-1.90159734201931,0.428822364470832,0.688225133574771,-0.615301582784093,2.66672993471083,1.08131208370582,-0.985081259975805,-2.90886483068765,-1.51662134465188,-0.508897934027986,-1.51583455771278,-2.81029707337954,-0.0740253796854564,-0.11123575884014,1.00973701637377,-5.22176684731996,-2.26307007272592,-1.77774759714486,1.58467959504168,0.298989286795638,1.20416206515205,-4.36889943532119,-0.97223814339727,3.64423158505178,-3.39436981972048,-0.527575572466743,-0.680946893914986,-1.40284001967927,0.0833744231979638,-3.60188048739143,-1.2406223099565,-0.204496778234683,-1.18954464561031,-0.635243730896153,-2.4001445457999,-1.92178549467606,-0.185520731548543,2.07094167895527,0.0532423752564319,-1.41534800721278,1.61007022534097,-0.704247495743497,0.00169436064971262,-3.09334866496596,-2.80583841256492,-4.82524879828422,0.878059662682109,-0.581464652073497,-0.157381415648488,-1.61064867156411,-3.14612577726568,1.30715765869466,-0.417438202070211,-3.44308919574402,-3.42850129650887,0.277779479869699,-2.84547301599067,-2.2701547333755,-2.34278326391765,-3.81210269146807,-0.465506930240265,0.376433633642159,-0.0925147361252281,1.28819955996167,-3.74899729908992,-2.11877983050825,1.11611218892636,0.249239622260711,-2.45066044858017,-0.616597486709836,-2.46437114984571,-1.73773574623374,0.509585609710982,2.52123906593507,1.69596527281873,-5.97082191115645,0.746421465889878,-1.19138478799626,0.527107775369414,-1.53123011430922,-1.39946299768012,0.326015001210484,-0.911544392717326,-6.28541198726803,-1.81228551606312,-1.93351099404624,-2.62472195700356,-4.07550883866834,-1.40833979643654,3.68845947118684,-2.42704964717755,-1.72674286854393,-0.336695736910163,-1.59548622351735,1.97586574456894,2.13781692776547,4.85283854992283,-2.26756380300052,-1.25054761351438,-1.69134299013114,3.16378496721698,-1.83657973653494,-0.384320564986454,-0.370832878568193,-2.48599679670505,0.490757415838536,-1.65942406434168,0.0828856226595185,0.641003535160933,-4.30725720482787,-2.91821737576404,-2.07469271733117,-2.16436592447584,2.73411978768178,-1.32473352516464,-0.115540816348895,-2.71233166785751,0.662574781173247,-0.727200084702572,-0.479615760143719,-1.96926395083547,3.6894914964797,-1.4306485151812,2.51977077510314,0.0701158238581152,-1.62878266022677,-2.42294136698125,-3.75261124233196,-1.98693714916927,-0.84571313863475,-3.32834489286982,-3.09701900905033,-0.674445321971754,-0.0023954661832013,0.952437928076519,-4.45582495012806,-1.07429765484544,1.34224783094891,0.448801225063095,0.427312157480933,1.82927742401559,-2.60201482819462,-1.86556267179432,0.302257069355601,0.665784607227708,0.121872619249575,-1.19466893487983,-0.530579256787321,-0.760243569652739,0.693818823911666,1.49441457747114,-4.18217698808101,-2.25277090457727,-3.03512764169989,-1.54808331113019,3.04597641589488,0.308102871999598,0.796447543700663,1.65680880817147,2.20340279347724,-3.53574413791844,-1.44038234746208,-0.864688927470075,-0.687150341178534,2.16046250582833,1.36800674279736,-3.21161977399226,-1.29150957372595,-1.34230432904244,0.0399199721459145,-2.78238127234365,1.5259745871858,1.34928821321329,1.61921564411325,-0.0495165622547884,0.915968126889739,-0.315940184804863,-0.142876927855831,-3.35381265331534,-0.7294046312439,-0.986733365567406,-0.356895594258803,-1.70421363582611,-2.39915081834875,-2.2938774437055,1.2719082210365,-0.339099957168792,-4.71173382338895,-1.29522428649039,2.29578024772559,-0.755689566376778,-2.70301069200263,2.34496081401485,-1.00775711713403,-0.328450791955342,0.992561792708601,-1.86543787565278,-2.71426509398415,1.40418165555337,0.984272368927409,-1.13978455012394,-3.33018259615153,-0.660429415401122,3.09037243189387,2.61616964003138,-5.39612831356334,-1.28815096295446,-3.1761616703201,1.57147979354832,-1.13218204951146,-1.53232776976627,-2.28097166120808,-2.3033247729553,-5.59208519121557,-0.455673767826388,2.68667559581218,-1.14535316608628,-0.358286301361735,-1.9582147696703,-1.30398566977229,-1.13072693174405,-0.117866377087286,-1.14267379156186,-0.188654523141171,0.664409088186682,-0.914814341634562,-2.00388658248848,0.807636845552654,-1.7865323451515,2.00888482968894,-0.433036636552617,-2.45547941570964,-1.14010515415904,4.62797625987753,-0.470219214605653,-2.21876992426471,-4.26623725878043,-1.87864629173674,-0.835710445518245,-2.4926121009598,-4.29089464390693,-1.45370835045755,1.38396257689303,-0.00701317885108466,-0.79090007155896,-6.85623372753617,-2.64004470030821,0.973499827371525,-0.993745092567779,-1.62483357142744,2.87269755490893,-3.13526528390617,3.5224646884192,-1.96425175030258,-1.17697153049303,-4.99912920509217,-0.160858584266281,-0.865264394841341,-1.44585219785634,4.5148425137972,-1.42103335364449,-1.37067133132237,3.4444334261388,-2.22135408638751,0.83475285955613,0.520422863538973,0.151452989064437,0.617146542116736,2.47226842676113,-1.22773627703885,-6.56049749691375,-5.30819251264409,-1.02056152156508,-0.537228673402799,-3.35241091891589,-1.624023835709,-1.38038887570269,-2.91940337982406,3.48349414343679,-2.48378394602086,0.441131061842122,-0.0759064023205382,-3.68631555888438,0.752742294218878,-0.234911506972273,1.42966200832331,0.404907339804291,-0.537874185783401,1.24916480283492,-1.72348149100433,-0.890296972387515,0.483297801892999,-0.134707848552286,-2.3313989069587,-3.81654090752866,-0.0377101587922667,-1.42693501533441,0.328514981155336,-0.520643092942286,-3.03194564495776,-4.34955350982658,-4.28402778977532,0.812494754318148,-0.161845056390374,-3.66706466699216,-0.80571229927944,4.44781880157581,3.35628226616391,-1.30027798717674,1.87784170148934,-1.85751774170596,-1.96048038687535,-0.353055413298996,-2.07408593909728,-1.59774556673523,0.509940112776339,-4.31982498642642,-0.674572539917599,2.11618743173653,2.54420452999633,-2.22338543304871,-2.7954104883627,-0.860381274533708,-1.92370726328497,-0.268909260796769,-0.732550687803077,1.38165146892985,-2.98328073283182,1.48924056267537,-2.16455338448112,1.53843932734969,-1.59777759336676,0.0403040163952426,-3.82408568156835,-1.45653025643292,-2.75710982678677,-2.24000646810233,-6.18199784932193,-1.74805230595332,-1.67892675340078,-1.90256982486889,0.949125743291413,0.0651582267579063,0.833701872962461,-0.237382360319835,-1.8730142656953,-0.328155883633476,0.657732583392019,0.0813386515126304,-1.79549828541581,-1.17322182507242,1.21585465831935,-1.83630133007652,0.733404057181052,4.12804351981999,-1.28674503607494,-0.457479335343811,-0.235565403808456,-1.69621860806523,-0.31606573167737,-0.00368258081593109,-1.88985281504432,-0.449394559383583,0.629588208322939,-1.09620481460779,-0.587386950570026,-1.21633559139264,-2.62492156706926,1.11121162045017,0.582464037128723,-2.88874409236857,0.554666602654354,-1.50477387138609,-1.43979990575808,-0.196945098139047,-2.5011639799101,0.458229537244655,1.71314228841159,-0.822153393341077,-0.421695725184066,-4.01268553427367,-4.09398536325968,-2.41470256070741,-1.90053926699502,-0.459249051126328,2.1099634408651,2.83457224910573,-3.87995099530708,-0.059061175754661,2.53799076092897,-1.50751955869594,1.1723696066181,-3.94189975098004,-1.86767932716059,-0.716575111975313,-3.83642102475816,-2.82444261695233,-1.35278376381008,0.984164643597623,-0.238073031200754,-1.01522967874909,3.84056891280454,1.97069710017436,-2.15887207068907,-1.37430081496676,-1.95594955229921,-2.79715399837926,-0.189088628853187,-1.97975612421575,-0.771607967276207,-1.54712387642875,-1.57093726663564,-3.02774322291427,-4.38369959715163,-1.70754474196232,-4.6556634223706,-1.2993707535991,-3.55902219862938,-1.31945289452738,-1.54591693369565,3.06008735514825,2.70034883912515,-3.61565293651298,-0.237356123813354,1.82086031409253,-0.490238775160893,-3.85241941577343,0.111723251097934,1.14383220309911,-2.6404370899326,-1.51816272532428,-5.64040951440727,1.1066097793026,-3.04296715292464,0.44748200941593,1.39606594993478,3.72505181961845,0.822148781232727,-0.0615415836999287,-2.76329055592911
"87",6.28841733720445,4.5147130766881,1.52460437820427,8.05352262658913,5.83736642563559,5.57430563546335,6.08293678969198,5.95285339894698,5.74419218455763,5.16954145602372,3.52179024405553,6.44008033278004,6.98335403658399,4.2194617743361,4.60091856534421,4.83869368928255,2.74054919437189,4.9500345441007,5.10357448415184,1.9264729030009,5.27299070529009,3.68100919068133,3.34064723869409,3.48969168589552,3.53763165536888,5.10687966336808,4.6205930457501,2.67853994645387,6.76526930667713,6.11014197096684,4.84086486189573,4.9673965898694,6.47647632328162,5.65996439668632,6.61347688341609,6.1622107608221,0.785263849087877,5.81454994357108,3.76835764406065,6.21372066286561,3.73823628219228,6.10934226154257,4.8472945328837,5.97002866950492,6.17098280709603,-0.674172080252123,3.23794471581744,6.21319138318574,5.88054329117965,6.17241280979994,8.45879677294911,3.24692337594892,5.42689604151517,4.83163990835752,2.74669770795141,3.37419930537394,3.76845564046301,2.53039061512908,3.90413566648867,5.52738659172027,2.88040204182616,8.4373198204933,6.05175657442956,4.0985672432235,5.80319598296098,2.22975573848559,3.86603885086354,7.09008940020903,2.556531719587,0.75075604144745,5.06121409179173,1.56555813615471,5.59867924322131,3.87066777065341,-1.7180422736446,-1.54395060132472,-4.53994155759663,-0.0222208953332503,2.02857946567109,0.757025775913624,-2.07431581403338,1.40665638315414,0.346353503303017,1.00126543371469,-3.34733104620186,-1.77563017262153,0.572072590281901,-0.245660809011461,0.604049403861966,-2.32766379942693,1.71644041341511,-1.19927824813746,0.216291050204616,-4.26299936345766,-2.7522054995395,-0.9697724363639,0.909971512172198,-3.19223745974743,0.105687459248182,-3.33768423879783,-0.0599496449704681,-1.68230202362536,-2.40326861134754,-3.06784472509879,-2.24781350170882,-1.40407085860562,-0.587950198489854,-1.61400862022759,-0.180491688289903,0.0520192744736694,-0.696955221026971,-1.95083562794953,-2.9998945627443,-0.124317189446749,-0.0121814689352663,-1.80102594052108,0.218946647951318,0.112184991294853,-0.823111948759173,0.306964193503555,-1.5488449924885,-0.272215272346997,-3.11218287354675,-0.601491696347962,0.961994708583436,-2.20950540535531,2.32377867386556,-3.11714773478117,-0.788502366353943,0.402506154707578,-0.152806758205763,-1.74871349171275,-1.51467166701635,0.0906692541303495,-1.69259589568816,-0.566349500467784,1.48010625600901,-2.75925021112137,1.0123893112106,3.07531701758902,-2.40386268665569,-1.22869454346842,0.6171337461206,-0.0764334768764749,-1.68739077839868,-2.63577846654302,-0.890592046676371,-0.599156555805064,-3.25059205931146,0.538551797187913,-0.898840230464377,1.02422456353599,-1.96374455253739,1.61466129565245,-2.56293065846406,-1.71529570263761,-1.75887070370003,-1.39449778139585,-0.844287136534249,-2.74653300926555,-2.45187825688293,-3.30368933084125,-0.642629934192199,-0.954798855033428,-1.76989629900828,-0.852721012562233,-1.93742945494802,0.435616786242002,-0.0893623441102496,0.482783757377916,0.0730040018444176,-1.46505925853605,1.17014394618686,-4.53617807861308,-1.65364826939134,-2.64648428500529,2.3472108141191,-2.94923720528056,-0.153467836714067,-1.03141499868038,0.384661699530695,4.48361620051687,-4.37242062934263,0.0420606350976624,-1.53507179263161,-2.15289783836582,0.279543491505384,1.71031884361216,0.187197638539779,-1.48485888883168,-2.34914613939513,2.46871820987091,-1.42411361267073,0.0321931454791566,-1.26287675467343,4.67878562787589,1.93528986901941,1.80352695193237,-0.940688949146726,-4.58928041673092,-1.10309136168629,-3.03022742415576,5.05347375168287,0.703119233338796,-4.51603520513132,-1.2167076683108,2.93905122666867,-0.96939829908537,-2.41923853996379,-0.16711621207044,-2.37973569909534,0.2546266067122,-2.26623188469211,-1.24220943827582,-1.44550777910958,1.26127612726447,-3.72556003859963,-1.13411465513076,-1.38293347253028,-3.39255448034418,1.10819628719059,-3.39105525470438,-0.0355730698977286,0.517858911630229,-2.67357552008599,-5.65870556706203,0.215606734846954,-1.60853948021508,-2.61749809484378,-3.40393707058478,-1.74161143112831,-4.56169351133368,-0.883269806500539,-0.00266244503387059,-1.928401742807,2.73989512287191,-2.53311812794022,0.337502524410094,-1.04378879121128,1.45706170322504,-2.31291325212778,-1.89209370003728,0.726090218238718,-0.506481321391893,0.807847611909144,2.57344722177239,0.334063996414669,-2.96296725907652,1.25160779952713,-3.80367236309623,-0.265389964665763,0.302370786239165,2.12932331639898,0.969996140839771,-1.49031273074203,-2.6968392396238,-2.69662335580495,-2.23928103820486,-1.04613909601855,2.52309553771459,-2.98585541846541,-1.06895251776915,-0.0650625912083796,-0.789154837329981,-1.74002879941555,-0.716745917019924,-0.0509342123279634,-0.613351805034515,-4.11286745618009,-1.9717687930554,-3.59269183495017,-0.226745433051929,-2.62481281320996,-1.91157433787001,1.00631748224388,-2.04262077772303,-4.97045830290442,-0.145241969608665,1.9462676217084,0.963269105418216,0.162694428478202,-1.564446742803,1.57831976353326,-1.65910992634189,0.305195706136276,1.80311852035472,-0.64365800229168,2.3790531963055,4.46279436455409,-2.7176782453897,-1.87653892655544,-1.57151555177615,-2.35924152880852,-3.34380402001907,-1.39634585501164,-0.641888945125958,0.969322500431418,-2.36281886623103,-3.74032584580761,-3.03285187844335,-3.17722124613633,-2.06441772494232,2.10570951720857,0.192296203421697,0.458326222225708,1.57217034010467,-4.61256652693703,1.56233879838319,2.30124791728582,-0.709768935554481,-3.11953267513049,-1.00014224119356,-5.8766466164439,1.01752889292983,-3.51154168385592,-2.97208347766976,1.74928694698913,-0.696256926677902,-3.64999915871305,-2.97886633197939,-5.6654168935796,1.56310814287967,1.34958612579483,0.186292977872687,-2.02505406835074,0.370205896077542,1.42306301138797,-2.81584257477034,0.520616357236983,2.52011584157512,-1.76908601921456,-0.801832722529075,-5.44502365858791,0.961868594172753,-1.32229008163575,-1.34783737487368,0.455415355522874,0.384170959039707,-1.79472191126841,-2.34107465764338,-0.416312648314032,-2.33863524065344,-1.61590167862031,-1.30216665511297,-0.30154216010038,-2.56728180722272,2.08780637002261,1.01594598850284,1.14491125576707,-2.44717714680162,0.304246680774749,-5.00633999351159,2.47527391286558,-2.79593969410064,-3.73983405761913,0.924200342978942,-1.5904812257593,-2.42264757543313,-1.51334920281669,-3.30220083592434,-3.58175762054627,-3.89506304439228,-2.15337580592493,1.29857260954165,-3.3574988773883,-2.29467063996369,-2.01715686342658,-0.101464024934651,-1.3761306629656,-1.17300526405261,0.294268417862489,-2.4533409948287,-2.83991433560646,-5.25769170303189,-0.884305046040519,-0.678724854416646,-1.16541241524169,-1.09249050273384,-2.78210839135498,-3.14887844862869,-5.29025409832234,-1.07494657059689,-0.0305075996104665,-2.96498704132337,-3.39527794748336,-1.51183158641475,-2.84690435519767,-0.375720655097345,0.471839967157458,-2.0435443937607,-3.61637476607633,-0.327379975614973,-3.20340079938344,-3.33527989647046,4.57557515336766,0.740950523323362,-3.59208783339258,2.46797832405589,-2.8555377326447,-3.87801361076919,-0.863283062244843,-1.82586542366275,0.720312094425063,2.47767766050813,3.22109229889431,-1.96411035171205,-3.58651368778995,-1.44418233342128,-1.1458186333373,-1.89336192363544,1.05272198664621,4.38330295212625,-1.32160090060267,-3.14414841633973,1.37273771518019,-4.97594706867848,1.62238254533764,-3.42673601004291,-1.68698295144092,-2.28502016408497,-2.55267917140936,-3.04406272134302,-3.07154979135058,-3.03776924857014,-0.730168460232522,-0.719246022455695,-0.19361659750566,0.158659629133663,-3.38768218818948,0.286277932006142,-2.13637630589762,-1.26713459835088,-2.31649982881604,3.26101039612172,1.45808189775125,-3.99810050032511,-0.299885204371274,0.56303442395709,-1.75468198722983,0.983980678879857,2.21066870045842,-0.734058265744657,1.16213330789742,-1.99255784930706,0.724306055326082,-2.61760273964832,-3.72310194960366,-0.661597368272109,-0.104234362339304,0.0519381405292687,0.10838768788267,-0.363022858523017,0.0288293624356688,-3.28838250714034,-0.757549328027766,-1.74721626464152,-4.16234789614938,1.44912618894401,-2.54234398399394,-0.594573350677914,0.530376739993346,0.856507951033483,1.81904363058245,-3.95663131028997,-2.19096240313931,-0.603408119182564,-1.9902736249943,-3.94929212121199,0.530034932375968,-3.82822014997285,-1.49815521285845,-2.1532454298658,0.157361885995505,2.99651232366874,-1.26855209618132,-2.39533630110242,-1.04871218588852,-3.37165071160007,-0.449973862478789,-0.343118154794797,-0.590073786770381,-2.38110102654626,-2.88074827560895,-2.39693350252642,-1.85052504463625,-1.0932377091376,-4.39621037094742,-5.95926345891595,-2.56199850308758,0.982041443440108,-0.48977600346774,-1.46257248913559,0.383683849404442,-1.4140976285882,-5.79463258004412,0.199941069172977,3.06988068384929,-0.979224332187118,1.50762814810046,-5.44899093526247,0.0068819459475522,-1.11520304587197,-1.211414517338,-0.721610743674149,-2.3303575488979,-4.93002357510981,-0.166701352529615,2.12002696313058,-3.32960171554251,-2.36403424586451,0.835452465552601,1.380024689029,1.02139010772421,-0.234373381223507,-5.26093923887292,2.58027115037154,-1.93051787952383,1.09418250959679,-2.91395775773105,-1.06467310514173,-2.46263771564062,2.21983237567512,-1.39433563827336,-0.0655073430018851,-2.34943001306706,-4.69318811351823,-1.16686728733182,-3.13838618032779,0.478154011581387,-1.59310809448142,-0.742248655303622,4.37698500331145,-1.55148216982109,-0.74765700854019,-4.29128356578545,-0.428339330677634,-3.88321026396326,2.83085136023502,-2.34706705641348,-0.133602382638462,0.0894249019681601,2.3260657006502,0.0193777644561741,2.14686706657096,-1.71998428853044,0.653099376795021,-1.90323881342313,2.35612061802317,-0.374060904159114,-1.45955271324045,-0.659409198391505,-3.79470607949548,0.342740016215066,-3.32810825731533,-1.04421930402082,0.228363610621656,-3.60830120604337,-0.329162077711046,-0.100505255716926,-1.3599998410132,0.0229425728863293,-0.424999113785233,1.57408463566316,-2.06093692574974,-1.07405216336824,-1.59476495959265,-3.11199709238998,-2.77814531219746,-4.01479579753826,-2.52324767516784,-3.79260616752133,-0.164699264039528,-1.19122433615634,-0.709744212212807,-1.02248147607029,-4.35673381115066,-0.682990575506837,-4.3244662002402,-7.77541356763567,-2.22049473501062,1.04531343657542,-5.09826008914532,0.4695079257655,1.97792243707711,-2.58748509681385,0.42633803313432,-0.57876618068973,2.80532718689865,2.09606724641938,2.4761362017715,-2.04130606055705,-3.68139062216415,-2.12780329346015,3.48141281012957,1.31182444592611,-0.493220956168513,-3.57988975059113,-2.43699008678042,-2.81125122033111,0.142606700582262,-0.31103971323995,-3.31150842245831,-2.77565924403958,-0.526366434107116,-3.25505805622722,-4.00052953467548,0.37447912106274,-1.11370744942395,-3.2248171762527,-0.821362745907752,0.376332844039731,0.30927748794995,-3.18928974689054,3.60131494840849,-3.64402898837296,-7.96828190693765,1.12134894017646,0.103220337185241,-0.00969103982009034,-2.42148501671952,-0.60939919026299,-3.47618585847401,-2.51683995521376,1.40241385215332,-3.63634878945827,2.67061536916572,-2.07858331266047,-3.73195129769151,-1.72482997431156,-0.239030377038847,-1.35207446115228,1.05914591050941,-2.74630677001692,-0.565861120964309,-2.48699482986347,-1.0629590799228,3.33395820907326,-0.104002021704613,-0.0197409858817862,-1.21801809755362,-1.42392184714958,-2.43558467187476,-1.85628900810925,-5.09045166904132,2.78276823474492,-3.16869471560424,0.927274223562503,-3.15936748315277,-0.821295126238154,-1.58078209205437,-0.00721270770399018,-2.18395657957541,1.07657313864331,-5.29347695385504,-4.19527351873229,3.31359746607549,-1.41671032550298,-3.54136495578295,2.19136462971385,-1.88007640635595,0.649696102047366,-2.98682962095576,1.47013600530372,-1.00050941256154,-1.88665680596333,-1.61699766812985,-0.398542605922667,-1.98064116680894,-2.9504412606032,2.76989687444298,-0.132871311775016,-2.23972932121361,-3.92425635539319,-1.37370585725694,-2.21952520576801,-2.0491875019255,-1.44511458348152,-3.22922100614339,2.37030168710722,-1.07882275174252,-0.046115803766108,0.249062393780686,-1.79722633981342,1.49956346241751,-2.84840713209863,-1.49113336097201,-0.343527374151992,-0.104244585673836,-2.60528118790443,0.130037475522784,-0.122326780398712,0.335037268402217,-5.28719358795822,-3.67842199301577,2.39938587721942,-1.61545396703115,-0.0863240362450206,-1.5812381720025,-5.22055928817852,-0.215338519610408,2.98758252358995,2.03571133907815,-2.57652477407683,1.44265272628657,-1.29684454992163,-1.17413117078918,-1.10439861478779,1.5021702636729,1.96727791795331,-0.951062578067724,-1.8855548948143,-1.92019807841122,-0.833791382378988,-4.5551870926161,-2.28519991174445,-0.40533028663211,-0.250948761789181,-0.172168541585963,-2.611825790476,-2.20755122944618
"88",3.21343114574053,8.62199838199389,5.89211932617335,4.43432537618216,3.2753547729894,7.95631558119334,3.94987430862765,5.65444168453719,3.12907787387628,7.06882889478687,8.41633593538876,8.88013719843613,7.22014186177639,1.95564436119751,1.97413336430301,1.30337522402096,3.34394836573907,7.07986863298367,4.48990191094519,5.80234532655608,2.88369826950716,7.3672220764648,8.59386031058297,3.83924823682268,1.33770861576819,3.61155606529093,4.48810989074772,5.50535485140173,7.7178038916398,6.74998172105111,7.45671183418206,4.36924577690083,4.56471321761214,6.05941818153369,4.75189369816247,3.67553323602499,4.59760565488906,3.85521950040638,2.87767245133174,5.1677612147669,3.95151474710889,8.18029901352773,0.183041168876007,-1.09697261722218,-2.20671328478854,0.233049195750951,0.270936912158348,-1.08957251252626,-2.45606380877097,-2.62942690909753,-0.625361380398814,-1.98209802582686,0.313689192686596,-0.954403619890801,0.596772209156101,-1.63428281891899,0.13209185477303,-1.64152207373876,-2.41919000703354,-2.26122347951357,1.15041206448453,-5.23872581627619,-3.98530389295893,-1.27688892451621,-3.16804228420597,-2.07980518676786,1.00901524891056,0.69779084244286,1.11834907560436,1.83498725078579,1.42426685284779,1.64836454228246,1.72265447882681,0.224591772194807,-1.9301177569178,-1.20169932529675,-3.63906882740342,-1.58035974299422,-1.90761522557024,-1.4557611943508,-2.95578468857249,-0.437816688405367,-3.07955417014363,2.70260284751276,-4.36167701752227,0.903145560610609,-1.82096757482355,-1.76153423340525,-3.6340128686175,-1.80517496089581,-5.11244307803807,1.36617435329736,0.578123684184673,-2.47524861013551,-0.945201434797883,-2.94446445541446,-2.75941230797737,-4.81649839879458,-1.08137571209187,-0.821103223283338,1.99040859816016,1.10905665397026,-0.808378739397923,-1.77302855224677,0.121265115025935,-4.29272627642084,-0.784616376839811,1.46547195733416,-0.175457144774896,-2.968204487623,-2.70099190535992,-5.57490344932051,-3.61543253024619,-1.39097960588458,0.932061337277027,0.844651312248913,-0.396214221896006,1.25577578703,-3.76692996917282,-1.4005279059041,0.711325267071444,-0.212433826805889,1.89869376268085,-1.62556284497586,-0.830601394418328,1.42916216532138,0.720824001009287,-0.468560538351975,-3.58652038140108,0.0699139351506965,-1.34601696012109,-1.4493148608091,-3.42710001936355,-1.38625233465154,-2.14891090515921,0.623129359589255,-0.629686868720186,-4.10872247313458,0.258706841093038,0.920418034486578,-0.717471590929783,-1.34393323081815,0.4613239894036,-1.42309038192922,0.751370485969528,-2.64121894281092,0.029333635766434,1.6421390168778,-0.230070700290586,-4.55782219090319,-0.330029895283293,-2.08468373130483,-1.60112998110979,-0.920184578242911,-3.54566416789165,0.163440877572253,-1.34265575546169,1.670923109982,-2.56819450864417,-0.479716544651673,-5.91387318924729,-3.20617615883316,-4.16136497144904,1.12727855831897,1.45077751974232,-2.74554054317387,-2.75681880761981,-3.7493086150272,-3.4934063922099,-1.37878897832751,-3.16748615068832,-1.40765230189411,-1.8283173549559,-3.5050774939336,-0.493967672563273,0.403587895982396,-0.0332723419164603,-3.53209063439173,1.62957050485736,-0.642601895078736,-0.756517538993227,-2.54446019071632,-2.4006107671979,0.397352788794445,-0.748987626152221,0.230876187069267,2.15617185226236,-3.84927108447461,-0.197455677365775,0.339315729509236,-1.66667124429029,-3.848419199214,0.130298337640553,0.318227777347388,-0.210777793416946,-1.91404824657031,-0.216259357880727,-0.197175890747626,-0.00574926614993121,1.91885248887101,-3.50271860764297,-3.5604413969273,-3.35157716327837,1.79736894455817,-2.01718717012004,-1.49704006230071,2.20298574965128,-2.68071875861114,-0.682620801628937,0.72975817665204,-5.73028459307356,0.331727570255662,0.645579095806342,2.82203570820305,-0.614870548405165,4.55015141313257,-0.99208508982649,-1.1175993315775,-3.27785946730688,-0.826239173700379,0.717998828345838,-0.46061554577961,-1.14923423311992,-0.385667703827042,-1.80047224147263,-5.00352208308521,1.98255311491197,0.702266150850557,-1.77610092451762,-2.94560044329601,-3.6704702623361,1.18496297545169,-0.794317611799352,-2.64496737969255,1.45437929852038,-3.79139029081954,-2.51113309910304,1.59015745658072,0.78854090146784,-3.51037539754296,-2.58522698831605,1.21909039684234,-1.85402629515455,1.55675444125924,-1.15154417393865,2.39621318534225,-2.3082919381061,0.459425820965222,-0.957787407476863,-0.844331256244857,-0.772768985378305,-1.96673406647527,-4.70154661283177,-1.88225221724201,-1.81995685599236,-1.15605993968044,-1.71471229185675,-3.38794145441708,-0.468338778065832,0.720460130646005,-0.164550625615115,-2.51087945935934,-2.73607649279153,-1.01831104262885,-1.05834826581933,-4.63002836002642,-1.54623750232287,-4.10130696854984,-2.87269652330781,-1.00545653945706,-2.09989880736435,-0.984285285197089,1.73393254416737,-2.89129538557977,0.015962462998683,-0.907178879370805,-5.6304009975307,-3.63379481765044,-2.36276733464891,-3.66980847587116,-1.09219289405252,-0.4947460537914,-3.328912836377,-2.18353886356304,-1.49700841618593,-0.127010697342722,0.651307747597682,-4.95403710406923,0.159909347073893,1.9046839208703,2.61952193307571,-1.14625238905142,-0.62447093973638,2.16127078430315,-3.0660879574979,-1.71652295523873,-0.824586917801663,5.60760868723658,-3.42909676903881,0.315660254176969,4.12445324425086,-3.52983427862845,-2.46961666538643,1.88166503811489,-3.26338431593971,-3.58530618647578,-1.00269218209565,1.49175255957209,-2.63871928090203,1.54061269672428,1.22676224726669,-0.659734036012589,-2.94702420573089,1.70387209154933,-3.26195927966935,0.473842203003519,2.66731017457221,-0.721590876192387,0.895822922545665,-1.47946669739806,-2.27692678195807,-0.028575662856258,-1.03895089489251,-2.17279954264775,1.36972666260603,0.124902993664087,0.289600700454326,0.317308603931366,-0.872145059915526,0.640709720080332,-3.98435613415877,-0.517735464711821,-3.22815430290447,-2.52590330915921,0.713570982824979,-1.05115904906777,-3.5256635842073,-2.46675355259747,-2.46024080079541,-1.02007870523778,-0.374083226670965,0.638882777036468,-1.06612899252701,0.000225606006309942,-1.52762560472822,0.48255816028893,-0.0201135846949537,-2.36288475924805,-1.89133635970928,0.882381792550423,-1.11662421426741,0.0658079855370457,2.06153189741577,1.90902391193479,0.620638502404823,-1.45244724136497,-2.60788353048967,0.805788577436419,-1.70507092729612,1.08102382207148,0.81432818438648,1.89262986693045,-2.17272741658665,-3.12866389770997,3.34044599397359,-1.4337777097895,-6.51566010018002,-5.14904462597986,-4.40146552831464,2.86566139030739,-3.83715656233879,-2.50175542547109,-1.85898609522079,-1.49096757667063,2.23316674645782,-0.912290631243217,-0.881295583879154,-0.680319591898138,-0.691368419209907,0.468734168649872,-0.067606603295043,-2.16121710634453,0.181428677050528,-0.331049103706447,-2.7885723456107,4.30458428422468,-1.1494799568321,1.04065524822478,-0.977590961776261,-2.90624961041652,-0.931189457274096,0.48716690649271,0.259749942533141,0.805276515898627,-1.75341260577831,-3.28620475766221,-0.772889525182752,-2.25776476011141,-4.62460373087695,-0.467081638402569,-2.06710500948396,-3.56996428899745,-0.732495585928013,-2.31512256206056,0.359893291528396,-2.12211350224437,-1.94647971754183,-2.54797252379721,-1.22809816703149,-0.454542586307537,-0.429564283075674,-0.937197500475277,-0.299796767297249,-1.48511461040932,1.18703816606539,-1.16640808866574,-0.771215576530995,-0.796308584856301,0.729195502956226,-0.331747284927989,1.02792286816542,1.16564179362058,-3.00035324488821,2.75669343066414,1.72089795561322,-3.49473972812833,0.43824008218607,0.572551398900685,0.45932748939679,-1.35920657331066,-2.4511817981683,1.00168055423556,-3.86242488134379,-3.16202057295556,0.905311516197825,-3.82232714264685,-0.268005403893225,0.562612839164471,-1.41154246953283,0.615768891614178,-0.223134492392276,-3.25142708814942,-2.85733165552617,0.492634199987425,-3.44281515182033,-0.197825897096012,-2.56540137485149,-1.61938351398896,2.83969171709548,4.04632699015555,-4.07607961453888,-1.08933238532642,1.00024283373251,0.243883409616255,2.02194344088182,-2.8771183357101,-0.877462349440834,1.30698622417261,0.644756135489986,2.04142731943514,1.78211891071451,-2.67143250486454,0.385929291775666,-4.17907080768007,-5.79211613442832,-0.431821212272809,-5.52654391326607,-1.17386721801037,0.594597297913325,-3.27308686733809,0.304934759842812,-1.8517319289049,-3.18460248671082,0.472350393609625,-0.54685515739685,-1.92809954814681,-2.44616931017871,-0.097760645020036,-0.552185475253567,-2.8136122814603,2.84703663843375,-1.7406153225334,1.8816760555104,-2.78511474040856,-0.120879381445353,-4.0617788245622,0.390137531473283,1.28890360684846,0.478614754895538,-0.469837584874126,-0.715207843787425,-3.80207045079597,-0.145821350520122,-0.514586208428158,-0.00878601457647299,0.679229536039452,-1.40510696100817,-0.144326934890392,-1.49378493486792,-1.33700152382659,0.630701819907038,-2.77228864834654,-0.46488975550235,-4.47520409958569,-0.549571052373316,-0.545652151073044,-3.90953825060455,-1.31307811960424,-0.760488497286119,-0.534359917127758,-1.49248764477435,2.55823785218628,-4.30596439485055,-3.88782056060547,0.26855345067347,-2.70314165925395,-2.12946605891846,-1.32295862492588,-2.38691446074381,-3.56386860040203,2.92075003784432,-2.09609224758271,-4.12698198892305,-1.51130244446786,-3.53609720188582,-1.39166606859381,-3.01310387743703,1.01875446688868,-0.681343770581182,0.253407485655542,-0.530705513896742,-2.90649259756924,-0.313392716065065,-3.95574866144921,-2.60004254099194,-2.88502198979542,-0.728227545966346,-0.986826726854903,-3.2334606517363,-1.95803073483301,-2.02014246737902,3.02733695374726,0.67748623224515,-2.37767609929704,-2.10319456582119,0.0262786167316991,0.233957354235922,-0.906588733672086,-3.67683198705386,-3.35573106623024,-3.20116931225552,-4.36887138021202,-1.37631662469791,-2.06722007432953,-3.15386560642797,0.633544198852253,-3.1925698589135,1.57412334204985,0.359815628124006,-1.52548240998845,-2.74205571487849,-2.07339142801674,2.02529484116672,-1.16319287794123,-1.13939687819476,-1.93628017676037,-1.44015102520392,-0.302452692300245,-2.79883710472022,-4.9002187730511,-5.83266928851947,-0.346847375888418,-3.31488818677891,-0.870010534929511,-0.604194053348677,-1.44988745641327,3.74728291604387,-0.793561334365924,4.1475138656771,-3.86638439254604,1.63145556706631,0.111656415756649,-3.34950236463331,-1.50962473443113,-1.69009675425397,-2.66473063529285,0.399004138989719,0.755613972944373,-2.58410026477805,0.836408443008126,1.59163622691409,-1.20880697750583,-1.51714169898002,-2.08072534920692,-1.00755086381866,-5.43962336957236,-0.428489500225722,3.43691902495887,-0.237434900960965,0.179506872664821,-0.830465932284665,-1.36549726139131,-2.32815533513024,-1.26956448686217,0.926947430050319,-0.761263700839239,-0.188653220392656,0.681943451090271,0.213935971039687,-1.8220605839365,-1.7333716374128,4.02441465465922,-2.26292874351098,-1.60924840736868,1.34693722351716,-0.690404465368629,-4.23200717319934,-2.13882321548628,-3.29530284752471,-0.417781193809302,-0.723632962438507,0.798470988483779,-1.35711828433118,-2.00142537875169,-5.11565607492628,0.62715931724784,0.928365280986063,-0.400888286392662,0.946358872523421,-2.92076985744804,-1.877380732459,0.989027251865005,0.254661214582333,-6.25679436920353,0.645780757038154,-0.516212202594891,-0.630939583027457,-2.55559219285937,0.337894118131264,2.39237754825118,-0.332430009779677,0.91824524058545,-0.295400966430151,-1.22780016323755,-0.287105811233053,-3.52494256473658,-1.94856274917745,0.804702088510469,-0.844997264199734,-2.79889736486645,-2.86952353189484,-1.16395285119222,2.52201375833956,-1.71320040413141,-2.56092239310462,2.00710445367166,1.08947354984395,-2.9638946390692,-1.96854890970127,-2.6958882387908,0.278910492907134,-1.16682535642673,0.567171016330991,-1.52206900623346,-0.167618757319784,-0.224009970435229,-0.502714374756596,2.14615240263089,-1.16542058883423,-2.43159549717594,-1.21090373553115,-0.999892264139491,-1.91010045736425,-1.76766485593572,-3.17797722265597,0.0978255094350959,-3.57852647332673,-5.44168768863083,-2.18199838283909,-0.509830424818549,-0.251950738381108,-1.56745288146067,-4.39995958327061,-1.86532244260374,-0.323782560114931,-0.0985788206000967,0.904028676561003,1.92840106790658,-0.961929463952435,-1.82065287654996,-3.09024744189685,-0.775740898561513,2.10252934290433,0.435416620816319,0.832184820799067,-2.68282656989692,-0.0476468342705012,-1.00305544234778,-2.93466247706546,1.03462308388333,-4.0090738209722,0.300562155168859,-2.57744163134792,-0.486814969068864,0.776336506472974,-2.73953421175307,0.177742123317216,-4.2703572000866,-2.57690373788966,1.88679582654059,-0.601906398759722,-4.65048901651927,0.173159598209348,-2.94522987574055,2.81893531983508,-1.44974800118476,0.462103316108504,-1.62401131558184,1.21784373165327,1.08727517198296
"89",3.61225109218797,5.52973086816167,4.54234106341176,6.05984586641734,1.87784870992254,5.53621303660045,4.7028627460463,5.43254447838615,1.41821181210733,4.77633380553915,7.30108448819519,4.49990331863264,2.8566569748736,3.00291571539013,0.168172152294067,5.14561327137867,3.27527750225325,6.44553261704059,4.42182463558079,4.96081576210437,2.99392786842265,4.25766079412141,3.72825381632803,3.91557457362831,3.60180129699229,4.5949588344253,4.85520255720446,5.25398575163315,6.81257852663285,1.42243506488999,7.61836144214296,3.45239954250959,8.25171446243652,4.49853668664067,5.05895119907024,3.60295640517915,5.75049630902136,4.94181014561251,3.46253518708895,7.64325024436054,2.77117822269812,5.40654893010586,7.37060166220806,3.15192432752918,8.26245958050726,6.52766619367598,6.65604294316228,3.85214935647796,4.25452515343512,1.76820381327455,6.9023168776409,4.03903681857853,4.02734160390071,1.72369393131785,5.64499351391746,5.63300899495498,2.14962829968325,5.60450165672439,4.30433300059876,5.35492681813678,7.70814198106177,5.97476318732201,4.72146362531122,5.16464138759897,2.66656942376755,3.19260926445919,6.75893929452571,6.62345759721137,2.14084248324914,4.66066492352806,2.80632974019111,2.25661226199207,5.96615110762784,6.21101797705076,6.38993650889897,6.06620596537684,6.95101516928183,5.4700194072592,4.72422415028961,6.07083743269101,4.73665530745523,3.81709818120299,3.50967774380394,8.23428542778257,0.685780723930216,3.72278761962713,5.98411741221901,5.28217931500085,6.58489995064544,4.32082037996738,2.62324332426476,3.40705615199006,3.60814685994915,1.5282997024771,3.24818571703876,2.72493598579502,0.655383520765035,3.57042681246448,5.67764103829538,4.05796513330209,6.3528661881427,2.47658042503844,5.81340251069973,3.52827050333257,3.83387716630414,3.17609491840362,5.49490349645798,4.47240436040415,2.43617318184255,1.83610568589827,5.62263402343039,4.16448406730687,0.899334123309524,2.17012005854351,3.81721737988538,8.10798919261102,7.51939235954827,6.28972727776932,4.0107238515833,3.96963176886778,5.59925268032794,7.68086371862131,3.87987091547853,2.99684407160001,4.33446025303831,3.28047863155748,7.61413985143713,4.32451404436368,4.69884689061034,5.36725475167414,2.76338505709715,4.5993168561245,5.96609470046535,4.70533521708651,6.78367374301639,7.58893415298973,8.070303068632,5.81896265876225,6.42433075674993,5.12129144976042,5.64423914227865,6.53282348804349,0.780311219655945,3.34425439062627,6.38191240695494,3.11192880437889,3.9188531100963,1.4213752242471,-0.302228949568597,0.266490573121003,-2.24625674813433,-6.08174922305056,-0.704217013935254,1.3373521692656,-2.39686858220228,-3.23173186767615,0.285640750547524,-1.83605321527909,-1.93131986047057,-1.89218866825978,0.573446072133,1.19701157479398,1.00335857242538,-0.121394496836609,-4.21768326691624,-0.23425046080375,-4.85344705898737,-3.36502895417055,0.0351123159349296,-1.60970580501461,0.728335792209806,-1.27326150089048,1.88662726291872,-4.05362742680217,-4.41352569119524,-4.27465902456604,0.330994776610195,-6.67025829590691,-3.30206203544543,-2.05440445259307,-5.28695671232842,0.617693622617259,0.86458648306252,-1.62221326637004,-0.701487260609494,-1.72353214426424,-0.703229770905039,1.01970648265816,1.88781546931961,0.192623583158581,-4.49035846386437,1.30604276029074,-6.06308105386289,-1.91382073305591,3.29243111623065,0.0748389163725065,-1.16869881187265,-0.550749927022923,-4.38087978693444,1.48746680673398,0.711351758561882,-0.621875459161056,-0.892425032075617,2.67829097821195,2.25065043191898,-0.858671680538739,0.455888955184511,1.51760613634462,-1.96936090341226,-0.813341289457464,-2.96551096377999,-2.38545193008087,2.4648333480242,4.34202910362863,-3.27635077370608,-0.0874137832202209,1.37881668446818,1.73310449720131,-1.42598431529701,-0.709057304518985,-3.53101037156707,-3.58690731286774,-2.00695144004494,-3.92653175722317,0.911701134537801,-0.463896582962888,-0.297442807424917,-2.24171336793994,-3.03651729271132,-2.68194721029386,-0.904088413772455,1.3561343697574,-3.21208504103762,0.322159333956062,-2.02825883435816,1.12889458832613,-5.86440121586647,-1.28816864585173,0.123088681860035,-2.94313536961893,-1.93699325866162,-0.188693067650254,-0.638547401803455,-1.25489392461389,0.729960463254874,-1.50232088625315,-2.46314340806156,-0.0963349694045348,2.82359634035629,-1.28681054367651,-1.99034708776235,-0.495838088663261,0.821842095450309,-0.251103902323627,-4.27343452079393,-1.27574253778068,-0.76374113449905,-0.0151531855704712,-1.49138789242864,-1.07082157760113,-0.862219892690404,1.42272109948588,-2.53767810797995,1.90082158636902,-2.9291074881565,0.00825436525446466,-0.0786896671064126,0.708919607062033,-0.251503345949282,-0.319594441656404,-0.77866496336278,-0.0868187409541559,-4.61304901139566,-3.13535133990798,-1.88413249486946,-2.81312452944233,-3.51961804252653,-3.34160254144876,3.14242896820433,-1.2043641295008,-0.936712953328763,-3.78362697870604,0.761366987251161,-2.23135886455263,-0.0286744401544859,-0.944025796246885,-1.0036161829333,-1.77464741444669,0.208963651842772,-3.01698120963887,-1.04094032513057,1.09560187195113,-0.934254635273155,0.785907207226654,-2.22548768194191,-1.11634350232946,-1.40482398845194,-1.48220335842948,0.622988851927212,-1.73636757020125,-0.230581016509465,-2.61331453296484,1.23731197181292,2.21905393897545,-0.73435986766587,-3.76049280475552,-1.12937398230468,-1.84640685733009,-3.01147569508402,1.95297215634513,-1.91481097107643,-2.01937639509323,-0.440596168682391,0.0991911449066902,0.811709072453828,-2.6807439485064,-3.59891428561834,-2.95848855692159,-0.225148053432597,-0.826418733811438,3.84785868397093,-2.22157936076854,0.870715168007985,2.8826778705382,-0.456406883998695,-2.09474529364706,0.668328461996528,2.55615810202205,-1.35849335977386,-2.17160495011428,-0.304531866686415,-3.00818153773642,0.890976361898572,-0.181729661655829,1.4122395602477,0.0800393279022402,1.17504030574534,2.08698149071522,2.07349556977101,-0.583715480288292,-1.22594969669407,-0.00440942767475072,-1.77243097016582,-2.715192556261,-1.41970429384401,-3.12835848782051,-0.285129210900781,2.49572315636857,0.188532391751153,0.414287991071577,1.88794710566458,-0.370543268823217,-1.60246865785688,-2.50094270835076,1.63731825677276,-3.51921006704911,1.27576883326411,1.85280665141274,-0.940223401244642,-0.370841321987775,-0.807739344874137,-2.63767301239948,-2.93180285840021,1.54166809864464,-2.06862426882132,-3.00226733825622,-1.53045420276794,-3.27039900376978,-0.785689888006102,0.364408839714701,0.621478079290104,-0.313834749429309,-0.280345653504069,1.87760896921441,-0.929018077566813,-1.22250578901544,-5.13660928737369,-1.44081737155425,-0.289688689364597,-4.41236048596344,-4.60198543042082,-3.3065275053023,-2.18350254073506,0.557149449126286,3.24721226334685,-1.17280244378293,-0.676567258025707,-3.03494332007449,-2.58472721085683,-2.13031126424735,-1.90213274780311,-2.25301878443615,1.09347534253924,1.90505759672069,-1.20260223178082,-1.06193014806518,-0.531164131749916,2.39165697194552,-1.53151575734155,-1.97285237741005,1.82036852112931,2.34817693524911,0.107096503328533,0.411150928762958,0.502924089308658,-1.30272699117753,1.83939447715053,0.533700677217874,2.07172348169969,-2.31259699770294,0.183076525967416,0.248382989657106,-0.297953401756239,-1.47943317365221,-0.231821341223111,-1.75941495297476,-1.01585909220434,2.35166753119589,1.75916162393062,-1.6992914436185,-0.19676843868486,-2.88267410564402,-0.171133954358281,0.784398825499062,-1.73796122038467,-4.2803303707018,-1.40237460244002,-1.68789871023711,-0.800172825084592,-0.843900918746858,-1.14763942968005,-0.513321249983386,-4.05354222582684,0.390462724729213,-3.23189435092493,1.32681058672308,-1.57498270864488,1.26088570722061,2.34221031498294,-2.14126072781554,-0.437257290798715,-0.268699340160855,-0.805706612607313,0.642740471519228,0.775554794195172,-2.7596044338483,-2.47189857837715,-1.08582132017304,-4.91536102945086,-0.459607263410973,-2.79148329412695,-1.95410697897891,-2.26125474712045,-2.225600070105,1.53523440984236,-5.62411659605782,-3.17899314401101,1.35357962747131,-4.45220651548543,3.08075537793738,-0.230436584314792,-0.576563545473012,-1.77593115923183,-4.10515610195413,-3.10438311728466,-0.985214849698208,0.0501947459880523,-1.46877739090532,-7.28671398901209,1.44381234769549,-2.85018969643704,0.800913298370453,0.968492413903535,0.799641560319896,-0.884944246917044,-3.20764699803585,-0.166041954143454,-0.696624409092207,-1.19787550032214,1.67229120036687,-0.521135849479337,-0.679809239498664,-3.22611740843537,-0.0199178223505769,1.01530417444449,-0.885289884871015,0.0644502808592033,-1.2955182343782,-0.38949783471397,-0.278988544235258,2.56711019249991,-0.367336609537744,3.09163981838453,3.74377243153383,-5.02802397534153,-0.37443724009853,-0.753897220211286,0.0611660500108571,2.33866078656636,-2.67622310215236,0.959462122356834,-4.53696685599191,-2.53556181942189,1.13859847652062,-3.2913262639256,3.16439473490165,-0.903453177455088,-3.63817892487868,0.346531579025885,1.76147587146246,-0.908463649935628,-1.73752255671068,-2.19148060604716,0.747072972937354,-2.66342198460451,-2.14908361884974,-0.0409613098337628,1.06137767377795,-2.91656967263819,-0.825508256456338,0.453721714837109,-0.230279704964452,-1.25216811647741,1.05004009177317,-2.29477600629176,-0.736723018461674,-1.27662619978115,0.0968612464645433,-3.2325240932335,-2.92986674768111,1.82622910281669,0.105097584875699,-7.7335425032952,-3.31865330404888,1.66731015493088,-1.42686298838881,0.430157256450604,-1.36450854016555,-0.205410377331427,-3.93902659731216,0.701277378707384,1.05403013749086,-1.56976173378796,-0.111860405265188,1.06698435396971,-4.20286872803182,-2.06030200282516,1.18702913932573,0.403627512834382,-1.25110459608618,-3.15130018831607,-1.70763612481402,2.0402658537205,3.86972629873224,-1.05619366503839,-2.32445714591351,0.870854781174205,-2.46424628380082,-1.61462289415291,1.9171331619877,0.685760955802532,-5.86506785045288,-3.71612005883964,-1.67758706724598,-2.05040011219955,-1.91058299620873,-0.617185125835646,-2.14005124182304,0.68488348176043,-0.146809317257538,-1.58069825787449,-1.02608317954996,3.43626370824246,-1.5486952821184,-1.49126566014838,-2.53448238626232,-0.813701320888896,1.24597801983509,-2.01350966741107,2.32477141671713,2.42583215376995,-2.5687217506761,-0.698611877343448,-0.961139974134979,-1.50897780262719,0.157682270483976,-2.20279236153964,-3.03785855697451,3.2596276772824,-0.288850293516068,-0.442148397830334,-6.83461803448927,0.697364730992927,1.23718056072515,-0.126304361857753,-4.23777006231323,-0.632980348234236,-1.16620496058651,-1.24443230898604,-2.90102217521196,-3.18354510757339,-0.0098343028680784,-1.69342504620629,1.66163055566271,-0.694659945889966,-2.08098972564828,-1.38454899455797,-3.86073185896284,-3.21680635984267,-1.92011930947395,-3.81411191707626,-0.943154955708615,-1.55955070701637,-2.74762889315948,1.94813054292537,1.39710234054378,-3.62903764965367,1.70523784550185,-1.98870759861842,-0.420763289459682,-3.23368955121718,0.544813825348497,2.14474924191261,0.585664135919284,-1.70186155509404,1.48477575870866,-3.01341437016574,-1.38710873054701,0.683032705035687,2.40201402580647,-2.11834774721775,-1.79588181673562,-1.05884321929277,-0.355729727309067,-0.683316497030076,1.85802410329909,-0.0914929929396522,-0.747232827164137,-0.153052437813717,-0.675919783026743,0.302241518802971,1.76475754962926,-1.77064707566404,-0.996047345264764,-2.84695926351625,-4.9979302368974,-1.36815926315342,-1.00348103701991,-1.21700694686005,-0.784997729930503,-1.63538246237664,1.89738851566676,-2.48940305702297,-1.70426149849812,-2.94398426450217,-1.77369993482011,-4.40480504385438,0.43345327441273,-0.324001383203457,1.47070077014082,1.3180504085521,-1.13521035654387,-1.55813450314139,-1.97990513930908,2.13719106758701,-0.0471960526813544,1.93322065942748,-0.749640305165759,-0.444879801557897,0.376648463718197,2.44959406759151,-0.396703672015115,-2.10206497225269,0.670229361348869,-2.63969280031537,-0.379345123210516,-0.290579784620501,0.779221665974832,-0.476449978639757,-1.27589802558513,-0.594270515845276,-1.08918875218434,-0.239130429473988,-4.70373745577657,-1.31136490103066,-2.62900931912203,-1.75473051323849,-1.92613349390738,0.712663856848655,2.62594296665184,0.979426086028317,1.40770037898491,-0.358267642656226,-1.40100847663255,1.26518718984545,-0.0887282376231885,-2.33935439784597,-0.758436770738361,-0.342387986716464,-0.721240611356027,-3.33231150462144,-1.4273410932548,4.32161397358651,-0.14803137142024,-2.03453474780377,2.25454312298544,2.18516540203177,-0.158880404885185,-2.01480975290829,-3.29161313151399,-6.45272396390608,-0.584442646668673,-1.582135727088,-2.40516439728585,-1.64627341725463,-2.16838631053723,-5.20258823999032,-1.27415573643253,-2.69487181665277,1.20492599770575
"90",-1.01772784710539,-1.59986561286811,0.770410633353695,-4.90063810493061,-3.23755967890313,-0.459622557106121,0.966779032161202,-1.08375211331045,-4.36208379680697,-3.75165512627771,-0.186840841508087,2.48290722981165,0.315311461814137,-1.84460845004863,-1.9034267993484,0.884643133078358,0.887423163223734,0.45726747058104,0.703169820429091,-5.52394001815533,-0.310332515887292,-0.986537184842443,-4.56949923809,-2.42030599015059,-0.261785395454599,2.25950040205033,-4.8823527671429,-1.19054050199778,-1.51616246892754,1.2535562226698,-5.52717071244599,-2.27979638085948,0.101813925133103,-0.659233697839383,-1.04749155838067,-2.22482246823664,-1.66778712007298,-2.38416606951319,1.35630336312626,-2.67907878565558,-0.585576782610587,0.752138650944089,-0.418810832835731,-1.89980557633063,1.04112235921325,-3.55068835679131,-3.55052737614845,0.960100844735804,0.715334931241766,-1.37657208295868,0.773694165919206,0.0277385642806498,-2.0794286753754,1.29697052262131,-0.713985763616074,-3.32767586948363,-3.20695025399381,0.430817751589626,0.461280940744502,-1.03408666510425,2.61391865756249,-0.647772820175482,-0.247578129968075,-3.98322330457576,-3.96841561736696,-4.69822253541816,-1.53322228460612,-1.61311760387779,-2.6089091131463,-4.18311886453519,-0.536893141131335,-1.7646675232341,-3.09625050028165,-4.74691983748709,-1.86368972545632,-7.58279892288842,-0.11022250667002,-4.71834999279914,-2.25499092792347,-1.10422661299593,2.47816077925875,-2.10242390754103,-3.30691195009287,-4.74322365344697,-0.804683247583991,-2.0402616710923,-0.162735674434164,-1.60781225282742,-2.94919978715116,-1.12570592931557,1.57772388459916,-3.55855091151574,0.0849915612384209,-0.892394437646321,-0.339170951056762,-0.934822608419933,-3.27032442320535,-0.327073853692501,0.0926294154261391,-2.93268670521225,-1.4352497421155,-0.642324007079239,-0.475590391615535,-3.49016299750609,-3.04128925588107,-1.18028605135709,-2.88547736006916,-1.76121769434343,-1.88219181234706,-2.82810269632524,-2.47910347188298,-2.3742744720581,1.29443948801863,-0.553081559486544,-3.62029631351601,3.84739155481446,4.27879665202415,-2.57825090816182,-2.2563695620103,0.0364085871211559,-3.65979366715804,-1.32525738688742,-1.3919351035101,0.337014660661313,-3.77244772916806,-2.02439006482715,-1.82804100194553,-0.917879624020248,0.712092068534742,-3.21203704467779,-0.135795819947997,-1.83338608472191,0.547415123699424,0.0893462524761515,2.97582567125775,0.455918831634361,-5.42473677122158,-0.681661185967369,1.06911510858366,-3.70180592923367,-0.166275619365711,-1.7395607193146,0.828244640204744,-0.286674164768473,-0.644716208624054,-1.17501522150309,0.206241453437941,-2.59421356052343,-1.01151294612368,-4.76918673449015,1.46346464253312,-0.195485864135145,-3.1422323278087,-3.23507361832183,2.93062996843987,1.31783979035767,3.54870220112321,-5.33613559064993,0.547834999641557,-2.19298775040719,-0.938496528545856,-0.842388170317536,1.57610042509994,-0.95379039885662,-2.62226708265549,-1.46104905845813,-0.812832433261901,0.207669713129379,-0.226050466159329,0.603389922056733,-2.16719174378052,-0.927551395699151,-1.65236424964217,1.87996697739861,-1.04699235548117,-1.84645866890828,-1.57950843351564,-3.12276497750746,-1.81493265767064,-0.11507314799521,2.46708301908419,-0.65698849619711,-1.66224543672779,1.60859128591529,-0.837757012873675,0.711699500846983,-2.89147256739539,-3.30102649220377,-1.21088294609676,-3.06595469216715,-1.10216066192145,-0.225396455599315,1.83422407014341,-3.12251217610203,-0.310660067131753,-1.23799678581478,-2.02103132555437,-0.348136890629437,1.94616750649972,-0.77955106018182,-0.614709185079364,1.60179896916333,-1.29358692582302,-1.03562874915826,-0.683600464990997,-0.654382666376058,0.00664111361992625,-2.82250530223714,-1.64804549278328,-0.346864312651096,-4.89429190095052,1.81640463599698,-0.870863370216434,-0.773543881710824,-0.785687562887083,-1.02051662742098,-1.5351444734491,0.285556062525681,-0.245057241884609,-1.70606835902153,-3.77295873610928,-0.698173783418052,-1.20699359581077,-1.56152738101695,2.707286489136,0.0352354850031038,-2.23748389308474,0.0345569597156814,1.92510202200014,3.03840545265616,1.44315196496516,-1.24272509903594,-0.706041068750622,-2.75982408802382,-2.44413556827668,-1.36638616833815,-1.57549886163715,-6.23448906803691,3.14485234284093,0.108387570267384,-1.46088674769151,0.497538702881162,-1.0112371641558,0.340265393478884,-3.1322051488686,-0.0339247802675107,-2.45894332683496,-0.727584560092775,-4.17316601794119,-4.34961546002411,2.68088037684716,-2.15524089228119,-4.45904891074551,-0.618116695164211,-5.36743745834497,-0.873047617850473,-0.764975498179975,-1.14830254885755,1.59476012242121,-1.29953690055904,0.617437498420525,-3.06944132471689,-2.86806084150672,0.502443668431415,-5.74772927436379,-3.99804110070339,0.40323465321269,2.22299389933531,0.706771804188124,1.64534277836235,0.291232192379141,0.623712612437432,-4.03539445628835,0.211784754849544,-3.62586133382484,-2.10973226814495,-2.82691144305971,-1.76192772449599,-0.539528421150066,-2.10840001520617,-2.22605279280226,3.56881575232391,1.98478473565672,-1.96857018638049,-0.851221538549273,-0.134995549696348,-1.41729520641228,-3.63530679909393,-0.290082566839355,2.1896208256028,-1.69660582191058,-2.51310902859986,-3.43423309562016,0.165941614875015,2.05022412897504,-0.334357638594446,-3.71310750749304,-3.2227851043031,-5.3707663113716,-1.48556784661071,0.547085350972254,-0.769275435218765,1.14555317172335,-1.61635484418646,-4.95859946771882,-2.45474640390289,-2.05219261065772,0.551818421369097,-2.37724834579065,-4.5796347717582,0.0423399175803878,-1.31883196377128,-2.21876235348854,1.23986363479995,-0.554071979819216,-1.81578329887802,-4.18833809725792,-6.98754346141151,-3.08880929014746,-0.49669940317896,0.885991749168598,-1.35119655373821,-5.81235483610917,-2.68950762446924,-4.51023066155145,-0.536716440141482,-0.653770005198048,1.4449974448202,-1.17234856948479,0.425628793809295,-3.12096886817612,1.08929384624534,-4.5149777311127,-1.0364912993183,-0.772211833576055,-2.53695443739253,0.323170386542396,-1.41972301053194,-1.20367083468551,-0.713156807154967,-1.15405556787164,-2.87080520732811,-1.08247290111366,-3.78096385164788,4.36735567191377,1.22870537178629,-4.0562120852299,-0.0528864134790239,1.23829419186614,4.44433735480121,0.280867048535745,0.374711937252052,-0.827825872194432,-3.25677911800565,-0.693084752287343,-2.07006888214695,-0.412031923324054,-3.35270474890272,1.01017511523114,-0.0500836107882981,-3.67081352211866,-4.03798631363588,-0.511910975572816,-2.47626691872409,0.492784323056223,-1.19969824428244,4.36353805767613,-3.48128160956328,2.70087475818836,-0.980362289762282,-3.17651657542533,0.27586052491096,-3.25894943622843,-1.20639758577708,-3.10047934142832,-0.891382412855626,-3.11779592958434,3.78518960295266,1.05855613051681,-4.1844422699964,-2.86373504207251,-4.06091688698538,-0.50160251643992,-0.863554767832022,3.75940226900871,-1.43407774525783,0.327538427599022,-2.00944311571615,-0.443924945274629,0.685798077949506,1.3458391252919,-0.562432885321342,-2.81727078220957,-0.657290321783846,-5.28113846884533,-0.194898605102479,2.59516868521412,-2.1850139398951,-0.620860794162421,0.803717955980779,-2.7196559567039,-1.42883030967573,1.03514481838584,-2.48416973776662,2.39796817142363,0.6318855999038,-3.83525769263377,-1.34659291573908,1.40452230296333,0.312996975009707,-0.505120534789007,1.45766577557098,-1.91111180525941,-1.75082602951582,-0.415131863976937,-2.72453556692958,2.52172332167853,-1.80435591762765,1.12767876763851,1.03063220740866,-0.200006622933462,1.81666520817424,0.361239627139939,-2.37509866335852,-3.63453201125686,1.20669489172615,-1.61398850873628,-1.65522381465371,-0.827187223435955,-2.73748583467212,-3.34434768073396,-0.640027206483201,-3.65349698937205,0.152288727157111,-3.11041261853522,1.15414972845608,-3.4446783247262,-1.48032109029018,2.08573573745393,-3.96811873760586,-1.46569602405167,-1.63610260226188,0.68571407296533,-1.24045526154746,-3.73560023616782,-2.66166086711434,-2.42649318186482,-1.68783637722712,1.55675181904267,0.122873604902139,2.2541130904899,-1.10675022776619,1.71503166655691,-2.86077389620226,-2.97619510341141,-0.704281834651017,5.44614057240322,-2.68749888843413,-2.36684019493081,-3.64557161572943,1.41079566521995,-1.63987050836436,0.477144857822115,2.0434296226648,-3.49315230419679,-0.893381337766087,1.53242232616341,-1.42846419963956,0.491006492082335,2.83570584158059,3.43289976357682,-3.5591409856427,-0.608376574282746,-2.16456363971859,-2.02369963998068,0.471375869047893,0.184027546358363,-2.96779077668416,0.0259681285645328,-0.668340682775534,-3.74435644862998,-0.50009622084211,3.49975064327006,-0.767793405952035,-1.34294338409729,1.83238936078546,-1.40508862849755,-1.35051185866244,-1.25291742523901,-1.06230066881728,-0.838758415416572,-0.381222234974276,-0.161605659190668,-2.44711505375529,-1.73781062254365,1.67651875134858,0.139401638124981,-1.38420244522064,-2.83756398907632,-1.10252952322383,-0.561640026608296,1.59757627685834,-1.17993863444665,-0.0452721888792745,-0.218325283836078,2.43621576721948,-0.65810573885325,1.39270218789924,-0.708442147501344,1.00136703878922,-2.67499648109501,0.994750100737434,-2.92085286008606,-1.57387123109734,-1.37938755947736,-4.17862091037789,-5.71093338233409,-6.54282659323247,0.614435869863402,0.508075231999458,0.933323363145751,3.4460832674494,0.477561584132895,1.24528727632127,-2.72707787749623,-2.56803520991292,-2.25013978921382,0.78847958484687,-2.70584217346206,1.1490211341142,-4.70571197098965,-1.11798579440102,-1.62225519869216,-4.22283862455058,2.7146259971826,2.47513849784474,-1.58059323410618,1.28950812173618,0.00659770149720518,4.60906189360087,-4.03739944498799,0.556290887662633,1.26858440451366,0.269383048354251,-1.29681953430251,-5.55497041564196,-1.39250826873382,3.93615733461497,-3.46263758944083,5.60741399194554,-2.22641670848004,-1.95007108805014,-4.25147023679164,-0.120687374639448,-0.871369625183102,-1.7207675808004,-0.521975489943676,-1.67139891608159,-1.29852061692118,-1.93560977386652,-3.54306802178434,-0.573275020170419,-5.13081417662792,1.05209326578301,-1.21850295438795,-1.22817544658,1.0976979969222,-1.16623168826415,5.51823212669795,-1.06199388718377,1.50643899253454,2.92949235963651,-3.46051940022764,1.26087412338466,1.72627850995158,2.45297911699658,0.39238893814672,-0.147909778029755,2.05781734787281,-3.71966166176641,0.719326765070367,-1.98169189116118,-0.662487599822475,-0.525803837404692,-1.73184292393375,0.291504554274719,-1.22143046030573,-4.35144001094944,0.0830800953030044,-1.95929305283607,2.06706553157007,-2.40996838568187,0.626075693652133,-1.25099592829762,1.09193207182547,-1.02314225551563,-0.642391010096161,-5.57861725142815,-5.87886548585065,-1.12449023298443,-3.31553111312401,0.0260247781670269,-5.53497610286363,0.0951067396038736,0.00791508408181052,-2.39134519999939,1.04744362204905,-4.03061209906278,-4.85385709540864,-1.89648328500494,-0.5766553599128,-4.26967757227721,0.53134969719961,-0.35589556922833,-3.26368667882258,-1.82361253317387,-0.326930470943818,0.96112311535382,0.365709784058996,-2.71561277076337,0.179763784897782,-0.00100773536946219,2.0055078651596,-3.17909370626282,-2.15551539837149,-0.0736012820176798,1.82640852006781,-3.75351805749947,-2.41920319916956,-0.492885271686672,0.269635088317108,-2.90374474444623,-4.82444458338453,-2.22282136076588,-2.1440856466881,-1.54018149952851,-0.789086493855437,-2.25569323560376,-2.3817541771041,0.0923613443430251,-2.08897796837537,-3.56241413499171,-0.766893099061534,-2.44590502438939,1.12485999577414,1.34086742053112,-2.90505434649524,-1.77999262955944,-1.73664678986848,-1.40370228767461,-2.25588967345833,-0.10457670660137,-1.52204679585565,-4.27670644950971,-0.806094844318789,0.082852527322258,-0.732875598086019,0.966804153342197,-0.872223803711698,-1.51175581860396,1.21622199407619,-4.60231052365132,-2.09797138923919,-0.862248658243181,-2.69342597130282,-0.637766553084825,3.32076542534792,-0.949480892528817,-1.9923532242341,-3.90646861176659,2.62290214495397,-1.96536678712685,-0.196934933291111,-2.89213978129017,-7.51239427927209,-0.11589930397905,-3.2696467925329,-1.57149202047024,0.132180356264972,-1.72114811808181,-5.18522625964265,-0.412302801065509,-0.445120685514755,3.80909452293462,-0.419914282238102,-2.73763404163584,1.49809907981372,-0.0132021915194755,-2.28183852185968,-1.76314492049457,-1.19640808026472,-0.05263976055192,-2.51270980786534,-2.49394387704487,-3.5113455160314,0.535908290590231,-1.50949475051262,1.88080120139512,-1.63800138026196,-1.84909322913604,0.214597017188527,2.27074459037834,-2.54696773988023,-4.04565149100864,-0.901077477116711,-0.637028766903088,-5.09278237394241,-2.7664798968251,0.998736533435707,-4.73982423916912,-0.254676653934772,2.36856841603602,1.16051749529935,-0.441237575717265,-1.73076578594991,-3.35598824614278,-1.88968398603552,1.03014424748206,-0.170013542573831,0.922844633579059
"91",4.75541284304716,2.4145181815941,4.55719235387244,1.69763423006615,4.13276279442962,5.79676833841243,5.55801287258131,3.19308281858655,6.53725432609859,1.53572451939738,5.26286456316367,4.94103554421306,7.22915439281468,6.29008219804605,6.6350080709744,5.63368587809056,2.9799590723798,7.34153339384962,4.82646872494147,2.32376526711502,6.38322152582027,4.77691294732238,5.60912453642222,5.01378254618784,3.19141395900425,8.4251156143597,6.84489612916451,4.46608724898945,4.66177867837222,5.43263635749529,9.21321389142774,3.39054053989175,1.15570154135789,2.64076284944038,2.41318076460338,1.74398218201474,3.50215072142158,5.75909484195815,8.87784921885005,1.4130979716242,5.83612032699199,10.6431842476526,5.89289178317826,4.198938790959,5.31781023060392,5.48757215185944,6.8104158271177,0.586058493584279,8.52216362574823,8.03805865502498,2.24207558157351,-3.03258541482184,-2.67104195250209,-2.45431532671445,-1.47053632186793,-1.27293919487953,0.424745571751756,-2.92753757096995,-4.23631027245374,0.434490904695903,-0.854045722080202,0.637314813964231,-1.50501285949418,-0.0263503709205023,-2.38055096402546,-2.37490196375692,-0.0360734892251985,2.32704549327936,-1.45430165511699,-2.27751649307963,-1.89368342061523,-0.284990115926798,-3.32652253943715,-2.5407089335443,0.598964961260545,2.7821747688415,1.6293103986926,-4.07976158685796,-0.648330704637405,-1.98009807366769,0.167578225319575,-2.64641046606202,-2.18848957217805,-0.109730711911354,-1.84317172873576,1.44075543037654,-0.969748722895578,-3.47292350018483,1.04684167071585,-1.04578565979443,-2.7881665186448,-2.36473102623902,-1.12241590530098,-0.790979248452102,-1.85283161729007,2.90139984559309,-4.04211276725827,-3.99411613019466,-2.7464475835322,-1.04353175440344,-2.78409322054542,-0.48440287466535,-0.616754965150916,-3.62442281677284,0.16184372730267,-1.87477241343596,-2.49893801197805,-0.90564218956415,-2.98794072747704,0.44329358773931,0.0802037426771725,-1.9085120946566,0.120839374885175,-0.939015914852572,2.15787955132703,0.73471517894804,2.21223629180349,-3.67805472345428,-2.19559591287425,-3.49849969007038,-1.75123852207025,-1.02831592442826,1.27317912143976,0.691779101407336,-2.48153961396308,1.77301797463332,1.43783606988771,-0.628814418866239,-1.15796245497277,-1.35866174788276,0.26122241337974,3.50857117818495,0.636729237175451,-0.640501023701102,4.0939392097211,-0.0874028181735296,-0.383330142775777,-1.11963867317382,-1.40368570907549,-1.61936915714309,-5.8650257150536,-0.836108813186871,3.32982487228803,-2.8198750307159,-2.91121590640348,0.826130726487048,0.595927838651665,-2.87775564226233,-1.81320215286372,-1.45225307434392,2.4643716501024,-2.64385469769418,-1.76915306097084,-0.620772768305096,-0.824710536044325,0.985462611142613,0.0968920329818221,2.69684974302032,0.995134703337788,0.0126469540698622,2.40640368824254,-2.84290843883811,0.08381125678804,-2.43861870140292,0.349493420818722,0.583532295564354,-1.4961407755245,2.89131965983166,-0.813364960779545,-4.05537514428403,0.476413236402845,0.79378459664167,-1.29763069217313,1.53601419129229,-1.34946113010236,-0.904350049271896,-3.16144175500206,-5.50377606140936,1.9985855348648,-4.00099818784196,0.441008040774174,1.28052968189933,0.564541228630032,0.780698983980293,0.449075981285152,-1.59396278207882,-1.15154414892787,-2.28873289959972,0.750935017184264,0.832270138182417,1.96371265429455,-3.93583430965205,3.08295648655993,-3.57424993610033,-2.51981641296125,-0.352716777069769,-0.113970921905723,-4.17659216086805,-3.53616627634816,-1.88145817924741,-1.68712337870962,-2.29004187527349,1.75111575490459,-2.68029611583543,-0.645173994488905,-1.49405247092394,0.0139429396478803,0.0507776033340801,-1.01656124915468,1.32560017702337,-1.05342414472436,-0.0752806093711015,-2.49246333946485,-4.29960271766336,-1.32589381476623,-4.2498088226718,-0.611212887731449,-0.573500667901014,3.40321129360551,-0.501554644403075,-0.260240348881457,1.31123228441286,-0.0421295498588096,0.526291344839104,1.69975347821601,-1.51399658621711,0.0584570127653843,2.79493277603254,0.193730695161018,-2.50994032699186,-2.42565232786645,2.81259762582095,-0.298225484368712,-1.37933292013827,0.786440139665938,1.21182941893545,1.285846899548,1.049744425106,-1.26468174781781,-0.0967826721276662,-2.44832164933438,-1.16542604858389,-1.83080929070604,0.385974624368323,-1.43019612656101,-0.728917989053081,1.45172979220017,-1.09023035504387,-1.04578962317651,-3.05873220339878,-1.44232268981288,0.937773110316262,-0.479783765666798,-1.73427202742826,-0.834452155467196,0.0804162337991059,-3.21806565203912,-2.44613724639639,-4.36076131740327,-0.517354507980738,-1.38260742463783,-4.30034998506953,-2.81776913499344,1.73868995900146,-1.19260321707498,-0.571945962787503,3.47214051545199,-0.664099824430154,4.16025463503238,-0.68467796111002,-2.47105173357463,-1.04609239943683,-2.47875018523393,-0.923486667928074,0.201184929212599,-0.0730796242225686,1.87411572247009,1.20547929432207,-1.91151226577744,-2.55762594886492,-1.55407326977232,1.345326907516,-2.34991863434282,-2.292161282263,-3.36522391824621,0.69534693246524,-3.02973773537675,-1.47016374815136,-0.376825268425215,-1.9328794406406,-0.864513588959699,-3.1686562382803,-0.274562739319058,-0.282399623295723,0.761503285911182,-0.942164947466816,-1.6600923475371,-1.77899730111959,-6.70135155949372,-1.16576127799914,-5.17611853856936,-3.1381989869665,-3.04630343771684,0.66432297494679,-0.810501625167111,-2.35397755049599,2.70926936755582,-4.96686557078983,-0.885049003396771,-2.34827520259746,1.25800580594935,-0.121992936826347,-1.72069578340483,2.87089087006222,-0.646954477910297,1.99960190702946,-2.90228991431356,-0.60557339543193,0.794487973251185,-1.00332885873424,1.35635371599222,0.400345627159321,1.12801776911027,1.09713758581122,-0.833864520207919,-1.79523705912915,-2.01355436990839,-1.67657679070015,0.971774252688735,1.64001463152083,-0.245569313564791,0.739275242417402,-1.28340494443823,-1.68450344886963,1.45372975091295,0.936126762327121,-1.68943618742139,2.70948503173433,1.30299103752748,-0.343498878953507,-2.22724101588547,2.3523909442441,-2.88025180550167,-4.2775150371921,0.915999105513374,-2.82867523174488,-1.02857087744489,-1.90901271040993,1.73071485605003,-3.43292996200782,-2.90284038855503,0.0739494081683709,-0.99831215828052,-1.79991782755396,-0.740408081151967,-0.474152023696062,-1.89417538543498,-0.379466615059475,-5.09116719794101,-2.82904154500702,-0.262048629968751,3.72372370010658,-0.0204836796804794,-4.47582093733874,3.43208055721235,2.32716625141607,2.83110235723322,-2.56625225388086,-2.26040001390818,-0.205834195476709,-1.67536478369636,-2.86719737686179,-0.921448428005133,-2.20001834889114,-1.53854882601561,1.05380301966219,1.42278386213513,-2.38667802220717,-0.662203957114992,-1.32811256691154,0.507416945939482,1.21130358465188,-0.0635893563776406,-1.39949873267954,-2.59014158834904,-0.197316841303117,-3.80652636283771,-0.594210187933582,-0.307088182428776,-1.01258808968828,0.852782787795605,-3.05622554121735,-3.16763495268403,0.95872026642762,0.325534568354808,-4.0585711440497,-2.19538291840755,-1.97032138313448,0.269724125823988,2.2945130355064,4.05472196369051,-0.805523285106567,-1.12000022033117,-1.21405608863134,-3.8593788378858,-3.35115982503593,3.7754681103219,-3.90864865771721,-1.40487425480944,-1.17871791101442,-0.802536424581397,-1.42394536973495,0.539725088190166,0.596737594798164,0.448757927058574,-1.88085474205337,-2.03893962595366,-6.35247106257569,1.50238406461121,-3.03499220127616,-2.9941594536565,-1.96079355430841,-0.466341226980386,0.471063299556948,2.29822479015137,-0.333724102775853,-0.217490032015047,-2.87759879893072,1.87015294383176,2.16955906908894,0.88592449800327,1.96206461227547,-0.888172486690389,-0.99409333041985,-4.31901951953042,-4.06459929401182,0.369580894941431,0.712139163311668,-0.30187189597352,3.01786047888576,0.24903846554584,-2.22407230600033,-2.41876207434568,-0.0271165655328932,-0.674570318043783,-0.99577825127469,-1.23079293622582,-2.26657151529722,-4.28771366072816,1.07343505218034,-1.36718666350678,-1.75053184995537,-0.399204641975592,1.23444749003695,-1.20752402693921,-1.96240497004205,0.779637570533539,-1.52898583219669,-0.198027116858571,0.529550950751927,0.634460865816409,0.812488912830484,-4.05677932020421,-0.983699901770299,2.00634120596862,1.57049548950492,-0.652833241049303,-1.94454961226351,1.52004102718612,-2.78018906072268,0.664361446749374,-2.5328158164941,-1.16262779735198,-0.273188487196958,-0.602388696806121,-1.04805252651122,-4.96396432090931,2.43331714420226,-2.37172106377224,0.924072559876592,0.970624736449682,0.18495812310582,-0.28163700937563,-4.32780797294512,-0.702667603784712,-1.81006025601366,-0.00820455507684259,3.3744517103464,-1.04161069500121,-1.39474585433259,-3.80512728232754,-0.152959621687428,5.5849236518171,-2.48891802720454,0.634073222896761,-1.12371312270905,0.534566783140587,0.244253683311002,-0.653883598698296,1.79411709056334,-3.03864734924662,-5.42776944336512,-3.09907766937318,-1.81115364024916,0.743316397628546,1.50980383690932,-0.382853702247705,3.00872065114176,-4.19842103296021,-6.50105758252205,1.4962155282364,1.14702620411511,-1.2106328140267,-1.16563567599419,-1.97896980986101,-1.39663421651207,1.39013304007948,-3.16227155189804,-3.75768497809157,-1.60692504460497,-1.07395528284213,-0.268282407459714,-0.844552551784803,0.486695495429251,-0.198150604245058,-2.50016756955079,0.352504744370185,-0.0671767191761226,-4.5095544737593,1.72233588452907,-1.61741547509789,-0.755749820368066,1.88192391257235,0.578937029664309,-0.721858771062659,-0.943448875154897,-3.29376550333128,0.930586638469536,1.86382672447,-0.754568322433914,0.704795190134396,-2.42517625432015,-5.84070678125206,-2.94307629229437,0.986952843217725,-0.602836062940061,-2.25809584544575,-2.57605710091612,0.193126671739184,-0.604662599442273,-3.97417968767887,1.5777033721084,0.956647302446206,-3.74282913490967,-3.31953320343793,-1.01186304106894,-3.9882252834375,0.393093441790966,-1.81757216687516,-1.52478385143243,-1.94412983297365,-1.11568576869477,0.388972852080233,-4.99094954967746,-3.79119983287829,1.0925042569618,-0.450941864088943,-0.293699572889747,-0.496577239429137,2.51388654258376,-2.17299391392431,-1.30066809061632,0.0774961222415438,-1.02859713853051,0.4924733436981,-2.84357734976988,-0.503037936236921,-1.66956034640201,-0.982417997432411,1.54017918578811,-3.77588074202859,-1.28448039381407,-2.54864269603152,0.539737709777662,0.293944268942891,-1.29152182914638,-2.00053220590003,-0.441304975411966,-0.626586427165035,-0.7204127587178,-1.55996957754101,-2.88256618411184,-0.0200158559975866,-1.92193329210175,-1.11190594684911,0.367527887339177,-2.67466909023645,0.101382362552111,-4.19508826673647,-2.76441568121539,-0.379016690905122,-1.58567722512602,3.23940926595864,-1.92250444013334,-2.57235593459733,-0.649051228656179,-3.35583105284192,-1.08603003241762,-0.122823681434527,-0.524400053209632,-3.44673493145185,0.599465485566921,-1.7917094005334,-3.16260041199707,-0.623133023669802,-1.36023530873457,-0.723469421246332,0.682782551975881,-1.73119334895251,-0.357329884332175,-0.644238211162263,1.92771367001099,-3.6521595005827,-1.84825331462212,0.519163387019947,1.11718507038551,-2.69453425280633,1.78337192638383,-2.13906178365218,-1.73511450089802,-0.160882381662076,-0.169681249516481,2.26555467791013,-1.94600779523479,-3.31882182509624,-1.37676431924334,-1.06307121682257,-0.376098236028412,0.942398112711611,-0.941436191930547,1.78142350461985,1.67542585195991,-1.37452798918124,-0.617911759903701,-0.981800132444833,-0.53265826108892,0.0612592583341378,0.290375756897419,-1.25080789215757,-4.91177003408561,0.201704839021025,0.261221201767571,-2.04287070189574,-0.968013797984671,0.235986703300122,1.94318770842109,0.359592397354532,-1.8497141698042,-2.96360528619037,-1.21030117560023,-1.25362284551909,0.537201975243519,1.49147532177707,0.513946871808517,-1.14409417656995,3.08100354279757,-1.86341652080771,-1.23444716510935,-3.08055313003002,-2.93389223997144,0.126231177775778,-1.67848698604744,-1.6259274365765,-1.97302053591106,-1.51523079092954,-2.15469168321866,-0.929370419914908,-3.01539815639185,-0.406527168152969,-2.81226619939704,-3.2918951521948,-0.567997911786706,-0.611873117702348,-4.54045473242821,-0.644832037839005,-1.58423396755017,-2.85703568515649,0.667319118296155,-1.09518198391577,3.50393530057603,-2.44921286488866,1.74913173436906,-2.30103742730847,-2.08784938447003,-0.833111274994499,0.698229930248393,-0.27093372287143,0.0258452627710053,0.501148177933939,2.29725365149672,-0.334849776841011,-3.45571490606695,-0.613978725756298,0.558207262731236,-2.92467782030381,-3.28585458699589,-0.603239759562315,-1.05555249669628,-1.35722189884152,1.93213922342912,1.31909478268517,-2.53548350695602,0.195270722526335,0.0657548241199644,0.0462563085667245,2.15072912732348,-5.16177710027056,1.77167184972358,1.31743669063975,1.48636209696712
"92",3.39339892952825,4.97846644212579,4.33875664857679,7.02033526489005,6.60414594788998,4.48221682684165,6.57198000325551,3.63511537893356,4.38564441677791,5.83471135518496,5.64172905520121,2.89252970815404,5.42884732079474,4.51644294844155,6.37607317527019,8.83596262424459,5.01052606760646,4.46351391154623,2.16251165059724,6.72844593769275,2.0994248273283,7.60170808225641,4.98917447964681,7.58007309407557,3.79535537811961,7.42103081688635,1.71770442451432,1.30052061656016,4.77928949563377,5.33654536460104,3.36806418734716,2.81785567737454,8.02701085992963,3.11273607855292,4.47214509117341,7.52300252322022,1.95824940039108,6.23298337883511,7.47119872795541,3.06824801598612,2.82391115391381,2.56491870329819,4.64198318385256,2.54510846675074,5.75261506027785,6.26489837588847,6.42168952657149,6.1521072229043,6.16936268364209,5.67595844297908,3.99495444113868,4.42882764698323,5.14184467848823,5.08753536180491,3.1091856025776,2.17579326605531,5.07218090555492,5.05487134688362,5.72805034350727,3.06911990169527,5.89001176485179,5.59026367906108,4.5362560844632,5.7691988452263,6.40577981351785,5.34154435516583,7.84852292377405,6.99952981154046,3.74469266496071,4.53410174446193,8.23969200803124,3.24238657571902,7.48062257804448,5.91760797001426,3.26405888285368,4.53918618328258,5.31295091736819,3.69347124849487,8.26558284644164,7.20064669647134,6.10783655237759,6.14221695818831,5.66946393421433,6.6567517139199,1.84113636205232,6.11174037425492,4.84776448084462,5.84651369234868,5.06125359797084,7.75039689892197,2.2195431233181,3.28945288381225,8.77036702748344,2.74545321411443,7.90959312693579,6.95973706078902,2.58796762089182,8.25074294306062,5.88223027137168,6.3312866682859,1.91963543647479,5.62608856562005,6.67365310496067,-0.807412689932417,2.80297340979168,3.29328174866084,6.48887813147415,5.03790412316252,5.43647978479161,5.5257161508572,2.54318187300585,7.36907177681644,3.07852878932674,2.60878435254359,1.74714985752161,3.29175359009454,2.5633450416074,2.71398744804488,2.34742825980146,5.04448391777024,4.13938431076769,7.109653637385,2.74904389515995,2.20623947546457,7.12806138462041,8.48023246525867,-0.11502548169999,-1.75513858077512,-3.17974780515233,-1.57002460654673,-0.0766734799258909,2.09312221242132,5.04422410159102,-0.309698325428502,-0.892875542370197,0.718191500426353,-0.776250162988504,1.0080067496924,3.32066025191855,-2.02142732136402,-3.96152470915883,-2.09150158055474,-0.905647071461101,-0.521699867188386,1.96251935286868,-0.454171994195645,-3.78147409792423,-7.81859245486941,-4.30306378230987,-1.64963180801663,-1.02666770311288,2.32416210427102,2.92524070872174,-2.84516202589227,-3.46257095572284,-0.934126533711282,-1.08606571812352,0.244941107206097,0.289717580245323,-0.662921189107701,1.9264040805635,2.96616813403646,0.00496708542740842,-1.6999382244942,-3.13861548803392,-2.00120848473936,0.502879198675306,2.47000461702843,-3.03432639209893,-1.94747025032893,-3.98479376916529,-4.96142233978321,0.443099814975227,2.52775040308556,2.54571976639108,2.13906751466717,2.92090660907213,1.05344422310978,-2.89231274035653,-1.57467314112092,0.227619716555576,-0.485353547906884,-1.48956041323369,-1.33872165207569,-0.261693304859193,0.456099136475876,-0.629204026750395,1.68066391190633,-1.53636867768021,-0.585247345506929,0.111081831785008,-4.95669440551114,-0.576937859704792,-1.67830292053723,-0.91335411651226,0.212375732865494,-2.21979090274156,0.458754572255723,1.60089054460677,0.145766366662226,-0.339335215599692,-0.538891389967977,1.68244216963397,1.3712648821494,0.576686981631979,-2.6941808766435,0.387867477174296,-1.46723118687708,0.744587336147896,-3.83340445942654,0.0892669665432018,-0.314046400676601,-0.197952866834315,-0.336321785056065,-1.61560630893975,-1.31895569389428,-0.365496676431197,-0.208246472803646,1.55567478495328,-1.84282975367197,0.674948409146828,0.447651742271802,-3.25069522177049,1.27065458942901,-2.36380587292561,0.0316537936866754,-2.40412749720152,-0.559627329601023,-1.93994434054302,1.36919739743254,-1.91062208347331,-2.62106537380695,0.499703961575607,-2.35285032799202,-0.936482828051932,-1.6627413048477,-2.57410667231158,-0.532746289207289,0.257595245337935,0.570567187112997,-0.488377749321717,1.3408760558557,-2.61611380129288,-1.52069789879275,-4.65137607404694,-1.27605133894342,-0.960382076373203,-3.21782259612498,-3.0880350142078,1.47242826734962,-0.62625021375885,1.43972526446889,-2.38125237907387,-1.4643698965884,-1.40423600228283,-1.06145411958935,3.15197104180369,0.00968886894171916,-1.02685971066303,-1.95208545229465,-0.150111720712067,-1.7578027853521,4.25087790623547,-0.0401696418247712,1.32444923559912,-3.80688110241859,2.52479683642544,-1.16995053154687,-0.443334122218914,1.49581727135565,-1.80018894948794,-6.17430675062138,-1.64812933258332,-0.0544941245094703,0.556603982198711,-2.74436258120471,-1.61426694534735,3.34386553626474,-4.07263806723345,4.85275490098091,-1.88586135489686,0.411613096072557,1.43332373177955,-0.490945293459452,1.73821782052987,-3.83340801072572,-0.429690032979125,-0.833816923969485,-1.62136017500608,-0.923361270966303,-3.78147876864279,-1.23790214173852,-2.10805787023261,0.665484013695443,-3.03108465819089,-2.25402125001172,-0.351237819472133,-3.02184408732084,1.54111694230892,-1.5074935382207,-2.72368414713847,-5.39291781050974,-1.76081014002103,-3.38058817982548,-1.69929842595544,-1.5224761855461,-0.619046279945654,-3.0749944495308,-0.912728753216914,-1.00639814994223,-0.969002676696874,-5.593832507723,-0.657344362767994,-1.67071879847548,-2.27002320473845,1.51411949184856,-3.40924612883895,-3.60645191648653,1.80408516119601,-1.45867899639731,-0.670799522670036,-1.99265639505618,-0.142624346454633,-3.5225156481134,-1.65838258438763,-0.359109306152525,-0.889654871399012,-1.56867885782313,1.6728427490322,-3.17287854794687,-4.8473599965335,-1.39411607131865,-3.08088847824944,-2.7692484789099,-3.39233124186763,-1.66060532878691,-0.57232670414438,3.31448414657671,2.03693482316398,-4.72568809330993,1.39985431396803,0.700396090672452,-1.02765747292142,-1.61358437089114,-1.41539647125403,-2.60764204876248,1.14953406899099,-2.32643966272759,-4.12950785516453,-1.11933343440268,-4.87004064812727,-1.72812918611183,-2.52194768279771,-0.814355335008578,-2.01155153573471,-2.64949039331509,-0.888799185367312,-0.481127843038257,-1.18689751448645,-3.3401402613774,-1.18784964581919,0.0242022101322541,1.31035179207826,-2.25804025013819,0.395455577402075,-0.503632151526723,-0.584845629540108,0.419431931305044,-0.709222304307465,1.55688841396078,1.2018885393731,0.434677216091466,-1.33793235864857,-4.44976942889034,0.801797448063805,-0.257925830242858,0.254471691514862,0.459801039978468,-1.90752011309375,-1.07162469856578,-1.8812682863656,4.81760983852963,-3.78890122187101,1.85125716260025,1.27288851882165,0.489931488440735,-2.7625768499912,-0.153783526954174,0.335209130516139,-3.30451206145591,0.467111486488516,-3.24649193670237,1.02986200845965,-0.634074829886655,0.05268320868301,-1.78325627964055,-0.807467104229289,-2.03859887887195,-1.55986052507655,3.11909541891089,-0.978823691092064,1.32971722426241,-0.612331108142895,0.260084875463196,1.30032561011243,-1.12747230950937,-1.47918248231761,-4.53609696277338,-1.34660200567643,-0.380014317539097,0.4666799006215,-0.189593680447891,-3.00441462122721,-1.69727247254431,2.02225005019869,-1.67018582064502,-1.88456778713258,-0.984027151240202,1.56494737694389,-1.71814573541682,-1.59595649854975,-1.07354055646483,-2.24053986062008,0.0876934188018725,-1.32505403643527,-1.91382817840789,1.48672158342995,-0.322675769580182,0.375551652700416,-3.37853347666272,1.72612431844101,0.431325377105437,-4.72310647959225,3.4458234617896,-1.6291738650933,-6.7539445739949,-1.00790559859013,-2.19904733124778,-4.46758465929041,1.53400485777794,-0.200948139843014,-4.05350439209673,-1.82067685133909,-4.09127537097781,-1.77618452878216,-4.30183120975422,-0.327693571581606,-2.55585038407486,-0.715087570409467,1.43487253214774,-0.38331718271345,-1.70161051355468,-3.10839477998694,-2.86267020488245,-0.858526465572955,-0.953410238864297,0.840795366888222,3.16685820651945,-0.444920350418728,2.27435870901085,-3.72774986226202,1.36078165049467,-5.22720267332544,-2.7591575230899,0.0339522671329027,-2.22394744167936,-1.53178095955117,-4.9888084383555,-4.2470098743621,-2.15242565425982,0.537466113779357,1.09887394320973,1.0298047483055,-2.57183766905118,-1.97998187335374,-2.2459684181639,0.347926626133028,-2.31051149513446,-0.650147951056999,-0.574865331440055,1.96257388841955,-0.324585300937198,2.08464367511578,-2.73639659854436,-4.01218960988964,-2.83190405835824,-1.2397565551197,-0.340382206507624,0.132769502084526,1.09991153036009,-0.571724336658668,-0.266702629424879,-3.66543407542096,-1.79721729850551,2.37905777198597,-2.31761879086946,-0.653711833240381,1.99261282208307,-3.58074882305233,-2.2487606532381,0.84544916277094,-3.39552594693232,-1.80150106324797,-1.25106634987268,-2.96697352952718,-4.50294414563384,1.50589377212208,-2.58210974802014,1.40387827919695,-3.46487862044432,2.05403879930816,-3.56152429702966,0.484217594614687,2.02301187746332,-1.93877917619564,-1.0127925495787,-3.36204803273847,-1.08910836333735,-1.74373923539941,0.608326409065289,-1.30619885394234,-3.569053410435,-4.16283690914294,-3.30824064675119,-1.90575903806746,1.27716604521045,-1.63239212495673,-1.26167329244811,1.69332091256352,-4.35911471525641,-1.71813923735185,-2.21820334384098,-2.58786447091104,-1.30412858076047,-5.31422283266179,0.496341173087789,0.513998610680235,-1.85857883918654,-2.71796700397678,1.82606234623543,-2.54756513157281,-2.06331143592015,-1.25782251358512,0.00525013514793704,4.06981436627987,-0.243683942287864,-0.315388067588917,-1.50017328018873,-2.03607956645037,-2.22124144376181,-1.12604426808661,-4.52875970645017,1.72418179573304,1.5810633214558,1.50068490278058,1.40730945596884,-3.79546021146336,-2.04263597914458,-0.0602055816375678,2.72853449650403,-1.03992628463905,-5.98386843218381,-1.5617728229504,1.03912172788762,-0.511671910689452,-1.3982687879568,-0.447297354850514,2.40621325928952,1.89365674428891,2.33330107555396,-3.06548425369153,-1.91398083669935,-0.946229306910618,-3.0068353421615,-0.441472599935428,1.80681995167717,-1.64871728836913,0.953478796091587,-1.05315943448846,-3.95816669890771,1.17058295322118,-2.93244714519545,-2.38391917297989,-2.60194133422083,1.02187493800349,-0.245341276314772,1.03593776045641,0.572819649171546,-3.61790434676923,-2.9184932231098,-0.321458520584084,-3.30039671293638,0.731373464633871,-2.76879338088176,-0.801681999459985,1.71037972510082,-0.189857312030552,-1.74703914744054,-2.81652307217699,-0.711984560819375,-1.35659462445998,-0.66250995031935,-1.26664054016869,-1.17106000864702,0.418586587322332,-0.226905308835351,0.084088247535534,-2.33642452124059,-1.33286107750464,-4.00144253762287,-0.0807345661135652,2.01000735683836,-4.21950380359751,0.031676938100071,-2.54972017795465,-0.0994825140828438,0.966119195444471,-2.07108924501147,-2.93932010981871,1.43828234650198,-0.751112186069159,-3.18047420086992,0.791593628764111,-3.17830576594283,-0.252522393031539,-0.24741299358654,-1.46529661338228,-4.88097573471459,-0.144678198033298,-4.11974831564004,-2.11750661800104,-1.72465926313442,1.47310363628272,-2.17601021697776,-4.01491045373049,-3.97779259430558,-1.33535556913348,-0.660894578481663,-3.45161808407403,-2.86727736635408,1.18739348680752,0.749222704039688,0.467862778440042,3.00983582318874,0.601848890604178,-1.43712918412118,0.528352188867053,-1.70318938112175,-1.60919536062522,-2.59626445345725,-2.18662598030196,0.208737600493456,-3.10288727888552,-3.39284494911142,-2.25059124032088,-1.21239860225197,0.190343606325669,-0.895646702637899,-0.184015549518357,-3.77782639511853,-0.148522908163751,-2.35501014944951,2.52149173420784,0.137000923912213,0.686715020702505,-2.05552885924424,-1.73495418833892,-1.55224911461524,0.224706097753023,-3.57662617994548,-4.15925253843591,-2.10850099242896,-2.73330452171785,0.551350488763532,0.870605107517312,-4.96870465739257,-0.140579560489149,-1.64952369524347,0.82492359418687,-0.433954722788509,-1.62226212878161,-1.10406224468396,1.97899623971514,-4.60140434905872,-3.23074629063884,-0.201440017420936,-1.36253696814608,1.96223213347394,1.62717319253769,1.5387592199299,2.9525937728226,-2.02326781378001,0.864731668152249,-1.85060664892948,-1.39351732011573,1.31848368161357,2.1857406354302,-4.14130633097598,-2.11449414562379,0.483322946127115,-2.93254610078905,-1.95469476930961,-0.550138800488134,1.25933221748307,-3.55186966056192,1.41282949693743,-2.49443549395121,0.214519670969291,-2.67455893522608,-4.44142221362643,-3.25366749828488,-3.05245159828292,1.81946738063934,-1.50401837427607,-0.615133856125977,-0.254222769053326,-0.662621337253564,-2.89396420199663,1.51161164175148,-3.15293862778719
"93",2.58829602305944,5.1276565656563,6.01560892812121,4.4916471170195,6.76851922500937,5.26078718116792,3.73371106614812,4.5415476583527,3.17596220083074,2.66419532218471,4.67619334844788,3.3039061741362,8.93157388920106,4.0814896928335,2.95291679055117,3.70174295659173,5.51871918226543,6.09316122123413,6.66257017307588,3.65452484852255,7.70995926136478,7.81030271880636,6.37599920933118,5.75353313238925,4.48914600758739,7.41122054436512,3.9727286751319,4.73828966665464,4.44483322799022,7.571824077488,6.65910936593687,6.48650677546794,7.66484396967855,7.40296095317518,2.87112940401344,7.11282695281427,5.89236439039016,6.73671862437064,-0.0624065628973112,5.12999035093763,3.67698482259396,-5.75931281793544,1.03550325175932,-1.46527860363276,1.60759672397736,-2.72617683145147,-0.286496520411152,-3.63949238577689,-5.10158839831661,-1.30361620274709,-1.98020331231579,-0.184316422082697,3.71371782497892,-3.63483782806459,0.591064452074219,-2.39528026224676,-1.95388800478241,-0.931411510468354,-0.427401082819567,-2.56571587662871,-2.12731039359175,-0.300523411372982,0.682814387857554,-0.431696796576507,-3.14300146708568,0.822865677725025,2.6803713604134,-1.73276432057628,-0.397026389958413,-1.34364939775536,1.62979041323417,-0.819439294476684,2.67271408604425,-1.33885916606005,-0.044537683706341,-4.85438239815172,-2.97270228927743,-0.0688837258091739,0.375003079913592,2.19985792218916,2.75239314167221,0.00450303969524879,-2.08012710764539,-0.906058491636698,-1.57939110372404,-1.4267242548593,-0.38787654911296,-4.24924113581103,0.0781079317770519,-2.70210949682193,-2.17768934103773,0.483541669052846,-0.217910640337011,-2.52603711322134,-2.16279636058414,0.959572678265125,2.47224414195566,0.838364454162517,-0.459611445337652,-1.10873670855922,-0.895561583323624,-1.67797648196843,-0.835694283787189,-2.11008090400863,-1.70455251562985,-2.22262956659238,-3.24055561865021,0.574398584993814,-1.08613849656791,-1.41831039782162,-1.03585669827058,1.18077251238846,-0.954349430711374,-2.68833592312217,1.35305810924853,-2.23042248665483,-1.08836192935953,0.530668251269977,-2.70303760718293,1.0300359180886,-0.958425343621334,0.464014171230897,-0.351041848151965,-3.80415237639648,-1.06484416875823,-1.76751792349316,-1.99001197878948,4.61473450556339,-3.17788402142694,1.05150864921254,-2.39494850152769,1.19369875472413,-3.23038381089585,-1.69653291197415,-2.60913275414202,-0.674108672644472,-0.85876629852547,-2.04060056166079,-0.0117733717959531,-3.22579981008306,-5.11855510731381,-2.06173660948734,2.15343688503582,-1.46783426224355,0.150283075496917,-3.58673049279182,3.39400737966221,-0.289368108598214,-1.2334263575231,-1.21822002631127,1.78137610539541,-0.864438257193325,0.498630366712791,-1.32272020427703,-2.27825323959036,-1.3905675279743,0.200357264425338,-4.03640106978527,1.41764740961481,-0.136486629827373,-0.908636157422877,-2.77442378344797,-2.94687407612812,0.457281628727685,-4.66043272601695,-0.378782562052791,0.226555174362432,-0.493822477305825,-0.852225105237921,-0.694541715802863,-3.369756856153,-0.747079288831685,-2.93868339816355,-2.20294964860519,0.0653533873612777,-4.81659381444527,-1.56796991931362,-1.90051834599215,1.68163326459842,4.35139667734994,-0.803108061846433,-2.27185499871584,2.7185980855196,2.46832308550795,-0.998044736984778,-3.18844597742142,-1.25543199028228,1.01904723128104,-2.43683982025396,0.544853928112851,-1.67397897483017,-0.175369425287515,0.730489259228563,-1.71986102965615,-0.961308355402418,1.11005383904538,-0.751903424122635,-0.794327011165367,-4.20765975454245,0.117007877599749,-3.08906252207759,1.81516547229997,0.573834267485569,-0.833269070537317,-0.291738699126304,0.862572820066105,-5.27960733346011,-2.25865335903946,-4.98972205396017,2.38158731891186,-3.83268711438466,-1.76424920740927,-1.08186384324272,-0.819331026041408,0.521336083426141,-0.168180536115962,-1.78960097052962,-0.218825951676799,-0.0868634116404217,-0.607985639865103,2.99645455075891,-4.92356931794485,-4.723890757467,1.04222857509457,-0.576422461832689,0.774088232585475,-0.751234568396668,0.999167770424719,-2.97181509656537,2.1151209097009,-1.97855771839118,-3.1127326321658,3.12265134342155,1.55475303900189,-2.84629791681893,-3.03239539225746,0.267872357450784,-3.71578137633334,-1.69503816074986,-4.23466859491355,-0.0296663099458134,0.423524525773854,0.396670643918176,-4.91917902922192,-3.74031395271625,-3.65290094949461,0.519735956845637,-2.46286005170386,2.89080899541322,0.00562309335534961,-1.48036905574305,-0.629564464852164,-2.12174211606154,-1.56468209083666,-1.04054490640188,-0.437737534146679,-0.455177009822926,-5.23396750404746,1.49837253995573,-2.55865802190139,0.419795320773103,-2.74977564590688,-0.0452751000927583,1.00322989186447,-1.28993967353506,-1.94980819667116,-2.798751317818,-4.00897934379972,-0.270666556764986,0.828950553806828,-4.34364585225629,0.0956068305730455,-0.443322886315382,1.1625314105858,-0.918939377355137,-2.67062778173835,-1.78757568910664,-1.36184904176653,2.92751515036107,-1.22571769137349,-4.83573058571725,-0.434047560024745,-1.02216626802433,-2.12781746609799,3.16801086495727,1.16077905958429,-0.608566752434792,-1.27575412207481,-1.45026464938933,0.681667494982948,0.132498611030389,-2.04409185988516,-2.42317812618299,-0.126654160592975,0.171957728241543,-0.253956116093325,-0.742536225305584,-4.10464678044451,-2.9828206526722,-0.935245850011782,-0.187711175910196,-1.56385044163552,-1.82369040517403,-1.72136981077482,-1.62751273974516,-0.0193863181475182,-3.71011037634774,-3.71480724080546,-5.40454891872333,3.67932697566122,0.0997621907561594,-1.46075969846981,-2.62517480020786,-0.76272562771369,-1.0764223463522,-0.0192776127177779,-1.01764412333112,-2.03792413032009,-3.01375985510051,1.01429673654018,2.10352302832115,2.04854883927707,-5.31043391674457,0.131219920071665,-0.201408222742671,0.674712099924311,-3.31071386717937,-2.06169738837964,-2.12710560100079,-1.60787359056298,-1.53035376882832,-0.474085793217374,-0.760040135797243,-2.96996569865076,3.34140713910994,-2.47946726141048,1.94901896792495,0.229088718065837,-1.23571734252172,-0.594114892054518,1.88805212831943,-0.888531177719628,-3.0234241269492,1.44691870837978,-3.34987440987148,-0.590144881990423,-1.37909910747681,-3.49767250395633,-0.432666549277631,-3.00857399401917,-5.90059702673796,0.943277794218269,2.79078207973321,1.84095166674132,-0.273700993681872,1.94766385663313,-3.5966749145409,3.36371620626156,-4.54495893718315,0.614291770022359,-0.513304834613096,-2.64532594574613,-0.710003320718036,0.184422741930149,-1.86855691183192,1.74294421647515,-3.68118995527415,2.49499298190023,-2.45934864357286,-5.39501288322787,-0.580754943349626,-0.827942944009305,0.0283426410464167,3.52164194539233,-2.52469841144639,0.544509154200005,0.456988647612371,2.91499653393796,-1.02232189827653,-1.2442295771808,-1.19763312036526,-0.27950247132289,-1.96499882403665,1.42644730850137,-2.91044260180251,-1.99102349572169,0.451157653422496,-0.0163324937656091,-1.08309456400242,1.52833799423687,-0.838524052375423,0.694761217678295,2.45690690221143,-1.81205512771532,0.642357352923866,1.3886146051378,-1.5706319812083,-5.19143541352473,2.24956545612049,-7.1855327081768,-0.40203752385291,-0.212043192595067,0.108516486437927,-1.28142841833013,-4.28896191257961,-1.768855151257,2.38297189665988,-3.27137577825003,-1.67654601979406,-3.49584210697714,-1.61163881199958,-2.7353483972376,0.929912482389694,-1.76342766009564,-0.543956967272293,-1.92101365509871,-0.060770429353312,-1.55368687215072,2.62359086127697,-0.132063566706243,-0.263343164721792,2.13718398071613,-4.52719184364123,1.84900461349516,-2.29130954980256,-1.33393764781919,1.85206301913619,-0.621781288617673,-0.709648496244997,-4.4811207204653,0.8742536867894,-1.2008375410365,0.508388885459696,0.517699748680678,-0.216810747440472,0.79754997900009,-0.94071066243941,-1.01796464611058,-1.94656707181854,-1.25969734810352,-3.65649411404466,1.13713115619035,-2.33354863970648,2.62963619783587,-0.467523376539627,-1.14980971148441,-3.26736591918443,-0.919083229931645,-1.73691709293443,1.47451222476587,-1.04384139442792,-3.86249115680276,1.9749166097812,-0.671972586121454,-3.34985506268119,-1.27114675408124,-2.82261915731875,0.742060397552937,2.14918906741503,-3.34468420605372,-2.37416182414264,0.281780467216878,-0.851653055043352,-4.53889095649148,-1.32420999904391,2.68410469518765,-3.52523143187454,0.161750174712675,-2.14987934389008,-2.76323536716227,-0.00354526546374678,-1.33720153572113,-4.56714305620229,-1.91239937329624,-4.12080656086521,-2.32579123026975,-3.32479855738805,0.733007600479864,1.40233436498462,-3.29284096323926,-0.178242291926869,-2.94604142547432,4.46465345983397,0.950029550113007,-4.04614480799665,1.1309498232409,-1.86833920678438,-0.995285989291793,1.73315226552564,-0.292719069884472,-3.7776500322449,-1.77711087019941,-1.79803666066848,-2.12030236252833,-2.84432271518073,-3.15165258164902,-1.07559549371016,0.604433579230761,-0.405791234664177,-0.122782865830535,0.824739752358669,-0.816003297657243,1.8637192633198,-0.111640137433652,-1.24647320489278,-0.12427568458871,0.323364257905617,-2.93926396703959,-0.789506298903306,-5.33961334627562,-2.39427860731333,0.731051861958898,-2.84822323885254,-2.52399656272925,-3.90514661198838,-0.0826817529029414,-1.08606570705357,-2.56288271922286,-0.267397933359698,-0.778647926390352,-0.0411910177548984,2.00915304122201,-2.02607830458684,-3.70944185975726,2.87267879120897,2.1315313083261,-0.612360316118198,-1.40104533096632,1.47210090698855,-4.40292939629269,2.2406712611171,0.362959316023627,3.5290855645279,-0.673780035495938,-6.36639860248365,-5.24954834345125,-1.04294731259878,-0.71997878326251,-1.98402775287651,-2.8131974075692,-1.41100872971784,-2.38519725768878,0.298262081975958,-3.192590856119,0.798972771000938,3.3250963943042,-2.9058635110288,-1.83539062105529,1.19366353708437,1.2708598238119,-2.22521251928113,-3.71488202253278,0.239304529464599,1.64308010627368,-2.74199459221094,1.87698872114075,-2.34029184287204,-3.07426707061767,1.76762993141137,1.26896528126973,0.397323057388886,0.470167666171185,1.34355514440459,2.72085369434049,0.702787958499728,-0.0034428004936925,-4.32935204718985,-1.61090968032065,-1.105863966354,1.89935853392845,0.601194947741467,-1.59184722976739,0.0366634882485515,-2.08238225032117,0.536721593175826,-2.34165658657351,-1.07638561108677,-4.68240937585257,2.1417890015374,0.433432339675462,0.742363733584198,1.89097386276666,-0.169938188733181,-2.50096835868279,2.17349076793125,-0.200351764948589,-0.635992204858171,1.35487623805735,-2.03765635236311,-5.7711237302951,-5.19178015828013,-0.0690755916672495,-2.23826070305755,-1.32507407491614,-1.13798776223202,-2.9324326914814,-2.51540408394694,-3.33816296216002,-3.38693466325029,-2.25493559490848,-2.37984550052481,0.652718032967139,-0.68023586507843,-2.21244552102733,-2.29445531910016,-0.19574638348671,-2.0734242145969,-0.61322155393546,-0.53087709941157,-3.89538099506969,-1.18689178505072,-0.154145184545192,-2.15079689559561,-3.2144914110098,-2.13385341488413,-0.501667259674061,-1.18148395604651,1.48782970282298,0.163422616597396,1.56489547289232,-1.89046622785762,-1.44218323466525,-2.52002325667656,0.314662595838302,1.10881551508987,3.35901748732512,-3.10827208998878,-0.27635437059203,-1.31643116657773,1.45229480101447,-0.239001309422856,3.27652710318132,-0.266696694511069,1.32845156858737,-5.07641265039535,-1.90987075040919,0.496695700509726,0.59955781050341,2.19258248348433,-3.17924775847321,-5.60647067573104,1.50623818885421,-5.33483803222481,-2.1079197318562,-4.3539438609821,0.0759758046796908,-1.30802476020816,0.306820078387191,-2.84300224784813,-0.979280590766531,-3.72192797562776,0.104253792191931,-3.88942844609115,-0.265123928142774,-1.79873113273982,-0.552541864969288,-2.17576257653154,-3.17702461257068,-5.50078176787836,2.55829216905027,0.670100259618649,-2.30470265506226,-0.889419450576681,-2.14148719676248,-0.329137068985631,-1.76298493278431,-0.50253625167891,-0.967089326436649,-2.29849136927292,-1.28769264403705,-0.00429647300026315,-3.85531814599579,-2.09177439559388,-0.845573986894939,-4.89473467296395,-2.20250290164326,-2.76378696955413,-3.39104299564749,-3.49622561906702,-0.760586002362683,-0.430088109618409,3.82167563760014,-1.74909478429845,0.751426154361185,1.41017438359859,0.732502166778489,-2.17560034577652,2.45503091593895,0.348475738943024,-2.71648430081984,-1.55944875964393,-3.05859427919995,-1.51683744349878,-2.44513747932861,0.0402185092000857,-1.59491957703334,-0.724106589289402,1.61480692137694,-1.21756313073405,-3.06849295254808,1.26726760314774,-0.610526995444973,0.527863599290816,0.572927549881524,-1.13716477233961,1.24952249363142,1.18616217200177,0.0675916438012392,-0.580677466619859,1.46622302113325,-0.191984839601325,-2.33251333784338,-1.51944323401895,1.84578447273098,3.02973544425479,-2.69156780113036,-0.648360473717035,-0.898255928793232,1.35178638643933,-0.637283916232521
"94",5.15545165819141,6.51608276810413,4.95451256436681,2.57051799920494,0.896192572455869,2.16132184331017,6.19369284621423,5.28885488121471,3.26016732537086,4.74074843315548,5.93635468261058,5.35541309286518,5.49393296761654,6.94720405052455,4.8116657232975,3.62712614229102,7.0387246196966,5.17933457908303,3.8951107097744,3.18680865945588,3.97175281157826,5.67680018161047,3.98594277732688,6.79831786248807,5.45708241915619,5.82527082928042,2.00221701545812,0.363094869069798,5.76924433633456,7.60726638543565,6.04954359193082,7.92684609762689,8.95702038950111,5.71245078943586,1.88275738027138,6.14558360574495,2.5474229369696,6.23069617894877,1.62452309778598,3.17515900550587,2.43854418062599,6.01111974379177,3.03047855066663,3.09309436845091,5.2511386002887,2.26874131787124,3.28728079619345,8.32056730285645,9.62564616976499,3.51357138201202,5.17233618019099,5.54744528299018,6.69800213847572,3.90363232224061,4.74842400276509,3.31412697741108,4.37277344386734,3.74718069112161,5.82007100069956,5.59435429266527,6.9168576061058,3.25634961216069,3.82942234886734,4.09283131139249,6.09876974690485,7.72990360617574,7.28641447311409,6.10501165215885,3.98970099461769,0.927608096899711,4.05881513459115,7.61530973624042,3.18015162182593,7.32581632371636,5.42191131358223,3.71495801386101,1.30795046016797,5.00606523675724,6.49137212994114,7.37893341611706,8.13169979882733,7.10878334162119,5.19307161313859,7.54158102953375,5.19288399935196,7.20534846436963,6.42869583702572,7.56409410260918,2.6413448616761,6.21633527354376,5.54085122324453,4.31747360788651,4.76170713207645,-5.30830100735312,-0.156876971637289,-0.534965307228145,-0.454414911258352,-2.26844276049338,2.08620166399189,1.06990112715671,-3.47453437523054,-5.74215724576489,-0.813473447946359,0.601496864824121,0.99592103136728,-2.9088847386293,2.02941588049817,-1.61648019507864,-3.41051045281129,2.00321929723251,0.355026610958288,2.93480378890166,1.39010476723297,-0.65584872469176,0.220235604409298,1.73465033794926,-1.55485841733408,1.29678527817541,-3.16835086824937,-0.245545359966599,-1.44855888517492,-3.46179772567935,2.42943840062385,-3.03403126621784,2.85173556619036,2.17632458146336,1.43218243842616,-4.90807036652172,-1.92910315758877,0.607413893824005,0.279858631413259,-2.62497868569694,-1.19269404604319,-3.09075336522001,-1.89086483592677,-1.4329156729414,1.11596939541357,2.55724606643686,-3.16958857343796,-1.50772041914737,3.18078877384929,1.16135705359733,-1.49884940407114,-1.236002708968,-2.90412681362014,-0.966701847917707,-3.50906923744146,1.16683131639336,0.609622097468698,-1.39520787555643,-2.69800886051699,1.8306387982902,2.84910773978089,-2.47986606720833,-2.29622000391648,0.196603146032522,-4.44093309992608,-0.517874688583558,1.56706363030912,-2.76451876931558,1.19680748802503,1.26500926722641,-3.06524368480586,-0.902455528376201,-2.01315563111142,0.86270774781498,-2.18713909658809,0.654960643612826,-0.654527795276441,-1.99998458782112,-1.2749403501669,-4.97931062160977,-0.657089348606191,1.47120466171032,1.33335885530543,-3.17170016309042,-1.22434827999274,0.723494904889175,0.463960203410606,-0.782183654967641,-1.50307460638935,1.65966536580913,2.08339136329827,-1.84548676767235,-3.18432440441112,-4.69109341997339,-0.542595593816236,0.192531343272994,-0.391813797864937,-3.92916582409223,-4.46330742354391,-1.74681634921056,-0.827301412263438,0.290108885097036,3.64861866445339,0.992729520863014,-3.72688112260042,-3.19984006824468,1.38728974666916,-2.40168127108442,-1.5094011282103,-1.28731578283332,-3.46487226507141,-0.561093537762145,-3.08222118822703,1.7307057827455,-0.438932167512713,-1.02030725737519,0.290702976671643,-2.07544905393128,-3.31271732391507,-4.01706640233641,-0.809533378514196,-3.6774152454647,3.5126773209626,-5.83012305516235,-3.92228100776083,0.647018321750447,-1.11598992352269,0.599657961408878,-1.82036224551609,-0.754646078406597,0.539226333487137,-1.36775961318493,-2.32193342789354,1.67153171157131,-0.320398758743564,-1.15762286675143,-1.08650085486677,-1.48521136888193,-4.887377194529,0.630980597098904,-0.640952466076596,2.43928266587692,-0.46294387043856,2.3446948806644,0.708555780957659,0.973348758889425,-2.70192724390475,2.00034541452071,1.71019075177737,-0.343554315908203,-1.30820380939151,-1.36028429976476,-1.84109291046303,0.416618552376011,-0.751358310404102,-2.46759839414976,-0.1732722959889,0.00649444849362779,-2.07897892228564,-1.77402389236662,2.20361107648268,-5.10779293306052,-2.50891943527989,-3.56252716773869,-3.66434327279435,-3.34745650251717,-5.20187432096969,-0.504400302688798,0.0748676291331358,-0.526650193809699,-3.29139037173601,0.235023030748303,0.117147080081022,-1.28950570955966,3.28886482179627,-1.18919796834701,-2.8730616750143,-0.51491382050945,4.27283674114536,-2.22235813184098,-2.50358925843385,0.575527087658933,0.162275010461859,-0.714659916859605,-1.62790209914866,-2.1658321592295,0.19678209540073,-4.22964932205457,-2.9120979943303,2.21035163190987,-1.41607550790554,-1.26785779431102,-0.74866623141705,-4.60678341645884,-0.62822860375154,-3.12818103830739,-0.655726426675431,-1.51655428506012,-1.43940480262704,-0.556430204839675,-1.3903829871692,-1.69340396885815,0.124407996603366,-2.69113457950225,-1.33161234265391,-1.69916070499554,0.75959801324003,-1.49348240300924,-1.24711099735011,0.612706460753752,2.17820838419698,-1.51762492547081,1.56002174274524,0.916697778624397,-1.3537008860375,-3.63918881830516,-4.46454589207753,0.479247973408833,-2.91779025621243,1.02492971670384,-1.92134710199126,-1.22671819560918,-2.41181493260976,1.9729197604511,-0.00435717629589683,-1.9898886124869,-2.82395496865932,-0.518195567665661,1.88710498572284,0.110151965871494,1.29141687094399,0.153625778125321,-1.33521725460198,-2.13615287523592,0.950803538873929,-1.7926358210885,-2.55650331090707,1.49617419977884,0.248602979448075,-1.87083140683239,0.478742189669866,-0.254804254849934,-1.80411199281861,-1.10351502607419,-0.20099958177534,1.15118178383267,0.949844374023925,4.89461607316975,0.05850686923716,0.954123874316945,-1.1331442301631,0.0971363576652493,-0.913601957219447,-1.2446995709348,-5.09366792851753,-3.04826503731421,-1.10006030551451,0.377216706501022,0.284311473654301,-2.38162115984136,-4.39857147196671,-1.20937353071682,-0.0633356443266705,0.0833926632594986,-0.106305360691663,-1.29339923903742,1.78212551751962,-4.75001020233098,-1.30375845582634,0.677650508328073,-2.77494238236684,-3.65682842330273,0.555036635090549,0.538674292262816,0.934102442193024,1.66065071447471,-0.732550681738576,-5.30173445314362,2.4718411608197,1.0035702601903,-4.72145119387403,0.622777112607219,0.829673957418566,-2.50487165117182,-0.538965113283067,-1.44227746534094,-0.716433003370653,-0.514383550029956,0.85882378642293,0.461044838676739,-2.79075108171182,1.21280468626086,-0.915352276101076,0.815589969296514,-5.24544892675487,-1.31875293744032,-0.347182865220219,-0.237367783779493,-2.37764932956719,-0.0903410008388011,-3.46027145202255,-5.61038375532079,-0.975583707206656,-3.32379783449543,0.142249378274449,-0.238138743325806,-4.01941005212097,0.759892122582088,1.62262199827548,-2.3706505680513,-1.94963319502956,-1.85949999319395,2.73471625325117,1.05826375407408,-0.55465405363694,-3.59066929610614,-0.807098095106843,0.791127596916539,-4.5232218292777,-3.61236893290655,2.60274533314653,0.926374718397689,-1.78170069175858,-0.993167750852883,-2.97555041022011,-1.24578518324162,-1.43920410486006,-0.953076775445942,-0.765254967081638,-0.169527536391713,0.246477849387563,-0.515968479651861,2.14993905739934,-0.945236112440929,-0.264873821146762,0.42951044788222,-1.07264386469077,-2.07238541620536,-1.95993863250154,0.266217672522201,3.06387557466662,1.60229953072866,-0.196424137528059,-3.25282173060451,-0.46795251756237,0.297403989291789,0.297011504453033,0.174472558368193,-0.837057036185994,-3.23722735497549,1.72299492415034,-1.84077365208882,0.965240948538503,2.95260084732141,-2.42297163817451,0.400931346561568,-0.590742381599929,1.44651356911231,-1.19868094025145,1.34630149947844,1.17803608126265,2.20011822687456,0.784356952971908,-3.29234545144113,2.27041006659302,0.446572017820134,-1.57904049226875,0.285664889146662,2.82825586041813,-3.63346858963948,0.241791795496045,-1.26022277288394,-2.52476697209352,2.30880501966193,-0.154651601128874,0.528971496984863,-0.355626219970228,-2.0557070733164,-0.704744000714182,-0.934196934936666,-1.3805496628519,-4.95110624609198,0.841215443838523,-4.42703674323074,0.451618359676607,-1.62872055196352,-0.766047560513686,-1.5632056620564,1.19945641794494,0.196516908758992,-1.64417080817441,2.79580746023319,-5.61370130736764,4.19087267077862,-0.840111325965833,-1.28636266466644,-4.18472379068708,-1.24117082360437,0.34361672064212,0.96618648608414,-2.54076677407554,-4.10396425814947,-0.98490147044137,0.578369174477288,-0.608019266748097,-3.9700831794353,-1.04252142317074,-2.6963676795658,1.64398215048112,0.30394513565415,-4.69413269556727,0.554893492710562,-1.67736214852344,-0.28859224496462,-0.717332356336154,-3.68867615718726,0.00467293195356167,-2.15645141934974,0.100598740075381,-1.9110713123086,-1.73244787769797,-2.60800888485634,-1.94481067247799,0.639172215617064,-0.168742950602878,2.36236122396852,1.16547964813901,-1.20936450828379,2.46637147575182,1.21606348445398,-0.752562002711273,-1.82919853601731,0.984404853440069,0.130401259999126,1.95993914921118,-2.02988025205496,-5.28192067260515,-2.74992082635847,-0.479158611197224,2.23094347587094,-3.06411910378025,1.84427919073701,-2.41608524718079,0.305873556390088,-3.08137556210245,-1.82636370718771,0.27821058753993,0.92538202719431,1.60105283300804,1.96322779117358,-0.190186030729523,-3.15299821099528,-4.18744050943273,0.488420927913762,-1.51982363169235,2.17468929948258,-1.19268766802453,-0.241280533918118,-1.26552972892833,-0.224295097082165,-0.698544079316335,-1.71979791340045,-0.530934511815203,0.173777957104529,0.758467972004205,-3.47848036472939,-5.41879304597851,0.546935001487887,-0.912231450016101,0.611104611394496,-1.22225019988622,-4.45208872865855,-0.48498889507899,-0.456462241401822,-3.7557635500011,0.270118930639439,-3.222832846061,-4.56312702883236,-1.81766444698953,1.6632378069082,-2.06198055356513,0.984221302078307,-0.382009871849812,0.529190582561422,-1.36425263141918,-0.823477369728992,2.46296423143107,1.41022256257187,-3.32072032047684,1.00825822041484,-0.0803440307494817,-1.11796996999381,0.166950654471203,-0.0479227918967202,2.83317985097917,0.713215344384412,-1.70209109601852,-1.47790590823026,-3.10685043960128,0.471449457185968,3.56317338431632,-3.52623553434073,0.472015891126331,0.820079874749164,-3.72777801489416,1.42227470539356,-1.5130429277866,-2.356776211256,-2.5729723408502,-2.57901183274084,1.06975947552153,-1.01043950001453,-0.266695347084018,-0.28182545674763,-1.28687355127184,-0.762371818405068,-5.70301947992786,-3.08089597927568,-1.32259423569282,-1.75004010292983,0.17487345582279,-2.73845347996158,-1.00128850908492,-1.06961358419891,-1.8132450000144,-1.67842995600473,-1.19267418169914,2.32360093963831,2.07660625396241,-0.269488078253041,-0.780585846759016,-5.16461223112842,-3.7666084752916,-1.34320198377506,-0.176484417408702,-2.18175374933707,-1.51864897765305,0.647523112007657,-3.21247278428208,3.24019684683853,2.66265655838138,-4.03773953710824,-0.47825596365136,0.129725677837909,1.87726052583784,2.3354087223415,-2.76600672449532,0.33493080061552,1.27560470349415,-4.48012527212381,0.01393548493162,-1.36166430299761,2.24702498856856,1.66151847180459,0.0394814987037406,0.195123258987672,2.37173061331851,-3.90540827091313,-1.1783788845941,2.10902103684906,-1.63283305933178,0.494967325446951,2.96730186082111,1.00376258141503,-3.3015319028284,1.7309283777813,-2.20252932645044,-2.47787082206412,-3.28213976762736,-0.369752423610291,-0.770734058462747,-0.531985351129182,-1.36775091967038,-0.347798995733687,-2.28931823192959,-5.26321947424183,-3.47873134774033,-2.5510076586418,-0.27833270208575,-1.59116147026546,-3.25115599583013,-3.4286945113294,-4.19802634127385,1.86805718710015,-0.532365548367324,-0.140299024173067,-0.0519855983633096,-1.77304616863682,0.538985226066939,-2.01734099916869,-1.40131346304137,-3.01151183429331,-1.75411556469174,1.83738735383833,-2.87828445675293,-1.46524431797549,-1.72111255198023,1.56524401326451,-4.7342006321046,2.16923422923005,0.68939833119015,0.232675195976766,-0.284454906633688,-3.93011917047023,-0.764324447690409,-2.74211275181735,-1.49318721377084,0.959394308631797,0.121498283035207,-3.2346029655035,-0.173174390435916,-1.33298148774091,-5.32313651374964,-1.97491713863474,-4.19621200979794,-2.52921140571992,0.551338171185551,1.92157191565896,0.519369384019576,-0.0624049924645169,-1.99711840928207,0.140886686445565,1.86660605678098,1.70955848164521,-0.641729379470112,0.209483614835816,-0.361165586267166,-1.45289546321623
"95",-2.69704461046979,-0.78249553090822,-0.929743237799501,-4.56372371773332,2.77856660860296,1.38082741025706,-3.90654108429067,-0.0650325543627356,-2.31930382629114,-4.94445152908299,-1.85138448544798,-1.45538888105666,-1.22637532201759,-1.30621006013352,-2.08400753715343,-2.08730138790716,-2.83526542443402,1.00531156605085,-0.397526918186902,-0.0333427624030674,-2.90052446092764,2.27895770449558,-3.8625633212193,-3.65580503221281,1.29612371407223,0.100052488833384,0.320022867497864,-0.102110570329736,-4.32569336288014,-0.456811592264631,-1.75531115453336,-4.66736452613259,0.0231243464113504,-0.330805417130463,-0.0591961703337083,-2.98377894845809,-2.55955105062656,-4.80643310484235,0.601245560544695,-2.52149413627554,0.433114893222154,-1.29234816725114,-0.015521911511939,-0.410908505102066,-0.559801561177811,-3.72422712495381,-1.47855095238841,0.151915721407469,-1.24925283170638,-0.612207267995478,-2.70739728109899,0.834211594804271,-2.58048460234985,-0.509688490871925,0.179844036267492,1.32881236097551,-0.70414499617363,-0.946570203109981,1.01064123107173,-4.08977012532458,-0.128756370543589,2.4994609086106,-3.02842907941761,-1.32152926005041,-3.04481064257415,-3.69708313119345,-3.76533269973545,1.89713323655977,-1.14847155627716,-5.36528501303075,-1.26751455836057,-2.34450113887941,0.254945073293413,-3.88257320563565,-3.45214080728533,-2.3898043922132,-0.198333712141061,-0.396740613428351,-0.032651874096311,-5.07214304614885,-0.992722272821612,-0.0977631424192754,-2.36994021581989,-1.09086223087576,-0.887076965868754,3.62144902459392,0.542006597895723,2.2110035465109,-2.17887413992383,-2.29867885047137,0.229925887975302,0.617653917372391,-2.67542304787098,-2.33876212743922,-0.843694381819201,-0.287077686005988,-2.71060656203376,-0.504941467716442,-0.0340018838634915,-0.439030233382718,-2.9290764194909,-1.44414721878235,-3.87213769731588,1.88567805026098,0.144513343116128,-3.58193091493903,-0.794957915080764,2.36636912389518,0.701044935225375,-0.480165265526483,-1.83650238705005,-3.06670551026491,0.559680441042306,-2.50652663516622,-2.40125060525875,3.71436505701303,-1.18726524907044,0.859500555167386,-4.96876365148241,-1.65232610416481,-0.726246104414206,0.586072626023693,-0.315811308391731,-1.51543829617867,-2.77482878288586,-1.08289582834872,3.18636173055259,-4.08554366807643,-1.61592510886543,0.81857592165781,1.17474894088831,-1.8761029884973,-0.671366943793853,-2.04979534661952,-3.03088413044181,-0.93547571017749,-1.69256652971803,1.11265195041019,1.6841215653878,-0.384221422688267,-1.04127357195808,-2.88177566456099,-0.317137107754526,-2.63277072307221,-1.31638663124706,-1.0159979947045,-0.939291208300807,0.194155828178099,-3.02495925092176,-4.16716640077765,1.44099686117469,-2.17150751585893,-2.75167439151567,-1.80156992879872,1.05848896389923,2.27443385507929,-6.16733578259757,-0.830863949922717,-1.97895160123917,1.12815417877516,-4.12374513884002,-1.59944239012136,1.06934882435383,-0.1377486779293,-0.193491944478205,-2.05451320327646,1.37305825857996,-2.26067467136562,-4.11108641272365,-0.679459017723375,-5.89749154534135,-4.18653948326951,1.72393615345649,-5.55550684146973,-2.63559358672082,3.68510569196247,0.440438297654229,-3.80192146998417,-1.77998728146987,1.7930744920416,-0.787844357639963,-2.10958591311764,0.921540460165768,3.01864005208053,3.64578171454232,-2.84595137142178,-1.84882671749573,-0.884638227081942,-1.59452722090018,-2.16606067657787,-1.893770437337,-2.44213894829541,-0.198283089749357,1.46042160411224,-0.327192444256054,-2.49019114035233,-0.371558599718295,-0.88143410883653,0.887665966533827,-0.135002503115445,-2.53901315747241,-4.42527263598606,-2.6068632167397,1.30103633963198,0.723236715547943,3.73082853438422,-2.8326652801125,-0.913793304212327,-0.531251684543871,0.407245601451451,0.893360552169854,-0.271002366707642,-2.05448447473006,-0.944746317990847,0.326043397046693,-1.89171615586161,-0.868540474864685,0.792833576673795,-2.15873268778248,-0.105743733126308,-2.78505097886315,-5.85697522470992,2.11696360711454,-1.57875188752318,-1.76282530022188,-2.78332029172887,-2.53704692916976,1.66226634591306,-0.707736860224785,-0.646337982300734,-0.786969824485551,-1.37645483820151,0.100360927049227,2.20440649986112,1.40208168351918,-1.38307524029513,1.01345339721459,-0.383055159105673,-1.26894397589325,-0.811414876029334,-3.58487508385969,1.85748155791389,-2.03344562800339,-1.06652788498895,-0.94895839925783,1.84047231590129,-2.91384123320212,-0.298454268289985,0.710568374803416,2.29447335804424,-1.14760221258421,0.586740381272331,0.65831498109987,0.636845600992169,-1.22255503300114,0.608842467046882,-2.53896533467288,0.186315364554224,-1.67373342649654,2.64106261226165,0.42841886349267,-1.70791744647106,0.462208946865271,-1.19878004427743,2.43703455798655,-1.65261473572493,-1.98880514258372,-2.98358230874021,0.973117676030879,-0.237538972961909,-1.12813022566551,-0.651170770170404,-4.18346826674202,2.01579918918064,-3.45854632346118,-5.27970895282633,-1.64760690441793,-0.593158929451622,2.69429657692475,-1.1734873837949,3.09722551954108,-0.855682064919373,-5.38578955802657,0.401896197334272,-1.08780140756196,2.34316535783022,0.596185775191391,0.803063377136089,1.97610248364898,3.39668966649355,-2.00963057623627,-1.71876071393207,-3.1405910298274,-1.93686426635016,1.91306321106154,-0.473175605962311,0.418188655298191,-1.31391613232849,0.497206155438075,-1.37899236064014,-0.822026903068169,-0.0596071970648748,-4.69406127273512,-0.537362088083272,-0.13823952608532,-3.43547996302453,1.54536267696064,-5.54586018852452,-0.788310751987915,-1.02568335870736,-0.209055449917959,-0.514056525351745,-2.84595570296281,-3.63014085777644,0.866107025772689,-2.99301918298418,3.63009122787576,-3.11241739178385,0.3329663517363,-2.97214540511344,1.9993080003849,-0.469820378221643,0.073498384312646,-3.45977737158458,-2.01326826349524,-3.51460788086095,-1.95104924414835,-1.99863729675222,2.82715189710065,-2.90042463791943,0.0375855446967572,-1.30401711711594,1.41496643252751,-3.90031735623719,-0.0913539049648139,0.162283763901971,-1.71352937922678,-2.20676958049577,0.713862851090183,3.23076657351823,-1.89089741690829,-1.7797004171171,-2.55304714087066,-1.67759187704257,-0.997663849629285,-1.66922625886156,2.46261915395865,-0.451432195466297,-0.784566129999062,-0.662026960553619,-2.36059930353141,-3.20844498984346,-1.96334252032958,-1.70484814821659,-0.134116075527489,-3.49771407155047,-5.00663315103755,-2.2182934218588,0.0402751982258593,-2.39499444862317,-0.0512173223622449,-1.40006667315664,0.613823085094848,-1.61051848901344,-3.29948603559233,-0.947223435379583,-3.12669653178206,-3.18432036460221,-0.21558102751816,1.73496943444331,-1.51901913034695,-3.27038163630883,0.761794935688106,-1.60924380312745,-1.69703376400057,-4.01296755359522,-1.5501234249183,-3.08389781367991,1.83565005331191,0.203391599004354,4.2363682654431,0.460809596181259,4.16883598219516,-0.331621518778715,-0.0393369847154081,-4.93057590404234,-2.14106170208277,-0.15047836399306,-3.67778577180354,-4.3629715623471,0.238746491327102,-0.879516887852746,1.65612194963299,-4.81892393941412,-2.21208562257133,-1.46981611882623,2.51057119632041,-3.4092374446829,-2.90444522375324,-0.653270070730314,-1.04102684679175,-1.43745309054561,-0.671709020158764,2.67033424434601,2.88393614110339,3.88833385212712,-1.47545533676939,-2.8213293904976,1.36053167980639,1.00859298858009,1.93916236786867,-2.28809210678521,-1.26062854019136,-3.74514452955517,-1.24857375037178,1.91070050092209,3.33003440099015,-0.166230989972552,-5.5510124750214,-0.566953492952172,-5.19012826240828,-1.06189806122897,-0.594018333369673,0.977639738580606,-0.104961602669821,1.06435290373868,-3.76407246873501,-1.02920946901065,-2.23813817198194,-3.81838326117554,0.795459265462476,-2.35189667870899,0.102024015971504,-0.411539876730898,-3.97738553962332,0.199963730289781,2.55211242333415,-1.95110787399808,-2.90772381807045,2.82808386585594,-2.62771040496762,0.461209531089597,-1.71594781950833,0.681439282997573,-2.63587559554767,-1.12398216447141,0.20327886258527,0.199668748818874,-0.477510200228523,3.95998643057295,-3.20159309161165,0.295757491497642,-0.967551300171482,-2.97090147927023,3.17693308042197,0.575660636494282,-1.0952755794922,2.17209683854307,-1.03784503861778,-0.503337930686201,-0.907720794575842,-3.05181629365998,-2.0440477898528,-0.313240871951262,-0.202730382430428,-1.06578394764621,-1.11960026369055,-1.58167739163088,-2.57207955856162,-1.08653844278991,0.544505471429918,-2.23915498448178,-3.22286969779978,-0.465427292544854,-0.966054553574641,-0.00441096209082548,-2.31151876216245,-1.27011548056892,-1.74499520768803,1.1716840118263,-1.48394146406591,0.932901814107443,4.34555248265613,-4.58245823991364,-3.41440626342667,-4.95193689594993,-1.97519137709717,-3.23105172757424,-0.44682503475232,-3.00592349313586,0.885881312374013,0.607706098576939,2.33220608147048,-3.11924866055973,0.0998844064900593,0.365608558384071,0.371722191727301,-3.28213205125292,-6.02852306449038,-1.35670163364779,0.643765093043687,-0.245921264179191,-2.2514031668993,-0.704365922351051,1.68185557281692,1.29274004612186,-2.72985698340305,-0.551212854346751,1.97691084398996,-1.91698700404481,-4.29696070642091,-2.21991388503274,1.08790716541637,-2.42031665325223,1.04917814776011,0.404111117438209,-1.76470304384459,-4.33750978280937,0.111553811600917,0.781959097402545,-2.48186574132121,-3.59705774941791,0.472444691467365,-0.110827440334686,-1.39927461661571,-2.3265869281022,-0.36367176544776,-2.73790942514213,-2.03707216487442,-1.02352039740445,-1.9221773171728,1.22179947231769,-0.620521575918664,-0.95576703705102,-0.735427132849035,-6.83883083405277,-2.32510441087893,-0.787473544903912,-2.14016591309141,-0.383871220367047,-1.22543885314211,2.40283665582091,-1.05419263668822,-3.48698881677808,-1.99496680497191,1.68793402327195,-0.0694470552596799,-1.72677627523197,-0.610895954904952,1.53584499777512,-1.13693580191452,0.842175106987828,-2.05730473178319,-2.23838267581573,-1.23637629395918,0.278822907932584,-2.24298818601878,-1.10126688038673,-2.31197345665993,0.606652053947243,-3.1356657519126,-0.42672412539527,-0.575427710944516,-0.0701155896839725,0.431367505179698,-2.16467041230507,2.90026590159707,0.447094172753705,3.01291362175498,-0.878392632764579,0.76626808329879,-0.540826573377476,-2.473774038114,-2.21635395671591,-1.10007484181148,-5.05804728535594,-1.93150585940073,1.43093044777027,1.41073704461337,0.608290622307825,-1.12499687823099,-2.71947143247061,1.26111736852696,0.546461873376055,-0.892342862096555,-0.940390843342552,-0.836379946896807,-5.67217580782342,-2.75114650369465,1.40166193680798,-0.685565686192321,2.8542763118788,-2.3687190122988,-2.52719738960595,-2.22114066322314,1.25559786092585,-1.14396713535233,1.55844947280921,-2.4048471204003,-0.458756638342877,-2.05545868758232,-2.27954681432084,-1.1235866720707,1.49961297648935,-5.83801710198993,1.37011794017257,1.63891459431821,-0.215429364122047,0.723011813309311,0.961854020727462,-2.91171473596269,0.00997151363905124,-4.7181520928182,0.40870473029621,-0.987708065873353,-0.0614659296257662,0.449378454118238,-0.189502078858318,-4.14826607783905,-2.07090717062668,-4.1914997294532,-1.84669967677423,-2.11319112685167,-1.76867535639076,0.40610192195192,-2.52957703242402,-1.8048593510959,-0.695670808063924,1.27253947846904,1.57613335468487,-1.62415447214561,-1.24197868237704,-3.06184164562709,-2.07163516501888,-3.19323882955501,-4.99553686857083,-0.839821030841944,-1.27917092701264,-1.02270681598221,-0.366420134275811,-0.146976334394327,-0.461143951465153,-2.5529345395401,-1.42551724532098,-2.78827030150282,-1.63151961032295,-2.20552124039503,0.417525633267913,-0.0658793196791977,0.936806380844134,-2.14123477726487,0.844491588800322,0.239274347655195,-1.52277111311379,-2.21713826981406,-1.13549284149375,-0.905793960183263,-3.81340136133001,-3.41374873889438,-4.06297900786239,-3.82774500833638,0.627836236912967,-1.85236152921989,0.468296612325381,-1.21720239770054,-1.13734860729792,-0.143717195403077,-0.182066655737337,-0.786485542452701,-0.0772171222966181,-1.58401700570263,-1.80993358964291,-2.04057023221516,-0.659969219585261,1.53241506357459,0.317770010023296,-1.51224499508913,-1.16511117772231,-1.04076235653506,-0.664815540739716,1.08225539230622,-3.17323101107941,-3.68826180378466,-0.821176112873228,-1.7000834059731,-0.179126341217069,-2.56337425052176,0.109857160655052,-0.895936553501646,-0.714660925419599,-2.53256519883473,-1.32875576395227,-0.0650200100951668,-0.354584155619704,-0.683189113872137,-3.40680080497679,0.272787447128654,-1.51892409983334,-4.26321865630025,-1.22243572097387,2.83953345606412,-0.595130252361041,-0.13079466734368,-3.10206017228478,-2.66720832007137,0.784006015600374,-2.56021400704487,-2.73803974079788,-2.20261546904124,1.07473563148758,-0.884114250250404,-1.83269062769753,-1.06441283957546,-0.221374378679033,-4.72405453835685,-3.23068462033976,0.935981402020348,-1.18478323527558,0.649941660260239,-3.82299034247963
"96",6.46387619404635,2.03053178424964,3.93080341631699,3.89799184502893,3.44973796626741,7.01524819267055,7.92679714334989,4.77698692277085,5.92184891927652,5.67042423775129,1.17724575657988,5.96187636342522,-0.203025957067032,2.47311518851995,5.55360129472606,6.13869223759623,1.20928295362644,5.06260910110909,4.00654859691704,4.067981242047,8.45735187927736,8.34754473633818,5.75899595310514,4.81352451099086,7.73332707072159,3.65014237930608,5.72946230071202,4.11493389284296,6.24660083332771,3.77061458996058,6.50564896100997,5.51980571156075,8.49039661689145,3.22878300705823,2.88310838865402,2.03147461204462,-0.793857934456364,-2.37455987834506,0.361455144770626,-1.17799042159379,-1.46117289188692,-3.5026244358782,-1.42974060544636,-5.71579950314596,-1.66321308022209,0.33667214893327,-1.22376268804226,-3.90415641161285,-1.62075054946212,-0.892487522969591,-0.290832608511016,-1.55725941734862,2.15132212040721,3.00393118293982,-2.0608370798381,-2.38804872498276,-4.13492432465258,-1.59218039827808,-1.72396514210028,-0.635314606404148,1.47357912578255,-2.15876190461997,-2.62525454606337,-1.32856948252311,-3.44141334194785,-1.32060581840066,-0.562137681813012,-0.272415898204817,-1.87597630246031,-1.70751877297748,-6.65982942716366,0.257092913559845,-1.43721585543462,-4.13807347762885,0.0747908462923286,-4.14969469270416,-0.959584464384572,-0.780611490836598,-2.2687838233488,-0.701522982829363,-1.93949884448531,-0.626039567519407,-2.94165043423079,-1.52668189334405,-1.19367638902396,-2.64385167013443,-3.15527306579125,-2.4853811621275,-1.02404556717153,-0.593748483173965,0.367710417425033,-1.71694933499067,-1.27286160453569,-1.48405371934449,-2.55038279950582,-2.68024324408557,-0.754287591424756,-1.45731314314964,0.469564783722607,-2.14063965808082,4.5517518636537,2.17047303962891,0.714216158046808,-3.89160655352741,-0.273074474779131,-1.21328342830678,-0.210749763842527,0.35311964053885,-2.09765294210947,-4.18779173004504,-1.59888576094829,-3.03837086817651,-1.37965657063682,0.983891749788789,-1.24781814530665,-1.46416212751259,-0.412563504285556,-2.02778360524264,0.95893769917435,-2.60776115128609,2.30145877637483,-0.332210777658527,-1.46061376677538,-0.304979518247239,1.92550289895569,-0.311507211643458,-1.20622624846577,-1.72283151247471,-2.93711001872952,-0.266160656209263,-0.0697825519138423,-1.92385495317927,-3.91239981586253,-1.38933330889285,-0.746702380994591,-2.99955066774673,-1.93863759344126,4.16920610551181,-2.55333115987677,-1.78941821361527,1.99832420374487,-1.06938807348371,0.168012470467571,0.364250082247947,1.7858339532329,-0.961570645412207,-1.21012857134742,-1.65279097084307,0.885964242713678,-1.98439391340702,-2.01603067297299,0.969593421220959,0.881157488622339,-2.02009386858668,0.451238669710081,0.520606841363667,-2.43338544432616,2.10855324628051,-2.75639457441661,1.44191992831289,2.94687943795868,-1.61141215222211,1.55205766327476,-1.17281350869073,-2.16288806947697,-3.77264731695159,-3.62115877274502,0.187254968769177,-0.0162226440111882,-1.79019624925258,-1.41414148616915,1.57153528377661,0.463292911109846,0.15594720823258,-2.2355514553927,-3.12588118192949,-1.56485925374074,-1.17499961400889,-2.93679559476631,-2.18917361959098,-1.26319450394761,0.136254967942757,1.28010440895915,-2.06307820597872,-2.4938407913743,0.21695943653251,-0.418137804759378,-2.06099448101953,1.58017254690827,-2.64048678070824,-1.08743357038848,-2.36361800560964,-1.52130416520544,0.405361757271008,0.229153744387334,-1.53268223883302,-4.23985570144646,1.00249508562261,0.572393610796336,-3.11901819273411,1.72500921486382,0.248344776997564,-1.91870755328364,-0.51795414358452,-3.2834940399639,-4.58827842259912,-4.57024298298093,-1.47929420378785,2.16092365488674,-1.0281201356082,1.76260215654122,-1.01636115048874,-2.16571430820093,-1.10743201987066,-0.259399742158304,-0.62461407349481,1.70320755305892,-1.32572058802204,0.253264224438262,-1.66747369382958,-3.46424475785617,-0.643448186214901,-1.92331002636604,-0.121722754050816,0.280314238153422,-0.533144924162963,-0.602865557307682,2.06030414189952,-3.5121106025941,-1.93831171602472,0.627374626636762,0.0442586786817949,-2.09038465755343,-0.249245644023151,-1.98729148555724,-0.119613015182576,-3.82690623903249,0.335462039549814,2.22020493651022,-3.3078995039021,-1.76824139545798,-0.952213788401488,-2.25478065564578,-4.01708067808981,-3.6200879251878,1.00916992214947,1.17314566139894,0.626231825774614,-1.84049820070743,-2.25568320957725,-2.98278954432578,0.353237781491647,-4.72241437135592,0.851405256541102,-0.09759847595015,0.0282665718450215,-3.83700775297057,-2.43381294746879,-0.95064906061331,1.42492996794822,2.33887314191969,-4.50333770773997,0.919091415225488,-5.15671370214203,-1.92417342491492,-0.201727617081916,0.235547341131945,-1.70276068301214,-2.76827988833664,1.00378181161948,-0.264303185843105,-3.49882220898892,0.579417094868601,-3.36983284248156,-0.502857244869167,-3.34884301504838,-1.62447745507812,-0.368031333419337,1.94329537512562,-3.47668721139103,-0.389478156132023,-0.110503203361139,-0.895012157261546,-4.55288038111149,-1.87250366671458,-2.43090125790606,-1.31891598010273,-1.25696731432761,2.43774722522457,-4.91705456492314,0.520614201547048,-4.05428499895869,3.00543111387545,-2.11796302687816,-0.334249634247107,0.57677737990894,-1.07866342987435,-3.15021139392822,5.14998215897063,-2.6472138319303,-3.73299071052324,-4.57594287228212,-3.7471721709549,0.202453840155616,-0.950513110462653,-0.62991281936738,-3.31951209323902,0.867943821772729,-0.322695118627683,0.625101792739885,-4.83108238906163,-3.49403678186935,-2.79490266437546,-0.505886454028851,-2.52241447769877,-5.53606636985774,-0.456713539971634,2.10296494170293,-1.72866550003149,0.463783893838761,1.99013167328312,-2.03842864820154,-2.33305035972837,-3.20720134295866,-1.525062187285,-0.833142217838214,-2.13132631549793,-3.54962878245295,-1.17761796075037,-2.34108390693126,1.54265673337178,-2.39886978872492,-2.17973446820497,-4.41152618075374,0.718518045911792,-2.60733737578075,-0.478862958137249,0.830859077933937,-0.00370943890413722,1.39525618283292,-2.52672992142169,-1.6103010429696,-0.0627851916679411,-1.96619918145989,-0.885224561797239,-0.17525221040215,-1.41429453663572,1.05347826775989,-0.59488595686997,-0.157382464729996,-1.03108417221429,-2.1017417321331,1.80261546854289,-1.60722363722382,1.62355516375104,-3.54916853850279,-2.9871565063097,1.83688506358151,-0.808322016903211,-5.36614790537354,2.41654159035058,-1.93145137407365,-0.717122894491806,-1.93687914554633,-0.943496572305848,-0.671953402779648,2.30748871585611,-0.488285022522342,3.35189901722489,-5.80214294231479,0.630353886752277,-3.12032723839345,-0.192762136631332,-0.68966406763844,-1.35506448176176,1.44804327457635,-1.6938970158347,-1.00662847655651,-1.42550602984914,-2.23313864848592,0.0381661245263631,0.0530838532589837,0.307105286437326,-0.955482359808454,0.460857732581113,0.117673275423495,-2.64677016043598,1.08370615363328,0.0715163909124601,-2.30541038142956,-2.19046208993614,-4.74231969193425,0.585969673694165,-1.13436889894405,2.06189075417748,-1.29346550534477,-0.985275896294057,0.173065178580838,0.366903553082641,-1.05697929829849,-4.69263455805935,2.78040357607893,-5.19058075697606,-2.72144802665936,1.87088065287626,1.27603340746036,-1.94660338547746,-2.32070938118003,-3.74135946339482,-4.74498757364689,-2.77718106044438,-1.11224396390699,-2.81236245563312,-4.83284120769142,-1.09914326919338,-3.96284704707191,-1.75902934151204,1.59215313742901,-2.15487469996595,-2.40662669680986,-1.19617193160138,-2.60430308149693,0.765808326097908,-0.613930223507511,0.992568366620708,-2.68925837113914,-0.178777174745208,1.42504746717684,1.15872149400968,-2.39879722838346,-0.824286887279196,-1.34674877747551,2.58237940289905,4.2790957191301,-0.478387144825905,-1.48755552302432,-0.050106556009613,0.268973368141514,-3.19693341339307,-2.21961430124001,0.334744271558036,-0.1996495384663,1.19494271908628,-0.435515650558247,-7.07521883527907,1.15480660293447,-0.908717300298483,0.596758852736267,-2.43624822136317,-3.10413165858194,-2.73605182099443,-0.814758137831046,-3.20454621250392,-3.78956054562704,0.40929158195592,-0.271430328662507,-2.83530297230306,1.10834888576474,-1.07798012949119,-0.402018257131641,1.33219032126838,1.95586888435646,-0.356593100327019,-1.11414605455872,-2.08033696937294,1.89265601022658,0.205309141157847,-1.1201436369109,-0.585854777000251,-0.993225067982602,-0.523888443612937,-3.530320737124,-1.25463165090685,-0.428190401637539,-4.68759676957345,-0.899447718934144,-2.37218755621354,-0.419762044022905,-0.749633142426071,0.480749205224664,2.76253341230586,1.23211299753076,-4.45772618942518,-3.18232101570547,-0.581588623676587,2.05375809718456,-3.62988723911971,-0.121787280422888,-4.22805135226429,-0.584510859285776,-0.153418248409605,-1.01554218787249,-2.90175615794584,-0.416746245335045,1.62339103028788,0.424076924657319,-3.66348244996602,-2.22601063226536,-1.08657586594989,-2.72546878967977,-2.02399250046332,-5.85020643109523,-0.553473456781534,-1.26473157528321,0.586836810723318,-1.35091604573879,0.454481828361121,-1.84672696362011,-2.11009605642637,-4.55391382761329,-6.84181733634086,-1.97795146145723,-2.94350319733166,-3.44373897382339,0.837426542772955,0.358902793774242,-2.21787075966594,-2.5706450053058,1.36343455662512,0.164174036714866,0.254436079988983,2.03293991481421,0.837886498142156,-1.39828867623646,-1.49731371173178,-0.00725870564267084,-0.118917277670663,-1.64014931549044,-0.453527730108452,-1.31310807730255,-1.80757232580283,-1.95052510252778,-2.80529855393033,-1.00391539477031,-3.66410341176357,-3.35012208989752,0.95753683307857,-3.34635749935523,-0.9610737721563,-2.83751877382796,-3.45010852078123,1.33711882238885,0.557569025887518,0.733929158818209,0.751757997966739,-0.491112362527619,-0.0476053843921108,-3.98708672020206,-5.03178023886147,-1.56407744100592,0.76130923469597,-2.24853336194656,0.91123094720873,-3.18409352009824,-1.63618100919371,-1.56372421034657,-4.3566736972324,0.0608003040668161,2.55898272369161,-2.98845151852296,-0.479724897810865,-0.684525404563409,-4.98540751090802,-1.11924844227428,1.46091304040436,-2.11382270345911,-0.602529142788161,-0.788124905249828,1.00043469268574,-3.09257158248338,-1.52942377207976,-1.44336730759062,4.4674699693454,-1.08235583636142,-1.17387152833911,1.40967109375767,0.251137485462681,-1.84195166064789,-2.91264963226494,1.11771251586988,-1.36047836050401,-1.14096129523618,-1.09324959699783,-1.95645877214605,0.657158976630052,-0.892469265543751,-0.237399420260283,-1.2446410549547,-3.66082269815609,-2.12840758087571,0.501772265829418,2.47773982731948,1.86283307651857,-0.890510533683837,-0.709868744456174,-0.974132754881845,-0.292955099662815,0.754422178130854,2.3447738075433,-0.784556142367908,3.22343924503352,-3.48856464327909,-6.77106028683333,-0.310238223429681,-4.40132841100248,-2.04700817382149,-1.55013718674836,1.41927277481944,-1.98744057678866,1.36185361049069,-0.502990068109436,0.0882896131237334,-4.390295918259,-0.116550987920748,-0.294964314765386,-2.57035228487032,0.252313605914316,2.12442208687087,1.86940337689376,2.39185409384277,-1.72213865750683,-2.74616323729592,-2.83500775814176,-0.603128347562509,1.80417961323934,-1.03560045621117,0.867024402030158,2.02869410597116,-2.62894282158729,-3.78595346579971,-2.11040451252895,-0.0166113364014731,-1.79878579253342,1.4455605943733,-1.25093936486432,0.911925412103264,-3.2866024597331,-2.2858393486938,-0.94270830572112,-0.373323155342188,-2.73123451352091,-5.06426552569527,-1.08945443889325,0.156515464433644,-0.60437968929887,-0.685734909160971,4.16054669658201,-0.132076974331808,1.91686177082722,2.94281984589777,-0.241324258160171,-3.6545433536498,1.49622130962413,-0.776606672266997,-2.42392186674931,-2.00750807990877,-1.43558900381212,2.06173104284307,-0.54633382156637,0.400570250200786,0.121952447314215,-1.28404485762857,-3.1851442197351,-0.553833949648782,-5.43080223999942,0.446496854404829,-1.89334189515227,-2.59724277387958,-2.0997145123624,-1.32292960547193,-3.84057261142305,-1.46684723444387,1.55296107050553,-0.173675615094733,1.4501064462973,-0.612899682377069,-1.98138497187855,-3.29768594964229,0.942076620308499,-1.92663092735037,-1.28720584617309,0.855605585999863,-1.60048302281366,-0.0673736930343721,-3.02052337755182,-4.22337222664864,-2.39080563734141,-0.73950328837614,1.93148940331288,0.456244639431196,-0.826499558206249,-1.42365148696748,1.93319293250462,-3.1255037417506,-3.5005650561827,-2.07057463337993,0.291768217912588,-1.68605742991558,-3.10629988858241,0.447159677191721,-5.41970477920685,0.775157050452103,-0.821165882398144,-1.11246681845813,-1.70996532695105,-2.84885231408171,-2.98117529180867,1.53892121166158,-2.78581402350071,-0.8731855644621,1.55168707812133,-2.44656674014661,2.45429878837336,1.02841506656329,-0.937601500058808,-1.02750080498964,2.14292309196186,3.45290803636994,-0.608471151153439,-0.142660692075636
"97",-4.87273621371886,0.188236489664515,-1.76436665823583,-3.2460230121267,0.710678854714245,-3.90435821114311,-0.335489544931752,-0.927206205291432,1.25578996297167,1.12690252325538,1.12225524055719,-3.14987043888177,0.0606190148159975,-1.12516430204283,-2.9671429503593,-1.68121023238636,-1.44294269852757,-2.87636210689233,0.0537911264248829,-2.21566673693309,-2.15499453294172,3.11177028569391,-2.0933650031864,-0.748333723895054,-1.45804493465295,1.69459760247131,-6.61980947885003,-0.595239891130918,2.23583728630827,1.52857867598952,-5.69118650066765,-3.56968491218947,-0.582104737581557,1.58270224789758,-2.43289320012785,-3.78537354221047,1.09135717665611,-0.483133221523705,2.62721092235893,-1.57753626620259,-0.826372187733099,0.181210305263983,-3.306261481222,0.382602851755179,-1.10522285464777,0.140345762620306,-1.3986066735679,1.04237252736962,1.47921097321729,-1.67160382365776,3.61463393447712,-2.82945790236258,-0.678495308324397,-2.15358070738867,-1.02819759806411,-0.87477164532301,-0.39461269101387,-1.14277662112972,1.33613165670399,-0.633720140205001,-5.96942809100923,-0.0604872157622304,-2.82702380503785,-1.75725698271615,-2.13151042545101,-1.7437786579509,-3.3258592777567,-4.39708849053054,0.633933863966146,-2.62027813332655,-1.13836155478737,1.18983504705893,-3.70128368149006,-2.23950163928997,0.736655732347464,-0.82064438335018,0.666365471807832,-0.756085208247565,0.263074584248888,-2.86484956932279,-0.876037204539094,-4.35279491773979,-1.02776399479545,0.495262240158072,0.14811716217982,-1.3089697612347,-0.858674454424257,-2.56301457040929,-0.661979884757537,1.33740791252483,1.55384516104618,-0.91816372565869,-2.62235131373592,-1.13715221083279,-4.94371380120158,-5.41052324797714,-1.3288855723328,-3.01185388515251,-0.591340018869613,0.592720724608663,-4.70100268603171,-1.07902353741084,-0.558155169109725,-2.86875298106592,0.141303349732017,-0.704241133150477,1.73135705427192,-1.18274442758151,0.495105622321919,1.3909134635145,-1.65829665379347,-0.838387278749894,4.05146157991863,-2.54136192848177,-2.17341112498083,0.626189854476692,-3.7906510168455,-0.0060699692533388,-1.56830487879975,-5.88784123471386,-1.11218305189842,0.156932351519913,-2.04607041540379,-1.68017958030409,-2.319570819932,-0.564475016692808,-1.73620783019733,-2.74527484837892,-0.329043973181164,-3.27832819716457,-1.35867185878709,-2.53777385761594,-1.57884993162499,-1.95786367002304,0.50986761592301,-0.668016920866979,-1.80262354325375,-1.952153568245,-2.43544046838251,-1.47052103858764,-0.112494933999012,-2.06140095055457,-1.61421778860042,-0.0230263013195264,-4.08321045381777,0.681526917003777,-1.98839041048767,-2.74344614779657,0.331142892439101,-3.41577486832645,-7.1134686184074,1.2395768673982,-2.53993919461707,0.356124986752613,0.62543002913411,0.184232144492674,1.21958821480086,0.751946110851697,1.78201386247688,-1.06949416077609,0.223446280396078,-1.60198101423247,-2.31063906118058,0.271715485778653,1.53087090663435,0.286735377206455,0.184979450602992,2.58388270157436,-2.72228406826343,-0.348540858462822,-1.11473725918604,-0.777149015122422,-3.11893302517131,-2.48115901729655,-3.62187933396147,-3.42974848359066,0.626835343162226,3.05114873557981,-0.677607776507423,-0.458083566144185,0.901154087216023,3.37215690680892,1.59330622846305,-0.78400678854931,-3.21166663221512,-2.1511066731763,-1.37265580218027,-1.93282543168082,-2.1731942515915,-0.97454852208778,-0.336079621109516,2.20122657009468,-3.21665525283464,-3.25108882903443,0.319117986178731,-0.359545482739778,-0.612957863788411,-4.33655480509431,0.0826991785323987,-1.23215662002582,0.861837009101304,-3.06865065180988,1.52451550379401,-4.36650639458895,-3.33876419238095,-4.01278774199913,-2.88735670037678,-2.12128695379255,-1.8622769408064,-2.61847672739308,1.96890836724964,-2.26651712359054,-0.0990191867375431,-0.796280785704993,-0.0921244098707481,-0.85836850915283,-0.658089959404571,-1.89785594193473,-1.18263908170311,-1.8931423240802,3.31994922120602,-3.36234879662107,-0.362522209032591,-3.24648926852443,0.863731202739611,0.455788718141084,-4.65566973397363,-1.4946174535107,-2.41748589782218,-1.43215367733378,-3.18077070650489,-2.21600427713422,-3.56807425414798,-1.16319550327237,-2.88611193484618,-4.24401333772,0.334206575697763,-1.32890239896285,3.23896579000329,-0.172028941313385,-3.71695995560036,1.74246754980893,-2.68459323987409,-2.01374390928111,-1.00224916370007,1.53260014919945,-5.1817582835759,1.02589425880618,-3.68212586553261,-0.366712785070879,-0.342728337429963,-1.56496008375031,-2.14355941328226,0.0360909229907873,-3.93783845993657,-0.20076590773077,0.336362793241392,-3.07164553554607,-2.71409283555891,1.97735772184713,-0.610083423989649,-1.3209616128773,1.58319553183592,-1.19623786272495,-2.29698514771273,1.29014763972625,0.846567440068504,0.597378041660121,1.47092785397974,-1.65030503976298,-0.895670614955648,-1.63753972305685,-2.9482818202477,3.88552228630866,0.0698308833585806,-3.97263653450997,-3.89017884921217,0.897618996491864,-4.75271939687922,-1.57339475614333,0.559167937161388,-1.95773979045805,-0.972734007180289,-1.3113872529258,-0.769805391645985,-5.43278480111375,-0.89873073772902,0.575641551229355,-0.747210222884151,-2.40970227709536,-0.522002977041285,-3.91015656978556,-0.159887612090209,0.115984852387074,-2.60249055917939,-2.73408305431296,2.04677079058651,-3.57077603976353,1.09160820961596,-4.39027448921931,-1.38350572417852,-3.00962847702909,-4.18458746965468,-2.92765997947603,0.193389563189603,-4.01515777699226,-2.74049169971712,-1.68280658308576,-3.01369507423431,-0.571936716017823,-2.20943543529404,-3.05778134884587,1.66756233532502,-0.0507790100068535,-1.66096866545365,1.74524996820948,-3.8304883127201,-3.00187465846934,-2.97837013806469,-3.08651308653181,-0.0391028050386227,-0.204674350824252,-3.6522848196351,0.166763824485386,-3.66236297602194,2.49841432059274,-0.192757881830713,2.03707431998115,-3.40472979253942,-0.653060142946524,-2.2131557575493,0.258821676971269,1.36832391895421,0.0165589213728206,-1.82274400961786,2.52552903672673,-1.55379796794908,0.915210257398489,-2.58637951010962,-0.494185067098216,-2.19400736321327,1.29098631209926,-1.85856014242982,-3.49986751321439,-0.697356364532146,-2.92901986963881,0.981240260342463,-1.44220422427531,1.11732640720826,0.302233186161154,-3.61299415759071,-0.229437982119204,-1.12855335899348,-1.73582393791737,2.93858666981545,-5.11788467707634,-0.888145330068646,-3.41248051108149,-0.367504476799523,-0.56421044016614,-1.59720067598968,-1.81194334369343,0.921354570118147,0.182896388183199,1.24571877799329,-4.14256060929667,-0.129135893735283,-4.3891908360352,2.47168751806469,-0.4456494017192,1.92087976022366,-1.50101979267419,1.86471586636846,-2.99927157354896,-1.16375839412397,0.377857872939685,-2.06661539144105,0.0741113387494636,-1.99363460811093,-2.96087892294014,0.352827169811689,-4.02493156901117,-0.436212777400681,1.51931128340933,1.52439371580787,0.6343515869335,-0.783652100984692,-3.28266865699313,-1.12043089084565,-3.36263044744677,-2.46647512698493,-1.06123710668789,-2.17891263116045,-0.814235648384245,-4.7282222741455,-1.89439754817734,-2.9054486995475,-2.18401123154311,-0.230328121054333,-1.34016556702286,-0.509760779026973,-4.36911645824166,-2.73851816779022,0.871620948526484,2.3547655433717,-5.46889445000269,-2.33635424846324,0.354897583493335,-2.72468381493619,2.55629715615637,-2.21765792589077,-3.25911924313516,1.87573144104969,-0.690557312991711,-0.82174820491184,-0.105838133341717,-3.3763128318543,-3.60921832215209,-3.70203827270859,-0.518264669206662,-2.8457540351386,0.703505327625179,0.915050327719229,0.271477215788105,0.404912116962292,0.0860451360629721,-2.42515632512908,1.93359098606362,-1.83500875259227,-3.17616179501669,-2.08487691873806,-0.910182610969181,-0.769561468242763,0.760599796301373,-3.29038758466189,1.02339216407503,-1.42898828709511,0.718366007071684,-1.05652117411356,-0.700753024912399,-2.20832544301638,-2.33052281760106,1.29649058233055,0.445197142951265,-2.23454751927178,2.08531687181617,0.110376273644763,-0.377515118274852,-3.3258896777502,0.531712728015166,0.189684966414703,-2.45929888041857,-1.45785206908082,-1.17063328098294,-0.309161934191516,-2.36880187833658,1.15716227230374,0.47394481991145,-0.951178894298178,1.55389103616105,-3.37713953483715,-1.12759122428853,1.64879053583682,-0.565025105552286,-1.03521293818995,-0.259302903966186,-2.5764458645937,-2.5069735686662,1.15958512277832,-3.24018220653618,-1.39797869922241,-0.7844061635177,1.80355210790071,0.466538085882788,-0.456388754410517,-0.149994549496498,-4.80417901087067,-1.44270540955786,0.749227291161142,-1.12027367067766,-2.81571416907504,-0.765352779566555,1.5802122823708,0.872454393354797,-1.61999757037188,-0.994015973217059,-0.383833087567112,-1.32311225189249,-2.29088701888536,-3.67852174494688,-0.675662286576532,-2.25406263957885,0.0028058657887815,-0.879953773182078,1.71377664582156,-0.608496041146937,-0.536302935291326,-1.74693386787723,0.234630154163213,0.0388044304630575,3.50924439382036,-1.5686950130034,-2.77097256591104,2.18680230702177,0.215617698423352,3.91228825736101,-1.77393434090174,-3.18006165311107,-1.72550132861533,-1.85528704915181,-0.996773266060061,-1.38713074752255,0.114068980831886,-1.64452556456925,-2.55131996784743,-2.20453464163734,-1.90937938030258,-0.553395724704775,2.06455629136344,-1.86720841512601,-3.18131805468552,-1.62069463024464,-4.25605122685826,-5.04530076985156,-0.626216079253741,0.143046837025524,-2.08310318532764,-3.94473952718234,-0.567717396078223,0.998265755588152,-1.5213184942717,0.510124470461269,1.70127887775975,-2.11530968259835,-0.841144372084672,-1.4818900255556,-2.38702356852826,1.04051765511582,3.50335283337441,-0.654899512253339,-3.41032246419297,1.8959119053348,-3.46453913117791,0.424707458669572,-4.64133647572418,-1.86028703277759,0.410569112531998,-1.10320222919823,-5.81704375933993,0.48043788336612,-1.56295651218088,0.0695571612476438,0.645196564190772,-0.87974577237887,-2.94980227528269,-0.610836571031677,-1.4707809509009,-0.633004023182339,0.273468124884728,-2.42132349994542,-7.52341207016402,-2.64295234092114,1.1334376472067,1.25925185571546,1.4544056274923,0.0651134180176913,-1.0896885236231,-0.415191665794132,1.62154622922665,-6.31563846542034,0.0849951185973072,-0.63104248048368,-3.65399702350038,-2.10007751379858,-2.83860862975979,0.0163582969930482,-0.365692279947525,-1.51336461618144,-4.68844184884199,-2.5378269620472,0.96218226344233,0.419598765350599,-1.10446547435492,-3.70011466317217,1.68254641629393,-1.0040133121229,-0.725943781881105,0.807310826292056,-1.25834267080331,-1.09679430367171,1.40466130359839,-1.61549058860219,1.17954088282208,-1.19443388446544,-1.6287885191894,-3.48559914694795,2.64210994927456,0.436419562523534,-1.38113827317874,-2.46718062155391,-1.18458307784332,-2.51914996465438,0.937432509187795,-3.61628977293749,-1.04941939800205,2.55124682261616,-2.6615148654768,-2.60973045625021,-3.7840611492891,-0.816101056731009,-2.67049686914506,-1.84195547941543,-1.17503264279664,-0.958048469292251,-0.190816764277292,-2.25218399455285,0.0865891457164663,-0.416973722121884,0.873806942448394,-0.188735411405317,-0.355538939546238,-1.76483521898528,-4.36948847922751,-2.22186540453977,-0.727058284156662,0.295044813980795,-1.01419432712262,1.21834021364129,-3.65026782480684,-0.386069081596347,-4.18630351956378,-1.21995456799569,-4.04948224958278,-6.21716216453043,-0.730246421898587,4.37985789057858,-0.767289616976638,-0.338327092753766,-2.45739244272195,-2.83237763179562,2.26404418781238,-3.53427774841463,-4.43121863885335,-1.96759847886128,-1.77504992210336,-2.57688669315024,0.0479486873944488,-1.20720116741104,-0.427434470797076,1.93348885684519,2.87511200331021,0.896254961550403,1.26239842850976,-2.08776949720061,-1.22883829351235,-0.453919402291695,-3.84345212691265,1.59003226462391,-2.74341227597276,-5.30240354406216,-4.91107130973204,1.1727621865511,-1.35845040183794,-2.61098709001421,-2.07817118780238,2.19713075548956,-0.245636550429641,0.0872789842751753,-0.426172390670123,-3.70133581874889,-3.30445266097847,0.195255912701045,1.45169320216646,-3.10330703446343,2.10259451082067,-0.450868506243903,2.68324602913933,-4.34726284434605,1.21596555921029,2.59656049106857,-2.25875803214734,-0.110617932191065,1.67032988730347,0.938210948165427,-3.87578764042371,-2.8332463423592,-2.70684688421986,-0.291056282342452,-2.49497491371743,-0.759430995310135,-5.35739238542155,-0.0191574419250641,-0.134115822387105,0.204033580613597,-3.95852470147421,-1.40855620644941,-0.322204902079763,1.07016379023725,-2.2365251011088,0.274063382370716,-0.239406251476627,-2.51101131346308,1.4970202319517,1.06710088725463,1.4092222765097,-2.04838679903133,3.22957322965206,0.59371578499769,-0.257059169589897,-3.26093861419961,0.100766584893066,-3.69649319004534,-0.50541740565084,-2.27064802473172,0.726126303350273,-2.65794864604834,-3.7864130578882,-4.26386153051654,-3.62083316032989,-2.04357589251541
"98",-0.165897092258404,0.447778713916998,-2.84423954058579,0.428656206083762,-0.995327322323055,-1.71412138298736,1.32134407258767,-1.00111502274809,-0.716854872241889,-0.699962452412819,-3.50478821669037,-2.76400097290346,-1.82029054011071,-2.47022360859181,-1.47962842480513,-1.57288921740454,-1.8771680926269,-2.88774655424853,-3.31833998870699,-3.61826662398451,1.14104194561903,-1.41211857150289,-0.451238213080598,-0.796703518165315,-1.00898843500161,2.48468163699006,2.32161966823226,-1.62117447553457,0.295714357606902,-1.98661361910125,-0.506032370675195,-0.803106170051933,-0.535893200058063,-1.24053964142318,0.895317564264093,-3.07828812502778,-1.18483497557949,-2.72553812733705,-0.303461250016317,-1.16270978961991,0.492620335428167,1.56790830483058,4.16709363641881,-1.24777197697747,0.0211867936544747,-2.15216131058882,-1.33202940240319,-0.598755920594256,-4.53711590519554,-4.09581076522009,-4.52229538981547,-3.62219343587523,-0.244174186387164,-4.38778080638585,-4.47319857905078,1.36445893650268,2.17932778089226,-1.13931555502706,0.346177048078134,0.700504628457494,1.2137222232047,-0.388736967917473,-0.499469156345213,0.119304946590062,-3.25356271053561,-0.332563738728731,-2.58641048453191,-2.86802876390124,0.330699729856942,-3.46969069532378,-1.54380958495972,-1.62034575581016,-3.53783601016677,0.472986991720809,-2.42965671044324,-3.69021976397043,-2.24741834988239,-3.58617396436996,-0.690492400018884,0.366888682972202,-0.599615733307201,-4.3838686169339,-0.869530037312134,-2.17105374978366,1.19320336177408,-2.58103808988508,-0.564193763240363,-1.32754363609156,-3.60973258496623,-0.961455427124457,2.09194330732,-0.419607081160648,-5.3043818886141,-2.08121058058592,-1.72725331324325,-0.0183504464262948,-2.84121027486458,-0.353944377422602,-0.477440351019558,-1.7119902392566,-4.50770205590998,0.990215199490734,0.340295207048191,2.1013308675444,0.728853912653914,-1.87911540625419,-0.172044327932911,0.910427988825496,0.502127840091734,-0.0614186931701447,-0.685608599263288,-0.289328529900592,3.33217797022196,-4.42480813513575,-0.970098028769418,0.134416335304446,0.100090402768623,-1.24677905208384,-2.73602495927959,-0.357776413418365,1.4923750041532,1.10531924616855,-1.5772664523033,-4.93645745742589,-3.72719973952929,-2.03137916965289,0.730136645612648,-1.19026541034062,-4.66776319234793,0.828908082078214,2.0646868595487,0.852865417355633,3.32089393328047,1.26802181372035,1.42932688960966,0.588724767103629,-1.43036366949075,-2.99317754366751,-3.41371264008442,-1.2288670807069,-2.92752715547527,-0.0625248021660959,-1.84423115225408,-0.389013843950316,2.81217556679973,0.436927198789387,-2.17240258582195,-1.7025581243677,-0.214251589099033,1.11342126073784,-0.0399639008514194,-1.37385211977227,-1.46332204309212,-2.8305358590466,-1.54566912116537,-3.5850618870208,-3.26441781358587,-3.46267921588985,-3.60871028553451,-1.61218282378764,-0.166718604479892,-3.53968233047579,-1.78666778272762,-0.702923385019402,-4.71476356081263,1.72503976340299,-1.63840302197742,-0.447262283083145,-1.08095103895526,-0.600163042257495,-1.62441013706954,-2.61766252642794,-1.57082888899106,-0.829758828199953,-0.519547882587097,-2.49709153776764,0.882968447229836,-1.80607457916511,-1.70880164769548,-2.51875556503417,-1.37411163849792,-4.11962993092579,0.167595956857611,-1.07533138109506,2.04586131230264,-0.0301255632125595,-0.955916265322948,1.03926909762583,-3.24941845707832,-0.770171840448735,-0.455521623818844,-0.261345855926529,0.960179998495118,-3.22918881979914,-3.30320514953043,-2.43265518659916,-6.04119495625722,-1.64007948923601,-2.61624454219926,-1.90841585477819,0.706864510558224,2.55598726811643,-0.621925532214549,2.40925981289996,-3.07668160095573,-1.64559600366253,1.4398186931119,-0.681834492180308,-4.61323321263241,1.29872522877189,1.83816223099173,-4.01496498328389,0.131790962952188,-1.0296344274523,-1.11134145424311,-4.42490865347404,1.94329686129765,-1.72778863760888,-0.48695034099145,2.39365527596658,-1.52986710051013,-2.16446811187872,1.39770691386398,0.929606961248054,-0.239290019593262,0.798554478479,-1.18852263122207,-0.166136363070443,1.66834540217617,-0.989422605898443,1.17271965753437,-0.0361794630650963,0.796100101490372,-1.22635083612821,-3.87731192384526,2.46147506641649,-2.73087114373621,-1.29642331256951,-5.41437249075638,0.787317935190448,-2.37309202764964,-0.563489284027278,0.819732393732131,-2.70819267489133,-0.818891270914826,-0.292976852822152,0.770981310815336,-0.122132984470657,0.580874846845145,-1.56118180903498,-3.42641379991153,0.52079657895484,-0.769355557602424,-1.40150626995652,-2.92859354873528,-6.00846409541796,-1.11847580685947,2.46837488898943,-0.284130644351279,-3.23171753652862,-0.934215584568506,3.97227939974144,-2.30761773481765,-1.31431821117935,-1.37205067669043,-1.23553202277749,-0.385349035670972,-2.44877522358286,-0.770738338102663,1.5322082291576,-1.62058594755167,-2.75614154912257,-0.413680888498615,-2.02746792771832,1.37516634865815,-4.45890593906823,-3.81470949938447,-1.14073513000706,-0.551995031771381,-1.82728089685706,-0.59543164297184,-0.99722998336659,-1.90539749040137,-1.92642238675285,-3.10500002297119,-2.8874424275297,-0.797486191905741,0.0282819036934956,2.38655015722523,-0.487563685646057,-1.00908396055839,-0.731127326505311,2.44980304665746,-1.71690732096137,0.178025901723683,-0.00283129740793142,0.573269117744983,-4.81648708826213,-0.825882198481663,-4.37567760908098,-3.21316428646939,-1.17393921436359,-2.55385046584532,-0.354470519295286,-1.28412485818756,-3.47652376815543,-0.496226116436809,-0.115526318028448,-0.672110562905146,-3.21672333152985,-1.51562036378934,-1.69277213557591,-2.28610297411666,2.57738003102253,0.222491273818836,-1.82707172731976,-1.89893455261545,0.109773846421057,-1.14142188976262,2.68427138245631,-1.39511822858009,0.698002694655382,-0.174526017970066,-0.647684179476435,-1.8604114631685,-1.33072564604014,-4.43338103228809,-3.32065317082066,-0.488247804031439,-2.41153448696243,-1.17201379122543,-3.97026403984926,-2.43851470424079,-0.0701393430765297,1.42348064357849,0.992794144035567,-3.49931821662551,-0.289211050456714,-3.69982892504001,-0.755682645730238,-2.95244372610133,-1.35669881271164,2.75566475514608,-4.37446921030845,-0.29384499369341,0.541558291190502,0.0667872807553977,-4.19369108660799,-3.07252390659326,1.78988856698379,2.28714196078277,-1.96072968671831,-5.4617412040072,-2.01983672890195,-0.516144209721608,-4.05613548826425,-1.87908313139958,-1.58654233043267,-0.0140748178430864,-1.71681227601601,-2.09552874814232,0.758061585208085,-0.821325364980016,-2.19740837396817,-1.65795950773662,-1.8611462911084,0.285808780620963,-0.241300985043419,-1.88403151220623,2.12161452365399,-4.04496117030942,1.29399112292314,-1.76373618132678,-0.102461239575042,-1.35677425589712,-3.05738671395381,-0.921501353632303,-3.28055293124652,0.415332733206007,2.49942783182909,-1.26699202216004,1.70153531543375,-0.826593144141965,-2.3589892873922,0.215828440621673,0.129350905127892,-2.3514167005746,-0.693813324668407,-2.07855558049363,-3.88323708827602,-0.748025203718789,-1.12566325789679,1.7651478950052,-0.553399469247623,0.15875203625248,-1.25802990844149,-0.322098200725082,-0.148026223175593,-0.162864217844671,0.39139118636466,1.28385013254235,-3.56358385213018,-1.41047267381961,-2.11557726460177,-1.98484631619749,-1.73675943232833,-3.02685115454974,2.06410422440976,-1.08952673580871,-2.27671790819575,-2.10239047441789,-2.09074764262808,0.202791897336776,-1.23389573592446,-0.834941083042832,1.48639108405205,0.15520177868806,-0.392206593258433,-1.03297496198214,-0.0945020889056666,1.31980743927011,-1.38751087310645,-0.152340207615781,-0.520254868420776,-0.277521961233769,-3.25657242140807,-0.0718716226622723,-1.79784829500493,1.95106317691314,2.16452053267413,-2.04428259076383,-1.44637959544961,0.807741862811801,-2.78204638113294,-4.104797473284,-2.19179372510312,1.6169858874246,2.57129953061721,-3.64301935846733,0.98123126899707,1.62012739824915,0.896362260793276,0.926413740415188,3.38533285290227,-0.33110992440389,-2.6702164134298,-4.0773984718028,3.22960500471442,-0.297094539131231,-2.4478020018796,-3.42704117492748,1.06838877838512,-0.67651597475926,-1.76860275820167,-3.77538495134548,-1.97355704149199,-3.76338386166792,-2.06566453403136,1.42886371835907,0.169195426553526,-0.247128346636323,-0.35529736475855,-1.14275622902219,1.11705013804289,-2.57913501110148,0.52787264601242,-3.40133533362512,2.55419586557013,-0.162551965373062,-0.525324654776541,-1.25598149210109,1.09325468601772,-0.819801158959894,4.03848716567424,1.19136152683857,0.440474181386497,-0.752342462904698,-0.56529359248897,-1.2904354795038,-0.641045980999129,-0.727265581806273,-0.0835218280711841,-2.18522301757318,-1.56097727536679,-0.220442558670974,2.2542225092651,-2.86382497239853,-3.45792027901904,-3.01404171442659,-0.0358178071322238,-1.66811367241479,-2.2395266212374,-5.36781924210269,-2.58910462821616,-0.393064579514075,-1.88967321963069,-1.45581743253957,-2.1512203424671,-2.41267606942303,-2.33805077109008,-3.64927807945966,-2.51967371113469,1.34297776744943,-0.760363871863628,-1.46945022859668,-4.0426678098283,0.254304254643365,-2.73624572671404,1.80146919524179,0.615749903738847,0.912285400060151,2.27144647574774,-3.6428849915239,2.32839486979632,-0.421858298424594,0.806073980545752,-4.56309433282852,-0.76746356503656,-0.328418285422157,0.210416479768147,-2.30002749791819,-0.215573412464379,0.486118260218894,2.71769657328199,-1.09980040941892,3.30312057278547,-1.96666743574505,-2.65637969184536,-0.883274485750409,-1.19017893636324,-0.731688612332569,-0.49228598766354,-4.20700511887382,-3.11613884969097,-1.01400790120876,-1.96272570669801,0.381302429261499,-1.3194963839135,0.446036025720034,-1.52511618341031,-3.43520212155736,-0.2864175745977,-0.50290006143584,1.81301816193829,0.275267197243299,-1.21612491814336,-1.91603852642629,-0.673573538723477,2.18823305671806,-4.36297776049861,-1.23856766689329,0.683774602230104,-3.48458014084426,-1.87225363794129,0.13557096377622,1.65076194378611,-1.78869493845466,-1.6681016116037,-3.66881255119399,-3.60835816821733,0.610697555796721,-3.18080052698753,2.35093854736395,3.02648435942263,-3.32521434268235,-2.18951206383479,-2.34725991038651,-4.85177520317759,-0.321527178647819,-2.18152782362713,2.69612895952653,3.58431358021299,-3.29551742680158,-2.90001498776929,2.08221616461765,1.02662774826895,-3.71423032376232,-1.09318045178276,-2.19098282385123,0.179451086678595,-2.26648925182054,-5.67119698300342,-1.14679865311295,0.646320948894997,-3.64298596874881,-0.367549635731051,1.20063213847486,3.56799854715858,-3.03840454992301,1.84099676878087,2.8723142733918,-2.49048822998612,-1.0454018154307,1.82511658900598,-2.00859344986848,-0.693180336564609,-2.76762271384336,-1.92533482387171,-5.88699993549491,1.27758722977845,0.10837698439364,-3.1156918949294,-0.662019078136863,-4.07587149817501,-0.842644679647317,-1.97753616614383,-2.5142045273095,2.38354142535336,-1.78040900832274,-2.03953940045848,-2.39215972383613,-5.09631173164948,-0.0269803989817076,3.01908839372551,-0.37317923225295,0.210587553302168,0.254512002576051,-5.96204982778257,0.102080810477924,-0.945187688612945,-1.25638571146454,-0.208447733700781,-5.10039013034683,0.932631168934839,-0.131541464636516,-1.43790420134086,2.44401865878868,-1.45399740569816,2.78015037502953,-2.66706693180952,2.06079292286962,-2.66454034303933,1.88108148120848,2.22050998222689,-4.34301890053568,-2.27347287630145,-1.932423930291,-2.16101303433104,-0.253854931991208,0.211978139591368,0.20450970688313,-4.94281744708358,-0.688114888970264,-2.15421385575976,-1.94212793860194,-0.443111147186688,1.68144234704099,-0.0349718506544594,-2.09381377211898,-1.79709937135736,1.2805167925476,2.61307799985901,0.863285135603457,0.377663820907606,-4.82651361130075,-1.42231223369043,0.751922020299604,-1.59367203609724,-1.56740676327643,-0.942289766245826,-1.09006189592188,-1.3749881714938,-0.770688928595604,1.35764046834019,0.731327537480614,-4.17999421138114,-0.553668601747574,-0.671384182140472,-0.453977394606255,-5.06054752711127,-2.32024994413451,0.364873843988775,-4.25807288604746,-0.826558632224385,-1.20025181223452,-2.31266804493379,-2.07451415011257,-0.880726216145711,-1.28049755150798,0.949001640949921,0.64058719179523,-2.06633573767511,-5.02383231223599,2.06740449867217,-0.545857057214986,-2.99290088744088,-1.37329889253221,1.74659298744236,-1.59514724410991,-1.00672977191259,1.70141243450893,-1.35115180501033,-2.04498695783568,3.41159190232301,-2.669973007891,-3.7222301030314,-2.23209181023462,-2.2812677157683,0.690886216004478,-3.8013518583551,-1.39036994275135,-1.32888870879738,-4.02048386544707,1.91791361286042,0.964875572773172,-2.57021797009768,-0.484701722623434,-0.231009939378882,-1.9347550322801,-1.68111962055969,-1.78100657073815,-0.803217093031722,-0.203466123521044,0.211607425635757,3.17228861562286,-3.29216144527214,1.43130811336447,-3.14404456706723,-1.55646553230377,-2.4207785683963
"99",7.78581381779897,5.8145218452289,8.58292213942568,5.01095800307797,3.2175325091988,6.22136162951536,2.23987502680243,4.87825450458866,4.98675731719906,4.94767300668023,4.10582677255426,4.27731794843693,6.99412521369544,8.60841052152853,3.51311607406236,6.95608915932301,4.5481551211938,3.71006004050221,5.26818893206946,4.83259694276955,2.47709682422093,7.95576362037125,7.147779344846,8.36593893125541,3.88923668345132,3.57586267147434,5.96333042540395,6.07461080064328,5.3017786019975,-1.03286814809766,5.2381723659859,6.41456839376805,7.96549081181868,3.37771584266431,7.364834929433,6.04895314319529,4.53966615866977,3.80446167092532,4.72357755412348,2.61777046671317,5.40368866985883,4.27011555872888,4.00632028298258,5.9481384553315,6.40883075936218,1.94056545202919,3.30163153185252,5.71682843361826,3.85645083982279,5.68890734716686,7.56697640442041,5.3814195760694,7.62166750157026,5.97837160524503,-0.041360262103141,6.3077175493111,5.88884690533299,4.1293008854558,6.08731816702604,4.57987095841241,5.73439452159718,3.68731646125984,2.09008602444406,6.85257332016855,6.91829580373788,3.95186895814217,2.9292434059069,5.3674322011915,4.52638941098669,1.94483082239282,3.77757897525907,7.40025270381124,-6.2392338985802,-1.86298712367523,-1.153098466855,-2.58155604553544,-0.196980314545394,2.76115828510241,1.61606135896256,0.0485845568553072,0.285204117248087,2.10581782251717,-1.51144307001287,2.07299854484477,0.763001881771795,-1.0522786914177,-5.13179726916053,-3.08853040729837,0.328695170175909,-2.87896906636737,-2.77565763124404,-1.03494531755226,0.534627179360348,-0.699072097130161,-3.90490595983887,-2.9561073918889,2.03715485868923,-3.01194457959672,0.169073011243897,0.640228482704428,-1.5336216584424,-1.90203877518764,-0.031725967452493,-1.34171380034985,-2.80466682645648,-3.87499392515606,1.55843716498394,2.18496188530885,1.93454238890786,-0.440318388044118,-1.49616196668802,-1.14673118147318,1.60277687068744,-0.842414597653506,-2.95343129928276,-0.961642291660756,0.371473257147893,0.368455392292693,-2.37011166361717,-1.48598470737459,0.212298249316912,0.569697448630134,-0.241516249729876,-3.41171923485915,-2.01689168937094,-1.58998178969253,-1.82737159656513,-1.51669802250736,1.63233412014914,0.673320161767314,0.198537715942118,-1.92056605823794,-1.79398844560189,-0.382127186302235,1.1172672831654,0.123781814641676,1.18915289116566,0.342448123306939,-2.99451889119395,-5.47615037207908,2.33116878823157,2.36773902844226,-3.63475451310506,-2.14906414054613,-0.333405302625287,-2.48192525485001,-4.74461279636088,-1.30847028324753,-2.94829505910295,-5.62366776723053,1.00284902387047,1.38443142500476,-4.38943939065407,1.14352234985555,-0.178258517126803,0.650685057661341,-2.49557638936814,-3.80897737846531,-4.68107991994368,0.0907753888212097,1.17966875761371,-1.37137129169249,1.27663452861316,-0.0475009595359314,-3.0455493593956,0.620922536885136,-1.5284399934153,0.836918023575774,-1.32506794022128,-3.1890369020708,0.870398574552974,-0.742202574834279,-2.55331732994671,-1.62451157703319,-3.19676859478606,-2.19226717206505,0.218708606015482,-2.04053285982774,0.231017131505876,1.06081098880767,-2.01042438228619,-0.795286292749346,-2.13571559385482,1.60066952128572,-2.38549717045271,-0.0565597381585522,-3.8969365349222,-2.38387865132377,-0.786780425216637,0.45854697943604,-3.70295043059652,-5.63089035594796,0.216418430474447,-3.4180947530547,4.04168236208092,-1.2568690370258,-1.53634930063474,-2.09654257542491e-05,1.36105042675809,-1.67753568864017,-0.283440025333371,-4.72476699646478,3.0207465782521,-1.07039718419418,0.545801083473588,-1.43460210511772,-1.75692664197041,0.513078940216951,-0.136884066966835,-1.35433345360244,-0.158461721024829,-1.31641985047336,-1.21118138938337,-1.73736455537024,-1.10308459958844,-1.37820384687006,-1.66822168313703,-2.06621793182785,-0.831513133027371,-1.45034841723886,-3.40624498472362,-2.72048443072034,2.61573204899547,-3.10528483224969,-2.85637684056537,-0.291151568037142,0.504834569183325,-1.28365637424673,-1.66684263800198,-2.8659669001289,-3.13781486687248,2.94958853828816,-3.12816798391115,1.63399235467365,-2.42910785417278,-2.32795741639702,-2.13366919878495,-5.20864675198617,4.17812981100365,0.657265858086053,-1.44583360648634,2.02537058841771,0.289984146196434,0.02852605313003,-3.20992759859155,-2.47962115927038,-0.762265271969314,0.735256607469566,-0.539541257744611,1.83611837267611,-1.85159764723593,-0.0249096691461274,1.0204965120556,2.2817968490269,-6.69016710117048,-2.6664777848391,-0.851272446831931,2.6331874822478,-1.74533088625824,2.79169226355787,-1.46695179303847,-2.40857321494446,2.37792777056147,3.50674383323274,0.881782430514552,0.000402160463591983,-1.72941760190161,-3.65869025336587,-5.34246828335675,0.336381087694002,-0.0110033525529817,-0.276175743278863,-0.106230351336349,-0.571379609312466,0.501414661492751,-2.14072583049405,3.13552424598571,0.140253621520415,-2.50101123371691,0.846065466355805,-2.96799740719251,-0.534520979447213,-2.20761766329036,-2.16935588553691,-3.84795011849267,-2.88237401593955,0.810778077785267,-0.802464781369557,1.33647898742332,-1.89672721387822,-0.0217031306884886,-2.27111215454628,1.20667470149266,-2.19486063914403,-0.806577563393201,-1.40317146225918,0.689998440418353,1.59343099601447,-2.1215312746561,-1.7023783974841,-2.38055802817942,0.230853368742191,-0.988778767055703,0.855742385697918,-4.34048055484144,0.207265924465875,-2.6909946173441,0.346065225586031,-4.6382182827507,-1.9926570476568,-3.77360179246843,-0.851435476603838,-0.412257714658135,-1.88287955966349,-3.67763548738465,-0.990166355568657,-1.11243247154475,-0.295133513624433,-2.21351416155017,-2.42276074515056,-0.218179029183137,0.563008624920606,-2.18336569066956,-2.74455099921364,-2.10935678559609,-0.567581914184873,-1.17358962512483,2.87510031417849,-0.58913220659497,1.42155643766871,-2.54094163184003,0.73768695320546,-3.17221741103943,-3.82455638046793,0.392786561334475,2.25262065352823,0.424012368702007,0.0705949510118904,-2.29953196849654,0.508354507743105,-0.758189797652,-2.06424151334387,-2.03973673914457,1.15516220518923,-0.988952348326441,-0.0770524084491254,-0.842061168977181,0.0228152082113968,-0.639886159318838,0.871234870523208,-0.288374999981342,-5.30876968502011,-1.33355103622708,-4.26726717360229,-4.38285817907577,0.140629234263409,1.29171572587305,-0.788729780409532,-4.66679731775489,-3.39811303463034,0.584140865747336,-6.71331222424141,-0.273182068100893,0.211894893422343,-2.36021404867516,-3.11383902254633,-2.54256159892741,-1.18073313447008,0.00175024857876815,-0.567063111357984,-2.00763398739963,2.86142729135967,-1.59594153949368,1.47566391274745,0.170543903650246,0.0621849313494849,-0.173738607246576,1.22367928210584,0.704793047926676,0.14921274493853,-1.37740722660111,-5.29975857656711,0.235997710442134,-2.99896342737924,-5.44561844293701,0.373276441568303,-2.17733076257695,2.04364693931266,0.995968769034838,-2.7183334657712,1.82531875853317,-0.488084948186206,-1.36418771907281,-0.895852826081146,2.97729835872076,0.467230979223719,0.154820558464924,-2.39740071486303,2.4029724928088,-1.13024753922832,0.0187427159415821,-2.37258462451214,-0.793986993430392,0.36750846805348,-3.20761755049001,-2.22706044379698,0.701056916768082,1.83839001504496,-1.95913122660628,1.78054970845474,-1.54516425508645,-2.78265426087057,1.16433329101838,-1.30049477884744,-1.28076476456648,-3.26332363180409,0.319813861518773,-1.97651510282485,0.97511307180041,-3.19951342534992,-1.80218848553205,-1.82239131024591,3.2654864082573,-4.87408516913765,-0.706446959392807,-3.42879856601983,-2.39652167912354,-0.954210496043297,-3.25662454261342,1.95802193975591,0.512104094051195,-3.17111807828057,-3.47247840817241,0.378508347154556,-1.83897237735246,0.594057557216076,-0.166850250130324,-2.77507658249321,0.072492338168241,-2.36544477746954,-0.313950802912322,-1.75792260257311,-4.67804049364916,0.334506553306491,-3.81866178903369,0.120829045290472,-3.01499288449326,1.46192382631871,-7.43772828373093,-3.66565124188276,0.0498668042911878,-0.509090888501512,-2.06149984785278,-1.32266050611293,-2.97435081530608,-0.371609834400541,-1.0634595710785,-2.69979203832557,0.365114229431731,-2.08786529930177,-1.81965926916038,2.12859634380459,-0.761643400150277,-1.21641165012666,-0.0378794335024385,-1.92313875308431,-0.496056678653355,-0.112974921332473,-0.318050058612426,0.216177824952435,-1.82666788873406,1.14408906662473,-3.10116404304214,-2.53862884604369,0.455027570262633,0.556601180606184,-0.970254623208463,-1.48623038855514,-0.594933023940365,-1.52161551847611,-1.27413897441148,-1.41631616625358,1.21617066613886,-0.379783947624268,-4.47353343435499,-0.125645301693775,-2.14958990670698,0.11427031899272,-2.11920851068414,-5.92872002577997,-0.816603063827303,-4.51449253805303,-3.5568810004503,0.769725299403535,-2.09357562350422,1.57279342556556,2.43587491183646,3.30987045856518,-1.48066900136345,0.00835984551663849,-2.20162460869871,-2.27247665713005,0.10389620971997,-1.73628911694335,-0.349574538577625,-2.53153169193931,-1.88002557893103,-1.32457018769879,1.55215826017255,-3.23565369003608,-0.480850561589631,1.30329834304107,-2.94224296536734,-0.343877720522176,1.95478348280383,0.510058117218625,1.14991727997407,-1.36581270624985,-4.4329587465836,2.31686778264692,-1.18988187266908,-3.50059380196958,-1.52569052692375,-1.56807390908527,-3.89087368428781,-1.25194029498192,0.267944687521179,-5.1532218887268,-1.79228398791764,-0.384711652927004,1.33364200179349,0.0782221033773054,-0.233372025357273,-2.20134401421357,-4.40060975085012,-3.20613150900356,-1.55268907815898,0.637916570630058,-2.48374641226176,0.149629981455097,-2.52084066334263,-0.749873983347075,-0.874243889645942,1.76147122535206,0.62068859022203,0.406312398453256,-1.17702764722035,0.027246569396665,-4.60377493605739,-1.96154633059425,-2.60695606783964,-0.783734510461617,-3.86871337530996,-3.82332083470672,-1.22825436775131,0.495446242827663,-3.90145379822643,-1.03960949606893,-2.2489602285954,-1.98755131814463,-1.19167900190431,-0.148453439684824,-3.52617356097753,-2.75401830476499,1.48995530304203,0.183061562309746,1.13718447708649,2.18548230119198,-4.69833543622532,0.417864563627576,0.563718426910294,-0.0909552422507481,-2.00837235421895,0.805689216926811,2.06804659263623,0.44767263392848,-2.52106844574243,4.28072771368773,-4.42301523683081,-5.22084117085169,-3.925071423838,-1.02767309549676,-5.64760931801329,-0.871936685453707,3.73999909469423,-0.339091581380588,-2.26970295598206,-1.51305757336965,-3.63853657851613,1.15552442641809,-3.68513353965723,4.88426856781578,2.72277763836351,-0.664343921194166,-1.80383996342447,-4.18662904407724,-3.43571460479499,-1.31712983956214,-4.40705184376675,-2.32102914487595,0.495664555673343,-3.95161870404179,-2.6281771700893,-1.93133611102403,1.47833070928918,-2.99330847408635,-2.58820191722503,-1.05354365159138,-0.535061717022789,-0.815858489219784,1.86643034298389,1.38278795375345,-1.11536380154715,-1.6150640227849,-7.17040322883003,-1.73300924887375,-3.56039120297018,-2.1560275276515,0.387671464250273,0.402012534855908,-4.65622216751041,0.0518689672949944,-1.78272177678019,-3.68745987708882,-1.68910531474809,-1.92953390686524,-1.96835874759518,-2.26908204626081,-3.99056254876725,0.111847612276439,0.337767899393447,-2.05809393603596,-3.27338332228321,0.273455581147791,-4.07284826356715,-2.77092105016204,0.425343286587179,-0.495165866578961,-0.289581720940517,1.6522372315932,1.69125613007702,-3.2375118773973,-1.10114636296534,-1.31623988017408,-4.72245318487985,1.68352936631095,-0.22915271474162,-0.877075562804129,-3.96507438812638,-2.83119342651477,-2.39106002850879,3.8389421552022,0.863783911830502,4.28626482059976,0.0856554291714386,-1.83728790378039,-1.77774221921442,-1.1303706018639,-0.316853844363807,0.986947083142895,-2.17703573350382,-1.65689294099573,-0.160001716031695,-0.794699845474335,-1.39968944990053,-2.00100914137884,-1.54901291040539,1.81678911047636,-0.598194473103579,-2.53115442992569,-0.0317187873109304,1.37774131549878,-6.15970274726154,-1.2049427995711,-0.936071608452551,1.05889571691516,-2.01487115985288,0.583388947561673,2.51941395286659,-2.31371918595835,-0.258676865892955,-0.429756381740382,-1.55596568181947,-1.54936166471634,1.17804930181869,0.683835067506492,-0.168977644685408,-3.19823388170599,-0.488562770437653,3.14258993003476,-2.08267081050941,-1.41699722561634,2.8297910158806,0.755384181776934,1.62863756133083,1.50421208661824,-2.83024566556142,-2.77415396396753,1.30219107315793,-0.663111571360147,-4.40412768665095,-1.62925501428925,-3.15881713204159,-5.26458976820473,0.316025838205723,0.441562471214162,-4.00883974419288,-0.137104501269574,-2.51416808596604,-0.17525653774325,2.31450112019276,-3.10116827155984,-0.836962899045244,-4.10265381355097,0.377835290103072,-1.53143974878419,-0.42977853528388,-2.97630317140559,-3.3431923983116,-5.08958773127901
"100",4.58584065411732,4.03795898876755,6.26588418744954,1.18080171924903,5.00151174095586,5.87597639950475,7.49058893692312,1.92983171537074,3.75612484494326,5.33444215351222,7.54569150545196,6.35887453930837,0.342340704591358,2.21982616293315,6.48979406489975,3.70991377026787,6.64678067390516,4.14891677179761,7.94130308088099,5.6600533438602,7.11185869497693,3.48652782341806,2.59048903088131,8.7699200512838,2.38937797612665,3.74492118415682,6.25257897341725,7.61545910780823,7.00529263539811,3.50310843899892,5.4696414607638,3.31488663561721,2.81007115436605,5.34528449049008,4.10991997376522,5.09975829191906,4.75506520600515,3.65952500555029,7.87110159257781,7.6341386598777,5.47554432417586,5.90118805898873,3.71744581233843,-1.05780831473236,-2.03109098205334,-1.36275250938063,0.72155943719637,4.68437392051105,0.944950197231283,-1.29657107744849,-2.16967903061393,-5.16431944563802,-0.751147773421161,-2.12257957974801,-3.25706303041207,-4.24454928013507,-1.12187256482638,0.982701912288689,0.346498106649457,0.779203467936906,1.96033765990744,-1.04152956899769,-1.03632485232959,1.92043767679811,1.7730888708164,-4.30794314115877,-5.75462890760614,-0.640890614864391,-0.00475697210249038,0.950400921049872,-1.85727511643763,-1.70056214133459,-1.57611481674779,-3.80844183191858,-1.33310059285717,-2.5653164892169,-1.62069942001795,-0.856030421379131,-1.17685560781459,-0.448631837818268,-5.50864506957741,-2.46482104165083,-2.91608794235946,1.20706126637785,0.0629867140039062,-1.54332068753024,0.685314798513888,-0.233925467821853,-2.68791620609915,-1.95281334085792,0.00941674633905709,0.913360941787037,-0.0956679752944197,-4.099228126633,-3.14279310351623,3.51354973355423,1.42894521667707,-1.64031602790278,-2.035362120046,-0.931883501612891,-0.728824049329155,-3.40145039616059,0.692268482222438,-1.79229954538709,-2.70955186945927,1.73629985294695,-1.9520974215581,-2.11844201405794,-1.4903054713682,-1.90098991143845,1.90036215451811,-3.99891959964414,-3.3956702247696,-0.265896733327141,-1.09343626137287,-0.619925674262377,-0.333724916395576,-4.53326033160422,-2.42420901608508,-1.48603506259541,-2.12157645459079,-3.91253201292403,-2.72897015617466,0.307138413619004,5.18864657519183,-0.17823918377732,0.622266793960488,0.110918984102426,-0.875561842278794,0.246372975545419,-0.445835301281589,2.01335067182282,-1.1299856815502,-2.23257239663142,0.777180900389046,-2.50619307956939,1.56155775211888,-2.90821695713761,1.38993714876559,-1.70030406321133,-0.0651881706381564,1.37983942038519,-0.128372904845161,-0.967109026474811,-1.32031984604314,-4.59837102459077,-0.47798588776115,-1.20495787819522,-1.72381679577027,1.97545354787212,3.96111667310604,-0.409537554511973,-0.948549181411001,-1.4502829606881,-2.12606452737359,-3.12386899091771,1.7126890170211,-1.93576793386174,2.23440281969642,-0.89055952075286,1.49340593888862,0.422264886569277,-3.42900227296002,-2.69711657542837,-1.14859237140445,-2.96534850885301,3.47458278482782,-0.538287903272684,-1.59609029862108,-1.19846436721064,-1.52772018004965,-0.35330053153769,-0.749948085008885,-1.83873269577213,-2.37562528276653,-0.611181160034527,0.0774975732886294,-2.69805121422933,-2.60896923436423,0.267681729448526,-1.03295649309173,-3.0251611307628,-4.44745731466591,-0.279399848205219,-0.0716552546851198,-0.798760195744463,-1.98863226253485,-0.415510303764081,-3.44355599082316,-0.0819835965394626,-3.96325489458551,-1.94394994752556,0.797110565950145,1.29170696307759,2.23528437985129,1.38467102219683,-2.71031925649551,-0.735819566791875,0.633331765094195,1.03082026868331,-2.4844255312305,-1.85689556805531,-0.294329234623877,2.87499460309714,-2.93950579786599,-2.30185186991375,-0.0981471832566179,1.61471580281371,-3.38359819166325,-3.88795194624318,1.50610110468034,-0.168360360033218,-1.85375849319269,-2.68074526883206,-3.33958113263371,-2.95814286553678,0.208879268220214,-0.957256513809901,-1.22283357423416,-1.91767008093727,1.00416258728058,-0.425796162171484,-2.77310685465823,1.62505308137951,-2.00425369412309,-2.02711248792155,0.577640834479364,1.6131884951998,0.0261716027171282,-3.64196991031164,1.03752376007391,-1.82108000822688,3.22942322693194,-1.00364068000734,-2.77260286032125,-0.420948097521874,0.143407751324299,-1.57809703275288,-1.86993071824657,-0.934144983100669,-4.80022418892259,-3.36062230687745,-4.43116278225638,2.8754350523791,-1.8480626300387,0.94065781134916,-0.891832130284602,-3.17816436290523,0.860336566618634,-0.723950840309817,-1.5961305750264,-1.49307346140069,-1.2746271664702,0.748913291462767,-0.74978857117696,-4.4561348071748,-2.35915819657306,-2.06582012106453,-0.792645394786026,-6.54634383969259,-0.422950749073821,-0.128695322952468,1.49991738135594,1.11048660774962,-0.302023308376202,1.35758242503911,-2.15777751219868,-0.665325349746257,-0.302586195713009,4.90185305619417,-4.54583537767152,-0.899297265309868,-1.85059381179328,1.43405970938561,-2.72590669696054,-4.47990495762634,2.21208021857683,-2.24611325637323,-0.760730280852618,-1.12332581571286,-1.25260815509448,-0.350973303486003,-0.822641341400831,-1.70519129567169,1.5792468922529,0.0780608005126613,-1.5218155262088,-4.99714286876591,-1.07633560839922,-5.06402827693295,-1.26748713441769,-0.942342364304946,1.46206954966835,0.211986788285271,0.0839245436197498,-1.50779338054845,-5.2449273175523,-0.35364825316779,2.0725455700007,-1.47893726221018,0.629806579309933,-0.13967545485038,-1.69750420383681,-0.33553723313684,-1.66857300007036,-4.61024550474333,-2.13423170876138,-0.62780576002964,-0.862429752207899,-0.640525294717663,0.233088417859374,-2.03352688049417,-2.48075953978427,1.53274489818346,-2.12040316705989,3.99854191105843,0.670039650168335,-4.01457968084108,-2.88768095112417,1.96570505563144,2.77255846484519,-2.41721566753719,-1.37754247097758,-0.361479044973665,-0.492764577220271,0.467994122013531,-3.69152223666258,2.34650424146895,-3.08940740192326,-2.05060202819162,2.84809308381692,-3.75663202742096,-1.84493440891579,-4.38812860436824,-0.408373191506336,1.160029472812,2.31701176586373,-3.29430553769717,-0.870329959929224,-1.17851916255228,1.27998560127766,-1.92557595849489,-0.944968131532083,-1.39281300379985,0.228310278958142,-0.677064796660469,-1.54254990328656,-0.241038749125349,-2.60434334276502,-0.897542643599519,-1.89799115833644,0.969125184644834,-2.58243473753162,-1.88673808318069,0.979016817286806,-3.76840279332752,0.256534217339692,-3.49160261102743,-2.34606230578381,-1.09480142160221,-2.88121658286704,-1.57674281059272,-0.171377282358621,-1.37028823049727,-2.11606972792894,0.369221670032104,0.782215759601457,1.48449336081697,-4.23772944178147,-1.8513920667183,-1.45611472681261,-2.94671998066466,-0.867336222305285,0.830425545641299,1.60760463450486,-0.175317618320675,-1.46941389827576,-3.09230020286067,-2.03727683658549,-2.66749967158619,-0.0188622803425998,-3.13189959629668,-2.39866090094213,1.37498398635018,-0.0656534442443845,0.886901121149187,-5.83780487419807,-3.99999612680375,0.323748351081444,-4.45690711102606,0.464409845198465,0.142218431918938,-0.932575447934955,-2.9761731420327,0.312363493395225,-2.09135696112669,-2.20979888525148,2.24492065050525,0.0955432986718683,-2.92097063692805,-1.00840848015129,0.738925420151334,-3.88023142175846,-0.7233157535135,-0.697572253815816,-2.73853562857189,-4.77536658207095,-0.736873875347984,3.87760861929657,-1.03519040055692,-2.14544259261109,-3.02686751093501,-0.466815368857358,-3.22063592186328,1.89138788710782,-0.78620485767686,1.21719748119016,-3.55610501053306,-0.278869242857176,-2.49844677209267,-2.20670520401302,-3.61866752421842,1.2575358471648,-2.3118441471475,-0.25683613625998,0.510072276044975,2.24413972242639,-5.07009404727985,-1.87184271849261,0.82093534916674,0.82655466190658,-0.188015482312056,-2.48755458894017,-0.607691606622575,-1.5168331595965,-1.11168705225451,-2.91219436770523,-0.90941122258357,0.390197721676926,-1.4274130501479,0.828665625346276,1.96501822167684,-1.68217684154257,-2.62151898859128,-4.16720948614383,-0.841351890442083,-0.789543147592892,-0.222857119316576,2.99562276659444,0.523264045824114,-0.117475438197178,-1.27183691355747,0.46647627391367,-0.408478829706943,-0.193972274646209,0.643503610827641,-0.920262439635559,-4.77453257045002,-0.545974049534072,-3.87402573103516,-5.68331207793384,-1.75713303075716,-1.15368671959029,0.88235792765171,-2.06537430422361,0.531023800163652,2.5899918014516,-1.29523834964286,-0.868898332339398,-1.29995171309524,-2.59356030748978,-1.49788995965995,-3.40837331594275,-0.855551376682014,-0.576269542992547,1.46720687198548,-0.458265956903586,-2.08628748571942,-3.31608774060902,0.84595886219826,1.84320504743404,-0.334163582960709,-0.929053290549478,-1.92849176316847,-1.84989109254819,-1.84531606925957,0.240954636168709,-5.71104372308116,-2.42295746499298,-4.43906118013091,-2.74691030672127,-1.98100434035238,-1.40250169650466,-1.7055446321317,-0.126742374409914,-1.31728941239382,-0.256013393923042,-0.940217152983323,1.33786848991445,-1.71068957579947,-2.01610199598538,0.669778618240288,-0.51338354169462,-3.09623444666892,-1.42412804509057,1.82672038064334,-0.913806863046371,-1.36304383316292,-2.77876768401267,-1.23768724623507,-6.08360533707162,-6.97288284480963,-1.58977657720495,0.284299766126167,-3.04419444347674,-2.83396711627967,2.03915147258291,-3.21704333440516,-5.44195030710685,-2.73740381263579,-0.431441798682802,-1.58914049586221,-0.25015606172856,0.556459676756454,-1.43367171202331,-1.57365246839397,3.29113857186794,-3.57231229906024,-1.88319120217618,-2.90831340020295,2.87373407114334,-6.49496915651598,-0.908939588715856,-0.515050882179781,-0.437451156284263,-1.09872334958749,0.288276408105994,-4.1599898587128,-0.821273558565621,-2.10843432399567,-3.41638230599483,-3.99249221148137,-0.706029722835504,2.01520903288901,-4.24924199900555,-1.81855696059361,-0.332110577646924,-0.951642752289101,-1.27460493698236,0.413843362854117,2.77134130791479,-2.15945518312138,0.734892503340437,-0.429626793374521,1.4609018816932,-4.65170176529389,-1.79445734528868,-2.56868287860508,-0.559780067043668,0.658969754500987,1.35417273351207,1.00168429356434,-0.331098647325237,-0.903893931431863,-0.747977663064024,1.47719233295895,0.218575379661895,-3.45093145242151,-0.354001517234151,-0.909862021366464,0.723889452545492,2.38808232459757,0.393412323948866,-2.66663420135887,-1.68072790900435,-4.84234256684438,-2.65230472495253,0.76235090307468,-0.129998446716072,1.37758500814499,-3.48422843777043,-3.81809235260084,-0.335130964684514,1.43244942756302,1.12520239258021,-3.88650501715274,0.922039208661464,1.09743230823232,-1.22360968151299,4.55922319045681,-1.49227769232925,-1.6292268914305,1.17913340358261,-0.208638271667654,-3.48323084210941,1.71816276196647,-0.599265749692275,-0.596863804506183,-0.600728458714783,1.49318734041883,1.04005061135187,-0.504783182378454,-4.05217027961241,0.975895417707841,-3.06180054469301,-1.17200741161833,-2.07938204566418,0.0955905281976681,0.446193924654645,0.907501677681562,-3.33477807700183,-0.746478554377287,-0.829746350348116,-1.6726874515471,-0.72422990046226,3.44123189939858,0.201267518421655,-3.56447454547056,0.708129609339364,-5.16758177947404,-2.17591966654907,1.53556169396504,-0.891574976503462,-0.42623527669692,-0.385112474773584,0.322855529695167,-1.5952562063734,-1.50929421640384,-3.4764302970581,-1.18207215149079,-1.52666999868268,-3.36139450309473,3.80959478893983,-1.89951606106695,2.03135266908107,-3.47213414491426,0.192389110251327,-0.254324295342629,-1.84699756091805,2.48599072353032,-3.40341409200163,-1.41693203491736,-0.665411689315707,-1.16113499213319,1.98955445303716,-1.12337487473731,-0.410516082118179,-4.40758028375287,0.761671361755349,0.178903079338472,-3.25568590282108,-0.738863319010243,1.58105863634477,-0.380340143918171,-2.74540851045762,-1.57728529913021,-0.466958899424373,-1.14246368868038,1.68883028335507,2.21545261060278,0.782913037271424,0.858929025295771,-4.01302377811394,-1.046167264876,1.57360739114389,4.03000693409777,0.738743576724538,1.14209870993036,0.766534262996939,-2.49161327488183,-1.24691816935077,-0.507336388132802,-5.39401575754588,-2.29600026077541,0.444416964287637,-0.598396633629623,-3.33121998317697,2.06457140400068,0.516916042320024,-2.26423141670519,-0.0276735141332838,-0.78371589184546,2.63788807400935,-1.4865283671912,-1.35034648727344,1.48141243123831,-2.45380676289477,-2.04265755119708,-2.90203654291993,0.321646107320713,-0.881748170189994,0.613793853354682,-3.38027941912434,-1.28319717498791,-1.82639402359872,1.06012426565936,-4.4885430830429,-0.901909640601074,-4.37333419867501,-4.00372028812014,-0.924559708864866,-1.06206973454381,-1.93032269229988,1.76161466149555,0.260072892332992,-2.17301724054483,-1.74730248726475,-1.9895493920156,2.43176148967772,-1.46309572774986,-0.582741636713902,-1.47212098916038,-0.330081132954892,1.84114318799918,0.0939119336415204,-3.19921119976324,1.84781756383783,3.06080420782934,-0.648793572860266,-0.364169899688068
