"","V1","V2","V3","V4","V5","V6","V7","V8","V9","V10","V11","V12","V13","V14","V15","V16","V17","V18","V19","V20","V21","V22","V23","V24","V25","V26","V27","V28","V29","V30","V31","V32","V33","V34","V35","V36","V37","V38","V39","V40","V41","V42","V43","V44","V45","V46","V47","V48","V49","V50","V51","V52","V53","V54","V55","V56","V57","V58","V59","V60","V61","V62","V63","V64","V65","V66","V67","V68","V69","V70","V71","V72","V73","V74","V75","V76","V77","V78","V79","V80","V81","V82","V83","V84","V85","V86","V87","V88","V89","V90","V91","V92","V93","V94","V95","V96","V97","V98","V99","V100","V101","V102","V103","V104","V105","V106","V107","V108","V109","V110","V111","V112","V113","V114","V115","V116","V117","V118","V119","V120","V121","V122","V123","V124","V125","V126","V127","V128","V129","V130","V131","V132","V133","V134","V135","V136","V137","V138","V139","V140","V141","V142","V143","V144","V145","V146","V147","V148","V149","V150","V151","V152","V153","V154","V155","V156","V157","V158","V159","V160","V161","V162","V163","V164","V165","V166","V167","V168","V169","V170","V171","V172","V173","V174","V175","V176","V177","V178","V179","V180","V181","V182","V183","V184","V185","V186","V187","V188","V189","V190","V191","V192","V193","V194","V195","V196","V197","V198","V199","V200","V201","V202","V203","V204","V205","V206","V207","V208","V209","V210","V211","V212","V213","V214","V215","V216","V217","V218","V219","V220","V221","V222","V223","V224","V225","V226","V227","V228","V229","V230","V231","V232","V233","V234","V235","V236","V237","V238","V239","V240","V241","V242","V243","V244","V245","V246","V247","V248","V249","V250","V251","V252","V253","V254","V255","V256","V257","V258","V259","V260","V261","V262","V263","V264","V265","V266","V267","V268","V269","V270","V271","V272","V273","V274","V275","V276","V277","V278","V279","V280","V281","V282","V283","V284","V285","V286","V287","V288","V289","V290","V291","V292","V293","V294","V295","V296","V297","V298","V299","V300","V301","V302","V303","V304","V305","V306","V307","V308","V309","V310","V311","V312","V313","V314","V315","V316","V317","V318","V319","V320","V321","V322","V323","V324","V325","V326","V327","V328","V329","V330","V331","V332","V333","V334","V335","V336","V337","V338","V339","V340","V341","V342","V343","V344","V345","V346","V347","V348","V349","V350","V351","V352","V353","V354","V355","V356","V357","V358","V359","V360","V361","V362","V363","V364","V365","V366","V367","V368","V369","V370","V371","V372","V373","V374","V375","V376","V377","V378","V379","V380","V381","V382","V383","V384","V385","V386","V387","V388","V389","V390","V391","V392","V393","V394","V395","V396","V397","V398","V399","V400","V401","V402","V403","V404","V405","V406","V407","V408","V409","V410","V411","V412","V413","V414","V415","V416","V417","V418","V419","V420","V421","V422","V423","V424","V425","V426","V427","V428","V429","V430","V431","V432","V433","V434","V435","V436","V437","V438","V439","V440","V441","V442","V443","V444","V445","V446","V447","V448","V449","V450","V451","V452","V453","V454","V455","V456","V457","V458","V459","V460","V461","V462","V463","V464","V465","V466","V467","V468","V469","V470","V471","V472","V473","V474","V475","V476","V477","V478","V479","V480","V481","V482","V483","V484","V485","V486","V487","V488","V489","V490","V491","V492","V493","V494","V495","V496","V497","V498","V499","V500","V501","V502","V503","V504","V505","V506","V507","V508","V509","V510","V511","V512","V513","V514","V515","V516","V517","V518","V519","V520","V521","V522","V523","V524","V525","V526","V527","V528","V529","V530","V531","V532","V533","V534","V535","V536","V537","V538","V539","V540","V541","V542","V543","V544","V545","V546","V547","V548","V549","V550","V551","V552","V553","V554","V555","V556","V557","V558","V559","V560","V561","V562","V563","V564","V565","V566","V567","V568","V569","V570","V571","V572","V573","V574","V575","V576","V577","V578","V579","V580","V581","V582","V583","V584","V585","V586","V587","V588","V589","V590","V591","V592","V593","V594","V595","V596","V597","V598","V599","V600","V601","V602","V603","V604","V605","V606","V607","V608","V609","V610","V611","V612","V613","V614","V615","V616","V617","V618","V619","V620","V621","V622","V623","V624","V625","V626","V627","V628","V629","V630","V631","V632","V633","V634","V635","V636","V637","V638","V639","V640","V641","V642","V643","V644","V645","V646","V647","V648","V649","V650","V651","V652","V653","V654","V655","V656","V657","V658","V659","V660","V661","V662","V663","V664","V665","V666","V667","V668","V669","V670","V671","V672","V673","V674","V675","V676","V677","V678","V679","V680","V681","V682","V683","V684","V685","V686","V687","V688","V689","V690","V691","V692","V693","V694","V695","V696","V697","V698","V699","V700","V701","V702","V703","V704","V705","V706","V707","V708","V709","V710","V711","V712","V713","V714","V715","V716","V717","V718","V719","V720"
"1",2.24507479689691,1.09645984299653,3.18222382996954,3.31235113766994,4.9583881238489,1.77070952863617,0.981216928609634,3.87499174537146,2.61759499998552,0.603541336644502,2.20720905688122,1.04583270943304,3.74057969070176,2.17320076336838,5.96091152225602,2.4464040296547,3.40427571487954,4.06926725668987,2.55745539744348,4.71986394883617,5.6165543946832,4.20153859778415,5.23867950807062,4.73968016315353,3.36128505719253,6.75738750485706,4.5021618860555,5.22755931322161,5.15798913230891,0.961334066717866,1.15278144496253,5.11472025733522,4.51121701924047,1.71801914296117,3.36880276961005,5.69027374883758,-2.59442714135583,1.98873273918676,2.33966571845539,1.88623945221378,0.994253380809319,2.99028667877716,3.48563078212974,3.11342799966186,3.1204569931564,0.841766016369562,3.05868283801175,4.09558729465787,1.80017605989191,2.5461276521392,4.97732204529152,2.51007677336698,1.01513850131418,3.02714711698631,5.00604444569275,4.57570382211852,2.36901737117289,4.25156638323743,2.7330665072277,3.3099369916308,4.03569358940757,4.32857421348532,1.86119818722026,3.28697201949766,4.20435061129654,0.703855904717321,4.2499323602115,3.55356910937013,1.49503124789621,-1.53309305141539,2.35671181362328,1.85189919980717,3.36316580041927,5.90443184529266,3.21909169303199,0.755618235103909,4.1487685976593,2.57137909165942,4.73754833619226,4.53127566169223,3.66410604636657,2.51319741828821,1.63108536494744,2.06962087100331,5.30665217885396,4.89442488041924,1.77319443684618,1.60974556937976,2.77371604337652,1.48136046416914,4.77707668614636,1.92101291503978,3.33021700152649,4.47408689331421,3.1478031626351,3.48184384912106,4.21953642583668,4.98247995709611,2.89172052322412,2.27403631311266,3.58285235027372,4.43691310590623,3.45460516835219,6.2590648203238,6.33023936646751,1.69154819484711,0.858860367089568,3.45833250571839,3.53853358275733,7.72002779877601,1.91548122412146,2.32695962787316,3.4895549082262,4.33281346248685,5.72636617502196,4.08935460610714,3.70302311407227,2.43924099395937,1.9182170071189,2.98420279690597,-0.299680996928565,0.961544222484088,2.46890642683849,0.841203155607959,6.6841596466176,6.55725924065572,4.95198236204129,2.10028276458416,-0.0444456928585542,1.29194020554254,0.0437073940797994,3.20305889817048,0.781174859999548,4.49855445434441,4.39374260208578,1.8789308194503,5.29497943048783,3.62476912880795,3.77610560346208,0.0318640988292676,6.24932284694053,3.9925082961621,3.4846551658195,0.716288129054997,4.13826221394203,-2.11020228284756,0.252815446228742,4.04956633973731,3.82813005296056,-1.35796783029001,0.646112398278809,2.07716747461853,6.98460204211212,0.553874115650453,1.31552592617467,3.09883818886071,3.13659394226817,2.4573243943377,3.80314866956808,5.81506856598858,-0.510277757665548,5.3575435279007,2.63978216888206,2.73349062446259,4.66701995181035,0.525915913257372,4.10057045979417,3.04355992505917,2.13488554338014,3.98759865938028,4.09237846103358,4.22667049431378,1.55430365987965,2.34301675913966,5.36098823324134,3.31842981544412,4.7174794524534,1.15201971028197,-0.199388141369381,2.69793702238525,1.05800360347656,0.319546534172642,1.07561252561167,2.41329160331721,2.1779841693941,5.64762674273263,6.22345001250141,2.30529001210177,3.0385343420642,2.58580961969996,3.00234596727979,1.83485634706344,2.77618633183421,4.56634831708782,0.496348320149013,1.62599183942751,0.694614759660396,4.13317615417382,5.60873647980227,-3.32393834307421,4.42719457840096,4.01869155524212,2.92471348785816,-0.607125809153473,4.30883271356651,1.81494114642007,-1.05520766420014,1.55844179159876,4.89359372044819,1.37415728314215,1.83982027170273,5.83656823061108,1.36044445180334,-1.36704736801566,-1.47318654033547,2.00253093040916,0.0949849603218791,0.895247550243378,4.41163290618062,3.76215220338224,2.1786717873999,3.59192173659946,3.1706081958313,4.2315637112419,3.60435272716582,2.64235434233502,6.62363474553537,2.01162703949337,1.54378132985749,4.11729124002198,4.60280794948793,3.15999904215096,5.94493791066158,6.44827444288254,1.4809546412932,3.29155629609355,3.35821786223252,1.14137977541812,2.20269023698329,2.86906564783539,1.97161204676939,3.69345859704088,4.64047367565961,-0.542244108023941,5.55400626544922,2.72922342690723,5.73556720785134,4.69087005480758,3.21526703135722,2.8246900061589,0.137761639012769,3.42597881372631,4.05049068235211,3.99270779231424,0.812196287699527,-0.0328524410129489,5.28917171618485,5.02707883347889,4.57749892719772,2.50861121801782,7.87022784610327,6.73783258333479,2.32485189967302,3.1642825047303,3.05967041454867,3.20152927173201,2.95249735390942,2.90815481706538,1.4211939158823,4.88215805149732,2.654550360926,3.19059918786471,2.77334313902728,4.02600171868435,4.04592222705131,4.03009959499796,3.52053574728887,2.48834115186981,-0.644526488527697,4.05109053495117,1.00493984315665,2.43723968076261,2.47593752389933,4.41981945669961,3.61906255526955,5.78844513777015,2.18424295391686,5.81730139107542,4.26880789386098,5.34102237833,3.18836461986443,-0.10310342016817,1.03599535684807,3.28428224921824,3.21275977890344,3.47763736463286,2.35266739923813,3.89985350516693,-1.0190768870494,2.98316684012786,3.45261590132068,4.51660128216647,3.29125516932863,4.27767743591098,4.46606734514926,4.16841586700104,-0.318355737477301,0.636102566591239,3.84147269364645,2.81504453437637,2.46185702630151,1.53117444061871,5.39578943476531,7.43737235956006,3.6001106635897,0.925979155585825,2.39698142481194,3.97573784252843,4.00947488524564,7.2569484351712,-1.91444369725026,0.628833776454333,0.337238506555082,2.98013372460173,2.18365057397212,6.45349532508721,2.31733033185064,2.94738656131988,-0.405468392030295,5.7123974671337,-0.184371705192499,3.17440378905588,6.64676525831678,3.61247438749338,1.93195394324972,4.6430988634411,6.06143855220875,0.258450538057082,2.06309593976455,3.95579763332725,4.51361081193877,5.54887782664046,2.83524511544497,1.76259284236453,-1.19999286704761,2.43242127923707,5.36382737184885,5.69399143577574,3.21134854677285,4.36048028570825,0.669382179283147,4.20899786833217,1.73493898724835,1.05163012686813,2.56308559702065,-0.399340583204242,1.27846205142296,3.48876413800216,2.7491906167411,1.45695156292558,2.57914037615337,2.31612577867749,2.729047518064,3.24050464488532,5.09869798767723,2.81271165453707,2.85832088965564,0.87360509145915,2.17379880538946,3.05466538036637,2.27361130921583,4.52710917478896,2.91490343295854,4.61058566140974,-1.79294766643383,3.11130329369218,2.41142456042641,4.20543227998675,0.915827122577974,2.7611347635856,7.1501622821745,2.90348054654248,5.72766981503205,2.09176787175389,1.42518279594383,4.56907261542532,2.31359189241335,3.96542220384194,1.97580291854847,0.725041490494904,5.80948363395486,5.29079535947742,2.19328574220818,3.66664955961346,1.50157335604208,5.09412813901575,3.61168178149745,3.78094970216249,1.77464395313088,5.89117711483894,5.55812064953424,0.229202402171448,0.715482814604461,3.18760718787996,1.66162272033187,1.33846315382586,4.67120204450832,1.43485230578897,1.13439628060241,1.47149591455187,-1.00629496865537,0.0857935052298924,-0.247134771426411,0.947348619055394,2.65969480316666,3.96621414846548,2.97030753033177,-0.0142514804970775,4.20779639748378,0.380326685695049,5.07413111922728,4.91774931120603,4.06961084555516,5.38058851345856,0.0818734868786639,2.3652332932762,2.12222919809165,3.23043897978554,0.652865361621901,4.74147492390595,2.15571136650339,3.2131328818909,3.22666867944198,1.02802129488109,-1.15973771577546,3.23642164832989,1.35220001567698,3.16733708407261,0.933192043300909,1.91788562616105,2.13135656041392,3.62907625643513,0.260334881853543,3.24259300580552,4.66397761652107,5.47682016396273,-0.747445121107785,1.12287705555449,2.31224117924213,1.23077584300948,0.695107816452795,5.13347317887058,2.20871257210018,4.02289779069208,3.21889551997498,6.71054997556739,1.08881174056415,2.35964492330027,-0.215928703132393,4.29655985502223,7.52695325291898,4.13531513643942,3.72874523074637,5.33043769402198,3.30164450143427,6.74307647037076,4.12222475552228,3.48253339549059,3.09282361295736,0.203076825675204,7.32730480698748,6.462554860141,-0.286606693166548,3.67063710831991,1.06832048501926,4.19807447860606,0.425276900733373,-0.0808710692174071,6.85408258082355,5.50084531912834,2.97222931129839,-2.8778972536159,4.14448991604544,2.18264450944425,3.84711903079281,2.69157242773187,4.32702260821697,3.90156612502017,1.00179960111503,1.14605432136883,4.46153869155625,1.63212836009321,1.30624832690357,5.50205727053454,1.19238772056314,2.40567379773523,4.8259772256293,0.359935546970069,0.911233571534939,3.03187985418916,3.6434409329556,5.81906582987108,2.80455942360482,4.6191602177598,2.19701552644378,0.268805322123991,-0.320523654429781,4.43434740952596,6.39144812425085,2.83457769796886,-3.0367047729799,-3.30195109309777,-1.84153277503389,0.992790166954623,-1.39534223187817,-2.4692770641895,-2.15027681624761,-1.77893857519924,0.724065154219315,-2.19793286917396,-2.79710060936707,-3.13203217729329,-3.32331578558409,-0.843509042959259,-5.17088106174495,2.15225474729163,1.23980206789359,-3.27441006456917,-2.066330311587,-1.41015030676693,-2.0166613162617,-1.91045055170468,1.18646546620751,0.693585063890988,-2.59331931174398,0.29180021217888,0.871944760526664,0.487988667602065,1.26274704109522,-0.229894947634077,-1.62880539065285,0.21276800267615,1.22854920624981,1.50407214928269,-3.17643591856291,-0.328480524317255,0.456234547862358,3.64460298083863,-2.78420312898885,0.889985472243765,-5.78088056353913,-2.91595448286541,0.256983677283126,0.698137503260953,-2.6930044385062,0.666397187735626,-1.43727815464866,0.767009460871853,-0.238773524362153,-2.15588480712138,0.315589347461254,-0.752395089463439,-5.74450395334346,-1.73316968290533,-1.26177629598106,-1.11885824588346,-0.924654535436368,0.738190716131256,-1.44370914914806,0.969951459106725,-1.43261718671916,-4.47814614012263,2.02625808128269,0.809996442545172,-0.493092272556347,-1.90651261038521,-1.16035185226887,-3.06459636654067,-2.56672794118025,-1.40625241787752,-3.25557239344136,-0.123767790453997,-1.40046146544088,-1.25708368554572,-1.88288475091468,-0.876527107036558,-0.436662093302453,2.33028237808796,1.27749315313852,2.38713389301866,-2.1532017252334,-0.627104848447021,-2.34421671201724,-0.397258535903812,-2.20377495397682,0.756017286032572,-3.44429644413561,-0.427267447866561,0.288453751019377,0.593832271230642,0.33104459371217,-2.89618914015952,-2.50601955306365,-0.0807951463710103,-2.85576457628512,-2.62776270517288,0.306215388737585,-0.766691861036484,-1.62821313871163,0.924215090492494,-2.58215566358131,-0.344776494767004,1.37581806417096,-3.53399316290017,-1.69798524683717,-4.37593643960658,-1.06530620564844,-7.46770241079759,-1.19724284480887,-1.96860720281634,-3.83757453594015,-2.90103296531489,3.38492587040653,0.519039793408262,0.00202209199114045,-2.21623808103804,-1.22903478372364,-2.57904823910635,-1.91746237649308,-3.18279523334613,-4.36041214096987,-3.34210011256824,-1.13686218423204,3.35484024137082,-0.56901960340424,-1.7736905965133,-1.58626674617759,-1.43618729339616,3.62025692504148,2.02909237635481,-1.04785277825276,-2.58325888310487,-0.36585122075097,-2.03545340401302,-3.36360277983835,-3.48294456400802,-6.48442542960318,1.47842222919111,-1.9392343038546,-1.82439875852847,-0.567271133961185,2.34383931714136,-3.22466286244733,-2.49520850644887,-0.544541392560143,-0.319422791351028,0.575031786887025,0.539728978353691,-0.834775488158042,1.27761063724519,-5.03995521073773,2.64989779540617,0.689861463801678,-1.46273883887382,2.95640193050423,-0.499727878278133,-1.70065840835538,-2.17303569843177,-3.47825960872294,-3.19698379917322,-3.14317075184787,-2.21224453494512,-1.68611956925444,-1.92428191297521,-0.972282176447833,-1.35462192233759,-0.351745427800781,-0.621230716874096,-0.951306145286435,3.60130918713767,-4.11639623368915,0.138932664166199,-4.16378650100862,-3.95191849629816,-0.579005236166818,4.27185643216172,-0.565145059667932,-0.319521007531234,-0.434267619834995,-1.09194508344226,-0.199858690111526,-2.47308849005087,-0.636517269714538,-2.96427554612375,-1.44356868599318,0.0804181535151307,-1.06452915852234,0.0957139506886915,0.242423113730227,0.911694988731329,-2.86089283354372,-0.810564333513541,-2.95264997218246,-0.38988410394406,3.00905806203111,-0.0415090548499892,0.0973859827240051,-1.42343491648667,0.565163422465895,-1.29938063067497,-0.345832127446805,-0.344819475668281,-1.37574345537174,-2.12201390524202,-2.68191619709625,-2.02401211442118,0.710717634259474,-0.780556230139204,1.14056000708966,-1.5318639364664
"2",2.71109420406802,3.47028209431959,1.11256259797824,4.63642964344434,2.24199244501988,4.48326768877262,5.358674093498,3.68275532751762,2.93268881154841,4.78790104124136,1.56567959710438,0.903530040787229,4.83757242898019,3.40190702524936,3.51740082922978,3.05344281297829,-0.545756058673319,3.46543406111079,1.77327219719338,5.35027898317411,4.79844346462798,4.15855573012868,2.82450152697594,4.91959735787909,2.72153245834259,3.37050563701276,1.94992492005001,3.69851887101175,-1.12967755181466,-1.84558824865517,3.64033465655374,0.848639563124838,2.50695019557803,3.2427177786242,1.38264819406537,3.45222825070084,1.22398907871116,3.14098539929181,2.59966114700473,0.187258810220404,3.83165808151167,3.84290086145766,0.850421642935641,5.58351358613591,-0.696541944340536,1.56039488502738,7.88441968494858,3.85843886501379,6.63567399641704,-0.020521471437315,1.00915545737322,7.32137910041593,-1.06401504408886,5.77570254599463,-0.325730540203327,3.00419881966496,3.70402394504911,-0.185230735652619,3.64580051881679,-1.73423563967133,3.17369241403964,2.78134460041372,3.86897894058556,1.73875666068704,4.2288383993508,4.2051524211249,5.05558007705542,2.73284097809095,4.89695068863466,5.85676552419588,0.460692579058398,2.83440256470137,3.56758872100599,6.65048516880227,0.751984700223895,2.31896486137587,1.12358077870285,0.355363997218785,3.77502841530897,4.3520395596306,2.23815063209521,8.04288248117864,5.19171907896438,3.81781431859662,7.3490070839503,4.32278434892383,3.62476182763016,3.89518143176404,0.461342632642459,4.68189976801216,3.98732424305165,4.51033347567166,0.3190662134416,4.50194705280584,3.1894253551011,2.84065825793267,3.48449837628458,-0.868632638658775,3.89037429407782,4.82039992305311,2.51281162079921,2.16867654078573,2.62608241771328,1.9851693770894,0.406551037874175,6.44453650970931,5.4388584945901,2.88867417696098,0.380948994692291,3.20769606436886,4.99088412523729,3.31505558591357,4.63540926412913,0.516074149092215,4.92768331675904,1.03902566780814,4.77839445468991,2.79574817929957,7.11197337661175,1.57327577910245,1.02559068014264,3.04403350197412,3.34085767688211,1.48115575432546,3.37362762658387,-0.726306632755429,6.59623818290921,3.12510964140927,4.33022882172352,3.58032267048608,4.71031056412159,4.3572512493885,3.47493885109494,2.18783015512048,4.13020122732718,1.53694271779471,1.17527172780357,6.04074777615845,5.55581817305816,0.686055355373157,4.9221552128474,4.70630799399565,2.02192382994397,2.01804443323571,0.555113156904107,4.61991559747436,3.35403223147348,4.63064087799195,2.27938197859746,2.72202801946572,3.88808903085372,1.80280978356824,2.97003972412753,2.72391909475527,4.56852866650996,1.38496562682903,5.94592827038383,0.702266215984269,-1.18587063882413,2.03226240221078,-3.32705549219403,2.83231762705231,-2.55605751653215,-1.46980088562636,-0.219506801658143,-0.811479441476324,-2.37081239752958,1.1439351018185,-3.07914646244613,-0.863975738783655,0.754066684763547,-4.79400979174759,2.53288864980869,-1.61393275186967,0.354386410838618,-3.38698858092958,-2.78549910123341,-2.65355080684163,-0.118723855211412,0.847267153340034,-3.21498829494469,0.33003470221173,-4.95218419238416,0.151006369032815,-0.861201984778959,0.959622459233438,0.228534069664442,-2.83989677492945,-0.324765773019582,-2.86288447309593,-3.15426201283236,-2.4482103660648,-0.0340090192392261,-0.465418132783221,-1.83695345548076,-4.46815109297206,0.80864408465593,-1.16103617740581,-0.560897387260216,-1.6288234652556,-3.53672817394623,3.34379383653848,-1.38676926878079,3.69661137497282,0.451673441424461,1.1518772651252,-3.72900401078355,0.825223230395741,2.42149183015124,-1.88457722442015,1.37873102671679,-0.880834499033642,-0.144061337306223,-2.41008367613878,-1.31391571279257,-3.77791253252804,0.922270058985853,-0.973320743582713,0.203951166581976,-3.85810282924032,-1.43074722890272,3.30643844527827,0.470820906270545,-2.73162775630415,-2.14386134323002,-1.38680081630679,-2.56128592783265,-0.889474148807884,1.11312735440028,-2.45284872666113,-1.51570494814965,-0.809003364474428,-1.44454121098148,-0.215457093540618,0.227610613948279,0.95321967574682,-0.768922646315943,2.12144953641278,-3.75751707365632,-0.659493932094405,-1.40878782679597,1.35128859077213,-0.23372793072901,-2.60728761382339,-3.59491166603048,-0.511092152500867,5.33833127697775,-0.143341577098629,-3.44935732040551,0.556831011319569,-4.34693349572058,-3.68000276491143,-1.74465526593913,-2.1491441967698,-1.62249169458114,-1.11306125178786,-1.64899833081429,0.1720265378676,-3.29928723945538,-0.331298036384727,-1.82917683402161,0.489517537914655,-0.310989166952264,0.730817590187019,3.35447636309321,2.99902528280712,-2.53620986271631,1.76935417738329,-3.57367173155545,-3.47087302844424,2.1922185964926,1.50323207507713,0.0984621273670947,-0.421251198419507,-1.39776717154454,2.11476238363811,-1.64805162453135,-4.8771815710061,-4.05867824710669,-0.484467259378975,0.0617168655954021,-1.47543061241895,-0.403913560678821,-1.28595178392421,-2.25162673808391,-1.55645451497636,0.747510524469816,0.343571266772894,0.58093008964652,1.44714637968808,0.0845798339279928,-0.646705015325664,-5.55500911842449,-1.83690626061001,-0.765940944556352,-0.66522316505424,1.119041601069,-3.72774571168311,-1.99974796912153,0.738355330730803,-2.32551369976018,0.236332263110803,-1.09283663782509,0.234862345120009,0.358423678809256,-2.0273472864524,-1.44890752385509,0.445578804901593,-3.687993909658,-0.458076706129576,-0.648954680568343,3.77849261241439,-0.74376950627184,-3.15769333040612,-2.7623490488686,-2.63958166320135,-0.651458689749225,1.08848087008509,0.0694992562125651,-3.55019053912897,-4.17057449319372,-2.66445927674829,-3.31593399086107,-1.20789872640802,-2.57026484171658,-1.78855583466055,-0.616877415322134,0.84016720570501,-0.464259485484309,-1.10477313209665,0.957041820484753,-2.36072941995048,-4.92056769912014,-0.114553205824473,-1.16526183364094,0.60051582908248,-1.41629872827375,1.16722234374975,1.89165437537197,-2.8083555878918,-4.20106323038209,-0.384407178350379,1.18064840169301,-0.53841579673678,-4.8899740174378,-1.58036966561748,-2.30045133190715,-3.28354811535774,-4.32765771248558,-1.51874350634227,-0.578187622595869,-2.77073991856916,-0.383546864236581,-0.651408451000257,-6.25931764337481,-0.496435365191776,-3.50226112135304,-2.52817734746645,-4.45355500053653,-0.19202177864124,-0.776996113417802,-1.74089646230418,-2.52574893614073,-3.571605791569,-1.82340934921936,-0.313269255584715,-3.3862282868209,-0.839225856034668,-1.10680835494051,-1.73568972840443,-1.72293339304867,-1.72692706037366,0.980638199889782,1.59265658632064,-1.31140803137822,-1.42259532061373,0.838263331247523,1.66013680203633,0.107249178104936,-2.60530637230497,3.61679252413481,-2.52468465396981,-4.25872653766379,0.127854668602859,-0.562676997427458,-0.816009633342686,-1.21218606438861,0.157728608297925,-0.676462115661059,2.40367895701843,-2.26461917475428,-2.2441228561316,-2.9917665150398,0.807345455653146,-4.20743792868992,2.15132080444533,1.50803631028347,-2.66279769557405,3.37111934713042,-2.84764994067495,-4.4828873779981,-1.14675162726976,2.09356721635685,-2.21068757299184,1.67716528858548,-0.198595220443443,-1.93788161631051,-0.00996361397750112,-0.29213778610343,0.315472617426003,-2.90103873527263,-1.17798778014741,1.27397530423744,-0.337017404259957,-4.44560300472966,-2.76568213742021,-4.1436291854541,-6.59408714463822,-1.7125509841921,-0.219827549641464,-2.26981946257987,0.795902262167597,-0.669705294663153,1.17838235859904,-3.67175655386525,-2.79594907205976,0.0389031269220712,-3.00428073859225,-2.74303289258201,-3.53829878827584,-0.108044499279547,1.23921854995926,-4.12541505452286,2.54713035300782,0.290333229537673,-1.13060944917679,-3.80199225232375,-3.61551600616208,-2.68603452133368,-3.41512541209097,2.4654908522736,0.219297396866813,-0.788706476800197,-2.3744466487785,-0.821456068321032,-1.68721528280459,-1.48408284287812,2.16076027120431,-0.516465187805647,-1.55186297983218,-0.574143012141587,-1.98213594569326,2.7101654808942,-0.686454844303412,-1.88064686856315,1.79580487932753,1.12698624449184,-1.26217909389776,-0.255415042941799,0.603856961934194,-3.96618610108597,-0.670125950007198,-4.23515623454388,-0.420870456971438,-2.45919325085638,-1.57924890567345,-2.26081960181479,-2.13369336662773,-4.13722856546842,-0.825093986103911,-3.36986699100177,-1.06783533095102,-2.62365208871697,-0.981265962949941,-1.78904883745611,-1.60791136911783,-1.27134863097427,1.85402882741313,-3.88529297930641,-1.0005677743039,-1.33960200832216,-1.40622526083169,-2.08618342125601,1.05973761139143,1.26439636000532,-0.675591678034513,-2.60903369122246,0.598652229156915,-1.76672476082432,-1.60297120702836,-2.63061771938698,-2.04956341476297,-0.596855835113886,1.9162554371268,0.927585184582872,-2.09768763977609,0.0209490140468029,-1.10640338284991,1.01546128431029,-0.512028242901768,0.751784951118816,-2.10239812524137,-1.73554532933789,-0.0116562237840787,-0.814601870058864,-0.142427591749779,-2.91717651794516,-1.46039022701305,2.27650937457826,-0.649766267692611,-1.6665648398576,-1.63368657990464,1.16136089250581,-2.52505715247423,0.704765239921332,-2.14709677364967,-0.658084539118015,-1.85887534135338,-0.906653994439188,1.60849825575614,-2.75473825266461,0.223989669184507,-0.560536533236003,-2.39378358649572,-1.52949355590357,-0.515571472104337,0.409849161425948,0.589547217981242,1.21977852465129,-1.3359280671345,1.02558659751461,-0.487439597677507,-2.56879706908319,-2.13715094648183,-2.11450368773357,-1.74627614888292,1.96652490059218,-1.67167714526495,-1.21610094653778,0.750860925251132,-1.43609169312754,-0.416657283587696,0.556802061474938,0.605390273609152,-2.252441125934,-2.69579451582538,0.570284452204709,-2.82961192352075,-1.8108099927351,0.503689230162123,-2.88488976179263,-0.0752610869833374,-1.20029248592454,-2.77871120837951,-3.51693116761107,-0.306274746347167,-0.224090192586936,-1.19307947674981,1.30392788757907,1.27511061509028,-3.49974786305096,0.0892234118409747,-1.485940931558,-3.0600226971636,1.19315820169409,4.02551383716228,-0.587784018006441,1.92208550683611,-4.02013111021404,1.55946109020508,-4.17203564941101,-1.55941709483973,-1.33032166353235,-4.94681510590766,-1.14872734167869,1.75106396036944,-0.983542073488688,-1.20930451446968,-0.0351871173894068,0.0639551938987335,-2.59101448310563,-1.68746675655215,-0.169162843930552,-0.470597970836802,0.742709526460361,-2.70038909043795,-2.35256222870565,-2.47033547805025,-1.28995185355851,-3.3602325678917,-5.71738134255696,-1.05871847517972,0.195963552580149,-1.43338474782607,0.445120453325534,-0.97245249621756,-2.01583909826186,2.72475955102477,-0.31529967881573,-4.13207511033595,-2.00636428177267,-2.42212591064366,-1.70462274485586,-2.94316093801918,-3.26838522716151,2.16954547592325,2.47508660653085,-1.71334100076555,-2.35207048800423,-2.71676374297298,-0.999547367160795,0.341709228033106,0.606509200289306,-1.04290456327914,1.87858610632071,1.17055267517112,-2.14594363355377,0.683304707452326,-0.569043494150483,-4.6138787314506,1.22990830710139,-1.19981513778581,-0.969334267233604,-2.76795512804837,-1.70516248562124,-2.11603997502983,-1.7464403947683,1.14946648161809,2.42172713085885,-0.966225404686873,-2.14242089642523,-2.16760169104026,-4.23376621846749,-1.97301796163629,-5.38192693022778,0.0647837309584431,0.835355879586671,-0.53315744199994,-1.4046785162545,-1.28858303576675,1.45875363548544,-2.61256517323619,1.57307160060445,-1.16620392815744,-1.80371457281238,-1.55069972502101,-1.62002969974247,-0.775676469381185,1.31772443479046,-0.0317106318469625,0.649340169568888,-2.071215759915,-0.482486255376094,-2.01346391689749,-1.23896376342641,-1.8086847099155,-0.138597257762327,1.49397612591812,-0.54263176921328,-3.24227919990914,2.20217601557926,-1.92326222264283,-2.34952260227977,-0.342369114808543,-4.28191983619564,-0.619749777994612,-2.17574590514457,0.425859964229945,-2.22308941567351,-1.60892370075136,-1.24632082324923,0.265011831467318,0.571430949947694,-0.808030190417829,-1.10469789539189,-5.00673766371942,0.570946810408949,-0.334572139731187,0.482710225376529,0.626263511042113,-5.40907310550583,-1.91683112887391,0.74881254755554,-2.05020885623247,0.654122399221397,-1.74361339712288,-2.98217078096967,-3.19084615389741,-3.31826944264557,-2.1938513714145,-0.248216444234706,0.142161773107131,0.440424738476583,-2.39283775556798,-0.207321558049243,-0.836134085492079,-2.24521817889131,-0.426436751966967,-0.0979604408063164,-0.0168228777352579,-1.32363564794546,-1.64225763460145,1.79302956227642,1.43996391975584,-0.51044481179619,-1.77411597348356,-2.1523426400801,-1.26775910339479,0.368889217387775,-1.17161751014625,0.915791809462255,-0.236363545623678,-1.68002966495596,-1.15785986177767,-4.50276028176097,0.046751625915429,1.76818517130915,-2.48081680039216,2.76181513899769,-3.48492663750847
"3",0.707585382573443,3.3928250741804,3.52202663074933,1.24459615379327,4.90405150662423,2.96615440736735,5.14353266988548,4.50147557771588,4.02163113831542,2.00647778000911,5.83432159533077,4.07306492642655,4.68824306243073,4.93936115208972,1.31619654461987,-1.31205116452404,4.46726428981517,1.91016578581045,-0.422895403747324,2.94085031115449,-2.02708569115371,5.34318535727015,4.59217244989725,0.295939280845318,3.12562845507893,2.89234005060902,6.48741212783832,0.380061625886385,2.09289040195707,3.9104749761267,3.02381222650786,2.17969249597401,1.45110518021863,7.67907230861143,0.697175349405998,2.89443624785042,1.8311962202159,4.78669638587019,0.821368182668984,2.97443476544228,5.10934447672704,2.63597840877825,3.67883597374697,1.73471178185569,2.62367523411469,2.30339371892628,1.85758701795142,3.84330859252399,1.87742060782363,2.71216944488993,-0.922959846518147,2.46885282345299,4.8668889917998,3.39001706380628,3.83465921064145,2.91067876247072,4.56480582090852,2.14583136910174,1.94011274013572,5.60341008074272,4.40451270902159,2.43447023122923,4.30273734443839,3.05772398892346,2.3510546791248,-1.38431170480666,1.53960656289379,5.73453724453509,-0.48886209424332,2.77011925416909,2.53357141264905,0.712022430243086,3.01873465687275,1.79828250420991,3.03839747972224,3.56654009110567,1.75801382150887,4.20259748738429,4.85866818979761,0.616265009602637,3.04568804817707,7.96518634772171,4.09527095090068,5.34214982764576,6.68676778472249,1.77879023955324,1.01557967707029,1.68161088288685,4.44816186546176,0.630327372802823,0.922020375841113,5.15207154027257,2.64008175292174,3.39385538320999,7.47194802696919,1.33671875013871,3.1473555188632,2.63507020111088,1.08714790006351,3.1130651009186,4.64584923761006,3.11738957545086,3.74328578312416,2.17335301150128,1.45461572406988,2.8249943169982,3.19526576178684,2.56559087592507,6.55608120682587,5.76419537451736,2.50489790521245,1.3098779525095,3.15503219462677,4.34378555674985,-0.618039042842921,3.8919521191521,4.09214471819907,4.13774162941983,1.32524317796416,1.51625479096339,5.9122489628048,6.01635658982334,1.25491327587348,5.11863475411593,4.17541562492485,0.719641880356658,2.7374069302254,0.569819786268854,1.19053308709417,3.42732279332664,4.18318905563244,2.44362515765384,4.77400570307209,-1.85580371971047,4.70233124084165,4.5419872667158,1.18044375420594,1.9354367567223,2.31766910768738,2.53639571532218,1.87642932293372,4.46855974497055,4.5107694828763,0.980114839893725,3.98492504574644,2.7650925501047,-3.09079167517361,5.68945832414785,3.94095406853517,1.63967301680649,2.27684224764965,5.56376638163425,3.2685803328569,-0.293499190085153,8.53835672337365,0.954004053217419,0.172405430684739,3.55134765308745,0.720623171832748,1.50897899937947,2.15709564204926,2.8412610896089,2.24512681958005,0.963005859413747,6.0129136187051,5.48418911162171,2.84270016842101,3.27372940767494,3.03701636648879,1.93984707923785,3.19191953807278,3.30118065026356,4.06579460013726,4.36672469360842,6.04849569117246,1.69367084845804,1.21210496114118,5.28571424668978,3.23301853014974,2.78496861032346,3.88507029839111,3.62396879513877,3.83286066187469,4.57780055123073,5.67011441987566,1.0328841197884,3.61930806157407,4.56618043121145,4.66511188706047,2.95349970795482,7.25581294184295,3.36217639203798,2.1134077187077,-2.73697028418575,-1.18229498423303,3.79865092752387,2.97362002100913,1.88558226321551,3.04361035353892,4.96748443118198,3.00707336077214,3.6138218610334,2.9469523729913,3.45508317414571,2.45768031220307,3.7778051458564,4.18605090400182,1.91298817299293,-0.200135594730883,1.70834986789083,2.52033987459615,1.75083780352934,-0.263898042487973,-1.12815041159393,4.55524660835017,5.45430338174073,3.90961426115485,5.4517936143014,2.38832855388476,4.85481933742064,0.280659762214774,1.83211655314061,2.79419600803946,1.10844955363862,1.20231909682251,1.18486506067986,1.67399292518276,6.37167772267257,3.67213061376689,4.21531835521043,2.56215581269157,4.62234043286199,3.47730480094673,1.27089559695348,-1.72968697602036,3.09818619862414,1.18147715884334,2.09469722097969,3.69094466591711,2.45811028474978,-0.00637070445413812,4.09281264611163,5.37709543229013,6.81236841239051,8.70975284772755,3.86499671490948,3.50723715973784,2.94855753398424,4.73550525304587,2.62517911115217,2.65235274872315,1.09745871136799,1.80062274855437,4.55145715384975,1.15155613116977,4.55763329065086,5.26575710729664,6.52090955343149,2.19684530650764,4.03947686242855,5.50417808628568,-0.775372625008231,3.80047110659735,2.36988353638188,2.63044087609579,3.34419452213987,2.7733682178589,1.9645756345078,1.90654309517828,-2.21316623190339,-0.607128021790668,-1.62490946478928,2.9156348163688,-0.680126458718746,-2.14526494228293,-1.19911651634362,0.0937371556510198,2.42971132001313,0.313385056298833,1.3298870841928,0.418263811945308,-2.32549981768399,5.89408309199019,-5.01890210562309,-2.73787430139155,-1.45617490530584,-0.267502722456206,-2.06164981204223,-2.33649073693199,3.59911348815983,-1.73158682255287,-1.71520541866357,0.815729836336851,0.603563717933391,-1.40921178324294,-0.507718335742004,-2.08279256347994,-0.39377955252969,-2.87873332071375,-0.60393813079865,-3.83540431752435,-1.15486726576305,2.05072665931328,-2.83670030899856,-1.84071335920427,1.59305129272585,-2.58328172864007,-2.76193982264043,-4.5787632616056,0.870142465711652,0.141280095939816,-1.69885539074853,1.1078864064418,-2.34323639486684,-2.89478876383891,-3.29865413279777,-0.906152837981344,-1.36053371297571,-2.42038202368131,-3.96289093004879,0.40950575803875,-3.61137802823482,-2.30864933054385,-0.558978252438539,0.0694129971110633,1.9461619741605,-1.73061833244204,1.52763163504379,-3.08549858119911,-3.00735134468081,-6.29059026228739,-0.867165571664902,-3.1727925481298,-0.113483870252019,-3.27717856535538,-2.37573243576718,-1.90133003677512,-3.14644308612201,1.36290255356282,-4.55775765987981,-0.556528243780075,-2.72908565316713,-1.37445701834964,-2.77504693174864,0.21433239028986,-4.45891155321933,-2.24527255156259,-0.53611940421888,3.36213397165344,-5.57828297845811,-0.948137516796112,-1.55184754221487,-0.187518621770828,-1.16945814127027,1.36030128274728,-0.358571190001679,1.78971827879449,-2.21618108654972,0.506098424969958,-0.664119133712435,-0.723873075915023,-2.54689475014862,1.49679847842386,0.1336563700847,0.569689382322652,-5.54005722265589,0.294044834316621,-2.16924808451589,3.06917497357003,-0.156101635779526,-1.32460392589475,0.40974209971751,2.72016814766684,1.8310153827407,-1.76710821827612,-1.69449873232764,-2.13735599952798,-1.76343929516943,-1.78028843345699,-1.23805074987995,-3.60182236216145,1.84842275915548,-5.30583274567374,-0.755416513408293,-0.007548381033187,0.254130929332962,-1.99200183416807,1.15248005352234,-0.456735356142767,-4.79126273105903,1.09050020776408,-3.01415963368566,-0.608884710702546,-0.523998956201291,-0.338278424888948,-1.39885221275302,-0.104173476118478,-1.51063702152355,-0.718668871382745,-1.41727096990367,2.10688610617461,-1.23928817865716,0.763438108196981,2.35839303244104,0.600006343028306,0.186544417486256,-1.84435102171677,-1.23556610938964,-3.42726141091611,-3.56523862267182,1.24919684100165,-2.54913968831457,3.22635824354888,-0.113872879903681,-1.7907702687443,-2.7687523348038,-0.548705125479302,1.9781238246155,0.546985281520838,-0.876288085402035,2.26729296225794,-2.99240146494182,-2.39407860540749,2.060838413058,-3.10707146305915,-0.599203085065213,-2.91250264134275,-2.96107851178511,0.376077179872805,-3.70798910209095,-0.498473872710549,-1.67455520102801,-2.23156683046829,-0.887084659558122,1.19482987886445,-2.74629379611245,0.77261135471268,-0.747026218150147,-3.1702754028398,1.51457407142658,-2.17171329303038,-3.86851942642107,-3.99924372888667,-1.288863656413,-6.072338858969,-4.7060420690743,-2.06988543162889,-1.18903956296274,-2.07751293490294,-3.15885827413784,3.76109156620553,-1.32091233825673,-0.12302940082692,-1.97591661870231,-4.30496285049573,-0.712176935923117,-2.71188804217668,-2.76161217105371,-4.59693831941683,-1.86387355414137,-0.898872483785084,0.342172091623884,2.0359264399018,0.759538584955527,-1.60149106575378,-2.43773963674394,-3.7226166026479,-1.57592038697604,-4.1071168626562,-2.50167662110108,2.77390485508739,2.95081235307192,-0.603743377591957,0.311580177263825,0.894703115272322,-0.796461243899946,3.31809555126113,-6.52196878681053,-0.311079067702558,-2.06175088101596,-0.0612703031231253,2.5955451052167,0.954468282548077,2.4726169612958,0.333925320763304,3.16958061318492,1.38543924455704,-2.08615110171128,1.23024636112419,-3.17170217063644,-1.07826094807798,-1.47925348580307,-0.856704232853396,-2.70227951167959,0.0175068197580472,2.1082559754434,-0.113978271305769,-2.52816977412388,0.541575108846687,0.664953804497379,-2.18597197451202,-4.25960239131746,-0.905021852097726,-3.49641179328377,-4.14076839293714,-4.91035538548288,2.05559549621209,-1.28132836669796,-2.80863440808808,-1.98496435973202,-1.7315990542668,-4.64087117308066,1.12866818963632,-1.84830185616276,-1.95120065749837,-3.05748263632349,-1.14153245785753,-1.06991200889367,1.90329260226616,0.287233088540701,-0.565914111157051,-5.4238541704403,-1.14133464584545,-1.99207628959676,-3.06900286722013,-0.0388233650257106,-0.832889669280362,-5.38646033138419,-1.09157158227084,-0.558815882504958,-4.45075270241701,2.40797693789618,1.51458628913308,1.02041238827073,-2.51135959654483,-0.887608950098854,-3.03586744177117,1.05487795877907,-3.93905957183253,3.68548156761326,-2.32495023085848,-0.10444150673858,3.68850599961232,-3.04677617902699,-0.561912409191248,-2.4859273562924,-3.26586036673734,-1.6670726498663,-0.197527286533766,1.29759949594343,1.41756357518945,1.56141425319097,1.49959773494873,-1.3350862151032,-0.219438669205981,-5.11034125376605,2.07409046949258,-0.224259086866638,-1.62814124600971,-2.61884182478345,-1.4569620223195,4.01041138735184,-2.12739456177129,-4.92483341557319,-2.67976875940438,-2.31906618830415,0.875306805666735,-0.599711531182565,0.112386315028668,-2.84198253296068,-0.461879234775542,0.898250264475351,-0.294747875642004,1.04194620787559,0.000200101717591439,-4.54836514077866,3.3058561791868,-3.05769083083682,-2.99339490055207,-2.41800841742173,1.49923499206431,1.56955791628113,-3.91019018407933,0.136157867064209,-3.58477380815486,6.4860608974704,0.423147011451128,-0.414163821052564,-1.30946948664095,-2.58761618933838,-4.46381616345544,-1.06191914038434,-1.22667343484889,-4.14745920013575,-0.676025340416983,-1.26760610703227,-1.91122409999434,-4.21233483312412,1.888180604394,-1.37422610080703,6.75959870043846,-3.41291646904637,-0.628522406608564,-0.773602464045332,-1.53533678577733,5.28309995585508,-2.13779222379877,-2.0626124390297,-1.73470550472616,-3.37316171671954,-0.175961137047638,-3.18612529284716,-3.51483513340067,-0.0130924382934894,-3.40211616986464,1.22269561061028,-3.81412319059564,-0.739984418253617,0.200685958708078,0.945549873435168,-0.757076665242336,-3.51221434990868,-0.127877902277251,-3.8894129611421,-2.23461928939074,-0.705968981167447,0.556666902917125,-1.91789008021026,-1.72972265047472,-1.75069716440347,3.51373013768062,0.469077694504238,-2.74769463631338,-2.64173842990089,-3.69409730145986,-0.59702467805339,-2.85875155342338,1.20877734671218,0.0486213540638312,3.15926098236266,1.01904118853533,1.5759737218934,-1.99438825206733,-0.948927108842299,-1.41505452911996,0.66681104104167,-2.0069437791083,0.163061558638325,2.19221524670231,0.611515356334076,-1.96196916249393,-0.845202673426002,-2.50131691447032,0.265128269080969,2.12608327678868,-0.401806370507108,-0.879943797991848,-0.877041383489602,1.28188814410174,-2.03542015957426,-0.273753787908746,2.26542455902905,-2.7728424012107,0.562068550368132,1.57585965149876,-3.85521381365061,-1.08829223443618,-2.51865402009642,-2.949162557417,1.56524551487291,-5.13144642082863,-3.98758504536237,0.175587803941605,-1.85508401635844,-2.34152555350236,-1.13190914261255,-4.15301958273112,-0.722675792341383,4.28320079892372,-0.837731426961761,1.39162044419497,-2.17795480364929,1.03051448450494,-0.143072580883479,1.64723279569167,-5.64840467075121,0.813023072301919,-4.87250755564086,-2.8521134557498,-1.13911310135539,0.354123056580725,2.15486224315682,1.55531808818816,-1.46486138758741,-2.52072259735494,-2.18826395609104,1.36949604569655,-0.136681406772462,-0.745957363835555,-3.51547518714021,-3.61155527001084,0.906633772541648,0.132013347133123,-0.104132354820366,0.0444293504258382,2.11220141144237,1.06605542917059,-2.57295870970361,-1.38948449248519,1.88209526434203,0.624854434569783,0.19433311856595,-0.248444669610266,-1.16472246455345,-0.968197930842581,-3.62812656040396,-1.1708533620776,-1.44176416374247,-4.64519756893316,-0.864781116340537
"4",1.95198882910766,0.988949685880032,4.52573086694962,4.04533105639788,4.1426570286323,3.10594548591566,7.03512699288869,3.77588106913377,6.12965987470957,2.01789704453194,2.8256831342557,4.38969170621098,5.21668884676279,0.168576588817494,3.02718583460626,-0.266432068603495,7.27747607294708,3.44254618688008,0.388354978686266,2.92794136039143,5.79550416868591,3.71028483406028,0.722702290335564,0.134178003604221,3.86797035090467,-3.51697510450962,1.28613207175325,6.27260682570538,1.32883229053236,1.16189106609297,2.28551299218161,1.61588314441399,3.47662452420951,3.74678745907671,-1.65400291037607,2.5484471999097,2.94339948198688,0.940671656592391,4.23795657899129,5.36778688951479,1.83650241076209,2.81554233861246,5.55081888760336,-0.235514310675061,1.67510472062942,2.94035187038475,4.14442589962633,4.84032976716329,0.691800997947671,0.630621798723857,2.25556014312971,4.15216223081556,3.51109889009976,2.72405424868221,4.23483723228848,2.64551966543298,1.53721537298495,5.05093171009963,5.63346829458712,1.42243373603864,4.73807153782932,0.917118632218816,6.41848144003082,4.5015693925768,3.89764890592559,4.57470058400118,2.92702311280651,4.40941044094467,4.49815858827634,2.63593743712315,4.58805532757435,2.70221555186161,1.77581080965186,3.51755608829789,4.30460520786791,5.90854670040521,1.00487519429129,4.43384450655916,4.77217382308279,3.88734665521525,0.421629058841773,4.06581689146346,3.06445750925126,3.41323272182909,7.82528212578936,1.87658360820797,2.72207173980955,1.94060152679234,3.54788554785768,3.67106609078982,3.00451688126601,3.26020349419553,5.07302810852469,6.45254069537563,0.686603104848492,1.024274864441,5.37001824936908,0.360366727284344,0.0478042331617008,7.27327503049538,3.9059935633222,5.5903326988736,0.166911833110098,0.753365381318247,-0.12891567429888,0.806453374728947,2.16521225937766,-0.905586712977973,3.51601922300399,1.82299336684775,3.36998368910038,-0.970918417310275,2.02876404915627,0.255897552582511,4.25565164410876,4.70428051877869,5.98035457883539,4.07558262165289,4.64765784074342,1.26229453651164,6.56128124373587,2.2667285305494,0.31803817182252,4.85539743000971,5.62356516139497,5.24917574438345,7.04477190415262,3.89694585408846,-0.0704254436481229,1.72276608571134,4.45754696792564,1.27402625063166,1.71020804167759,3.86337785116966,1.88567053471096,1.4464483300847,2.92891443214395,2.21168124600899,-1.09426851194133,2.94213836836521,2.94730422960519,2.40542332499566,2.27289680344783,5.30825004186972,0.933453398051261,0.696923364461211,1.69478839382643,1.46267219933203,2.2898708356767,3.18163884273439,2.98478279757718,5.75723365068955,4.35478238099366,2.37574333490276,-0.750311664460505,-0.535590642019141,5.40652853327441,1.50841995447499,5.31305778327956,4.60344112682821,2.59389897646503,4.34180344047033,3.35365042168646,4.59014828558049,2.69543655612647,0.416830692624424,0.144141924525309,6.51171339338395,3.31560065718314,3.8085045380881,4.126629273631,3.79609697001436,-1.15085904841059,2.61183685624498,3.3597568026891,-0.228008830191802,1.95493794667132,3.1436945231402,0.42433741048597,2.64714804178271,1.0329368785515,5.0972705193125,4.69490449195647,1.90440201978806,1.07142462447289,0.685278553289753,3.82620265494453,-0.571290834179936,3.76917144089369,1.29489823797711,2.70507864710639,5.31049033073094,4.42801951814962,5.80061947506137,6.61258965988284,4.03477869995053,4.52471092499826,4.96830608291517,2.39107688775386,2.91320150435014,1.0838882616207,3.34925149358767,7.91202613406583,3.45959335664453,5.58119134921669,1.84325850304601,3.95105651063838,2.58035324987438,-1.50511658874405,2.22366339959645,4.23830943444448,3.29201119203432,2.67106960785339,0.371780272349998,0.447049018857564,5.91763221244124,-1.05223245112166,-0.11305292758946,-0.37690271889923,5.62513287136732,4.02264798028476,-0.209453426038692,1.16265354148753,6.08230617786946,2.31220770261633,2.81314794498569,3.95481492437334,4.62252491598873,3.6566004335383,0.684950479781723,2.96144246743264,1.17379601204188,2.30438754681255,4.99604577880071,5.54507619305128,4.03031887989382,3.58810454775726,-0.487379029891086,2.25849794905889,7.00109154925971,3.81655596641392,-0.08158844215132,3.07673643237037,5.97001831133845,1.86119562047118,2.71868451032275,2.09519124356489,3.73116083811933,3.21228798079594,7.34193611867473,2.87763273496637,7.53397272117876,2.96253686196953,3.24246775617881,2.84652367817842,6.94705542588775,1.94400050607694,1.53134628524373,3.49666917532279,1.77331019448778,-0.543223335041062,4.23829979139196,5.72149759790271,7.54575785137272,4.00229564928715,1.79629450867602,2.28815425557911,1.05526746892527,0.288137465065053,3.34868179983283,4.06083345803952,0.899504707104135,2.8000335047946,3.31215596668389,1.83419563208135,2.5221082355261,2.9473951315261,2.78970088908017,1.3588082859447,2.10525725177061,3.00290073080336,-1.19954977530725,-2.64825245675412,0.810322258256036,-4.49168404407537,0.834175562731996,-1.94937522435775,2.11776010589525,0.743569828998419,-2.29734738255415,-1.32622191775686,0.481069316120468,0.251486278104576,0.392252698140323,-1.83506735108984,-4.71929588380027,-1.18795701849137,-0.323443909788768,-1.77744747191062,1.03763223588274,0.908929921444743,0.526540003861202,1.71140455283965,-3.72266985221696,-1.27958321183214,-4.46936427076986,-4.58465290736783,-2.48532015124252,0.978873523665649,-3.70353408740353,-3.98633987438153,4.89468275773315,-0.107471621250067,-4.62449136369777,-3.14373825260112,0.248104192659484,-0.196821149420804,-0.954463300301033,-4.36536639458123,0.992395948482439,-5.55694167008706,0.77917131106639,-4.84216856547394,2.91876995954867,-0.73318180654963,-3.97386426482705,1.08418865811527,-5.38172616798905,-2.55490454993975,0.465340900289397,-1.54190685538121,-0.142427474530064,-1.30161831317029,-1.63355431800221,-0.910272756590622,-3.08618284664504,-2.17315440797533,-1.43076463483414,-2.1130666742233,-4.53971552546825,0.530659371379996,0.590945342193705,-0.602894979102516,1.1978489087204,2.50885069795542,0.430175540902678,-3.00035629645047,-1.86644599965587,0.00316169428731761,0.0542577683918464,-0.262394439730808,-0.229813822893197,-3.20014002841113,-3.52764420884804,-0.290574475170362,-1.55598344709604,1.69522664963685,-0.605458112806781,0.814555519074851,-3.80488922388393,-0.991706940756897,-3.96014028717291,-1.61162960461107,-1.4995659693329,-2.61049767289067,0.120857701193564,0.278252285984305,-5.61780711584514,-0.395331708198671,-1.50360057589616,-1.19647930020099,0.829878713051715,1.15107019162509,-0.246212006185707,-2.55153028553451,0.626533079894989,-2.56553543920329,1.0994615556489,-1.33037824717394,-4.37426684357285,-0.642583381391637,-1.01755792643956,-1.84007163369824,-2.0592749663765,1.27482989085953,-1.96130370756256,-1.30939886611188,-2.33235167367329,-2.48683154004376,-1.37823286630306,-1.78338185347417,-1.47365345588084,-1.97823729387862,-4.65671055469621,-0.970228764215438,-2.86974630151901,-3.55017475528719,1.3471721237213,-1.48662193332083,-2.53918461487627,-1.03945758999586,-0.37826554769111,-0.128102265002599,-5.37712632989452,-2.59343831327088,-3.01131760725101,-1.55095035599724,-4.67560288520035,-1.49939445446353,1.33965232637502,-3.00017067058046,0.0127832011433542,-2.11293470397135,3.68522661394208,3.47931370209453,0.27436017532915,3.22894247999828,-2.40243201860405,0.0138281564123539,1.53802049929952,1.38336084704176,0.390001096533877,-1.563343401766,-2.15885042834482,-5.82515574752391,2.01491342073072,-2.1647016184951,0.760028611446678,-2.9955006120214,-3.26417024580821,-0.278501642941146,-1.8332669806958,-1.12533119787799,-1.39611909863734,2.79919412069386,-2.92865234014112,-1.02539250096125,-2.60090923787814,-3.60991155498514,-2.9026865010875,-1.33444935897292,4.44084980750847,-2.67150437452662,0.274615073117841,-0.487282500386418,-1.63295624409777,0.568489913227914,-0.85875822416309,-0.273985386816877,0.110156761385485,3.11652130936901,-3.08861260298677,1.01243139719469,-2.92051385872285,-3.45619336005176,-0.565976996446293,2.37257594084008,-1.61396090015463,-3.31579167883927,-1.01132146782823,-2.75245277121588,0.102986860998587,-0.461758711072105,0.0183065057439453,0.0582163627758634,-0.384151459630033,-4.58145896689907,-1.33636724410911,3.18821599048454,2.33865655052279,1.75373062025176,-1.71806562252257,-2.53710890608134,0.60845211287041,-2.25360962925351,-1.85900053816669,1.82804915231515,-1.2119139087882,-1.89655048870855,-1.93227828679543,-0.866098627758185,-1.53130718511915,0.642624658610939,-2.18038763412957,-1.91375845942124,-3.23662492489073,-1.4064371181169,0.650651640501925,-0.254673755645803,0.619609601537016,2.86848111318374,0.262542980236007,-4.2047901618423,-0.000185841439889312,1.53663341018886,-2.44614503693305,-1.25639234453189,-2.29727275011994,0.511842791169657,-1.32469659890055,-1.67148117691229,-1.40482028705301,0.291322975165377,3.1049318243301,-0.116360535816938,-1.59602212655952,-2.1565957374502,0.939646814045316,-3.50253122139985,-1.33588684090476,0.972507316019146,-1.49279242243547,-2.31965538201986,-3.40168283760936,-0.457086425293766,1.80928519626885,-2.91997531072201,-1.82452414634997,2.41528719563007,1.67717338027545,-0.318040524353429,0.162928218390641,-6.19490229097466,-3.56490285060465,-2.21196784254605,-0.490242734992927,1.39569784176133,0.475913884335689,0.680028891053818,-0.88800252251622,0.867194627006945,-0.00556993894351276,2.69284581072917,-2.44479319995535,0.674326371112103,-1.37309321716293,-4.3463485178538,-1.29630245127283,1.35190520998346,-1.51200972796881,-4.7290905473147,-2.77983266091818,-5.56634306609864,-2.43810803665564,-1.27976591367813,-0.688408393381549,0.432032813973274,-0.926578705305531,-3.45289891824549,-2.83700952725887,-1.74874918160925,0.887221559529009,1.46467475430606,-2.08962507818177,0.119614743406666,-6.23117823288467,-2.35186536155529,-1.95732463311924,2.42207162705689,0.192341832562563,2.61692780314083,0.803063168699943,1.74380928559009,-4.52900929030824,-0.682271048461091,-3.01212693564718,-3.07938568227568,-3.83513311456036,-2.43157053871301,-2.89438441607907,-2.31217035033865,0.88505344551016,0.406279582198333,-2.9889290605114,0.150904618790189,-1.6333451129413,-1.17400242208688,-1.05810283755907,-3.59580148067761,-3.49782636640099,-3.49897962608687,-4.21899263849802,-0.147235872355093,-1.09264828028968,-1.59204693202763,-4.5046884467691,-1.06306830950274,1.11373986133662,-2.73422159364508,-2.23815278566598,-2.23781696372312,2.62240329509303,-5.22738925783298,-2.70992574237415,-0.827198725869422,-0.349757291082309,-2.81798762150206,-1.27427507399702,-0.413818616988796,0.366742961209464,-1.20958902169236,-1.81185394388435,2.61719358156466,-0.0905920542454559,-0.06212105243102,-1.5868590616835,2.50077309286292,-0.733004542965774,-1.0861414794546,0.731537413275162,-3.01011807020701,-0.7050644011404,-2.17062789784919,-5.47084937059759,-1.01908282143981,0.430159498297335,-2.15169435639388,-0.117778077912477,-2.54422212570279,-0.538001569017637,1.19894578203125,-5.08038722958547,-3.10839811788352,-4.89516781283323,-2.24279204445164,-5.43430656001498,-2.82202109498106,-1.10992817131027,-4.82338459640289,0.800770528474453,-4.47614509265456,-4.29553162863965,0.139682905297895,-0.51106234604709,0.937897277042668,-1.01744476613032,-1.13518565857138,2.64603889930829,-0.0596735982430012,0.515158174143334,-0.374734435763802,-0.206815195403202,0.751649096433531,0.916121160910897,2.8433762384685,0.187412967941572,0.447641966636879,-1.08721356236621,1.70095079534631,-2.41144661737127,-0.730746567674774,-2.3543580970161,-0.715325566836189,-2.06064865669222,1.01706775400332,0.294367588031852,0.992912387215186,-1.68499820075651,-0.96424229114183,-2.98235152414087,-4.44652568278191,-3.28123691366127,-2.88933582364241,-1.90330018998356,-4.38397224295052,-0.98588382622715,-1.1526662267153,-0.248310981153913,-3.54640374244374,-2.34276099763736,-3.04825869133512,1.96155273250545,0.531543002976385,-2.19586136768329,-0.322691775717231,-4.0501184549824,0.00474228695039347,-0.903410290767233,0.947254317831202,-5.10968709564477,-2.66811122139943,-2.74203606731466,-0.927807703326469,0.510809637291615,-2.6412570297264,1.49458331594703,1.19968494229586,-1.79124420133814,-2.1322712416773,-0.240282228715684,-1.20368475851582,-1.4491246239566,-4.4209064359014,-1.21341806453137,-4.7046041820451,-5.02814261953678,-2.14876205108759,-0.245242116168894,-1.17419510341367,-3.27472894607798,-0.812108741695154,-1.71921487491688,-2.64256102944746,1.51361087712999,2.77572693660098,1.91974217652142,-0.786162801579967,-1.91939445005018,1.39003978529871,-0.618330241309311,-0.213710598765537,-0.127135764425421,-3.05272215067568,-3.64930640230994,-0.231375608047634,-1.10985088756818,3.53766426378811,0.751103454836087,-2.30857518161393,0.994422662668981
"5",3.63927539097459,4.42630543975639,4.07639359949901,4.21256198988491,0.60669564411798,6.28028579007245,2.82140715873096,5.37149337930932,0.714731629001163,2.36880822794843,0.696655440491034,0.542041636961977,1.95152274810911,1.57144895466302,3.45475728635215,8.62955089183213,1.83469082981376,2.48564360941445,3.37151526700065,2.21040857536969,1.75681907566559,3.62034939234457,5.06208501139717,3.35021116289618,0.945578614863967,4.22165873204384,4.93347587133206,3.01387571057371,3.3899038664052,0.832295577399044,2.48493221476818,5.57189512111123,4.86680729955722,3.21721872945236,3.59177153649201,4.87110372335729,3.13838070498642,2.89117242557564,-1.98514441888572,1.81410199138631,2.15408687748881,1.95391808436641,0.400111551790399,-0.78641709758633,3.94171477363819,6.1005361672468,2.94915194292427,3.7694414062894,2.12950848488352,4.10964536994571,3.622579806852,3.41194247137422,3.37158106484455,1.41345600684452,5.21302022762849,3.14697808673592,4.60106291647926,2.92325720812098,-0.586593687485915,2.1555965452252,0.957721628027198,6.11383611236284,5.64586523931822,2.11236823096355,-0.53347736536977,5.49887054246772,5.08811584937812,2.21256718180619,0.89324456941241,3.06379772201749,1.61020506041422,2.14900585119329,1.95353780904639,3.10286606384036,1.25280657757001,6.35655214358248,2.95740226169187,2.69808578467582,1.55890444372147,4.69192128774888,1.10573713451211,2.26851397026177,-0.705095375772115,-0.263339280163718,1.39598478120832,5.16045459654094,2.99431041742696,-0.451398014447362,0.137592973331664,4.85593971714332,1.89110262199709,1.01930068293836,2.64901920341857,5.10413843755108,3.78638608611438,2.75148920371823,3.67160689513758,1.80644135337437,3.20082632486632,0.298547783441322,3.52142649994226,3.44886269182212,2.13906027145342,3.00209325520817,-0.0861174666654589,5.29004967372764,1.4882559711983,1.46702218857305,3.16578122897068,5.45959443268977,3.36098897716787,3.40155975065579,3.45185674388281,4.62886452795306,4.68901682828922,6.41507679980109,6.01187948318895,1.63929141199194,4.37009283748091,3.76504215052492,5.18543859815721,4.59577054603595,3.11600542694488,1.47442072582298,3.67057347066779,4.2497949831198,1.72439900629447,3.21659543553319,5.54937182717278,0.97322926841844,2.81931938406516,2.97457333264832,1.79094780001841,5.73775629203718,4.67270119443596,4.22832410994502,5.15953036156591,1.60125715862958,5.41337266951634,7.29661891819399,-0.522644833357487,3.52414197901032,5.61329221261075,2.12373892942634,4.65151261072826,2.99913777046884,7.64436633635981,3.2938796001709,5.37591216130233,5.38446694138153,1.36782643188442,2.76331827517338,2.68053924066106,3.40679356287893,4.58710486704264,5.73989174858458,0.44878542818418,-1.28193271121285,2.49510622163983,4.01846904132269,1.99798515836871,-0.342727217454811,0.928692637769249,1.28735190544854,4.04272814760339,4.03155010359268,3.51220653957605,0.608900853781007,3.90769957003514,5.99321151616243,2.01134401368414,5.96901222174969,2.67742990631007,4.19840401283483,5.60916254434298,6.58378752563086,2.27505394640254,2.91680804447532,2.3405422996445,2.79993503363373,2.507840851304,-2.21314570776281,5.62367792808796,-0.50302653968249,1.69213575983958,5.87476358303169,3.37302265550626,3.34802080273402,2.85447467850887,2.44992672852828,2.83280284620517,2.6725002734957,5.84226043807933,4.88317772291568,1.96399697988513,6.3428211107474,2.06937397799246,3.20350261863518,-1.72637727337395,0.315620239330431,3.042871046743,1.28646699658547,1.61189088045198,1.70429014675233,5.38275350973763,0.566920778256976,4.57837254325469,6.23320279834692,0.282303542684716,3.47696375535581,2.01814797793732,3.38047082344264,4.05928594744741,3.82675526760175,-0.255230013877219,4.277572422006,4.56774097905221,0.367537795411364,2.03472568447684,4.35245242154418,4.36083305193693,-0.27144271980331,6.65586383305387,3.30506757699227,4.21689316027435,3.4989749730593,2.40335083363812,3.06583706692696,5.55400860242212,5.43867854732352,0.367853946338761,2.01102652445746,5.15938052526697,0.240981625761028,3.52720923620618,3.48487899684298,4.47652080181752,2.05942301198958,1.92189736421507,2.70965923962109,2.41359981332452,3.60582550219199,0.41782228920403,-1.27645262642761,2.48865560642359,5.97383103487731,0.450361374135106,1.0387240736397,5.40147658160071,-0.933983517966224,4.08615930987233,6.86630098396958,3.43282118323125,0.601493907860927,4.24762967343388,3.88474247279801,2.79527698868338,5.74497056312772,2.4780851250368,3.13624770594543,2.94646064032108,1.61041609832868,2.61296424163606,-0.347217345424726,2.09158991157616,6.61088756101003,3.65667013418213,1.84759122094513,3.99931833586723,1.69443655226711,1.32451555720966,5.41216174877201,-1.80833554989115,-0.827635036976086,-2.47989547251048,0.836481935722466,-2.70853931319518,-4.11507939377574,0.488571102681576,-5.01199148640559,-3.2528505106495,-2.59607255021211,-2.26670960410652,-2.70069509916047,1.10787499354167,-1.41050808016594,-1.02831347344788,1.99855150651535,0.792950310988318,0.147945596960934,-4.86420107567094,-2.83355319349854,-1.27199287711607,0.427175693781603,-3.64813925755358,-7.42686589637372,-1.73338702502377,0.665293909084864,-0.959588794689844,-6.04662497870671,-2.03911835073424,-0.398049267547576,-2.00687094439688,-0.78295533123609,-0.810853972710348,-2.84942028218122,-5.36928932495883,-0.779320301828098,2.16577624763883,1.19955906265336,0.757218098076115,0.449338598759733,1.66309043509753,-0.488965637628413,1.22745834151082,-2.07760689998297,-1.11360927722855,-0.220536706697634,-2.82664171413368,1.42044405296991,2.43938731488086,1.56912528775534,-0.0533097971372148,-1.22980702311677,-0.598498721376562,-1.67082612864483,0.916386480727047,0.727969710199455,-4.42650568483281,-1.4003013936,4.3834909930584,-0.741215266986952,-0.750749269942487,-3.44851608039316,-0.180675320060596,2.46016629573327,-0.408404632631062,-0.258973644494037,1.57961568291418,-1.53981635887499,0.89498150946277,0.760202255063264,-2.15827326162238,-0.241859992219995,-1.95890474837702,1.24082931717561,2.1083021118866,-1.71304347508298,0.933753228412738,-3.08547876440223,-2.8091478323477,-0.455162933829318,-3.00325355234156,-2.86583422625988,-1.22293880651116,-0.244140836517682,0.823626924494218,-1.95276114959203,-1.82033044783891,-2.06660699156053,2.22305290112561,-1.15067345267928,1.09552533491544,0.386628142958578,-1.95811627529953,-1.12334186566427,-1.84160074890376,-2.19609250326845,-2.68267853682491,0.0758091280213635,2.70679709452234,4.50810315726723,3.85128423761328,-0.629289825212077,2.39870682756694,0.605776164843837,-3.9052869980982,-1.54053749763514,2.0339395189524,2.61588227364194,-2.28304629870846,0.58488545354806,-1.12403626509311,-2.45193106531209,0.924641769306191,-3.19479076559308,-1.53707311471643,2.39209073012911,0.451974048708452,1.90403428134131,-1.35125035980075,0.922621676791349,0.920533894431919,-0.158244997454276,-1.29100823638828,1.02719927002138,-1.07664498429533,-6.25783383483524,0.502459273289318,-3.73861900055334,-0.308576023309266,-4.46688487334634,-2.83604011027899,1.4672980278164,-1.01767871734831,0.736207287042407,-1.79860987764622,-0.388218205035836,-1.28195625596453,-3.52021961511125,-0.785604867282324,-2.72708849628633,-1.7951880794875,-1.78552420504819,1.11316988419028,-4.03758670074095,1.95292393420039,-3.25031769583753,-3.74914770752629,0.466725139729667,-0.200520903824717,-2.30428799491705,3.18130119578388,3.99582998990249,-1.07471575283131,1.23592003766226,-1.52081972823387,-0.449694917040637,0.115475503851393,2.78529088778909,-1.25338057995543,-1.68137057145546,-0.772242646054947,-5.59260571213649,-0.986835094096564,-2.474084005135,-1.33599071659619,-2.16394542399931,-1.53755659515962,-2.98342798295229,-0.224930547284311,-1.64082373802631,0.558255568685899,-3.24816688110341,-2.33213916869444,-2.11969694487604,-3.92165244733257,-1.17106128213863,1.3510802254006,-2.50554959973727,-1.95737966971446,-0.0415005575877097,-1.25665832146351,-1.97259249383389,-0.878247730660412,0.64272820591277,-2.13402649945369,-0.202644388061571,-0.704338199411183,-4.03649219164093,-0.861211773505835,-1.90533404257967,-3.67069073720421,-3.30757407241364,-4.22229433792291,-3.05847589082254,-5.79281645520363,0.405268931816265,1.4051933563105,1.2834692943168,-5.19878659714762,0.961390516870249,-0.718347599032127,2.75713997915087,4.07208124603153,1.53561257599908,-1.28128112359632,1.97383328227853,-0.83691766483691,-4.1236359552134,-0.0684429526895416,-0.112615593636882,-1.90103791542456,-7.04405609331536,1.36768206942604,-1.40347231518587,-3.11799945771368,-1.34500538215366,-2.59978687698087,0.0544602314505522,-0.788920578719541,1.29522817714956,-2.19993821063908,5.0887660480533,-0.539365073488334,-2.05453605367215,-3.49040658009441,1.69225029529291,2.3139908878517,1.15704147411006,0.668617762655231,-1.03575263740492,-0.603765933049848,-1.61351128035071,-0.594993794745084,4.70597602466921,1.64296280107779,-4.45931404500491,-1.6273337728136,-1.55867089909364,-3.25296858829585,-2.11885938287995,-0.40403673747566,0.262794192583428,-1.32841062591411,1.8832370046627,-2.56692781315622,-3.45085741298684,-0.0291997969074717,-2.54840174508706,-3.17104145266979,-1.16139121178619,-0.247085803717141,0.468703503783015,-0.890932428950726,-0.961691616482499,1.26186714149877,0.668099216033233,-0.162327073490329,-1.89352212842858,0.859221996141125,0.0550236354668787,0.436349187873789,-0.766388524906986,-2.8003424279726,-3.76938674737951,-3.26349883125653,0.885548725573506,-1.29044817112383,4.54074025062387,-2.33164283492221,2.33289346531509,0.191256446980291,-4.94218522468297,-3.68486020869735,-0.757693169702169,0.0659995525805761,-0.532560774235286,-0.413588718415387,-0.706700430205963,0.143393641998518,-2.77682775088883,0.378006631952688,-1.76040710075206,2.20672360535452,1.13521429131076,0.631757590791215,-1.18307605415074,-0.513145109271913,-1.94699948604649,-3.87053876866514,-0.177525885775541,-0.0930656549649203,-3.23882437724439,-2.82272464817566,-1.83930324220578,-2.34021886780225,0.636759304244492,-2.33200707934915,-1.20982119492044,-2.15800291700012,-4.80875394598313,-0.150686068775417,0.14673878826939,-0.168836850334298,-0.598329655307332,-1.06864118658217,1.66532374392972,-2.45122689285588,-0.234984580488492,1.82043664627878,-3.15122113279188,1.63367157622475,1.89313047087407,0.178714322496107,0.879187445034423,-2.29832960929123,-1.01189012417681,-0.437419949076006,-1.23603748670853,-1.23128628399364,-3.8325962735159,-1.22548250263591,-4.89295661032914,-1.27483522859007,-1.21246006784055,1.83012104605797,-0.720120882127759,-3.39409488875713,-3.04065863158266,1.25076966953777,-2.46244013071164,1.65375106250963,2.73104632306548,-3.8439807752202,-2.09462466184932,3.34488035652861,-1.44022638360641,-1.94169256760526,-1.19441833927373,-2.2699652781767,-3.34685081856914,2.7379847493125,3.84975291904979,-0.185312038095552,-1.96106391299246,-3.52709884478976,-1.14950452175628,0.772676442800423,-2.19264136294501,-1.79693579820268,-3.04918557678293,-0.0759457348703259,-1.59442977421648,-1.59889867051567,-1.19079142983309,3.6463642779963,0.624813222345425,1.15813938055242,-3.66487805882869,-2.92266919133326,-0.526737010500449,-3.31243422165986,-0.0950893622170172,-4.45227500433407,-2.54640451689723,3.45472855950494,-2.37948862675675,0.363375468945961,-4.8076176543008,-2.54299401980425,-3.99939346474068,0.735705243820138,-1.68649893291932,-2.0072488796293,-0.072474623039376,-1.27075965902897,-0.369290821128909,4.49303824686815,-2.32685531745388,2.10612439648533,-3.55983041815815,-1.83573170756372,-0.491410690222698,2.52670647799191,-0.399687251004703,3.07171259903741,-2.61111444708026,2.54979943486848,-0.986876946124124,0.843327408206077,5.37691231902924,-1.61716612808316,-3.58894708541031,-1.37688619585009,-3.34497839937329,-2.58769406223408,-0.69316050487322,-4.40002656299786,-2.97791486587114,-0.52522879198762,-1.00738504174629,0.194841432094219,-3.39282619914742,-0.0970440851075404,-1.8379029982769,-4.43720087195935,-3.6806370778836,-3.71679057772312,0.342702096280447,-2.48164376795627,1.9779273463086,2.50270471285946,-3.28969468099254,-1.01364680199776,-0.989315271910504,-1.13310478663571,1.75323661479764,-0.887842218962549,-3.00903217349905,-2.58911683425219,-2.66803471619438,-1.7094786165258,-2.37808489205448,-0.129925458702029,0.295890906892381,-2.78363350380771,-3.15066102409148,1.66596997265699,-0.916815095211659,1.35550954112314,-3.50140959021625,-5.34781272898801,-5.58103633692839,-0.27629638034414,-1.28667470642716,-1.9420385398764,1.47046096477958,-5.45657965491426,0.183239914565399,-3.47828788304589,-1.90483766813273,-2.24054344024598,-0.0431027059983685,0.650812004704729,-0.45249727474966,2.46690498214579,-0.884009089524673,0.764107866384865,-4.85564131649747
"6",-1.68297199908206,1.18402884957993,0.191319386158803,1.01988560552502,-0.554575393322767,-1.45081323698362,-0.607312043021925,-1.22610783965157,-1.48336443825498,-1.54362734715123,-4.7384164546237,-2.40832148837289,-0.868150771614188,0.868937587452881,-2.61635348603866,1.55693527865189,-3.0004350161188,1.61410730703817,-0.743312099198323,0.813794651097687,-1.90802323203403,-0.45715047133257,-2.42915161666282,-0.321998684421698,0.613244079235579,2.65455646782949,0.857173600065533,-2.74494517948263,-4.03845748369351,0.805369244543881,2.08728620093549,-2.06054588287045,-0.941156700116506,-2.63891895927163,-0.0224057315471501,-2.88005167972798,0.0708513626253335,-2.83838576937918,-0.0501763307309587,0.410819110136953,-1.87180599953793,-1.32839745140561,-1.31978049788969,-0.344299269221999,-4.20589904246029,-0.920206547436483,-1.373525850153,0.577373373586803,0.272734482773712,0.976587630581349,-1.56308653421621,-1.32921236628049,-1.69367708225739,-3.30937503705436,-2.62990803368804,0.380552696344284,-0.942101103395438,-3.49860528581669,-2.06165092721973,-0.831567790484799,-1.74122782344164,0.0838847904997697,-2.47165929301627,0.664747790449511,-2.43781781194678,0.101552742945126,-2.40475679796376,-0.868463540685384,0.625077584290749,-3.47066574276723,1.4261015901892,0.183726003611997,-1.35824161853728,-0.268821473398497,-1.03400949348967,-0.99699376994616,-0.711228560593278,3.34249707973305,-0.502552081372364,1.94139403176124,-0.295670856530293,-3.4148187825775,-3.95647498623965,2.78148358741632,-0.60713876649828,-3.4726445708273,0.652958191424639,2.66864069479958,-1.93757109183509,-1.45071389583846,0.0878872004717006,-1.65666244201916,-2.68541669666182,-2.72118523858473,-0.699784098936956,1.32162706118406,0.0534425069532583,1.54687428256346,3.19120661477727,1.5841523575012,5.25278461176078,-0.887584690278777,-4.30612147763182,-0.653089371784431,-0.227296780788437,-3.51243480827499,-0.59847841320091,-0.582574522674662,3.15237009538581,-1.73318403003369,0.364550757188084,0.786203065877952,1.43994885442665,-3.61780358190366,-0.915871923504481,2.17176236101636,0.973461108270239,-2.54314610751483,2.79398362311442,1.13846622766518,-0.534406224641429,-0.50898507494825,1.25026124077131,-3.37818397546737,-1.29856639534466,-3.01514255980474,2.82526137368238,1.37038745601967,0.32829795865378,4.33159918370456,-3.22940177970514,2.16473523584669,-2.83167013881544,-0.421942541173704,-0.501729193535717,-3.5387173993544,-3.35856830211986,-3.86316934656234,-4.02336650447151,0.551974055485556,-2.79460964404772,2.685985278155,1.87950123654211,-0.631083249233396,-2.93251937983198,-0.363041037933319,1.59083474051068,-2.0864228544091,-0.547537786154407,-0.901392026589891,3.30347606279744,0.187597853141348,-3.52611975514084,-0.524985234696537,-0.470120283020116,-0.530094680938558,-2.62979090171298,-2.79778343236237,-4.49955677882237,-0.388426329365594,-2.90005734147942,-2.20500626974862,1.34039482275133,-2.44060902870938,0.48615175058189,-0.294524960371383,-4.28766293569835,-0.901507132873807,-0.796821123730715,-1.35216927730195,-1.11070205014262,-0.467244408040808,-0.694743951824764,-4.72033356692591,1.58170621907451,-0.388644247720515,-0.823052829109916,-3.72027812911359,-2.62529453558706,-0.145307909832204,0.478986976691566,-2.17426629394445,0.950144012703638,-2.8652076398899,-2.76742083300505,1.13690445383974,-0.44286342844362,-0.502391922909005,1.60776920578032,-0.414812737926794,2.04854941834537,0.142926968653995,0.479441095005677,-0.713017350643322,-2.45386625481048,-2.44016299987283,-3.42159763227471,2.00525966990415,-0.434015494847891,-3.6534435431269,-0.49221384653857,0.495679647345888,-4.88069769241576,-0.0316891452187605,-0.136424517034385,-3.03304548191139,0.141755952513217,-0.00252928455218693,2.41402053144806,-1.77440091771383,-0.00849507572703856,-1.31982542837288,-0.18244741784591,-2.65700053231147,1.47368097589394,2.12971385366851,-1.41728348411503,1.50247749500985,-2.32966817068984,2.54225441393718,-2.0731819399024,-1.80644841697902,-1.41276899080568,-1.71920282297095,-4.00444908706976,-0.192840146268242,2.55304867679852,0.33989658988067,-3.39836718423278,-2.88741893961133,-0.518333738530228,-0.105460478512108,-0.182824002877394,-0.970059600410211,0.724511984419414,-0.485472360194145,0.252061222305722,-3.21415700669113,-3.73717492389418,-1.61474510574386,0.629317680607931,1.40712459282325,-0.453168461557169,-0.101874878107894,0.545407747841774,-1.2676274264365,1.94773393329414,-6.05919162970995,-2.45983223185487,-3.55617547445717,-0.863362732792515,-2.6225487635391,-1.63834541965021,-1.57985785285326,-2.30612069762998,1.55509718590201,-5.55281076439288,-6.85219428845791,-2.18805677768152,-2.45768644089865,1.25178212424251,-2.61341641048283,-1.40505583326214,-5.72721493010006,-0.463643675102322,-2.72958814768166,-5.5382050113013,2.69090512936425,-3.80979750239765,-0.0646078492792546,2.7499283239629,-5.71458010685231,0.755862148659148,-1.24398914140395,0.776606078154533,-4.24397381106396,0.542635202334121,0.133082862279105,-1.35251262902552,-4.29274423056772,0.1539434045851,0.484935858177887,1.15015516108309,3.2269669715817,-0.664375655737032,2.63666848745733,-0.556538843264647,1.51278167546499,-2.9494779057259,-0.93404059115695,-0.559555406195495,-2.96730582452962,-1.29872347359534,2.57519915163001,-4.14710718979283,-3.48037180505069,-1.38313230298781,-1.67902266543353,-2.39423803063326,-1.39530334671148,-0.943130694471605,-2.59171566586356,1.04094704739107,-0.649312604182351,-1.16036731737585,-3.25920569757744,0.314679745783315,2.19786480017964,-1.1336608988646,2.35508597355561,1.59269186289221,-1.65051185904881,-1.29229612519987,-0.932323062137139,0.732345391610911,0.397847832095463,0.590234309705597,-1.10025185437449,1.0839723748715,-2.8602190032048,-4.51283850653889,0.193915704452563,-0.771387487812832,0.58748042532815,0.357003984965759,-0.991660360340958,-0.782998282549513,-6.7436611127322,-0.0743061793777375,-3.4697561831264,-2.80229417454662,-1.62484108246646,-2.00809001658084,-0.29910890350674,1.25663637280297,-2.3667090819065,0.724431982927082,0.426691366322204,-1.86708249934918,-3.32901070305797,0.569415082682733,-0.442413697092313,-0.442040237024128,0.532875384228842,5.16206940585602,-2.26771718552194,1.9931195244252,-0.145744168940397,-2.04139503640718,-0.304985349399401,0.906102442511812,-0.941936561667233,-0.248979089799159,0.0950556864943279,-0.233728761247164,-3.75630658096547,-3.06396250024402,-1.24385441809223,-1.4466971309897,0.0570798150349403,-0.101872721028061,-3.40919360527785,-2.70188245579747,0.0864392682916868,1.0315690442104,-0.453700129937331,-2.93990098668548,-0.705155489087678,-3.95441806523947,-1.25761513996373,-5.48607943613988,-2.11156212138244,-4.33575599158012,0.140939213775546,-2.42905460331032,0.383694163699294,-3.8964683588421,-0.0894121067722038,1.01249366357318,-4.18189204314359,3.34099322389436,-3.14185227832324,-0.737214756393067,-2.89379221886838,-1.1979605951027,-0.947839722944901,-2.00599505887649,1.9186532717977,2.11729289495059,-3.7928513934036,0.669100105115843,-5.11860270143251,-2.73842255193015,-4.30964482533738,-1.87954369536701,-2.97502899468373,1.0129649281463,-1.02148316828102,-0.731364388584005,0.107127913524381,-2.56529627310321,1.03475877971572,-2.39582205105541,1.7086062477048,2.05693716734305,-3.01767827261467,-1.29869277969234,-2.30520588564938,0.540671495749059,0.390968302859594,3.3089097419861,1.4755449677584,-2.33018457291425,-2.21637094681902,1.17422521654021,4.13069383695922,-2.44788568586437,-1.10647138992477,-1.33557875600893,-3.08713662980246,1.76594343340244,-1.27679651533724,-2.44159795151644,-0.190070964900267,-0.926683247072321,-0.231843154141125,-0.842270774305336,-1.15988809715479,-3.11002935917065,0.00396107671896195,0.71343939255069,0.0221200616539907,2.2679660121872,1.36342475820843,0.346779385267973,-1.20520430930043,0.375778492937065,-1.64645333762891,0.792786987719234,0.513223474436929,-2.42759517906985,-2.66155939848129,-0.81574104904832,0.448343322982074,-1.77212047849218,-0.822416229154502,-0.658499490553598,-2.55269859856274,0.909652394372586,-0.738233895737361,5.68848531470904,-4.03276884400261,-2.60381990200194,-2.02265691572731,3.45222029808327,-0.654173477389403,1.31063477925044,-0.799023256086467,-2.1516820799653,-0.106565926528704,-2.99503031231048,1.63707319886645,-1.31014087632139,-1.82921612202222,2.7589420351716,-1.51136681591411,-1.32555407150976,-2.74424537181051,0.328701275302726,1.68052957018565,-2.42788865405529,-1.09646052139232,2.7087487404587,-4.23534856979966,-3.01285005812524,-2.09692517696605,-2.81936057360151,0.555691635182897,-0.397278652705189,-2.12315803256087,-3.34619096381023,-2.94974522557153,-6.38732606095242,-1.14223093759696,-1.49411138312549,-0.845516864837693,-2.71137900825534,1.21788047844491,-0.380978062651235,-1.61861142786957,-3.87902614812265,-3.74384382362223,0.557823412477881,0.187506416554664,-4.87393047078549,-0.514721836869362,-0.304089417437449,1.66065741241343,-2.45473562436868,0.197008170393706,0.235049540286437,3.00226878417613,-1.63190270875585,-0.284976926803977,-1.55515118317049,-1.46542693155018,0.412326123413894,-2.37977780646366,2.09479883055507,-3.91983713927603,0.999814455978738,-1.77491201169154,-0.483719382368594,-2.71919303127352,-4.26990205839,-3.65969805241741,1.62078618646924,-3.1388763162995,1.87532030418718,-4.22005694854754,0.323651571489071,0.915177972087407,-2.77042517518784,-0.13416049993507,-5.36663829421922,-1.80769257617371,-2.68792561328917,0.653005333691448,-1.33083771212932,-2.64824213328835,0.0571406624715014,-0.96978274348252,-4.13099926750722,1.79580393126772,-2.98123406678425,-3.14555255035184,-1.51152970911108,0.614363826721287,2.40532029788891,-3.95277581526588,2.3477812806538,0.108158934057794,-1.9355147345536,-0.765016493271759,2.22637078260617,0.0425289054493483,-3.38658031907138,-1.51725553777036,0.225450027874282,-2.15763468530439,0.382711210783454,-0.90038898962202,0.745620151298304,1.1027884166415,0.921636710905009,-0.0632659712634055,-1.64993623031249,-1.07243298288294,-2.00922846877065,0.101523335783665,1.3440138921982,-0.439209992904473,-2.73967929662139,1.05869766742716,-2.68704518646388,-1.67788078800017,3.68895274725497,-2.18979263094564,2.24749965448291,-3.88750469600935,-2.99380515189798,-3.55253976626497,1.24578582696422,-3.18087547351401,-1.9236266842059,-0.292035514923628,0.911635519587809,-5.05964162711641,-1.72448638810899,4.15456652733,-1.24866520664613,0.286711986557077,-1.06418844719203,-0.837157804707477,-1.39299937637552,1.20711208194152,-4.5964483541113,2.25435936454451,-0.512783240516809,-4.90042224518892,-4.0777185974795,-1.54078207639255,-0.571791849448925,-0.493750114011638,-5.0617278428265,0.0576265058620309,-0.713998273092225,-0.328385742583844,0.393377344909266,0.129334056140308,-2.66651105685424,-3.24073494774282,-1.86113301078298,-0.209126684632722,-0.0083611096399695,-1.45050850418686,-4.40290038330654,0.429362660752352,-3.00024402028844,5.12934122202613,-2.24039738596359,-2.06965856595221,-1.87318133034519,-0.598941189003953,-2.54611033017678,-2.62995889995521,-2.03905557076119,-0.0565369717698005,0.231841442896104,0.79370105711961,-0.916908781579083,-0.454758417299204,1.17802893110831,2.00570007035069,0.162371454516465,3.40603370319546,-2.23096015775322,-4.12052010938053,0.820839396521221,-2.85741580476706,0.224993813252444,0.610095545854915,-3.00761394195575,-3.39426516303656,1.41821151419091,-2.25993927169487,-6.10195859230273,-2.22135301579632,-2.26436736751298,-2.00117245753438,0.351448151493507,-2.64857336678229,-3.86261932744773,-0.668792240140709,-3.41355137715549,3.58076729687801,-1.69539402486791,2.25231491337892,-2.73908185194291,-1.55813250450131,2.92229100531449,-2.26774312391729,-2.59537920369212,-1.46302956298499,-0.259509237089905,1.52932562981864,0.833922280563311,0.899053058979103,-1.31889575186849,-0.944042399752504,0.475122810395946,-0.865025737489511,-2.9807551059238,0.255275042015446,-0.996810117944472,4.51432052936118,-2.25473613812256,-0.877061789248599,0.0242277323417175,0.909262348770872,-3.33280699064903,-1.35206342109261,-2.34339260128927,-3.03445042792173,-2.02022580618982,1.88241050871619,2.54054898271246,0.748899640366091,-1.66745511340655,2.57976509323828,-4.20437817179096,-0.443933231083662,1.6719987160061,-4.40366830337703,-1.99656320297443,2.13589475636743,-0.355552626373206,0.794172806696106,-1.35273506028651,-0.569757941044763,-0.686897637845959,0.928085936301649,-2.95298065827157,-0.91939131180177,-0.138455119558656,0.856640716998609,-2.62352726487255,0.599665441097286,-0.757995741621143,-2.17357491144299,-3.28555414273699,-1.35289812011881,-1.32026932050074,-2.67252087612798,-1.20778150118982,-2.37482516294539,-3.00466683918792,-0.443034046863416,1.91680650107619,-4.60783024652311,1.25942442297451,0.246244445460738,0.378716085228419,-2.35536359463455,0.188172323826457,-0.618948185219569,-0.382785406990466,-2.36067598392685,1.61014425133705,0.120254256585642
"7",-4.89564850765803,-1.36631561023193,-3.19892494622572,1.18532712615528,-0.646730542322506,-0.344060946138051,0.658402453192733,-5.93497018834467,-0.818821569295199,-2.37326308908779,-6.17916685639311,-3.66843918805549,-2.53435298336125,-0.519917138947589,-3.86869908510999,-1.46608229871179,1.08390794469329,2.52667497572124,-1.1061017562597,-0.14647881319509,-0.801727288753878,-1.41833907609834,2.28284678300219,-0.364575243765831,-1.59151774523674,2.22804875975781,-0.752307627851478,0.835764990381871,-3.03072503833574,-0.108340543349577,-4.37769414624572,-0.546656748957999,-3.00058018582605,-2.11948643551136,0.196973745523499,-0.396408885922858,-3.51370473077879,4.2282510330641,-3.29056346269982,0.380533989893052,2.24104291141316,0.869522541839624,-0.69494035294314,-2.66724761948428,1.90010750528188,-0.590672751462834,-1.83605671304828,0.22356933452397,-1.03217078196198,-0.143489484864348,0.187429951179256,0.262151360489064,1.08104308629954,-3.29464917435008,-1.35119833812538,-4.43536593472636,-0.311932218265373,-2.99060744089644,-1.84315097787278,-3.97630415566215,-0.210531643320971,-1.70045606007915,-0.0811021524087857,-1.08966315832831,-3.72022081591102,1.8355454032808,1.28901878295507,-0.0330425403434761,-3.51372538804271,2.12750447515448,-4.44075693932397,-2.58404990982455,-0.812637163291371,-1.41279401562088,-4.44930509329258,-2.05513405702254,-1.33322171058935,1.01585280738738,-2.70067330675548,-2.85924370820418,-1.23556527501555,-4.09689363924268,-1.88607520548606,-1.04387491182504,4.13718474337933,-0.364073694374106,3.51179636924416,-0.956017759112619,-1.08644477773006,-0.3980454146692,-3.64116948675971,-2.88827184826446,-0.710023162518388,-0.659056870200211,2.13128405565917,-0.541908411815794,-2.22962974420136,-3.5332501685537,-4.75891808758322,0.452063152014425,-3.66929503914239,-2.32621685320647,-0.203595864790419,0.0352749013397224,-1.32743616534849,-2.74422767649346,0.912862982530078,1.0968557018769,0.440589147891624,-4.27946781056752,-0.37063657392943,-0.309991787333226,-0.0352997016661811,1.17266031014479,-3.69138889872516,-6.60033967857874,-6.82623398026243,0.476461199882254,-5.08291946573905,3.90390405703723,2.40832591498716,-2.04372837396231,-5.51278913388415,-1.73232515325505,-0.34269090500213,1.1723964997811,-2.02013365113537,-0.509661973643298,-2.94608434677436,-1.31067370259191,-1.45286337708382,-3.85053745700939,-2.15535472864297,3.19649736337359,-2.64454830380638,-2.52449027207884,-2.0551386523818,-1.36124977779295,-0.451806361808285,3.65552017350232,2.57805700654479,0.932335932954909,1.00320044711774,-1.05666085269691,-1.41273523981732,-1.84962685696435,-2.37835264685327,-0.297276915780704,1.24975627427925,1.78363487005762,-2.28951013219765,-0.414126339844795,0.0470330968083965,-1.03814273277712,-1.6983162699009,0.806656318500251,-3.61752827881022,-2.56627683946928,-0.636231579848096,-3.18296701230531,-0.326721642641948,-0.54118806508558,-5.10383388986074,-1.61985647542984,2.55665623686615,0.5857528655769,0.422519993066762,-0.0854231111455338,-1.07996295491878,-1.50574331001841,0.979185406009513,-3.08761300555379,-1.9222345145855,-1.50097244900467,-1.31230873106837,-1.03725867599738,-1.35848690537946,0.608042603359237,0.0129792489008294,-1.27549131960859,1.96429363116641,1.59800018579726,-2.88519543278517,-2.66365260022906,0.917439626828421,-3.99797475957359,-3.71316564761051,1.26489321114233,1.83948906196909,-1.49341872278935,-0.689258515378114,3.53824083625972,-0.256690096703998,1.89129553310058,-0.808253878385536,-0.442055111369281,-3.72387491813297,0.214087182650893,-0.779648282104167,-0.574810343276461,-0.660946204187272,-0.778798073560396,-3.68573883702751,-2.97243927559785,0.00537021478681021,-0.634960207029806,-0.165791635240479,-1.90700449019503,-2.28875316333303,0.648269533035815,-0.203203456416404,1.29188681116146,-0.0472990285743632,0.680367548683408,0.903764932400208,-3.06875861563002,-0.257645993986543,-1.21936718807576,-3.3478935985965,0.360668616660302,0.425314293669416,-1.65232162391796,0.781325123552938,-0.28737589791926,-2.55376262418843,-1.2839089328733,-2.10398335048394,1.55982666347175,0.345207833427268,0.587874661549488,-1.01201361259251,0.21927076961437,-1.68419592832769,-0.602092573214987,0.828013916069579,-0.000448387734982125,-5.58669452778879,-5.87818230327901,2.41541476378425,-2.57972598211887,-1.10611148038529,-0.969356025657868,-1.51211111963232,-1.01034110208467,-0.17393374383059,2.22047863604698,-0.673582635940616,-1.17381073057491,-1.41177788723742,-3.00503641696699,-3.30862611350633,-2.54998407129813,0.626384839673876,0.348472422553048,-4.8414792704365,2.23642305932487,2.51562294946591,-0.0548089011798929,-1.85015126581231,-2.10995208763925,-1.67962484006916,2.22368097255784,0.82067442839536,1.03477722270553,-1.30674067692309,-0.0188972473884796,-2.36063314948459,-2.12482027226945,-2.66594405083931,2.29433922668804,-3.25584321192461,-1.13576295973265,1.04867362187462,0.0276933578040472,-0.886870909131963,-1.5712671382594,-0.841329047564288,-3.78770076502473,-4.6676583392615,-1.2064893725735,0.863885767803457,-3.42447685471679,-3.10685642767189,-3.42359318010737,-1.30161794194352,-0.381077066791273,-0.193678481164286,0.678890458860701,-2.55531523146201,2.82410636283149,-0.554214996308656,-0.774599766447165,-3.56007475296591,-0.137632239275173,-3.16830972844138,-0.952296876910186,-3.13034496670637,0.932584640299434,0.577978065480985,-3.13424179549565,-1.002626635787,-2.5289580906199,-2.17152192205718,-4.04760477504423,-0.176879928864501,2.41125832341154,-1.13560450941772,-1.70382458881027,-2.32012855638441,-2.4901816930925,-1.52699800637098,-0.0393552480489843,0.590394111990253,1.25400639821882,-0.942237680361517,-0.276781527850709,-1.56667509802205,1.31494316513995,3.42433358143406,0.164183987622245,-3.61261801762648,-2.5184229414286,-2.07296952587049,-0.766992029897461,1.58360451078134,-0.397480681826105,0.746344943286847,0.491020117795613,-0.113418955012545,0.333731635737367,-0.619372336187028,0.468167050138338,-3.50257185412981,-3.12325058383385,1.92402731082024,0.526101075439577,-3.27744524628875,-2.59820394490466,-0.470535878219392,-1.45443042579782,0.836738838254484,1.03147095940612,0.494794057730415,2.22205708561429,-2.75612773509856,-2.67820605844954,-3.42543661477077,1.36487569426386,-1.33147481587265,-2.41911028321202,0.985042238693314,-0.99409176235182,-0.195386315338477,-1.90235045840984,0.156742612038278,0.616996476798834,-0.746866371172323,2.15800339075439,0.933234272542276,-1.58145871652876,-0.067212479001713,-1.45988102383186,-3.2619693350596,1.54763422630085,-2.11044175771347,-0.379068049967967,2.25271483671849,-0.911020043084001,1.88692353056091,-3.68347488464883,0.450466203275896,0.0231893792601408,1.37218940158574,0.977080391507134,-3.54538879346174,-3.2991881746215,0.18748277387307,0.952941462674338,-1.8414568490788,0.805764035320881,-0.461415442536253,-1.12854149584225,-4.47550362636873,-4.24392454103016,1.24927094064803,-1.56240958980412,-3.59212657613101,-2.268681863161,-2.09110044738673,-1.603846948355,-4.90332004194723,-4.75058635007946,-2.25610614997298,-0.516504903112066,-0.62219593824519,-2.91664560438498,-1.31731812154725,-5.51171717081041,-3.60403736780231,-0.330822250735749,-2.54926151097466,-0.4938963291314,-1.10343141403195,-0.652161077256352,-0.627594862763612,-2.28425885364123,-2.5664373002567,-2.62003674197364,-6.65561907721554,-6.97604618987763,-2.39965469159262,-0.186545597639188,1.02819220690332,-0.890275158980247,-3.9142125216088,-0.246775940408098,-2.33476211485004,-0.976638566216507,-0.0185501041953007,-0.416718117048109,-3.39931537361126,-0.875791801170953,-4.6224057678415,-0.507259729872257,0.445279699033837,-3.59894574209668,-2.75059749482419,0.391185474247296,-1.5607552678106,1.07727249330208,-4.67574884213412,1.77439140427525,0.790164694942208,-2.00747158826094,-1.93250491289558,0.888318542332955,-2.84061192251578,2.54260837624319,-3.58010146438349,2.55234518912506,-0.195981449912033,1.78257018610932,-0.470850046012465,0.35372781589978,-1.55480437605111,-2.06296378705927,0.235944700239439,-2.26313224633001,-4.71474708672365,-0.428686665652323,-4.91644838742163,-2.74958569775016,-0.0778110878461229,-0.397380604173664,-5.34709320776493,1.57515633478107,-1.18432713064299,2.60983609313823,1.54032006815197,-4.6069453660058,0.640499629477662,-0.747484224754341,-1.26663309880625,0.821576850687013,-4.28343792583459,-0.875438384012144,0.337976306441763,-0.447675468967918,-0.150247073402783,-3.74062226330249,-4.29312467748233,-1.72348245219855,1.15699030979732,-2.79150937915817,-1.14117519733208,-0.606804065875143,-1.23495039495473,0.460909964621025,1.87258822606568,3.99083154297742,1.32109557318991,-0.0714328463503711,-1.79361286932642,2.09769369033998,-1.20036198632004,-3.87471349415389,-1.6568278762749,-1.61692274148115,1.30040686495968,-4.13718461854669,-3.92319069019969,-2.97068045171548,-1.59568742420734,-2.03581824593345,-0.71243615221102,-0.571613058532154,-1.96850694186659,0.462270019343725,-2.77369551996533,-1.69712071063131,1.62435502464793,-2.02542137117541,2.17380826567768,2.22637176810049,-0.269494256049983,2.08649864697049,-1.8460515958279,2.47107617505183,-0.50151376552174,-2.09297820258318,-0.00436352190377476,-0.454351368085125,-0.795965235209043,-3.39387791538934,-4.48107919747964,-0.88720280023168,1.91996006348544,-0.160632757902756,0.498552637116297,1.25820080998379,-1.95485667475298,-2.30705036919449,2.00440412428414,0.923900638370083,-5.72345325275657,-3.71304975174013,-0.0319585160227264,-2.39602001097389,-2.86496588482294,-1.50877156799917,0.242552602599402,1.08932035754375,-0.114520097773407,-1.14433580211288,-2.9473492789655,-0.186464061036163,-1.44704792870918,-0.48458954641399,0.621530948794839,-2.8271104071025,-2.46232220338325,-3.23125682588289,-1.52858792096336,0.360552290220562,-1.92433041142169,-0.883160301352792,-3.10385781263516,0.828925765950498,0.0834360049038261,0.480511900860368,-2.4818034331001,0.060120918501358,-2.16759864435807,1.21496129280432,-0.596594791931206,1.47099275771973,-3.04356394137275,-3.64919011197946,-1.86615558845221,-0.826958533617594,-4.27789844289321,1.99439497585626,-1.16056397014387,-1.56465478837724,-4.10290470896913,-0.880946044796136,-2.48005110502604,2.3923598727283,0.200534506955576,-2.25230231090675,-1.92357975305177,0.7585323216459,-2.01789483228799,1.99642088076703,-0.942965829286549,-0.448504961329348,-3.28936190040543,-1.18794123095188,-6.5130711276681,-2.11870343101055,2.16865649497529,-3.22563091544183,0.793649379661091,0.429960223107444,0.320357205337012,-2.02146572258736,-1.44716787136935,-2.07509087105822,-0.25068232584423,-1.15518735159634,-1.18984449984654,3.11708056908239,0.36876963230097,-1.50167685616874,-0.447152108668769,-0.116176826087558,-3.20117078479113,-4.3043997396925,0.456117948408173,-1.2075844845495,-0.497053358603286,-1.71330209958891,-4.92681092985935,-2.07853399384029,-6.26952712444531,-3.49126783350116,-3.49163448256168,0.576857928271664,1.2055737425538,-2.0697416649477,0.0983108327759104,-0.13850364684656,5.37056496855044,-0.444873971060139,-0.61825451693061,-0.17610511344505,-4.72565230533154,-0.780327732066144,-1.71471634709218,0.989959018839749,3.51228734097328,-1.60295600392435,-5.56259886637687,-4.99185510152236,-0.845257154642513,-1.22686338969644,1.46072002626921,1.19112935252529,-1.57069964731951,-1.40711071914037,-1.8168668143833,-0.757748011378957,-3.36705607196111,-3.03275874954658,0.877611397205948,0.0846880344534293,-2.42942159972243,-1.72833915919006,-0.505493988976276,-2.60737242979738,-2.15021261604674,0.578954457969439,0.615040776511504,-2.17419543689634,-1.18558384218023,-0.95931784122492,-4.59727967596206,-2.73144732263709,-3.1538930531187,-0.465691801603041,-3.50552732056387,-1.6012962915384,-0.491108126167174,0.06077715327819,1.52638418595694,-3.17994086874053,0.602964086848863,1.61248054678039,-1.2987415269521,0.377297763082784,-2.9176126707346,-0.0149058123883994,-0.11933233448933,-1.11206960715206,1.10872195540513,-0.920491009361056,-1.55347507916935,-3.89636216992392,1.39489504971276,-0.281384051555128,0.222306962773318,-3.23664187964366,-0.913080286814431,-0.526409365418015,-1.02181437576508,-1.43768933630972,-1.26195265486217,-2.32288884697761,2.00045573246997,2.48691395034051,3.72443830436588,1.65800992496925,-4.34659610341781,-4.9013232669938,0.475899533600394,0.148312437420908,-0.0781494494958722,-2.23512518691255,-0.654108342749032,0.155413657481495,1.28889282564903,2.55658315141384,0.289761447674243,1.69679669616907,0.563292998338004,-0.24527512720315,-0.086436622291029,-3.4486031537581,0.730085015692359,-0.35722326247243,-3.33872367791216,-2.09280071447524,-6.49796184332777,-3.11720099903372,0.28344091105721,-1.82640794418763,-2.4001240134482,-1.82351745498683,-3.87774417166599,4.2837721366268,-0.630757377073858,-3.03280155165652,-3.00524489393107,-2.25619592082562,-1.76010660192668,0.101600068134871,0.501193629557478,-1.23381879735744,1.69826205613488,-0.22654226096027
"8",1.26004475315725,0.622174212898857,5.29598151328768,-0.845566142425521,0.920611011189111,3.32761976993875,5.64756941225896,1.11467462052943,3.79922573527483,3.8540808438175,3.43433341322294,4.40329783922006,6.00080308528948,1.67569666171841,4.95323038254944,0.845701308515848,5.63241446244843,4.97115615446758,1.42220397675906,2.36062604691005,2.90511864684189,3.25857549355598,0.652686514906435,1.68500068803566,4.12969481350551,7.39443730062697,6.09834638493346,2.30643701064945,2.96365939346504,4.22054902881374,5.68396988292542,0.858338819980447,0.864471455813609,5.86094148462324,1.69636697962893,1.43635022022088,2.17130342215556,4.54886474803201,4.35951948128013,1.17055064545644,1.11550844758463,5.22206579134901,5.87000747319714,-0.0814548115142424,0.529889304920765,4.65867804028028,2.71517380648844,3.43507792436387,5.64266031354288,2.5524695704373,1.71788375269618,2.56341142138796,3.47422412652382,2.69180040247602,1.54046584862082,2.36679485310523,3.22783491615058,3.0328033134807,7.05482524558699,0.434195932422847,4.63476681848374,0.56506241075908,4.70048614914248,3.59820807504476,4.50150801199069,5.22469466811586,2.98457814587568,2.64785948111406,0.0993266462505997,3.14140208884117,2.1755084800775,3.21899223271577,6.12657019564959,1.23399717228788,4.63247016638369,5.14138294047453,5.033105680003,5.25684358069306,5.58168628448201,3.69064223806904,-0.191183223722042,4.062905950159,3.89147571184994,0.48842169976292,1.34505653215528,2.9724859262019,1.93839299712758,2.02138374180761,3.22223243299176,3.76236830346703,2.58401955913809,1.61580216938703,2.58782826608765,2.4924556980182,4.1111848689929,1.77597663257412,3.62196738781816,2.12708183570141,3.59445245081873,1.86229616298143,2.31653389053322,-0.788689192689161,2.68251603415721,4.39634709302106,2.28018073481233,4.78121489793925,2.47439398868156,0.873713571462219,5.38122905124846,2.86993005628425,4.04506067324652,1.93109378560199,7.53854500618715,3.62524304670983,2.17055240918716,3.02596739696133,6.36647015240415,3.74862963109657,5.0863895615448,3.08168817348781,3.18573780984427,5.66760139671901,1.64722712167525,1.89550652884696,5.36384920959783,3.65197379878196,2.85538992579641,3.83612198187068,3.04862266765261,4.5480647948437,2.04263739764588,1.57023618637598,-1.06012241318804,4.60250010574143,4.15846545612721,0.823331112881001,2.47954612869704,4.65239353880806,4.07103489879029,1.89589845928134,7.52598104753121,-0.0777700670614232,1.99396826270237,1.507934953215,3.35065838314481,1.67297957154724,1.15536544153417,1.51952849825137,3.4467804304973,-0.979238505934534,1.63196296950582,1.97689923685321,3.69927112304889,1.47663386126247,2.8407487685019,4.87907851976001,4.00625218738685,0.892892602709023,5.74672575665961,3.26841439752329,6.44598807588654,4.94393927710728,2.24414549385495,5.23403247393757,0.738871670561978,-2.42547009039988,-0.151268567088016,2.86713357397042,2.96856112074503,3.55438669802907,6.10537031233407,3.60666371494112,5.4752955129701,6.62486650771387,3.56613979926685,4.71795160607829,1.31681795168579,2.76282957626019,1.84466503688108,0.586222257167365,0.925411268549443,4.48183404274966,7.13364319687032,2.71867427495182,1.64628649369172,1.73862292932794,3.33764711350817,5.03537554212779,3.22908905327488,3.57586335718735,5.38331321761635,1.78586993070015,6.38554207126488,6.33396666898651,1.98687344628865,1.0612048306052,-1.70881666507763,4.13636606722017,2.0513309824119,3.81811637242291,2.89834399586623,4.38069057562022,2.43728760286116,3.89564450265501,-1.06175164113982,1.71395918887907,3.06965374776192,0.510078571101578,0.283881067781995,-0.757828068860997,6.71879064399841,1.06753296883186,4.20078674481035,5.72223147878742,2.76299385064808,-0.00474511155351554,-0.260815947702115,0.954272605073117,-1.08659293643891,4.55433966577346,2.62095136458717,4.25799486266797,2.11452257281049,1.89607248768959,7.19364267892035,2.36153251683686,0.967532301317409,5.24298085870605,2.67808843278897,1.73871471762849,2.16726256588491,3.53671927304144,1.28272987755808,5.21826626673872,2.1238844199807,4.16452203436771,2.68025614235869,3.47063518226504,4.71968333451139,4.29964726619223,2.72293286038477,5.25834892577964,1.24357973832298,3.16445417268983,4.90283080136697,3.37210853269254,4.65386068912435,5.04138784511477,-1.65128743606672,1.94195067189904,3.95360156914561,3.44272563172553,2.1828192005596,3.77114659352273,1.25709597401526,2.98519130838931,0.91056939571429,2.05945747399459,4.12623187405844,2.1945953327464,1.79056609625291,1.21075498159925,2.38323457171573,6.15065385064721,4.9271296454982,1.62776754876695,4.60904995186587,2.5312444655369,4.0576615034946,-0.80893411644276,-1.77416684996222,2.76105531267284,-0.737475582547108,1.69700918105921,0.982704807167983,1.9514894868199,3.25701169908302,2.33511542360193,3.91184915212741,1.28307908696312,0.951716406734599,3.4955477256248,-0.548605138423284,1.32825124686081,1.28488481379185,7.79510755066304,1.41429816399422,3.33858801021365,3.93087249512007,3.07199055636285,6.03159569538733,4.16364252799033,3.87473873782221,5.0460445935426,4.95757221176032,5.0741919717186,3.10972897178521,4.76320601108234,4.27836917043883,0.504377065605851,3.13980597736555,4.54152595595055,-3.13781813374867,4.40590102824355,-0.647640175082564,3.98983205480657,4.09774407694372,0.252643445889457,5.05083770673455,5.79683205768111,6.1778530891269,0.578587607849475,4.26322472447995,4.95545467713408,4.82258724211156,2.89446794276435,0.938631669657854,3.15667108241089,2.36585866725457,1.96994072724406,3.60583636428721,4.03494692029565,3.67491747595063,6.52617584475549,6.55764398338226,3.50127217342284,5.9659916767832,3.72444207128754,4.26652055545964,2.9779448522257,2.48473243696878,1.87269307583103,3.6436559271024,4.73745173549722,4.21378732652197,7.01503072479249,7.56125593588732,2.23765830298521,0.361786360328385,4.10993315269007,3.29297169471934,4.21671745655174,-0.0556910697276045,1.9528855782894,0.548159782101998,1.84729015599549,4.60160620184447,0.735630507265183,2.64991532072733,3.60095801632452,3.33333563946446,4.6057128304025,3.45659240984973,2.42985864625472,0.270437017289265,1.82844431699541,0.483809191081765,5.06338775373951,4.15006984040676,0.945772861053266,0.253452427823298,2.89087365213463,3.61945282124821,1.14947970572459,4.9569631524409,3.95101660183255,1.77678800472602,4.14979608882656,1.87835314523346,-0.210834293435143,0.167724253868663,3.64606829588558,4.1608116599775,2.08321209575191,2.59661350717846,1.38597019495723,1.10873602068921,2.95661921608464,1.9863110447167,1.25121498425835,5.34585841065313,1.07181116806735,1.5265539437658,0.942407765833511,2.70527423842476,2.64357952078554,4.96602411459154,7.26151895845369,2.72222761742387,3.70109143330592,4.33689358204365,3.92690907633656,2.46205195361165,2.78973135497803,3.66758392118775,4.77488255809356,-0.438708040096485,4.08415330089167,3.90448028064138,3.30106137286821,2.24476727122235,2.98862690306224,0.207744168599893,3.22553717240113,3.65912388909602,2.59630917052964,-1.46902630714448,1.78294458852702,0.759973506934679,-1.13163432205809,5.68304650234126,-0.914185424532977,3.53391979968644,3.28348206614695,2.76188132710815,2.76349735240937,4.76178679246038,0.598487768405562,0.0363709229935791,-1.28464479996304,6.04478714986689,4.83637940764813,3.06454359802795,1.54236513446555,7.93728672501722,2.1992101211835,4.49922999877755,4.01398652820673,2.52738319231205,2.28857472661643,2.69660875210303,4.52046637930578,3.32389047866497,3.14091841449213,7.03053034114602,3.7778140228738,3.91394931250971,3.80547622362482,-2.5260097180065,4.32734249322069,1.3731150373197,3.78577437194339,3.51821463806603,1.8960333146371,1.43531017063928,1.68466974660838,5.90503528283686,-2.83256765576089,5.27718416410836,5.91439080978972,1.77029011778408,2.47984145532377,2.09163941567729,1.28541631214556,4.43151167291515,0.93340903757338,2.57348309393569,-1.09275052500011,2.8235023182212,3.56128951264992,3.79124214528672,3.26703286231925,1.25732617596589,-0.144838356055306,5.21190921367942,1.80173329804049,2.042863069723,0.950815146907994,1.02733954657358,3.93304140690417,4.54453156132944,3.51086701311971,2.89228032390125,0.857662730911892,4.03932782040462,-1.89582908161128,1.00950440129,6.45823639122579,3.73939336880029,4.14764792542654,2.9379648094896,0.603299653021101,4.02083597688431,1.50549657592701,1.83818304459168,0.428242812623804,4.57239300547368,2.01575484272193,3.95672734517881,4.56237455138919,-0.0639825883866648,0.37489942493139,-0.602803562525181,-2.72869218414485,-5.84655896427455,2.52046516765764,-2.88283827384939,-1.68954635273612,-1.0627675981229,-0.189468978909758,0.458125848947594,-0.279603066965862,-0.975844859714497,-2.91752842911901,-0.201344118875153,-3.59658233428696,0.304666150046798,-0.506454971788748,2.60703937307558,-2.10106354981337,2.90561198075562,-1.85782749500659,2.55269226790735,0.0470223359249562,-2.62409184628999,-5.13408972397568,-1.08503234024294,-0.323396613068329,-1.17423448161324,0.619419406092781,-2.28403863635474,-4.37770892548202,-4.94537785281252,-1.72057803569418,-2.55301492788199,0.735646946708417,-3.97336497865101,-2.80110212262932,-2.48111169907045,-1.73247418209201,-0.640354742841465,3.44049975784753,-0.959990804487694,1.05023048273252,-0.670992575466634,-5.02995869607158,-2.08509299775523,2.77316879627485,-1.20351756129925,-3.08412703949552,-1.69808223680741,1.62658484969185,0.179355499527888,-2.43375326712821,-3.47595622360486,0.855578946549098,-2.42225968658731,2.55879961766068,-0.760175389671603,-2.49733062136983,0.112290842256588,-2.3045894746461,2.66988565100708,-2.46556155632068,-0.311887200959261,0.243387441675168,0.571951096093338,-2.28105786430419,-0.149712773367139,0.409468542778325,-1.497329795668,-0.924470169808218,0.529154048325125,-2.69117409839911,1.00771856609058,-1.54073683672401,-2.06684518219493,-3.44454507920082,-0.939634422762631,2.52219290844037,4.15645056213945,1.56470627465469,1.05372668007029,0.476385040358262,0.447037097116432,-2.50284623339799,-3.56909259610072,0.186026061948796,1.34509684672839,-2.26908082563321,-2.72112799464298,-2.5230359095572,-3.15375203748934,0.339510154472476,-4.32312550427501,-0.423594722441146,0.299079898487715,0.00714970975415663,-1.19081079497912,0.276880022315237,-3.90529708838915,-0.509938749587291,-5.73390259600064,-2.62811305456855,-0.895008477060871,-2.17153853381803,-1.72350098338278,-4.17584936150346,-0.0956031902063663,0.426355275861146,2.63425008784423,-1.67199648106357,-1.67412724955811,-0.956277822626594,-4.58017173012698,3.67119883499542,-2.01805819278933,-1.82841051637328,-0.416331459304883,0.249045138651056,0.337760254066646,-2.51256209658093,-3.39618582723749,0.413277514702601,-2.5415479416893,-3.99687890741914,-0.121607717856642,-2.46946515216784,0.0932056005949879,-0.241878577637722,3.2577343783495,2.54782579096276,1.1122277409123,3.8951168427615,-4.13744763493213,-0.0513536272851738,-2.04182049142474,-2.1204678582547,-2.88571239945735,-2.00294564855539,1.17879209857684,0.685952421508217,-2.15295524827217,-0.955406803974727,-4.27144832260907,0.0752086847252484,1.99227485993899,2.30505316655081,-3.44468639948924,0.122554891889569,-2.19043747780913,1.08142416917448,-1.42115856193029,-5.15706888255521,-0.262443937674566,-1.90653369552158,1.95769964289042,4.75826869289262,0.0818666408959876,2.77285930036128,-5.14933969550665,-0.175076609026136,-0.970451251238711,-4.88551025811458,-4.69494109177217,-1.68892909879342,1.2954785140396,-0.196076621185814,3.10906314648514,-3.02902365596771,2.48410410241506,-2.58638714861159,3.55951798072579,0.445390371453888,0.667959547068585,-2.52074619548025,-0.801482207571471,-0.614087799873437,-3.45266065697547,3.40666856204515,1.8487305114555,1.69592974412663,1.51706124871393,-1.73799127899626,-1.13251709942517,-4.62777057108663,-3.70593337634403,-5.87977133318801,-0.743295512876554,-3.41947688627863,-1.35098861271262,1.16517852597617,-0.921909009141752,-6.65225905655559,-0.449669351113094,0.545847417639022,-0.207028070909714,-3.34699120869242,-4.25090765816087,2.03429668564884,2.67999066976391,2.18569080143355,-3.88996933054196,-3.24799022738295,0.190371428014529,-1.44055394071697,-0.920095537277621,-2.92936855044989,3.01497559987562,-0.57643093367024,1.18647788352012,-1.74831423277789,-3.82858428752405,-4.56894905511706,1.24468194032166,1.77770506137041,0.396884358538814,0.410345543847126,-5.3833301898302,-1.64734243950411,-3.34519612085939,-2.63492294133143,-1.61381810632552,-1.04397396156512,-3.56709167049719,-2.65013400880848,-1.7144864285442,0.0604520168999954,-3.82097603029814,0.335880239519783
"9",5.05158880557988,1.30301900100483,1.50884147639812,-2.80713247873093,0.737193706518404,2.67330986412928,2.00788783936813,0.0480374639454544,5.65795984636575,4.33277207985278,5.51942896901789,4.98912842863521,4.22533738841629,3.2964443713096,-0.796282310696369,3.66636374189713,2.90127699640424,3.41906997664743,2.92089249847199,5.51080145732102,0.974526003056095,0.541714252683811,3.75182809563615,2.39797211221484,4.15235575884113,3.68593388162023,1.1925675321978,3.99351387341396,4.17863581058276,4.05351362810307,4.04472636594433,3.67682867219083,1.41356770871348,2.1068418596241,1.94663616529347,2.24546700118246,0.895665641019876,0.462971490743773,-1.16290349161036,4.35590402038527,2.41173343861596,3.89604341084587,4.33300307547452,-0.966281434510667,1.83481730503399,0.459294247100237,6.24845172181118,4.79500898651252,3.18658302406305,-1.3839738730629,4.58162318428738,0.460157680536524,6.66773103270938,2.05616918978444,4.30169349558845,5.43205398742649,-0.388806615372613,-3.19744064676523,3.85929080613224,1.26634082672677,4.73056313846302,1.2810611054912,5.92048440450502,2.94251154574759,5.20825942330349,5.06553601395068,0.674832112193756,0.909694422246861,2.20571893952611,2.22005914823137,3.23865477127873,2.56830674238554,6.722068039435,4.42535380518888,1.26749307351308,2.38757145904941,1.39137058273834,4.01412571443203,7.36935425158497,5.53390685676889,3.86052929004865,4.22832166867694,0.612211229921567,1.801566603701,6.69873189966364,3.69676568020272,1.53307749821127,3.86268676066387,4.53983928785668,4.05861136782441,3.01039022247582,2.47133980712134,2.10759164732769,3.12022307157838,4.04562381239933,-1.54532060836988,2.92447037725684,0.996343577854996,5.39955727152697,1.61580283923561,3.80449304353552,4.05605926487886,1.26695677842682,0.599096173751839,0.292865514204546,1.88649365060201,4.8854522979194,3.08730112934144,4.67695970813593,4.25288479818994,2.59378661428952,2.91971434560989,4.9570687996876,0.269522132887044,3.17297694861377,4.72394214346376,0.593727605441124,2.32707819378862,2.17977819788771,2.13879941794805,-0.362279971383482,5.77803189843502,7.77700408916906,2.3152492299467,0.37518491707771,1.53690219917519,2.93158006842487,4.29341224079702,1.67276337021027,3.17264149288432,1.55398345063295,-0.684766204959257,6.80940105890487,3.88915372852873,5.49070913220221,0.771313861272615,6.91478293339983,3.94199076167357,5.70962917875305,4.18008179394767,3.37023627806952,3.66591992280642,1.09132759866782,8.34290865734141,2.80023075786055,4.98114042220646,2.53155855854039,-2.1102046527724,4.97993330674867,2.85909648376987,4.10483544669345,3.28963002934039,2.80313328821471,0.704426047017803,5.13143892287921,3.30050221247783,3.59010490314074,1.2809791428453,2.40202289366186,1.60620690589383,2.80507175436909,2.50020733866579,4.11105208233188,1.86484310306767,-0.889838496948367,3.54141696721927,3.40407724530348,-0.922873707991021,1.23296939668996,2.82742844791476,3.85289774470227,6.2605438596888,4.29518282552783,2.53134837698829,3.55764636176889,3.02157225923469,3.42708410524255,0.569199191580373,1.71795025478777,3.41071006397547,3.43804910093845,3.53686715500579,3.7267837860416,-1.11593994063387,-0.500767571913123,5.53573569456533,3.32022353708123,5.98340500060447,2.30534802454287,2.90870607164885,6.85479816482238,2.33744342997723,0.0109754197162228,4.94812665567277,4.86472807913232,0.431206122372546,1.84242825226017,3.84814638396174,3.89757919326611,6.22003574617632,-0.492530788186133,4.05926857948228,5.72076662753428,0.551999632933935,3.05992599997765,3.51142566043938,3.64028501606173,-0.804823328529423,0.531259989471317,5.42410639472624,2.2401649983739,5.8152050847897,2.28760215261218,4.59760071222815,3.02661259467837,6.22351519379257,3.52232976948372,0.544511995150964,4.56076604017498,4.6149204151342,2.03558595866767,6.9561051848791,3.0604645954056,2.28982616819637,0.945700288115628,2.25472395509657,1.58704924509731,2.37676317870541,8.38217120532448,1.68140321406603,4.39196842296249,4.99054582291678,4.98357374129138,3.17272771033297,4.80605948266021,0.466500277228615,2.55541841765822,4.57753166564292,5.00923812482573,2.515519245902,4.82815731806112,4.63465886210369,3.27708928572752,0.983336807789441,4.80000399128411,5.88310361880662,4.54845872970206,0.560552429877461,3.8404838328954,3.23451114769677,3.64583376492292,0.157850106843651,6.2104008254262,3.04067113698512,2.73221923680902,6.07687279559498,6.06722702620244,3.92885115867928,5.83794449374165,2.50306320845404,3.97307689872837,4.39164194597426,4.3061456239366,2.94828778810242,5.34318317562889,1.82898368237633,6.97218456828067,2.59133895589588,3.1757690540268,5.93353218092621,6.55449274872321,2.44712677413141,3.31163654756546,1.58256038975035,2.71549175133816,3.23225300672859,5.95437810842271,1.71798369266643,4.27261948704484,-0.603529605740941,1.39484063569194,5.10465625675898,0.0542514193246699,0.692401276749864,0.803577696872508,4.72543942892749,2.31147085775856,3.96175124787231,0.161930176879034,3.13776204771134,4.24939191799671,-1.5768832059665,-1.71380469988665,3.01857167629761,3.13880705265258,3.0637822759239,-0.996625476594614,2.97302486046173,4.75759998122572,1.74070195708669,3.36302812942613,4.189768150276,4.39970097678515,3.49982319469405,1.18352686171589,3.27824869555419,4.27833053871412,1.44558207165062,1.38203523990174,3.46549172536105,1.69748384830522,-0.532680285195638,7.04543286366631,4.51439325950215,-1.79520818193864,6.1837338143564,-0.619219977491117,3.56710691248615,1.51593320165971,4.37068610600921,3.25531154806799,1.37823850996765,5.92625879175511,1.0753053883705,5.1802321674439,1.32756966241994,3.25577136824772,4.99418258207554,3.97997811716208,1.59177803012782,2.17619823880268,2.27520622232775,3.97883336350682,6.93688530406674,4.3353029537298,2.12940517370331,1.12541569509123,-2.1949970551764,0.0117351410893907,7.36315405843381,5.0719614093515,4.20067825371831,3.16645260298252,6.23769992356001,0.463228828217012,3.56152817605099,1.91610175147079,3.49321018837596,2.7033925897003,5.07535810914674,4.31048240452406,5.48834069167106,-1.21394041722386,2.73403198433609,3.16604298463997,2.60149476291654,5.81125494348267,3.72683151242498,-2.55728459941809,4.35705795619156,3.50629030440852,5.45737970607697,0.718614834945182,1.49177386018125,0.499109438854345,4.17689358571062,2.23451314311806,1.29042452225649,4.29066503764446,3.89253453398225,5.36523661376053,0.388815404005242,4.58531188222397,2.95222273644971,5.14869219335309,4.34215296023878,4.63636026365009,3.73690546124869,6.17114068405513,5.86534536948257,3.8982740266749,-0.77785375731015,2.92848918452751,1.86352865486141,0.434526133154701,6.17778991729559,0.553890735454041,0.615745364016437,3.65777426422131,1.33438875699248,6.61389382955212,2.22082659350104,5.23449361405448,3.48712385022442,8.57423252613888,1.07126108894541,1.51376702817721,5.72044105193102,4.6586913824297,3.55571871236566,4.40016419665718,1.26906316471249,3.50781390609529,2.50497718574008,2.62261036319462,6.03224480361572,4.52543940363166,2.85918624909402,5.87103201724551,0.673509476811775,1.47314660580741,4.07635424014249,3.43898104545382,4.4271810700233,1.83549483667519,4.07622011270813,1.74581073683389,0.39898662189692,1.61914181405085,0.920968612479161,1.53442029562267,2.3841586879048,4.75214602999555,2.89419603310879,5.20741886787878,4.3489508581401,4.79332648184607,3.66438209046768,3.89184429548444,5.30727151863221,0.737827279989376,1.27395038519816,4.75039644434738,4.70868043072869,3.80856886992822,4.58288735993511,3.41390727138392,2.61219810855241,3.50475599751688,2.59722152371485,0.812603043785801,0.0710011079444373,1.77906292493377,0.531246326530192,2.91610765776056,0.380278739703876,0.222503603781673,4.40105247137604,4.80684431446969,3.23616982374202,3.04355392170444,2.75099211787373,0.525884153122512,6.7474548763053,1.75536425757174,3.91735826036039,1.21145348600709,4.93270354413535,1.9238286575142,2.99088988791154,5.13898996251763,0.946746532398079,4.61344041947747,3.65576738022007,2.60318268959177,1.87955247219034,2.67868233127249,2.02183283669828,3.99966540950639,3.609790724335,3.89075758816193,1.31673830647676,2.94606926551992,6.12481359593764,3.96458658192791,2.19167234127854,6.03096655539799,1.32297679750199,4.71059858585821,4.62673099899335,7.9883961528519,0.780026684654096,3.16101081853999,1.0744656764548,3.30370184467291,3.89287632101783,1.61018428608038,2.52203274188596,2.04079059350989,3.39074148859928,0.581381563899935,4.05848447426724,5.64447090134192,2.12110485806009,1.43904457661976,4.00615943109321,2.41689651066115,1.84400045318517,5.0745255829878,0.942497250891531,2.23057821897596,-0.287600857244494,0.593543678338286,1.09285721933812,2.61614300837413,4.42087171901808,1.9987007547078,4.508989967305,1.99537493595333,2.79202441081755,1.25230248853522,4.22580954116925,4.34032169502907,0.943817216173091,1.77575220044931,3.97871182784729,1.54163830291445,2.87454995608502,5.14367203110003,0.247341891744819,1.48812460817635,1.50914691181235,2.30274095540682,2.91370384809161,-1.17902593370302,0.565143933078758,0.915948542724093,5.1011300215116,1.85561518067795,-0.809784431129564,3.91553220573184,0.390543681781458,2.89090842081514,5.4194477814959,-0.829127591444383,4.80898131227079,6.19337811377366,2.10916274649793,2.57923307309792,-0.671849699160211,-0.147490741570857,-3.3242491305474,-1.82701112072941,4.2474779101047,-2.16273429754564,-3.64749231283441,-1.86223510416757,-1.95051470279286,-1.81875071072273,-3.21894326701826,0.43064541114582,-2.67328383010752,0.381687538400912,2.93564391159485,-1.59607368512819,-0.573528571849532,-3.89987175976532,-2.17309823723716,1.61808811788205,-1.4862536223827,-1.83875845921116,-0.0228231616859246,-1.20827098052687,-0.168808670770522,-1.81208969014684,-2.6304279988745,-1.40079824964024,-2.48240182809583,-0.471078937950305,0.00923328518789357,0.859644206994068,-3.64521580227406,-1.24186276863046,-1.37540576732972,-0.747639379093586,0.480788078785265,1.33828897324299,-3.49040639285877,-1.3326211192811,-3.27036162835465,-0.932366827832778,2.8897329325667,-2.4438220147181,-3.82932583233814,-4.42899607727495,-2.37315139623678,0.0668437397180222,0.170945941039146,-3.62584663194595,-1.23303791658618,-1.38599893707062,4.52297078346447,-1.29802773168292,-1.29683513292652,-1.91652663381735,-0.537278303025412,-1.55392323240902,-1.1631453717666,-2.21493453214768,-2.01159543501382,-1.13246157919465,-2.16398677838971,0.789136462559337,-4.12074755279198,-2.61908917457805,0.888237244979717,-0.188762693153472,0.740025324010194,-0.894902444320607,0.279058148336451,0.318557943905961,-0.692467032837909,-0.687815714818301,0.26391148096789,-2.31127455986476,-3.19360446624458,4.55293124722339,-1.62226418530948,-2.71328003445665,0.932516278997904,-1.49204444103297,-2.57621142098287,-1.07927704324758,-1.74781998520859,-1.36765830713729,1.95188547255738,-2.62049663033012,-0.156290646089255,-1.84450890383693,-0.0934047316468515,-1.04349215395088,-5.90070691998945,-1.58843786996887,-0.896785756193246,-0.651956431368854,-1.53945537414246,-0.167264224085311,-3.1150367657482,0.196727123069259,1.42548845330599,-1.94179466594116,-3.82704527634723,-2.53512425103711,4.04117817104473,-3.49954839280893,1.86528180175602,-0.723035920792474,3.36543382185994,1.42803101117721,-2.05535394885709,-0.541608927026778,-0.993862280008148,0.340213718640194,-0.358711618179208,-1.0715506329535,-3.97197420774414,0.0987931191121143,-1.8946945352168,-1.74487496308775,-0.286636307786336,-3.87507584449985,0.501196327925383,-1.65693530409226,-1.39018087091417,-2.67540041985764,-2.79334603080266,-2.78571857756793,1.58913043540482,-1.68446126725863,-0.16111337284218,-2.34370122758491,1.99803980429977,0.81926563960256,0.188308059449308,0.64074510145851,5.39153419599944,1.24234567228345,-1.95279215031559,-4.07718954325772,-4.44425076451829,-1.19536518333922,-0.595277417114466,4.50464655473191,-2.5232015975033,-2.63711290929229,2.99385773379555,-1.38961609418922,-0.0574608536028859,0.407492848366814,-0.116616562083471,-2.74196045856874,1.03841424077942,4.00347750598524,-0.985568609092877,1.06582352976384,-3.92265515807147,-0.48435566195941,-2.88314189674167,-2.20480335766343,0.376055101321644,-0.281346093278455,-0.208361346748243,-1.27980570880871,-3.80011181453933,-1.65753162341806,-0.18430534662176,3.57157141707827,-4.41448898491924,-4.15852261277171,-1.46325387246496,3.25960323556803,2.73255513287509,-0.576771060765699,0.744105957955519,-1.44270955441394,-3.81670776206785,-1.38576696547821,1.13358635908181,-1.41187617708085,-2.352925050426
"10",0.604469002718749,6.1533919700257,0.843461825653109,3.06859703439778,3.22228963696928,6.97239506680626,3.4459034144702,-1.40510773223831,4.04871351497713,0.319406048559213,1.46413898039049,3.04409218635481,5.99093002704636,-0.511521123655216,5.62095023559554,2.42846483092895,2.54235860715297,-0.533312906171645,4.0833961200427,0.10634667556399,3.60636859541562,3.42358754573616,3.26582286031888,-0.228448673983167,5.60649896980347,3.12155123394778,3.82737059985259,1.17999380567505,-0.0840551785226746,6.16076243142562,1.20706677769209,0.351753704618404,4.94503557505842,2.58758045226408,3.10884795402307,2.86636041051782,4.47754906931059,1.38046097201801,-1.6439951592804,2.4942044294349,7.66827284465855,4.31813207276827,3.86510494957479,4.85080701547372,2.96464936455096,6.34028619211054,1.87902824126187,2.71370910139892,3.91277363448141,2.89840707215552,4.01837143395969,6.8545545295416,1.68424763268783,2.46607625234951,2.65421905889812,2.71808670430952,-0.870414656451198,-0.768444787638633,5.10983353572532,2.26509864019499,2.7882400214598,3.97708495151279,6.70707925429154,2.81816207320236,6.73480836368907,1.32687205062727,2.39812829791108,1.69644978125819,2.34762627525679,5.63248722320067,1.82645325094637,3.30558844428275,5.75958981609032,3.71785969272698,3.60690250600097,3.54568090443807,3.98109194332134,4.4577286485362,1.13970698461812,-0.856303702351585,4.56962187381624,0.0380470893772844,-1.4813932826772,6.89968759026601,6.13305841745072,-1.517273018337,0.0851242885936521,3.84657564986802,6.30331358722341,3.27622060928771,4.19355278844497,6.17881813390594,2.42088697232676,5.25753674231704,2.00776268869816,0.697612348369246,1.59722887866182,3.65920857393489,4.70485823525483,3.64398374431619,1.61227186461042,4.73535863300929,-1.00264052582144,2.89763210714814,0.63830293377899,3.97705253144951,2.62848512249586,2.0597111639765,0.458341404437578,4.26638623267807,0.355934271543036,1.00560697198851,6.40928882970517,8.96338592057478,0.246184547322374,1.22689710514002,3.38690755876348,3.55602013443344,3.56889043768315,-0.0828074887294101,2.15058253777597,3.02011071489626,0.705159093463417,3.29194016829945,1.11137166243714,3.34047075852822,1.90143338158385,1.53488708296662,5.14200821785797,-0.687118977594633,4.77801079055421,1.70406781223744,5.21246583600769,3.13825291557872,3.04310718794752,5.43739660715009,4.24116495350307,1.81222422756987,-0.471682534066664,2.025226615929,-0.00905898385814341,1.1118255084432,4.54631030765766,-0.28047006021262,-2.5946839044144,-1.24105099943019,-1.8420078082982,0.0152913342422727,-0.209841760409961,-0.893051476523504,0.702252672397432,-2.37194605442596,0.268064420632484,-2.74889414849705,1.14942361316846,-2.66791558148876,-1.54949420040338,-1.25538242190194,-3.02666099923105,0.644318618404191,-0.720816510975598,-2.24178284702056,-0.584607109844949,0.481492561508996,-2.98007992616888,-4.8142631260392,-0.271516766330352,-1.94243596603389,-3.67371468341732,-1.13804332989085,-1.69296431742495,-3.63912322368837,-2.91899839207883,-1.62912429591486,-2.43427337094188,-3.15088799005659,-6.61705046403398,-3.48450261420655,-4.72667914666964,-1.06984096191453,-2.42666303821817,-1.70877597000971,-0.515437889071238,-5.82765963623165,-1.53079213209307,0.0487158036744555,1.79402311355376,-1.64023365399197,-1.11942742653698,-2.47641357570777,-0.295061290723353,-1.19106641658417,0.912114431413551,1.39476188429504,0.241779409223943,3.5055748629603,1.13741750459152,0.884783048324677,0.361543069442987,-2.702613869261,-0.783671302601485,-3.28377440689024,2.62579861105768,0.298796827765134,-3.71122008682064,-1.80540811100428,1.16310070585276,2.34861188250521,-3.18269221958544,0.226756305297791,-5.02137412933738,-0.0963081748174837,-4.15423644676195,-2.34844457919715,-1.3929839153826,-4.32171303267157,-1.80937188033545,0.237630646660203,0.252230457531479,-2.79740420836199,0.0898843681353643,-2.59493118100158,-1.96525140926286,-1.10171432863942,-3.0043162917199,2.40450567649719,0.31299931437898,-3.04982521997767,0.296379599820449,0.275740291303338,2.0308737370131,-2.57473898199496,2.16349240642405,1.72754475584606,-2.37076452341288,-0.123965697958047,4.17610018608729,-0.570166334971388,1.7849106872542,-1.5441456176581,2.72173724666653,1.50673784206408,-1.58040507033477,-2.17955009009573,-0.495103680444945,-3.44928108928612,-2.05559969461214,-2.49075195513066,-2.79682925895815,-4.79373203365178,-2.28683472032012,-0.329341370292632,-1.80818788750516,-0.642648254133304,-1.37822628759684,-0.720818284910767,-0.236101389682848,-2.38718773746103,0.973587816891363,-1.12217778535816,-0.0384239619513033,-0.576269710298286,3.61234065444709,-4.56765634818046,1.48808603322884,1.70664505658647,-0.276279574628912,-1.48870402895413,-0.531226792612725,-0.0743135246691333,0.126871227718958,-2.12380925080481,1.7672347488774,1.55414385850051,1.88176356282652,1.45876529089405,-0.0912343776869818,1.7156463880222,0.315312315065302,0.531750987744901,-1.85823719082704,1.59734503205774,-3.24812176449142,-1.19604918915644,4.41636709177298,-4.84752655357279,2.42741520534195,2.07168840516958,-2.504516742053,-3.84092387495308,0.900240311765556,1.84827700614003,-0.971093086290156,3.49474013403154,-3.28231663464568,-2.22513607354657,-0.940600599713996,-1.70489513581326,0.731295064111838,2.70704452869265,0.662221877929162,-0.311200912689534,0.324481755649298,-3.06622089784572,1.22999636973893,-1.60089473942015,-3.20460942512762,-1.25336600704794,-1.42532204532144,-0.52226460558824,-1.13618898821258,1.23246723409515,1.63244705431609,-0.0109201863348473,0.817912934459756,0.119951179229738,0.54832307046652,1.8689705090619,2.21647093070056,-0.867675752370828,-3.22896838485147,-2.19831901007397,0.83737360522844,-2.44668360015668,-4.54784090058827,-2.87882529179195,0.791535383195614,-2.34940939216191,-3.21194172325902,-1.64020228252341,-3.80316838960301,-1.26983058818428,0.99261707754977,-1.1015811459586,2.98141465966055,-0.0309568609891946,-0.21949291902277,-3.64053091841906,0.588263975446794,0.135999450697125,-4.14230488482066,-1.53614535732757,-2.02680183311998,-3.10560576654652,0.978533454407496,-3.27068353908365,-2.88607865486983,-1.47208693780707,-1.76737438980949,-0.791645354573179,-2.88429395700229,-2.86225887087982,-2.00951676678338,0.218671190982814,-0.447576905891965,-1.15235717470317,-7.0125605618747,-3.10177161531649,0.45718325539569,2.65581424440315,1.24470140092427,-2.7418740192369,0.27132145334428,2.07472049764951,-4.94483557761304,-2.87268909565606,-3.6161207096708,1.16562616441497,1.05960894695618,0.0441363706628142,-2.92086345231874,0.842655145646945,0.73742629994651,-4.52907622800377,-0.244764815626996,-0.603687248916106,-4.41351370013571,0.405416835142232,-4.23291589078695,-0.176833401650793,-0.945057661440404,3.4424537091341,0.531317311839679,-0.636744037557424,-3.17452475511193,-2.84415904051137,-4.53570424254369,-2.64532049841006,-0.173281787853935,-3.01156461618523,2.29329111130535,2.42956051364394,-2.70925283029442,-0.787215173625546,-3.28602059259855,1.47987559877649,-0.207345335667129,-2.48838034097988,1.56492054014151,-4.11026408003194,-2.5129651114969,-2.87296688804757,-2.55507145858319,-0.730659591214951,-1.91465536156019,-1.84020245445206,-4.32616506657339,0.0128935159391093,-2.76740249410181,1.09495130057424,-2.02701526395794,-0.880643281572111,0.0116019627838357,-0.655029696220115,-3.21362688338673,0.714263753586841,-2.88834259129284,-1.50989737990288,2.99994112534563,-1.48712307450193,0.596640615630452,-0.148272417763272,-3.48603139697214,0.476424620871582,1.19044645984001,0.271888842201756,1.99176119238235,-3.57530923439721,-0.15681157235665,2.06262624109983,2.59238620507281,-2.09435733269486,0.972152094553186,-4.23084548893549,-0.565065334108842,0.385035384855005,-1.98960529784479,-0.311435432541116,-1.65107359731443,-2.89305774551518,-1.2712832437179,2.02340848983964,-0.385454536650449,-0.229057595765449,-3.75989642162416,0.687811682762932,-1.76931937103409,-0.526172044117851,-1.46045952338398,0.106930711332005,0.0955508153481845,-0.261086760461934,1.63966206229128,-0.778369900828922,-2.89988410725293,-0.619087175936186,2.57902139029898,-3.26908262655726,-2.24388821249728,-1.64057421861339,1.10693401026642,0.68503082369396,-0.136643855275487,-0.260870234596303,1.14728571372763,-2.27273192783094,-2.21053741240355,-0.169996691313445,-2.91724383943868,-2.88319873067705,0.473900831878894,1.52666561677279,0.28593875469092,-0.0979805041677921,-3.8197639737383,-1.63990061379584,-0.314417365693754,-1.27763910046883,-0.625320100753577,-3.19662956344692,-0.653773179271481,-1.90133210150646,-0.276412752059384,-2.18745750931438,0.393280846354048,-3.02928936579409,-2.63817667157176,0.378415912283733,1.13606800231982,-0.170994797322006,0.426894451956745,-0.814980188683375,-2.37236380442891,0.88946603831677,1.71923113426907,-3.24825376235276,-3.26170851522218,-0.599974659420092,-0.329417256521991,-0.123643097937331,2.57070432293545,-1.11515756341376,-2.48519520853875,-0.192050777461339,-4.76385678680409,-4.43498507344966,-2.29267689195724,-3.92172126193026,1.66142874227724,-1.60586897975224,0.019657676654987,-3.36829957537273,-1.82305467311139,-0.500462685393744,-3.16471171046858,-1.25048822774683,-1.66117978223085,-1.92537936666397,0.49991946085981,0.55327428714373,-1.58423863875521,1.69058305775788,-2.95303858117576,-1.49369853396894,1.82012126279772,-1.11027246268288,-0.00845477239027159,0.0333842181401445,-3.09607063731428,0.954573882590436,1.74785736370819,-2.78919338000443,2.34301471881534,-0.782588671115238,-1.61294240048694,1.44111762207774,-3.69227591629853,0.686341924271143,-1.43529625878371,-0.929920029051676,-2.14168178868246,-2.56938586340237,-2.60255388972522,-4.13582195366429,-3.88145250942629,-1.28851142577317,-0.644058876257694,-1.39513117129957,0.237150138126169,-0.775309124678419,0.0210113818466671,-0.324876709679247,-0.315804990918637,-1.6338495505651,-1.00194527239112,-2.53847984135525,-0.260073002853889,2.6533627037848,-0.331850759911902,1.73042003530003,0.0525960945822106,-0.641045653659747,-3.47979655639071,-0.88346116225571,1.6298949448054,-4.65584927678993,-1.78020132836578,-0.603729436624655,-1.87634291992987,2.37945153845421,-1.851997001799,-0.566399614763369,0.680844796113322,0.568123160512032,0.960959838951436,-1.63597383242741,0.0986409225003559,-2.51822686028313,-1.62115359228994,-0.908135209467901,2.3472675238462,-0.882574321752458,-0.433168531596639,-2.01608262000819,-1.52658466299546,-0.814956425458507,-0.74723463572436,-0.872003761702357,-2.61763997380221,-3.31134594305394,-2.21351426109749,1.23439171201719,1.19892256713846,-0.373878741727031,-1.73992487509672,-1.11476734870475,-0.0853767794047373,-2.26735680309743,-2.39336206941786,0.0494914726271722,1.1752321169317,-1.91826056172977,-0.965971339942461,-1.11595905728702,-2.21694337261575,-3.3641940566964,-0.969023824993842,2.59606351520226,-1.73336002431007,-0.803736641822764,0.673388295116482,0.165987932002403,-3.74700433301722,-1.85480665469547,0.043437979631197,-1.37448656240769,-0.613732989091304,-1.77021279266164,-0.974107011721827,-6.0239096410832,0.316058771816902,0.343217929412066,-2.76674688281909,-1.24344678205195,0.0771816692706844,-0.258582941037819,-1.73106637101175,-1.47815680885729,-2.25199984266227,1.58049003802481,0.348934931656304,-0.0915648246843067,-1.15683814057988,-0.390616101591162,0.669207513775484,-0.0615362309699311,0.579649128373986,-2.90132567085772,-1.35034168866567,-0.903133207569114,-2.39350058049227,0.224908612946425,-0.448978819583009,-0.484409153344069,-2.0711199704677,1.51721012214457,-1.90191354185808,2.71278156327643,-5.18297035928005,-2.71709416983069,-3.70607591947368,1.83725868980667,-0.300952456313509,2.90098807323017,-1.56696628088817,-1.04753866876788,-0.684225921030149,-1.86945121679678,-2.79288044790987,-4.20334830754376,0.295287838552892,0.874527910748571,-3.91542290318626,-0.912992343300601,1.5407806760666,-1.71168718255889,-3.74512809581032,0.0706037048946899,-0.0220086055328356,-1.71977971102552,-1.06003988177512,3.83412503792284,-0.447068933652696,0.293392263404151,-2.14424057372499,-3.33154740218595,-0.447058957297811,0.116722287145253,1.15506995597454,-2.89010753341778,-0.307023483450467,-6.41971472935249,-3.94761063074968,-0.177797657636434,1.37999483153229,-1.64076358265482,-4.16715947173712,-0.832178780599551,-0.514515714599095,-0.774451041521272,-4.21319897255871,-1.26044606658634,-1.35675811322675,-1.50852186686292,0.311162413844955,-1.93409185283545,0.706799901861362,-0.681286305743975,1.37242037857115,-0.161254397114238,-3.56161117048428,-3.52638711513816,2.41738899602655,0.552340915950864,0.896536164304842,-3.29995317242228,0.201615160376753,-4.31480737897201,-3.48375121629998,0.921934608166997,0.708201542482741,1.5949006695913,-1.17685399124048,-0.213888982431037,0.76305635122986,-0.456818192208691,0.213797467516039,-0.399764699210453,-1.19709548462263,-5.08640832736051
"11",0.0339191184257377,1.91679610032117,3.06533996329118,5.17316553969415,3.91535011446085,1.97889690859853,0.431148990503423,5.64715884107996,1.47364988736969,5.81645134389087,0.415747034934014,3.32473731262763,4.61803248033813,2.34477866795747,1.98907797486424,7.08779422496082,5.44209838405641,4.41135056100297,0.483018881236571,4.52614647129665,4.82603681660094,1.14092556194659,6.85165066360316,2.21082761895068,1.89895526523862,1.70719145870942,2.26857844962652,1.83333972471961,2.37221329948122,1.73509097017993,5.14423506233051,4.76526179459079,2.59302455980227,0.882932922423846,0.686448059211408,1.13194616406335,2.10316536782422,3.62710906648182,6.6731617683693,4.22349460270846,2.47517516844004,-1.97151547698908,4.79634543547147,6.41159969369256,1.59695136893281,2.33165151593369,-1.8461909253612,3.63412475813412,3.3142127319449,3.81372296987855,-1.24177932942724,4.19360259689495,2.3652801991561,6.75219921758859,-2.15356475081576,5.5332707743327,3.4738867577378,4.71562680678868,3.20779122050659,3.42328804624132,7.54864640396003,1.66444446066788,1.92678204621957,3.88160409097883,2.25725134968595,-0.0350942282398465,3.17513596535945,3.40700860686894,3.81549926940489,5.3930073196156,6.66843174291262,2.41687370398696,5.26493195207794,1.02659908679016,3.95777130262791,2.63911154389979,0.64089852911515,3.43943303875877,4.34607376512841,3.01485946797232,0.557738892686077,2.08076603772282,3.82739590539647,1.77986086402907,4.54191767527968,0.918546427544315,4.05544205963493,5.22244073161775,0.313592278840564,1.64369369174169,-0.873767025647465,5.50207192894406,1.21611735832341,7.15091164252187,4.31751741719405,4.53491450413425,0.889635832637993,-0.951163765960892,3.67310122657875,1.69844240139193,5.09994083660548,4.56674515136664,4.03151087215901,3.57225206760293,3.86796697118953,1.56106082625207,2.22993715392374,3.73556559600509,0.950351954031554,4.07055451012846,0.0792787927029894,1.46912641660826,2.3610403720785,4.01366313709205,2.57684323482965,3.0632106885261,2.39150241465464,2.50220559689753,0.388102106009004,4.64133107750671,1.56139045898408,6.57500423314616,6.42759966094061,1.73583363407931,3.19841055801758,5.32681524527185,3.91419394680315,0.369174157206465,4.82411186496123,2.78652656818494,3.89651087634716,5.2363980881399,3.81981079032085,2.03989899138099,3.04638641352364,0.353437081218682,5.70932250030529,2.77508914870506,3.61537422185046,3.76115283200801,1.23157174102307,2.83647247961373,0.193239716750511,4.61700847237853,1.38987123338429,0.294886910664355,5.3088765171479,0.853206420485463,1.58783471420862,6.82266461638662,6.29553730101461,1.96115659738945,4.07882220857675,3.67085658140038,2.19730501457679,-3.03757801557451,1.74074033188803,1.36262761049875,3.49085267800731,3.75448842423951,0.875759422679891,1.51222694850775,2.64620453874254,4.87424620771943,10.4128739276296,4.88974750850225,7.57584283558403,2.1388219235216,3.71457548885513,2.32439091924921,4.54969410796748,0.745320918856472,4.9176418203074,2.35546095560257,1.89897853585347,5.55925221986465,4.09566469288858,5.19488524599131,0.964896248193713,1.34769024687451,4.98939297767321,3.02305883223051,3.41271852546813,0.444680573214288,4.99669801349057,3.61568568976211,5.11525445610362,3.1956863306228,1.19831186947434,2.19848170659072,3.87073781042853,4.77167711920642,0.212160293944425,2.14382714804599,0.66210175855611,2.82579581427008,6.36467915438584,0.399547660721853,3.69818435831683,3.95297363810366,-0.221779707350326,5.25505692150823,3.71209243937487,2.54382895969451,1.18606300929508,5.38759190161818,3.91693900484265,2.76399607945048,3.46406477305295,4.83658549474341,4.35485910496543,7.2018924361186,4.0905452925198,4.92175536630941,2.03097606297874,4.49334908922515,2.93274556144478,0.996155554944219,2.36448370163379,3.07842933672036,6.88617420999126,4.82951154769475,2.85207038814163,1.96922821568593,2.597700967927,3.17887848725142,3.18726566998826,4.397136682939,3.49613912520879,2.98735343454705,4.4808487394198,4.06600084938663,0.85590878777627,-0.883814168267745,4.04558854387004,3.70049366835786,6.81657765745485,2.97276901830187,3.27552648868983,5.74844032516762,5.11579467948695,5.49192368863344,3.01696594493486,5.81211627719507,5.48308260036393,4.13313974566712,0.237268017651033,5.40062153558833,1.66258320403502,3.82721382439751,4.37953687717438,2.43883182507915,2.57177008400003,4.63620368129876,3.99584757475519,4.66396416817238,1.91296397676172,2.69710457379831,-0.342895543152464,-0.0307339376650217,3.74717954846326,-0.861245229159833,6.2354289315752,2.58006921005924,-1.47323141974194,5.67573641274276,3.18376537475267,5.37525409543345,4.65144110310563,5.53914815173838,5.27860152644729,4.224511221711,2.94948130934837,3.84160807201326,0.999299889145349,5.24247528274587,1.60597973891629,5.72496769346261,2.9845658685937,1.52183366981704,2.42789375245306,1.89649839895986,2.77955036401171,0.0817407169083864,5.70778720606689,2.54905299030207,3.23843026963024,2.02975999074155,-0.270509608188046,5.72008857195826,5.13747760283783,0.608332060680223,4.28367247499143,3.46031392937024,1.75664777582035,2.82816053244824,7.45446894427843,3.23142075645665,3.90898551469073,1.07520260705251,3.90580006551908,4.28692863820253,1.47459972605102,7.60817612870259,1.03066518646187,3.13086269969044,-1.83054234431417,2.11753952588657,6.79554269545785,0.850260492415545,1.17754090392475,0.0914934009659198,5.15236208318106,2.97319881460675,2.85176426763646,5.40208909741092,3.18750804003967,5.35409087945913,1.21528039123778,2.68126669173385,0.584173308906395,5.1994687627135,5.79218310089756,-1.51952925329405,2.14381230841808,2.92646102737514,2.11775439143209,0.121457242717748,4.10035792785601,4.78565446136748,0.00903634577528845,3.78393340491453,2.21601374914004,0.834938914722569,6.47473026768977,0.156064545594782,-0.684350990251897,4.39830456910586,4.31801869731681,1.6266005248032,0.898958637185796,4.75337585441148,-0.564580322138975,-1.23723884993415,2.78287337428545,-0.126561943300355,3.68711406683439,1.41874650919965,5.64708161947506,4.6246187615995,4.51039903019165,0.0974261429794108,-2.30388405115714,-5.18650970584306,-1.40952568654218,-5.34527459663581,-0.0573811525586505,1.40329943837706,-0.097804713087711,-0.669373220471497,0.345968732282017,0.685688668713215,-2.04508960367609,1.30396482292935,-7.39577806801991,-0.688127429507741,1.89523209886422,-3.62608683512874,-0.694327360685889,-0.812413499936569,-2.39866313533154,-3.28373638539151,2.62980967733143,-1.78408848425687,-2.13913163286049,-0.523329291149086,-2.63515591357121,1.45183895485658,-3.9631375143654,-1.61353765955604,-0.946783818633267,-0.834071827479802,0.144663278331427,-1.02699626529219,-1.45536744882371,-0.252510591412463,-1.27644308999469,-3.5859129272414,-3.47390140937575,0.201385657519658,-0.339761413062,-0.329160055658107,0.467236359926933,-1.78754039964571,-3.44801247607855,0.0734554969591785,-1.73324465038892,-2.71000848925621,2.73930213549433,-0.0610102642444594,-1.59033072330375,-2.18870349409038,-2.42943565949295,4.37509696712838,-3.43137373303462,-0.538027534353891,-0.589086082719241,-3.29012613175487,0.640713356565717,1.98737949169381,-0.359197248790283,-2.76227979757695,-0.16947403528505,-4.45668910116167,-1.30675883991422,-2.81072095479798,1.70909884427182,-2.19194235243416,1.48617557180335,1.12103657889967,-2.44489083250737,-0.207359591805324,-0.274787632754038,-2.17342312385309,-1.13047943395655,0.606042532504513,-1.94083988023772,-2.85522532610455,-2.07013498146124,-2.15957707661778,-1.57210384671874,-1.31685265188438,-1.1297861053273,-1.76694760256432,1.66431249747616,-2.22465730436343,-3.42597960738023,-4.98026706631614,1.08236364178986,0.0142040231520915,-0.0413152378507187,-1.62689368075555,-2.59604403570063,-0.445011560267684,1.44603033758476,-0.530714959998904,-4.29617318915563,-0.459633707288705,0.694788608524391,-3.98057280580374,-1.9611388160562,-3.36232081701052,-0.605274690246059,0.987463294501052,-1.03130237421019,-2.52656068420365,-2.62231159264806,0.571031716891661,-1.79787534423945,-0.600787775956731,1.04751485044843,-1.72268784100294,-0.363061933229207,-1.54857389982175,-2.86859089593701,-0.539652632745774,-1.23191521179084,-1.91012129848654,-3.57647191017801,0.405050837707715,-1.68795776538884,-3.51962825612995,0.723647689560579,0.965649498043569,-0.895143585267163,-2.8311619963743,-2.42690787350025,-0.49241296668786,-1.64541948621938,-3.32002255751402,0.562542539042636,1.04640516575101,0.453282708961393,-0.511195963653319,-2.65838872010805,-2.58910846358673,-2.26190195100932,0.860169357708151,-1.38965628183319,-3.00359661985302,1.43421732641731,-1.7928877507209,1.27851143706023,-1.6515083889336,0.594537452754668,-0.769156810814725,0.739214176808131,-1.70942639107221,-5.56096564423808,2.26124340103596,-1.91821708069908,-0.78777371488848,0.323360767011328,1.52204007873163,-0.793194888386469,0.0109585668982848,-2.09912902578056,-2.25729888235775,-4.29746989182937,-0.868287464230511,-3.56390633434127,0.487061666534043,-1.41571405569143,-2.41658929531547,0.324370705521259,-2.13046646502406,-1.52446434314345,0.878183419216749,-0.499729808013682,-3.23950269836811,0.759328760503542,-1.43972363908999,-0.542365997103322,-0.56594174402332,-2.45134743851861,-1.2728181316662,-3.50791445591546,0.940748714160861,-1.97384648664827,0.0609904221939379,1.15567455168078,-2.4852653265731,-1.90308726578218,-3.18598958984851,-2.10884414419619,-1.26150072271626,1.18795617122274,-1.25742640615333,-1.2808763764718,-3.86304531611557,-1.48215649988781,-0.413183449461382,-1.95917398790653,-2.91248503628883,-1.54565718631137,-5.66577486858108,-0.104196729969732,-1.97898262199103,-2.00978468614352,0.0925963158293905,1.78543323734247,0.0847056175365286,-3.85570919130187,-2.41009626944368,-1.74914781617244,3.09078718730988,-0.557382390379837,-1.37479260380557,1.93035526760294,-0.369225448071618,-1.83793027410225,1.35266664216822,-2.60689110013984,-0.480796697672616,-1.97873071964188,-5.15157293108291,-2.62846173616214,1.27992459596696,-2.00316698313135,0.272186624847761,0.675327185634661,-1.76290378680437,-0.819403900588138,0.0564142934978231,-0.605935886717368,-0.850053972199984,3.66072017490844,0.934748499698209,0.441331995845087,-2.11433417642179,-2.05549441669814,-0.680182187530041,-0.12383333383983,-0.10271016304878,2.22287665476027,-1.89681555342347,-0.637848272581151,2.07336166955175,-3.3352010128553,1.29621802663442,-1.50104000564536,0.735857634500085,-3.89773092269306,-1.55097427007222,-2.27949391550513,-1.71769342869935,0.18712193481797,-1.83928918750076,-2.69045186507284,-0.394678999445726,-2.14605604776299,0.628378360805728,-2.11804856109778,0.503084764336036,2.98272810003403,-4.15317910495098,2.2078224282489,-0.247351990691423,-1.67533274822802,-1.02493756412697,-0.0422467325405899,0.70466766391174,0.539955387348438,-0.488948839313723,2.18231134046929,-3.66307400886608,-2.77686490862366,-1.17797383096921,-0.737553719175266,0.543319485615809,-2.54438249298657,-1.69270421810408,-2.75615473636889,-0.53590142756374,-1.47324464748877,-1.59578377450303,-0.88911410799009,1.8637297593304,-2.33997600928497,-2.10602672380639,-1.22589968973298,0.282067393435594,0.243579484391292,-3.30907126997936,-2.41814663552302,-0.0595463811963494,3.13204615873753,-0.750469691807361,-1.64682098146438,0.661416043725769,0.00870852214034468,0.150501105089736,-2.623591212541,1.97767938310493,-3.65406634028104,-2.6509501650146,-2.08060937441473,-2.37982123509408,2.72540651696921,-0.387683605493792,2.13017990064003,-1.3538730756438,-2.26619113281818,1.22877321462252,-1.90918532806673,-2.51636947386106,0.79718847764848,0.0702757394455469,-4.26731244531458,-2.36114385731475,-1.90988621186635,-0.446196862552296,1.47416832805856,-1.79853636206426,-4.33914877278636,-1.58649860410955,-0.390226572378064,-5.06149683413232,-0.163905922426952,-2.27522091531616,-2.25706182446356,-0.228832705282863,-1.26934654979561,-1.32818478999743,0.621923351032718,-1.45898597438389,-0.839520770876504,-4.72833920841844,-0.816896244948145,-1.89972879452064,1.61255815919244,-0.146679485305659,-0.794278075067276,-0.215307781099036,1.6289296546341,-0.917234002288181,0.328581970311314,-1.98066997046595,-0.355818522320787,-3.40896048304248,0.162256985697237,-2.26426423189308,0.208589094346041,0.17377101619033,2.05234152605939,-3.29805811187149,-2.54803661125453,2.91556695041248,-1.92555710017027,-0.540165420180076,-5.30619467929953,0.345804805599742,0.952922342120913,0.747750598025599,-0.443353354897109,-0.656202404968874,-2.13842880443172,-1.30618800320443,-2.03729663520469,-2.18259522658192,-2.55008089394643,-3.22850227501782,-0.628335864591091,1.44203544747944,-1.59735205073062,-1.65217803206763,-1.88974493984263,0.597433253261222,2.42111841405954,4.20676854420213
"12",5.51551443751686,2.15190959483402,4.86837214523419,2.5857054751807,4.15626406016156,7.05714900045466,4.46601769662318,4.08827516301076,1.36979636923681,0.548211668438401,2.48499201111875,4.90627820663673,2.5024467504439,4.81982021054128,2.75026072681685,2.37490205834357,6.66643256531628,2.35717383317893,1.34075791029026,1.46490145095348,3.42453230584143,1.2359175335907,5.11988185420331,3.15427936028478,6.43625524494618,2.72730327966329,5.36737212259345,2.65169398792005,-0.0738416962622108,4.152868116926,1.33088253616461,0.0570082968401011,0.935498651312637,1.96457138543729,2.23194564067236,0.619664236343992,3.08587158645557,4.40446590937655,4.01142541908804,2.8522302502702,2.14321933924923,6.32173084755799,4.17662155092773,2.36847545719091,5.59749440309988,0.808114239625478,4.05646769523049,0.546496953314046,0.0375219950078201,6.43819075386988,2.35085361855232,4.06843479673599,0.483926616282474,4.6769089079106,6.03074209672566,3.48344295872427,-0.702560820009749,6.63162356457449,1.80213447418914,1.50907313551502,1.2483524711209,1.2466549008007,1.82588414715246,3.22630006752648,3.94501668620306,2.66181944535701,3.09960589178685,3.7260958905427,-1.59216588949737,1.93651665118466,3.50889252841505,4.30049629576297,1.87809572367641,3.60349206236156,1.94700736869847,7.26177185226753,1.49139786282875,3.7757149949946,1.40993312129689,0.798067868262387,1.13397067530807,2.19825488539349,0.891857581317587,3.58568888522435,5.59247896114249,2.42871410698852,6.21456721319945,1.04352538067504,3.99771965205089,2.55713241505812,1.94437412124987,3.78821050000848,2.69255616211326,6.45758935576314,3.8653627100057,3.83132546277506,7.2773792671217,2.15240511255581,0.312805958695773,2.05147202195268,4.43581905624957,2.29623826546859,4.02160622310976,2.52773722244688,-0.309919828666435,3.2514177470843,0.270181385746791,6.55509994612841,3.99536259117251,5.38003607344159,2.88138385121637,3.22355208912122,5.83354721309681,6.53024683017941,2.43724044889433,6.06205603926239,-0.140866714439241,4.88891381526067,3.19848419585492,3.76177014405753,4.18024187703387,4.09486518691701,2.64448027363627,3.47012372647791,0.668835493275535,4.05010738918966,2.4865031819291,6.10892954431313,0.938394388279974,0.166030430553509,2.51992211827985,6.11527622564427,5.92825171964268,-1.45066301919406,3.73359372880629,2.12019315591214,3.37067690608528,6.03305453434754,2.15611285672422,3.87538434978743,5.66163960496812,1.43911391505168,2.48932103034198,1.32387692410887,1.71752561545476,6.19392108749745,2.56528507441301,4.30937809628926,1.28467593515975,1.66307159693984,2.02046101493402,5.67821432426334,1.60005459136668,1.963190714923,1.90238832682034,2.18014274129563,1.21054384191352,2.69356104847989,2.66229775238611,-0.151464137496911,1.28346240821671,2.34205607529338,4.60220694396542,3.22232173079165,4.48840766757474,1.20606609692398,4.60413338727035,3.9867302328154,5.01993853141797,4.33322480292099,1.703893592345,2.88443112416278,2.50452326691179,4.33149293004294,2.92681305807939,-1.19453091124459,1.17753497335931,3.77621613388233,2.78815097665623,3.83574127472448,1.80711275812707,6.34888210814904,6.88156393190792,2.48277652934817,2.67244800066778,0.507148371913115,4.93242357074878,5.49693006270593,4.46274671631183,3.07053519284234,1.71051037591836,1.49632317783968,1.30165043301397,-1.05337650147787,5.16344410807003,3.09222162707037,3.30915869434823,2.96853089881742,6.51730317699572,5.86776077314414,2.86013625289571,1.56441178033682,4.98037280127342,3.06108249774447,4.73913451409565,5.03695630242802,5.73553391684688,1.94640630970556,4.24330787330718,1.80737784727167,4.25360931295719,1.80638302592659,2.05810611554329,4.40972256482702,2.69492685165836,2.84471543351216,2.35216580701333,3.73494677508207,4.01613782500053,3.22354638925548,5.64763778012547,1.77241786635683,5.67264200247027,3.25782279128384,7.63055318136984,2.04768029095162,0.415517237602594,2.4108908286299,3.00423684921159,2.74308140025115,3.95193747856712,3.09119301922658,2.84951702237723,1.21670490925495,3.97057866629274,3.06729513414535,4.30925147969496,0.949699100346169,4.91216684587554,1.0499604975821,4.03876156371853,5.90687683583939,1.8089109653812,3.23940241313626,4.52241215544815,2.80822922933267,4.01810307935948,2.50727864574976,4.73493538920363,3.05841497603474,4.35025099820797,2.76797159433016,2.38685291345856,-1.62750892721171,2.10828535042292,6.8068392598763,5.47316416970224,1.94997938576975,2.04237194431519,3.74082112222878,5.41439495245004,-0.22725538984167,0.911734249043742,-1.02778395803705,1.14162758817638,2.47191873104222,1.79030225382982,1.9814407763121,3.8848518512163,3.86308670839324,4.42334572522358,7.90211891621589,0.249029391317492,2.72589314370099,4.2037411858056,0.0462603317613888,3.09866220519391,4.58378833502745,2.13586319780837,3.03015858895472,3.21642145670854,6.75868855853174,3.82937620942839,0.241956978341735,2.27428738606248,3.80532834787575,4.21158345486702,0.185698358702476,1.61527443617159,1.52359178529943,2.78412238298037,4.27254945861729,5.46930042583023,4.11677370346393,-0.349862213338314,2.35762469857284,-1.89761790007201,1.9691803306252,1.53549390296691,2.81092518899811,0.249927165869829,5.06509805651229,4.22760898250591,1.89811171972668,5.19376110590752,0.0964589575207211,3.46813745033125,3.14387433286068,-0.170285076773839,4.49409746282951,3.60234222447858,3.56520745402725,-2.14377117380889,3.9638777362762,5.78230708679821,0.991393732396346,1.83654661876321,1.16114101722189,4.61955127184302,3.80746673412831,1.13769998509367,2.9561328330257,5.17994012948527,-0.452022601719828,6.41466895882957,3.30596198549255,0.971175152038407,6.78965124404903,-0.310609652342912,3.00947177498261,3.82813177467665,5.30938097787986,-0.986385833111434,0.450195682941168,3.94116963219569,2.81269957736868,1.03705128701965,1.40260092846583,4.75276239648427,3.03331810835408,1.97371553533992,2.36627690478137,1.23634840854433,0.551359774201197,2.24728860713479,5.48387138234983,4.60936330239327,3.04998624232741,3.64039655145528,3.70422146261268,-0.691192319963291,3.50178693030621,3.25417872543835,7.29303930906035,2.4882058869698,3.33953258166755,2.42908171255359,3.95985749573382,6.07847757142773,1.71932607251959,4.06356840271513,2.27522724822499,3.07462659154185,1.94132265519116,1.489238687646,4.38086846326673,2.45404633128576,3.89976476127111,3.97278227475306,4.76479527842943,1.65824030277785,3.91861963420593,3.50911357547921,-0.538196385166376,3.94385296356743,3.97675479299869,1.47579970190326,4.69784366986985,3.97677493355743,0.909817965544958,3.92750811471403,4.34758224516043,2.91260714444249,5.49519449363097,1.16109750027182,1.21148982170259,2.71411653783427,4.91706255865638,4.46664201026873,-3.93506576345504,2.37026046902155,4.6580283568797,1.24344276365381,5.9982392938101,5.72551184569838,3.68082626702582,3.63718812621977,5.3450970667766,5.05721254220921,0.424368807531897,3.82304077660419,1.65268727213591,0.832291394911488,2.38508568452637,0.714657991964017,0.928474463906093,3.49074660307174,5.43249135554206,-0.24699576770209,7.49806241791121,2.76944351185886,4.36633668974087,1.5604383692808,2.52039611731886,3.67560522570844,6.55923060434656,1.63552877187564,2.84265899062078,3.75867008326545,0.286163832866425,5.50583271505793,2.09622817442251,0.801563263491547,0.506758071212542,0.154311035846607,3.0658147458265,2.78439282440095,1.4531444331724,0.153068198966006,6.68371861716559,6.41321386334911,2.06671984706809,0.0661150909783279,1.23159572368431,2.20115446599802,4.43178103326717,3.73752802623132,-0.144230710863579,3.98178679851903,1.75654119350688,1.5395228843731,1.84698643189939,1.30858496419745,5.33214933815647,2.25220206432795,4.93299156534559,4.9336559847892,-2.07455734830035,3.2860910223076,-0.837220711408166,3.68854184309958,-0.989411560042526,-0.2953675033269,-5.77919548342788,-3.8894733744063,1.02497150134168,-1.06720714507927,0.551387322810979,-0.214367043904965,-1.28009183370703,1.92923647227614,-0.417569147692066,-1.71758067093748,-0.162921080656058,-1.10687611821058,-1.18258517994511,-0.00391684865332032,-1.57332907802488,-1.0897424280681,-0.848411342542719,-1.89616258058601,-2.56891076462761,-0.062263836191838,-3.23440022353758,-0.774725734831605,-1.82890623193596,0.114911894035876,1.08065866596991,-1.46029921066707,0.240573385715201,-3.08073023121248,-4.63793528535811,-0.320812342698112,0.203131231372748,-4.13800226994707,-4.83009639959824,-1.53191897470098,1.17677593996242,2.55148078978933,-1.99632229159811,0.207442683492231,-2.02280698030577,-1.69600109521436,-2.9743844569641,0.848899080798524,-1.47520443444822,0.355654233425242,0.78157503401281,-0.369122698506762,-4.2214878646212,0.431158811553563,1.6405956283905,-4.1266451994306,-0.390125208679517,-0.720203904756096,-2.24125572872421,-0.870394977425404,-3.89927705688455,-1.29416584398446,-0.721833701036237,0.582854020528873,0.466365432250839,-5.58750305625091,2.369370566213,-0.685585460911391,-1.36075090332817,-0.164718877819549,-1.07658018432665,-2.62629330244793,1.50369913918436,-2.22352486387816,-1.99095870275864,-2.57417887867722,-1.83476878046018,-1.33452830210031,-0.99640772226665,-0.795966584168552,-2.10996872711339,0.611971852842212,-0.0850480507247929,-1.1891054106176,-0.344664768820534,-0.0196907507233444,-0.437969684527723,-2.02931868335808,-2.56904087199116,-1.4503000364555,-0.399310915292823,-0.297192825329583,2.59840435748936,1.02396149291276,-3.68894575592444,-5.46216921168478,2.24923377511517,-2.61353729220576,-0.798831743600259,-1.1947739879235,0.682497547951499,-2.83537433052954,-0.879048459480004,2.96813312498083,1.75891860857242,2.31377346590288,0.848702449296679,-0.913617665264538,-2.3304313482355,-2.99521724544047,-1.38150887620418,-0.218467702359821,0.560882423655139,-3.67132025194514,-3.14716194007573,-1.42747058609739,-1.15453335471266,-0.0888525493881974,-4.7802650879997,-3.07492489680308,-2.19372374972113,-1.01903791169326,-2.67494669611995,2.30258923044565,-0.436910586296461,0.442264057019529,0.639333486512973,-0.016640323902226,-0.960130002677819,-5.25742459231122,-2.03127736403395,-2.85840806174242,-0.680678720450656,-0.497485984624509,-0.828475461028655,1.13595776994492,-3.15537016643299,-0.347829258329346,-2.33264280902288,-2.16688942024585,-3.41257562789265,2.44597791829734,-3.28699548215529,-4.38558057879897,2.82993060060592,-2.2506553967791,-0.792116770463475,0.181694048560379,-1.68827731090988,-4.4427901526584,-1.02907283563067,-1.83649758315515,-3.92240257950212,-0.766146620618861,-2.54105074825578,-0.357561736205401,-0.973898560476283,-1.82930972417617,-1.6121365437294,-0.509842952121273,-3.0575085105364,-4.56889099064615,-2.69774870177092,-0.287732913940612,0.176549903811153,-1.21086013788355,-3.24358783974898,-1.15503876589554,-1.38104385067657,-0.79983986518699,-0.239169841392808,1.40046238059021,-1.58367888614149,-4.06390764315082,-1.6357652597944,-0.065848853648679,-2.22330531182268,-1.15859833955053,-4.0093462341347,-3.35690534112824,-2.15714812573477,-2.50062648800923,1.16705183955871,-1.02059184575866,-1.08242486935736,-2.44798233670362,-0.312454503407667,0.961746149461185,-0.105783476045239,-2.44664736174801,2.4975415811883,-0.896499074206648,-0.433345653168866,1.43747178742928,-5.27141517741114,-0.176503031529427,-0.343603876735947,0.518168937127553,1.05885085490345,-4.45684982279203,-0.286456343170349,-1.42482600400428,-5.24702613656688,-4.53065320825512,-4.15089858841745,1.53134145206201,-3.45924011498695,3.35485712729755,-1.85563398344723,-0.968860693365593,2.49944614441762,0.439862918742252,3.08937336810872,1.78957094702411,-5.73673236702317,2.17836082550695,-2.79570166634368,-1.36660390753646,-0.224355702508483,-1.564653730267,-2.13913949740381,-2.14251290180127,-1.67266563647103,-0.319197457219924,-1.14611650250932,0.548218768815964,1.15413137131741,1.97540766332555,2.44116548143526,0.493695536440977,-0.925749373711851,-5.98022066869404,-4.14374807007501,-1.71958381365418,1.62044276884417,0.684966487625678,0.975266376529474,-1.07450733883478,-0.0145052020994705,0.00755624649359588,-1.88028237955986,2.532348450506,-3.10923353895108,-2.62576834266227,-1.5912870892988,-0.327333651341436,1.81175040623188,-1.48859041827912,-0.176883263189719,-2.35716552344036,-2.40983967102224,-4.55813478955971,-1.98936193529232,-3.77937639906298,-3.16061022985723,-0.363202783825568,-0.193606072626955,-2.99737217980033,-2.18734132204735,1.98626209443508,-2.44262078913157,-4.54333380584713,-0.633766802053135,-0.806917463919215,-2.71544688458944,0.405034254482194,-7.47078182997728,0.63069085374231,1.49560554306703,-1.1055842421729,-3.27858966637896,-1.26116674885109,-1.59493757228369
"13",1.94216265687348,4.29954192314924,2.80093933700245,2.70844399458243,5.75451147649683,7.05886957749398,2.69326954255406,3.95011416840855,0.964309442458657,3.79704325075215,-1.01140307936488,2.53850387157574,3.3523534866032,4.42216934238468,2.22175328336433,-0.722279329185581,2.15779792560806,2.44423081535587,4.12834266942418,1.07331870493636,7.32073396660462,0.642532375945595,7.25190459641804,-0.0119696335855943,0.55402700814516,2.08019528732266,2.77931169394714,5.45418434792907,-3.82431527498815,-0.0538001802192811,5.38301121970305,1.92430448813909,1.98711323913502,1.6724487570327,5.52996593292221,5.76475578323959,3.83462606229925,3.03376835919982,3.92440258878688,1.36964472028837,1.76005650383157,2.74907359214435,3.63167944413994,4.51135915608968,4.39546301302212,4.82105259099714,2.96539942999508,1.94688108360451,4.36310496268317,2.22409455118586,3.16505980240014,0.716300936420291,3.87131472285303,1.16643983225377,2.57235069727227,1.25028755648122,2.88580473105756,4.2906924448214,3.19708605023582,1.41953821902501,7.5818975632867,1.79927697359539,5.24689362315339,2.9680102047886,2.61976681454391,2.38637164512033,1.16777997895052,2.18508833479427,3.88677019321353,-0.343957595733623,4.46022067214251,-0.910524396217759,6.03816821524449,1.83617996765306,4.72324746108329,1.97650994641055,3.29390534293356,1.22563960463368,5.62266266007333,3.2298266277344,0.991141852953948,2.0173523806625,3.18296816853778,6.23454929053236,3.68297359233798,1.20123963980446,5.48363935066663,-3.18047093818854,7.18384911310867,5.81045338014647,2.77042659443704,6.56734897659058,2.67956016891694,1.94155063305184,2.67276725214409,2.75423998064795,2.76833650620544,4.15728342771607,0.646857669777996,0.79991974524337,1.9741147404133,-0.0151130774480355,2.44838864858487,2.24212302226957,3.07973640155061,3.86876801644928,2.07760046237827,3.12073679827501,0.657860300326497,3.54168169453408,2.37855596335665,1.76484166141943,4.8668020676301,5.1038518525137,2.51850599389715,2.751885557108,1.32869566474693,8.11985430541084,-1.78467754153491,1.8279535959059,1.63953552137148,3.61302989553479,2.02560340461743,3.75769125194629,2.91934714466765,-1.35721049897948,-1.95554531405267,2.45514216748642,1.89407445629936,0.949854485912642,1.09972221802881,4.29197141864619,9.91600122376582,0.651899066434415,2.73346602188689,1.48019234342477,2.2024505185,4.63278759236684,3.25271856632024,6.62173025000441,0.847877195939127,-0.234415046801787,4.43894848610666,6.82964466628608,6.93454940185542,3.90604310372785,0.150674138394738,5.23796614194021,2.42995894703577,2.64642868131917,2.32967731421067,3.6831688939812,2.71846756273429,5.70496289181889,6.08430041469768,3.46345050663333,4.51329928132025,3.30114502000366,2.60465920462342,1.48909199796072,1.7765205445644,1.42483529463247,-1.48280853920245,-1.37021638493285,-1.89328393646329,-2.59361314075805,-1.17801750767392,-0.0403971471322591,1.08303105346171,-0.583410250424865,-2.86247326501717,-1.57005917288714,-1.93897427658919,-1.41302493044957,-0.728557356932592,-0.97831770139451,1.33255656655951,0.866148463243324,1.01483822655122,0.648718113877691,-0.845601444547396,-3.44798267512887,-1.46629703873007,3.59432833601164,-0.550874751473686,-3.29675573479342,-2.14869912838413,0.394500966962211,-2.23062845006678,1.53548712843936,-2.33808881285578,-3.65727885321863,-0.0802575717831333,-1.93132300652882,-2.1498410704481,1.57722429250044,-1.21488435790966,-3.74285825878775,-2.94042419373167,-3.18710587636418,1.16080956086083,-0.09867227441718,-1.24996539844496,-2.20737828510417,-2.52156883548892,1.64931859040962,1.53333553047892,0.703152640379217,-2.10623147640604,1.82393826687745,-3.03145599118814,1.70679838448253,0.520764857978426,-3.11985767997567,-2.4372712850652,2.4746508013393,-1.45830272180051,-2.48756580208947,-6.44730228645873,-1.1506732937221,-1.40609277768484,-0.971864873516737,-0.376167695444448,-3.77789808059283,-4.13959711732535,-1.76179336008004,-0.950042382617893,2.47186726328984,-1.55706930227303,-3.92552314291806,-3.65834085858091,-5.79481947043553,-0.88904634676665,-3.12112161572382,-2.63830667465722,-2.790413284407,-0.342400759774338,0.316193274288292,-3.19559469347498,-2.92454561327266,-3.62179629383402,-0.914558448217228,-2.34780671093917,0.896695713737999,-3.74157524176413,-0.574179325200632,-0.643633710287332,-0.0102261253452652,-0.593617474136016,-3.11910935406878,1.58836237539831,5.753345487102,-2.36902558895734,1.04590770347018,-0.877905840849638,-2.66869291159982,-1.78967322376408,1.66440196082735,-2.82326578345776,2.12190462371396,-0.501060369866612,-1.39724774617287,-1.69505912494888,-2.21795852236451,-2.44541409502207,-4.26585560220819,-2.20589903376361,0.263638994460663,-0.796494035941169,-3.9350626216452,0.52031882586135,-1.63228367533252,2.78740943270326,-3.08798593601465,1.27820607885575,0.124219129612122,-2.06522124090829,2.87062075870948,0.178599080705937,-1.35263704982641,-5.58563624362485,-2.74120704272544,-2.22092359982808,-0.650172681926687,-2.3175043505859,-3.79045076132758,0.455306196732562,-4.36315011012691,-3.6876870593447,-0.310793428569022,1.62593447106793,-1.29623765884894,-1.55090456648854,-4.26141876172685,-0.800455009094304,-2.57312052285653,-0.51087622397065,-2.88429167919402,2.63578691132168,-3.2406143042946,-0.367190155096443,-0.957363023454878,-2.32926844495714,-2.53274815471732,-0.454186066080064,-0.948989292637927,-2.98574335971498,0.0716541893350011,-1.00064565923765,-0.364723680173889,1.78008981931291,-0.297755431181546,-0.0313431386340262,-2.12345890384961,2.24201636916583,-1.95668364701302,-1.06381627879225,-0.331693169026549,0.208494460017434,0.56324469337815,-2.00103288043793,-2.12387250682289,1.7485190812735,-2.97888753907628,2.66349691987456,3.22402434030688,-1.22278399211715,0.591021767437926,-1.4994518813443,0.34939836151554,2.46640223350953,-0.480057162240869,-0.133742040049245,1.02785192276558,0.30393487153482,-1.39339307826807,-1.25131148234223,-1.47204045029636,-0.805692675326099,-5.36332114224397,-1.08621839250693,0.468167100490934,1.19820663297615,-1.81612757634035,-4.1284016349085,-1.98522239489951,-3.22586449450945,-0.361704664024938,2.137428964917,-0.35916610590598,0.167805043984165,-2.08809089759175,0.754800047155267,-1.09496699809951,3.10468025494794,1.08924647789773,-0.145714154706426,-0.275053528239798,2.96340005685965,0.126502916728012,0.243959219142513,-2.16927112504995,-0.778050069561835,2.00299792574514,0.29950229992762,-0.441963481821137,-0.0195614805337521,-0.0681459969565428,-0.494283329899541,2.88127831480135,-2.37454545848525,-2.65520661736391,-5.24061919525156,-1.3425348771644,1.09305203319109,-1.29075375806277,-1.30954572621167,-2.28373721576189,-3.4897903859626,0.228569262104928,0.282657303053992,0.500786625635095,5.658232010379,-0.729817342268514,-1.14506561303155,-1.05218726609593,0.805948912701157,-2.78042696195298,0.226423221773922,-3.74657377266296,-2.08234621751825,0.0584682368934308,-2.1371743454444,-2.36791304402913,-3.54851690472779,-2.46162051454816,-0.955029695281111,1.39508035337475,-1.77809201654893,1.44354908442841,3.75487240353871,-0.466914630480832,-1.58468796989976,-4.81105994754398,-5.82172465044438,-4.43704180187413,-1.46723596776247,0.170785672633751,0.390001402453948,-1.58361319716241,0.775119210946991,0.788513115541643,-0.0532749388855762,1.52345853871749,0.000765258401007829,-2.85679888992392,-2.12015953792663,-3.09004100557871,-0.166581257103137,-3.22930366572885,0.812727397077232,-1.53324655939182,0.117444134741479,-1.13378187406787,1.49185369283584,0.557039853086297,-2.89250780732223,-0.473109348496686,2.86944450912697,0.287875301745226,1.39628214987815,-1.04594349382451,0.599545005889039,-1.96124592534828,-2.70288565542342,-1.77879443444865,-4.07941731342819,-3.11171129485886,-3.40114411415616,0.997428245314139,1.74013836069466,1.79321688163199,-2.57290939054293,-1.26882293704129,-0.590473866456677,-0.438931796608051,-4.24066823157684,-0.31864640636158,-0.547074720875635,-2.4384769018815,0.231674989600684,-2.90419553285016,-1.18289034753433,0.339226571597147,1.47835510124541,1.74955893020779,-2.14813233184309,-0.122495279579456,-0.978526690359444,0.739565195822561,-1.08697008282239,0.824654313900884,-2.04284456817867,-0.915741808474112,-3.25544036534067,-1.92525069304509,-4.13578040101566,-0.470086582465805,1.71235317847052,-1.56373297001693,1.57791496833251,-0.868541982722115,0.445228303695684,-1.12616216159973,-2.39287885826637,-2.10492110831852,0.179263196749558,-0.746889246219264,-0.613452483006513,-2.31269357159157,-2.37372199481485,-1.23682857750565,-3.88539031873627,-1.85277187845009,-1.93600188356489,2.23788041704689,2.3186384276147,-1.80472427181231,0.420034513216839,-1.58243513326654,-1.48320194144297,-1.90695041415563,-0.111475610041061,-4.06985865426488,1.76587529598228,1.32528524389211,-0.97082016608967,-0.812602111919029,0.547723232258645,-2.82023550495039,-1.31735119191095,-0.980419814407463,0.646122902574747,-2.5769804487195,-0.787954035440961,0.0917488691335764,-3.56875362287187,-0.430743372859096,-3.68953879130281,-0.67406266107653,0.874826632546111,-0.712724148779286,3.17603744582716,-3.54659462815006,-1.88106016885731,-1.86553136953338,-2.67327900333708,-0.486823227303069,-5.81073842250475,-2.90060486078574,0.994233889951285,-1.4318805290149,4.32714813908749,0.760162058340996,-3.87259890890419,-2.60855088638285,-2.84539592089272,-1.40954023806697,-2.39460038623657,-2.75550070052503,0.599437986789827,0.058555380255243,-1.25693068515194,-1.79689592206435,2.57653590969319,0.40110072577593,-3.16788712901761,-0.0676723814985867,-4.66727669199183,-2.1914258613684,0.653660057585865,-3.07119960451232,-3.47251993624094,-0.620765918711864,-1.06055892429993,-0.601387023458587,2.06062207025982,-0.458541013784976,-2.9254397367401,-4.62856696628786,-1.6537326893132,-2.46113232866388,-2.69743100751409,-0.60550922142794,-2.64910889670144,-4.6742043404382,-2.83624888288581,-0.761242252679539,-1.21427113910854,-1.2417706697276,-2.72618058134258,-1.52609197293464,-0.74324398071567,-0.247146083610423,2.65644473745431,-0.157820563651626,-1.20264329946192,-0.953257650892186,-0.669801959491754,0.522349687793235,-0.454439438122867,-1.31250199998435,0.937694373622857,-2.12568689037431,-1.2916478383622,-1.96734572154815,1.34310442727381,-1.07619378634028,-1.16484896726975,0.00878759367832593,-2.17647812131879,-4.84481173110657,-1.41914629334441,-0.180117295994273,3.22943380358382,-0.742954963978294,0.438990215519629,1.7778278182635,-0.884445817555406,0.71449565000992,-3.88881964823753,-2.9020058930736,-0.577918191811327,-0.401299452434791,-2.76830260344277,-0.275756241660203,1.22115838101259,-1.62050862990878,1.2064668105929,-5.19365153409768,-0.217767495309476,-2.0739716515956,-3.60404197030711,-6.11001425706384,-0.926116864333939,-1.15762468239485,-1.0707206623735,-2.11686039539892,1.68057795360805,-2.32183884685179,-2.24486781092807,1.78086414081539,-4.85241473749335,-0.182426132105903,-0.300272832124142,-0.41326608003277,-1.33919291642975,0.637492888012608,-0.0328529147264498,-1.10863527126218,-2.79765788057855,-0.791789115576337,-2.15587107692319,-3.18927008879366,-3.13783528483919,-1.91843851880562,-1.73882693684038,0.0449991688347531,-0.577061161376434,-1.21972965261744,0.294295570153233,-1.16444802617958,-1.6527011285301,-4.5497182335761,-1.80294210163853,-2.43080234099939,-1.67747572543713,1.68712015080067,-1.72218474976656,6.5131693013053,-2.99752713272166,-3.44406479966898,2.37825157460145,-1.95540150592825,-3.83521602631872,1.2493340944859,0.996566469126246,-1.2135590327231,-0.421063889541394,1.6263372731754,-3.67143759035305,-1.8624987958307,1.67854041483375,-3.13758187415716,-0.210408110951091,1.33080408724418,1.88159334012073,-0.950790433906071,-1.81118451531445,-1.79108399906094,-0.01729737063318,-0.789493718698931,-2.65448891329153,-1.27225693697766,1.26329292782303,-3.30430561831569,-2.58523399110197,-2.26417156693341,-1.30693627337478,0.778628238609979,1.69065390372444,3.44099472506353,-4.03872927007143,0.481846519714879,-0.591210707108046,1.41260539125328,-1.5341786641525,-2.47264475106944,0.588132767872517,-0.893391869109298,0.439482564282005,-0.801303216305192,-1.31081958836485,1.92850886378721,3.15073878136332,1.64359450295416,1.84218479337228,0.899140725181249,-4.34333496765302,-2.2622763406851,-2.45673288596845,-2.66645323676778,-1.6530565743135,1.58637756717826,0.127620110911839,-3.81638270507907,-4.16643610459645,-3.05875004252301,-2.34109662217935,-3.05012999110417,-1.88421111102413,-1.19183260261142,0.462362903773902,-0.439866326453497,-2.21183206863472,-4.72696489196868,-4.20627381784091,1.19492501505706,3.02946081725064,-3.01303440201761,-0.298465690032597,0.0723291200524083,0.196462530965168,-1.17799733862,-2.17195860521902,4.86374443765727,-2.02513588874308,-0.271444324152105,0.635535199126855,-3.63045174220818
"14",4.35179461001705,1.5983003083346,1.50636319700033,3.78079440514913,4.18138175625166,5.59281837872784,5.90335514165591,1.83700458397659,1.5988789349819,4.24598592174538,-0.250846775069181,3.59095421310277,1.25140977814675,2.85984062581579,3.57695995136074,8.97271319092917,2.19241467555339,7.11406460381801,0.768549748360546,4.85278733212198,5.58638342329062,-0.402995133116913,3.4341008061501,0.414895453897048,-0.206573990321766,0.0489388049170265,2.23864594887155,3.60712834749568,1.63060598851299,0.861248066009377,4.66847831259272,3.84720866176161,2.33401355591872,2.29656358957378,-0.252955885570171,5.52246020757625,-2.2775936890868,4.91324766523699,0.0381435866418265,3.72074984555284,1.83794120931774,4.84406497110048,2.09452787847416,-0.234023368720901,4.21945798938412,-0.612049037586971,3.44377066071861,4.00510488776117,1.90076220623193,5.38712362647371,5.86492208016942,0.234049602311743,0.847866643687481,2.14035512636644,0.0683741226392991,5.96436677573135,2.00716654374732,4.59755406439639,3.97628498242423,3.90963684536863,0.00826825634999695,3.55404495613578,4.6033386893945,2.76374780047115,3.10193294955602,3.11345354236503,2.17013442222536,3.82789038613529,2.38685432990548,1.69342956259646,3.85548564079375,-1.89017075428204,6.05195507903546,6.39704902658525,3.39039377172448,2.08431705716411,3.72376688800608,3.02283419404407,4.48592830544927,1.3331640319994,9.44988195151264,0.0835177438873123,-0.414326311760564,3.25574278104278,5.54654287412264,1.48612557283334,2.29461957983481,3.50800468522746,1.91764182950717,1.03807140431746,1.30540491540216,3.17214441196597,-1.26451021739284,-0.96410139248629,3.81118934300519,1.906551354864,3.47493834017181,3.01798371450999,3.4225796643044,4.53935234211035,2.70068766714476,4.58291738062661,4.47246953089069,3.6410909787832,1.76217679613597,1.0225175986825,-1.95730602250051,1.19204836685449,3.31744176548966,7.42641186566861,2.51808854588478,6.00216869651185,3.68755887842099,4.52037199408126,1.61238016000056,1.09822149394382,1.89152146448278,2.815812112986,6.78474667903759,3.65124616138327,4.2845488495461,2.65451413607084,4.7769743285266,4.05085950134198,2.3721979900929,3.24836243052791,6.81237011611411,-1.29125840329538,1.3142660916564,4.54018817740284,2.9632774850593,2.17260546522991,5.72405881877081,0.330455158825843,-0.971295610744559,0.610180013954052,0.80075801120354,2.92693262114317,3.19410486850342,2.88312414809142,5.73358016154206,2.43849455583759,3.20907607526267,4.01381619517742,4.73348925464074,4.89556572855792,3.18947665528678,2.57756978483854,4.51783176304583,3.95562613784462,3.97348843469058,4.16052113614351,5.21673863012661,4.77504701642489,1.42446090325844,3.76186911950914,7.62845895254923,1.70872170372309,-1.7255338285708,1.96447554674164,4.75467984170154,7.45103285240576,5.34775204329262,2.81487385720826,2.448727233521,2.33919589814659,1.92177066694221,5.33484945901636,3.70434072613144,3.76255530776484,4.92663979405683,4.09060381123209,8.32489631171616,3.62638631053112,5.21302507304093,1.89415697490837,5.65510672851441,3.80442921487014,1.40485206466985,2.65045713820387,1.64009294412343,2.0224478163018,2.15534126587693,2.33749339758044,3.05827413587038,0.482340807956851,4.91465804270184,2.41705899371422,2.68359623615428,3.02823193885236,2.46574359862016,6.2461441350163,5.30355790582202,3.62907515685578,3.57390875208157,2.7711711271744,3.51691726996747,3.64345388098685,3.37758260442797,2.42856484235831,1.17387665756533,4.42429417133811,1.52721619562822,4.22946194533202,6.58598518343271,6.36103249415349,1.39859189337441,4.5694732029958,0.820670348364424,1.86410330496877,4.32175098292255,5.3662343228609,4.19332335145171,2.511418543413,4.17603997108998,4.80216758449848,2.01226214308531,1.9341979625413,2.37869908385429,4.38254633700141,1.00634991423866,4.76473785220689,6.61922081778078,2.48750186511028,3.27950489852456,0.0212912751997094,4.23451375252315,4.65171869430057,3.1309310430689,6.45125090708113,1.92102865218897,3.28155181080975,4.12205943152067,4.19817158312418,1.508379810694,3.14160606102603,2.08517485565298,1.15809832530945,1.41354520922552,2.83478635764145,6.26738674067053,2.62311958402524,-0.491347750548237,4.20034630750268,2.34357935135942,3.09647831075994,0.0843362216721952,3.71005518387343,5.4634145095312,1.62238137524136,2.2327374429726,3.16581914406106,3.14040971050632,1.38067937939153,0.378093935372027,0.0969872835515355,2.59162979095962,3.79872681052081,5.83698890232631,0.441087824890635,2.81345652982872,1.82060060894887,2.67132976848351,-0.545970756039255,6.54787443095038,2.75619894443687,1.74757915200143,5.96194794818476,0.0911287987678504,3.53893942421038,2.4757573185608,0.714840751516705,1.02460322853598,4.87420801483896,3.69735733500985,2.06715014544254,3.7497671228129,6.65564606385956,2.60681864502355,2.19625533242713,3.31319852280232,6.14944592211555,1.32113276385024,-0.0360400095616633,4.88848558327838,3.50022247179121,2.01302451725077,0.0118753219513592,1.25427001012252,0.212331279310007,5.51285516628446,4.74640094859463,5.94065517566384,3.58271731674664,4.88442418854859,4.64497560879582,2.45160217765801,6.11176780265749,3.35007702004114,-0.0355702210439941,5.2063930512955,4.27228519775594,-0.333768875523106,3.19646227040528,0.597663969912362,2.69650837310466,5.26181155471151,3.22972775416767,4.28655968840337,-0.112046187955218,1.32977776728633,-0.0651161837898409,1.45735059064837,0.0308927988265864,-0.226419979059063,2.03649223570309,6.9822618749332,5.5626675652336,2.68104841104376,5.04166478555077,3.93924999419771,0.102075827078583,3.2050304068146,2.3841366576153,2.11137903273755,2.86407420331839,0.413504976641453,2.43652490567098,3.6210432995707,0.11939655553412,5.93233028186408,3.31705276933731,3.88277471020884,4.43941930962388,1.87967877690562,3.42090829702411,0.412726476383108,4.49310227973329,3.2578943362294,2.55466475317034,3.44299186905133,3.38046179959958,5.67614306599488,3.54507678289198,0.779163291758902,7.17138594167723,2.56504211346065,3.89038413331524,3.4399885452118,4.40128446997356,4.27204798676404,5.46055474393152,3.91524433960014,4.4696726609439,-0.215821302432026,0.125827817452956,-1.86514858258673,-1.22445348487919,0.219182350518301,1.43634848737538,-1.36895511769353,4.51704610358304,-1.76865453666504,-0.802963575491959,-6.67363318494373,-2.77510733905349,-2.90278707168661,-4.36999333159749,-2.1260817350679,-1.1464386686508,-1.83012809165243,0.320477467942295,-0.468051419586245,-2.18576922052052,-4.66630264269238,1.77590145570517,-0.413507961852559,-0.683224983546097,-2.23513169456866,1.64269430079568,-0.602392037478432,0.807711590926828,0.229401801535013,-2.40606328519189,1.02240650478638,-1.78646675264302,-0.430874900698842,-0.879072593534573,0.603243979384027,-3.55828350512974,-0.546083347662563,-1.07787456657786,0.590459155267842,-1.86247627251568,-1.13286929057897,0.0598218313910794,-0.177729303912093,0.0432949938384279,2.69456084150446,-4.84181806468229,-2.11647376713551,-2.02025093330238,1.8670753024885,2.10298917345122,-2.32330609298312,-3.57430594120787,1.50626601115298,0.220182541672998,0.317245963082858,-1.52340864533592,0.218482258347219,2.14696553380058,-0.387423163841265,-0.812289481948001,-3.32818387348608,-1.02637893660586,-3.31539367033952,-0.286458868342207,0.331839140876127,1.24069621833459,0.521412196054373,1.22572473805477,0.128763402108193,-5.2559286986461,-2.10582125912673,-2.41235707788762,-0.0479047487075765,0.773791480366925,0.522072959846287,-1.4063322433974,-0.448263346774846,0.582262410274148,-2.40935540584794,0.0589333213638914,-1.36274571327195,-0.809606088310838,-1.92665480774836,2.05282938092656,-0.0556570171350977,-0.538203641096593,-5.27029643214716,-2.0599821066329,-0.231638583050595,-0.661791626833278,-2.94884745543702,1.48248332900446,-1.05138663838404,0.931979589398645,-1.41033104084402,-4.28161568993038,-2.68634630348589,-1.5962631965218,-1.40419770086381,1.58450122117784,-2.87797249534045,-0.119121251084514,1.05458976688649,2.16202113346765,2.07834841425434,-0.281969683328673,3.83622627817431,-0.0945142929451243,1.78319940115757,-1.67949606751265,-0.770845782276009,-1.11619409910718,-1.57594505064569,0.490730511462028,-4.9610455567913,-0.733065233353238,-2.04031118273234,0.702022280458037,0.707766732391246,-0.193601004065728,-2.13589956784341,0.215010183557627,-0.79342936523167,-0.498774063796431,1.88899334043459,-1.51405990432854,-0.104853854566114,1.16556773719485,-2.44038582884611,-1.11356711809164,-2.22467759274203,-3.8737316360351,4.65820334933163,-4.32169523075693,-0.113019932966893,-5.77626018744674,-3.72691681472966,1.41274170553676,-0.65185443423873,-0.960244807711891,1.1788940905669,1.75594642553713,-3.21987589313826,-1.39874693391698,2.45581549060132,-0.222127153141963,-0.740550782576543,-0.61872490267369,-0.176059162483062,1.91119803311655,0.835129071748707,-3.42037748317042,-4.74411686922319,3.26625442881474,2.60717503680348,-1.0297842385576,-1.84056848046359,0.968267327333099,-1.75978739578662,0.20815831375832,-3.71192951307434,2.92449541506149,1.25770825055834,-2.08826596412834,-0.241143533112916,-3.1888452590427,-2.21343127272871,2.22375315032307,1.2174013352585,-2.73832233543301,1.57589882064406,1.12787864634348,-1.00728855087178,2.80712671091446,-7.48090335907483,-2.85028808788144,0.837649725791023,-0.799538058721935,0.797285085242425,-0.283270025538679,0.328802587938743,-3.20456289818891,-3.00300558641124,-2.562178469232,-0.372086816578049,-4.16085288567442,-1.48448516469703,2.77589112749591,-1.86120007570925,-3.1475960349408,-2.19931326976372,-1.31727375424853,-1.61011023333813,-3.81124899436365,1.41588707124085,-1.90786717891083,0.584725754114832,0.803244288691025,-0.652504924103902,2.18009159768066,-2.51118988931127,1.29366583693185,-1.01335931455113,-1.87886205816391,-4.56743035134466,-1.78799148650375,2.1388454352511,-1.78827973746406,1.19274766976006,-4.67206222364787,-1.42174423206336,-1.13842587823283,-5.75736411018192,-1.63344488793686,-1.66017128459327,-1.11077015050016,-2.4089330000577,-3.27533069291749,1.64407872861108,-2.23785566905042,-0.634456945388443,1.91295319862447,-2.00643255382334,-0.519131295398708,2.57561379040653,1.27097820410297,-0.557545069318662,-2.0460405965932,-5.77944475341024,-1.81700235838197,-1.50716748682874,-0.352423706172786,-3.92078083436628,-3.36959738791556,-1.33299194124937,-1.75288570786628,-1.93926492803662,2.54982905217394,-0.422199997821498,0.625752802204094,2.61666512497378,0.0478386927715522,-5.37110283249577,0.591735482178087,1.59883474349912,-3.33231425114025,-0.150137401326081,-0.803636920869693,-0.848536256123967,-3.17882450764829,-1.521928193533,-0.201722192792237,-0.975272177363682,-2.15844039307787,1.17472850597668,0.781622401354578,-4.18163685862024,0.239313479058768,1.28058482025889,2.28543245907376,-0.296396549186942,-0.439016686593573,-0.457288179392942,-0.3730779678282,-6.54906134357628,-1.25931580805682,2.40064599766721,-1.60336129068589,3.82773282202458,-3.88138578863033,-2.31429890029567,-4.62608255066327,1.02889961683285,0.939894269651022,-2.00207068562516,-0.694985617639831,1.38039364517744,-1.03418649121432,-0.741695261820701,-0.317416907910136,1.42306420714309,-0.449595161867001,-0.901171834261184,-0.872431900504021,-1.81656620305315,0.911736039915327,-4.13015450470933,-1.08906987088371,-3.55015033272961,-1.55613254865717,1.17550402718798,-1.72805106705937,-0.978818086861181,-3.37529188207347,0.595110915241708,-1.11654054029909,0.178367112211032,-1.88136526468837,-2.02986996779753,1.67703382118739,-1.93996058089525,0.974810442896855,-3.58399253522227,-4.39594111658134,0.0634625791014201,-2.68155463725645,-4.92276070777446,-1.83807708116115,-2.52857236233517,0.426517127695196,1.99334528879174,-1.81913386588318,-2.89936922411328,-0.172867165142208,-0.860507827414215,-2.63209543169241,-2.03627153823285,-0.331511991201981,-0.550910199711901,0.646203472053622,-2.35478329794083,0.361291477293676,-2.10059286997763,2.81874951393893,0.530592575201415,0.266064539762655,1.29994792188517,-2.47907927722412,-1.83433862592797,2.77315796857905,-0.394330871075486,-4.18722282743008,-0.490185986037087,-0.851482274810349,-0.619900319971063,1.50059419105239,0.276989062770743,-2.1782353483763,0.792793511068312,-2.97630964168714,2.50610526531125,0.121413915124495,0.255190832671702,-0.0239951188805559,-1.81458746139349,-1.64524265697245,-5.91122446523371,-2.4369828306427,-1.85712428162368,-0.416803062530387,4.0205045065674,0.109782587498184,-3.38482112201375,-2.69303348158349,-0.998948996895277,-0.518411278085734,0.558083347560705,-2.07915120058504,1.22782162263445,0.56576032390093,-2.783724765243,-4.00333157871638,1.40900403607934,-1.51476954774832,0.821136157824658,0.307371373010618
"15",4.66243989684931,2.96717476868903,4.48438206231969,3.42021386774802,1.81731486307878,4.06604326806145,1.45132350948012,3.12983314539974,3.77021538234102,-2.23494553994724,4.70247636857065,6.45249374519755,5.07775174050604,2.66138514461714,5.80432674228842,6.52952140424951,3.31634382504748,3.35102387531984,0.788543579330174,0.917858274939458,2.45313355053576,4.92839774574684,5.39377280409773,5.5780790745899,3.52722576223344,0.146218269100292,3.18476214801961,-0.912961374572091,4.48414009304086,1.570790470497,2.58260241761481,2.97532376478648,-2.11019810373043,-0.47028580789232,0.794556959871441,2.81022991336874,2.57269836032393,2.1082961324678,1.26312556044936,3.83551790275968,3.61441083487261,3.4396116279313,2.11324351231459,4.02866324084021,2.4649202116703,1.50225848137822,3.03456327915057,3.21678096178146,2.17049311244857,1.90125843072333,2.60520560928168,5.10106323499536,5.04258141233535,1.02253500148454,0.034992342038108,2.73954709749964,4.45053981018773,2.26100180916021,2.40140142957684,3.25346363923713,3.41605777195301,1.34458824074112,3.43944799937894,2.210532877236,3.16518694022084,0.849258791545755,3.79410307813606,2.38250369155076,1.49176990356499,3.27657435550991,5.99972214229099,1.98980569119312,5.15667155174363,3.72410905054966,2.22977430482625,3.55766235701058,1.50310691247676,0.0674290762426755,3.15080149310954,2.89027924524513,2.61438890301296,2.116446725734,3.20807369662996,3.6332182118952,1.2936105999213,5.61846798902241,0.231396595485069,1.17778822249011,0.403537140456536,-1.62635059840693,3.05995613105529,-0.802898490414686,6.70273710096726,4.58413209058407,3.67196540743275,4.59636438450646,3.28213206854164,5.28242739801473,4.05242903961789,6.36262446357375,3.6481268735798,3.91340284675721,4.87022259254577,7.05243577903616,2.39900170456248,2.40284969005866,2.17989036578713,2.07024050849646,3.05421776697205,6.1675944908813,2.39102076549183,5.25521280652766,1.10975258146178,4.34826994363728,6.24232758577401,2.29797297550348,5.22850117030904,-2.35241540844881,4.22049008125044,2.66830766100186,4.11971141033929,1.52352507402113,0.494872870706663,4.65956855560437,1.31694457829449,3.24979236352771,3.25697737259604,-1.17987301328061,5.62981321552433,0.890698013346301,0.478104377635024,4.68896810452718,4.13242620217758,0.400960564886974,3.06814603518537,5.17559606499865,1.89812870783004,9.35042082298092,5.46621726044769,0.509275361117068,3.39845529408277,3.27201258077403,6.39907265041216,0.911971493825196,4.33130503193251,4.32486826835998,3.0708939972961,2.14487550727776,1.46611880796626,3.42852617401168,5.82017385120393,4.89047591910971,3.22057311253197,1.88965259383464,1.66147825207404,6.39475974883963,-3.07286020545253,1.01623760335047,4.75782912011229,4.48576455806743,-2.66997715340744,2.83063722627184,3.00481260877047,3.57941469279004,4.45174649038176,3.01311523376696,3.81898281974312,5.02446712712902,-0.580421964777196,4.35304830456033,-0.113624094833457,2.22714453606396,3.09891694669396,-2.26771584672136,0.432680984769188,3.4785898832862,-1.32478841386911,-0.107319927034234,1.65626837555495,4.14114927210428,2.00690720353968,2.61535692709856,1.21780207188745,-2.21745394221679,0.810734459181206,6.84194442925189,2.297864497302,3.26947364000203,2.16551198925254,5.45255262620457,3.79580484365179,0.157354927001479,4.87040257365385,3.17706589400828,0.233113739303001,3.79699863194628,5.08557937125093,4.57964416454008,1.75664084980729,-0.535074333093135,5.36650104388902,2.99507083841475,1.14667661269184,4.5439559710607,2.3254359530553,4.73756215350629,2.43412013234344,-0.474615832497509,2.72443952002134,2.75716226607834,4.1420002515642,2.11230156076125,3.54812358474489,1.18924335922707,-0.271754411397488,3.87824376411642,8.38370823983805,2.93617800234638,5.90834183819137,5.74202441699019,4.60532526841105,0.622301669338175,1.64339149296584,2.54044438322732,0.404643001130829,2.93227630552621,2.85151575277408,6.15561919988566,2.80522471650571,4.62733558329161,6.09626917764486,1.06906442650499,4.99745425066746,0.451216252411261,0.667972064475397,1.80709090699852,2.43627769116678,1.29853447128229,3.23111547516388,2.36724649454795,-0.122396524401758,0.95550597242566,3.75757216070161,5.6078070940513,6.59325040352,6.20522123854604,4.80169264549653,4.66950099718773,3.13443773039333,4.98629390302984,2.07079779819667,1.51342289332355,2.28056966390652,-0.285583998184979,4.31877002594675,4.13244484910599,1.76760644316544,3.87898229444442,2.04424681472567,0.224491829748862,0.48848717683187,6.26798343704474,5.70590634763278,1.96263558721753,4.25247740521233,0.459412224943268,5.42730532209957,0.516497745805283,1.5288654543945,3.43719487938244,2.52837262043098,3.71370554660267,1.82006305447109,5.40975146728717,3.63889608487888,3.17336514961258,3.40691589233517,-0.20205590977216,4.42661199481784,3.44051885065746,5.06148820519938,3.5614354072381,5.05353124626313,3.66329791524054,2.25889066833542,3.23271236195666,3.57006734749994,0.141302511070351,0.283503650633051,2.47529470291949,6.70251570334962,1.65068076407657,1.69437344445087,1.71445714207006,0.201943309639012,4.35982514014799,1.62735131094272,3.33489330156446,3.75050436250876,-1.33151091340034,4.08887004180201,3.70072782782161,1.51709672904179,3.13200407244009,6.16214864829572,5.91411515318165,2.87161989301137,2.71095262425405,3.45648194008015,2.13132670322199,6.64517745516017,3.85357376185448,1.8159008630281,3.47205951878323,1.76936003640016,4.92233817298101,4.46119201680064,2.65058980144727,3.15256445583696,7.81569814930255,3.27357464918977,1.50654126221069,3.82321220648807,3.53730567956193,6.0267881932301,1.09425598924772,1.73932691772555,3.33967507072595,4.58043000202163,2.72470742815052,0.758252454436848,0.108641480454998,4.87517112278834,5.4946186022833,5.55727565435908,2.75018082116078,4.40731284696938,0.937113902433126,2.86550598401619,1.30546448469605,5.23933116448411,2.69111397239886,3.6999901183444,3.20976556160719,5.14585089761246,4.97096255858739,3.60861121715365,2.35513135278035,3.43086188834092,1.15069768601853,5.73180504224722,4.94736010594176,3.64238489067295,3.06256218962798,2.89212669319864,2.47133888320921,-0.500297349260141,7.25732844818716,6.97297101254706,0.206846567075583,-0.29938093160536,1.73216980908681,3.83350391470474,-0.0587707953761498,-0.485695611662881,3.69998407557232,3.56724342030661,4.60859839024938,3.10618685337786,-0.131180902965043,1.22667443080858,3.22785181634056,2.10287425687396,7.02102389572592,3.06704100501016,2.40082856461554,3.38474545938537,0.313617337329396,3.01105861092612,1.719634294929,1.40289648837413,3.53783553122813,2.69675987358933,4.13308979672265,3.03996808290396,0.0750810758203717,1.48023176498893,0.343125959250584,1.01872856438522,6.15372127222824,-0.213532056310617,2.6567279509196,1.66901566481242,7.67789140768777,5.45893784603204,-0.284165718854482,1.92843857311739,-1.10513058062189,0.702997176805797,3.9495291522027,4.44930750664857,-0.157816297252158,4.18456415155175,7.06496862497576,2.91884277487521,-1.02716370516454,5.04499478772612,5.47252333580083,3.15547984691257,5.4349767074487,-1.12137287907018,6.49229556325695,2.76643664203017,4.78819748265259,4.2625420599084,2.62338652956364,2.77832801664917,6.83594697211862,3.0804070707359,1.56039730052493,0.702883447773134,2.09367915954169,1.54297438928479,3.42948256794302,2.99369536865706,2.53551209828578,3.58715012391751,2.9945819592935,3.40429080871172,3.12995869062443,0.215381901080764,4.41747111916394,-0.223564752239943,4.29002275933554,2.42412360146158,6.24250873419164,4.44531163747772,3.29190197950653,3.06816353377689,4.33212210998752,2.70171044772238,0.417338727946432,2.32319304403903,2.80126490500365,4.49285150847941,3.65064323859669,1.65335988880851,3.70680581482862,5.10226474115857,2.05068143405812,2.22011138673403,4.4099969161723,1.97381148909831,4.52245562625857,0.0445920453684217,5.7369364966823,4.19585773844818,5.91527899028425,2.58937417379121,2.06169905801658,4.79459062010637,3.05010631341923,1.48510880867902,2.31739468049448,2.52880835505374,3.53556421712391,3.52370384996335,1.88876823154751,2.42260309773323,3.48838084192628,1.28352895780889,2.23846090411301,4.75551902855734,1.3825480969927,0.795463815455246,3.77255190271142,3.51597210978078,3.96500360492045,2.71643287472848,2.42597093236661,-0.77356897136689,2.96950415096806,1.6536491430824,4.76674555945571,4.39379143642765,5.18355125233113,5.04162765374266,1.96643819840861,6.03635287550762,1.53148257048245,0.735536670516202,4.37689863385715,5.03441488961036,3.09137075654008,4.20526550895439,1.54054984027105,1.49026220797954,-0.131389149393971,3.71420279516006,1.640257335118,-2.21830260851722,6.96576384143679,1.98240320703406,2.49383043108368,1.74460157215048,1.9133589372846,1.40317389382006,2.38009778678745,3.07299109467269,0.881269400801531,4.16834628602546,6.29589193946601,5.66326208719672,-2.91108593571296,1.70871046751315,-2.16688308542453,-2.59084939663535,0.370167114383015,-2.74868235391282,-0.725795735793125,-0.131909306223516,-0.471038525384156,2.49002157549668,-1.65230766008123,-1.09395734938679,-3.19107056960664,-4.61645106206488,-1.70680366832533,-0.967242891516156,-0.605285401095257,-0.782867216750876,0.757297664155463,-2.29262756648594,-0.247501814270423,-2.2364915243221,-4.26995200958998,-2.71598918629032,3.96473234093652,-0.697427559112606,2.38655922021433,-0.131261697992483,-4.79897598275117,0.97757461471748,3.71498306946843,-6.75385264273464,-5.22350226545846,0.771929768928399,0.55205174225193,-3.85931998572489,-2.45723446464676,-0.263160532167277,1.00816284708946,-2.02875256207385,-1.79676928656062,0.985306708881142,-1.47148454973339,0.0526283203154307,3.5000133471694,-2.18081391513549,0.656162793111035,1.40033249915815,-1.50409948187981,0.298256790768453,-2.05214489186633,0.450209248716513,4.01882034159351,-3.9727080225993,0.549499055593182,0.170618599964828,-1.08814934899288,0.589433576189695,-1.21410362445285,-1.70874299107338,0.129354753685565,-1.05037988750141,-2.75331034737174,-1.57222361333149,3.23031389996913,-2.37670788062332,-1.2142381722013,3.33640243696479,-4.97960303677385,2.38781848693311,2.28916268266114,2.09483186477204,-2.68494656223551,-2.4834289093009,-5.56666124031976,-0.678728559099688,-2.72621137636977,-1.48595247278531,-3.64019519473459,-2.77379945396138,0.431341192507986,2.47952597525072,-0.18886083982302,-1.96493623702618,-2.48399759447955,-1.42484714213499,2.6692146717231,0.987790961706745,-0.0389127500762304,-0.381594535032379,-2.31563567197349,-4.58194196655853,-0.292767468933352,-2.89161237404468,0.215614146032143,-0.605310536821375,-2.61706656728436,-3.25525377777161,-1.27677365404059,-3.39493138166231,3.13738395105302,-2.17437757438938,-0.74971588857408,-0.318523033655982,0.414533897030041,-0.526783755379536,1.00178999260961,-0.809656373567775,0.216379330263418,2.05601781155463,0.331616797439086,-1.29254029037692,2.06034398563525,4.93149949946241,1.04780031546271,-5.35357074927225,-0.964998503848278,-0.979971466471351,-1.72001336996114,-0.662866798484067,-1.59735543802483,0.0891469796811641,-4.40485086271442,-1.38088791051023,-0.707624323514751,1.11608167563466,0.521837879922023,-3.06687819383407,2.02657907603802,-1.67383497814153,-1.07164933832366,-0.81237964494602,-1.30694557786059,0.795888384144128,-0.42064587124065,1.78003982863883,-1.1986380625941,-0.770513844740253,-3.70915576309701,-0.914773325486765,-2.27895276835826,-1.64747705322691,-2.21276424224077,1.45486787276748,0.626250061102589,0.100797287220776,2.28132268005779,-0.447830958701757,-0.250788395398453,-0.495624458017599,3.57544661974428,-0.732828295406846,-0.639069805049111,-0.594824519607682,-0.356717464636279,-2.81624604920458,-3.32503182476296,-2.03493336519145,1.27912626922375,-5.9743153132693,-1.5118582117576,-1.8914313357751,-3.14901314765222,-2.17277212021059,-1.60911233155637,-0.323569594118618,1.64324231906798,0.596518019081256,2.76255582274858,-0.299654266385056,-0.821420085424931,-5.75341692629652,2.98360025901717,-2.1412779450568,0.998252376465351,-2.14349568073002,-0.827486064139209,2.52737210956469,-3.01386354784544,-1.6393288399151,0.451445913853117,-1.5361835761641,0.403020522205126,0.876445787343156,-1.01027769960806,-1.27564185813126,-1.47328743701831,-3.81723813652921,-2.56105934758023,0.490848510105323,-3.03108995231832,-4.03069643612534,0.190942652877696,0.893378716983554,-1.72676151671548,-0.326686373774707,-3.85910595004444,1.13368900524482,-3.56977064052557,-1.6073240091957,-2.80978594037022,-0.226937720921407,-0.208820402372228,-1.46284356402673,-0.584666899378034,-1.87114832470933,-1.3500927642051
"16",6.17081997833154,1.65849909997525,3.41331480041348,4.41934612231575,-0.429512662798158,1.72960660985804,6.98839092586705,1.2406028782629,3.28218540161607,4.46667100617157,4.68694817755248,4.19242020815252,-0.686720235391756,3.59395676504213,4.13029423621797,0.802650755461583,4.49980020904009,2.43069067625856,0.633795796110664,2.65625874164622,0.15488942323425,3.45979530149252,-0.0478154477081998,3.15231639498813,2.80606376055892,6.33410989816856,3.5240916780279,4.97421614601135,3.19060615881136,2.53555310121847,3.12582480785358,5.23361322745151,4.22845693221185,8.07971921475274,0.635308318707928,1.68302785934328,2.5807463356369,3.30348542975535,1.82081913782535,0.0624347442642073,2.42560622595659,3.76029553627406,2.38395580740139,1.94376940341843,5.26398564842801,6.17065284974382,1.18360729822842,4.75329054525021,3.75141532271256,2.01533391941423,6.35605911118315,1.03338024663286,0.114917166234999,1.27444329919624,3.64044851727424,2.7985279880415,4.05822291001094,3.63656273158266,5.2991439096417,1.55308313145827,7.79645963615968,4.62042008313468,-0.780354153103187,1.00683897157696,0.823103118841533,4.31710278297256,2.09322520651738,2.69742865858102,1.60030051314645,2.05222043534668,2.19573984167852,1.93795765631577,2.91087323851973,4.22734764542742,-1.36661288613237,2.72465015726265,5.34439555509829,2.14657527943476,4.30955944996886,1.79243592675859,1.53796316388296,2.79061156692525,2.89688829545991,1.42603172769852,5.42841115897401,5.63796185146977,3.48811505539553,6.39876142954988,1.9923826641297,1.48341864223052,-0.749359790191959,2.82063174669302,5.03184791919604,-0.326687491777945,0.356208146846935,0.95914556684213,4.70255899848632,1.90014758642941,1.07943732961094,2.20124474541261,5.99285098417793,2.2754713378595,2.67546030199543,4.2079449731593,2.92351737472541,0.209777335294295,1.14105168744843,4.20478085318918,4.89737317999324,2.17182255254582,2.4890058776692,6.89675272259957,1.8637456346825,3.78622801508391,2.23654189493431,3.95912285995099,2.64677169285294,0.142487304305094,1.14579331339271,4.02140675446707,3.95676215107898,2.63001877717354,2.2034887549649,0.870129701083888,5.63616376493102,4.12672321368732,5.47223275289511,4.54140610428833,4.39981211836447,0.00794221934041328,2.03065276639219,7.32546416413199,0.479846696195705,2.86888795030264,2.04401900514406,1.5654657431333,0.516677838650679,1.79600798690001,3.91011838778708,1.31498061120479,2.94211118934629,4.04938486780438,2.772772448835,2.91867109735685,3.23497206415232,7.70922461332096,6.20695045226583,2.75880875875365,0.683202748394175,2.95413362297043,0.545214297233132,3.32717260672773,3.88755928388353,5.82142403844277,3.60565798688803,0.991544443755829,-1.21176378823221,1.17151030416869,-2.50087141934176,0.0604936680596202,2.23838594273509,-4.94922902139889,0.169141628937311,4.72293497083977,-4.27505757357218,-0.100351438152209,-2.65599298595624,0.756040857484167,-5.80402476230491,-0.821220532796564,-0.0462097496815478,2.43084377955813,1.05968611982355,-2.39662031468273,-0.840529064052966,-3.38439765622396,-0.0517457049147908,-2.07700731080834,-1.48169918315183,-1.56272364495635,-3.78132846032947,-0.706522559873357,-2.8497534566092,-1.56671336006212,4.53317585636297,-2.95637582901404,-2.45166707018373,-1.58927212319407,-5.01062866717212,-2.92955907135669,-3.23437512508283,-2.61698588261501,-2.66289859496182,-2.66346434957814,-2.72577824306312,-0.979356067594223,-2.89717759878488,0.616404414441389,-3.85254779202181,-2.55882091835688,-3.13064452211696,-0.457821183365742,3.56795132869626,-0.032548702537323,2.33591995445393,-0.951843229190672,0.396348261732516,-5.99914591978766,-5.46689400931345,-2.02118500773055,-1.66066307508837,-3.09199133647856,-0.416778054777845,0.32163533487433,-1.88697493562374,-3.69430899184956,0.0169813491407362,-1.29577864494427,-2.99095536849284,0.449366258034253,-3.05901986124708,-1.21859464354973,-0.837071181124001,1.64824773700063,-0.290598454674412,1.08064209302587,-1.11705732577774,-4.40282483631182,-4.68126342898572,0.304214182262531,-5.15094321551501,-2.73803148495195,-3.41836433263703,-0.78172718915919,-4.28083064367341,-2.13449405785479,-0.585584218428228,-1.79277145110716,0.187305293492952,-2.4089677849368,3.5292034093442,2.75049474716611,-2.99569767091143,-0.360708428759805,2.12349589780196,-0.827024588803049,0.96246340691188,-0.625525877703313,-3.01758881080047,-0.298604837267922,-3.98229119936514,-1.82014827322175,-3.40871801013376,-1.98218871267465,-0.465595225497603,-1.85135341689488,-1.17133760274821,0.298850110897446,0.582511497116548,-5.99933528530247,-2.77381259067336,-2.16165387737882,0.935644854893013,-3.08759758955505,2.59168275508405,0.0574771723798373,-2.61504077433144,-2.22620394543829,-2.93265036057562,0.860331531175036,-2.68265663441614,-2.02677875658763,-0.984517568125669,-3.78970442439258,-2.22380694161794,-0.242510869894079,3.1024254591569,1.05540889225286,-0.676541115051486,-4.10959371944964,-2.02079723353956,-3.95647959718984,-1.24213820860595,1.69132544256184,0.707465577244208,-4.9790763240092,-0.205399407792196,-1.51384104754149,-0.86889459308217,-1.59187614324708,-2.85391729776168,-3.94117937888049,0.172796585074632,-0.01700487667234,-0.878643580763665,-3.16959631058802,1.61440054347008,0.795519747569585,-1.46504259365502,-0.32870558060439,1.52137960954088,1.26192994820439,-2.7397518409519,-1.7891821443345,-0.839272108542073,-0.579919427752962,-0.820240587353234,-2.43266138943382,-3.47217265349564,1.27409399613691,-2.06074709462727,2.8893981818442,-3.22395305263298,-0.028538430660448,-4.71598429337115,-1.34692480479422,1.27402611712865,3.31142365804544,-2.14198430515538,-0.0167796980187721,1.13308878987741,-0.574980291275672,-1.26053656685286,-3.15720972347519,0.310461449744099,2.60873073657683,-1.22785519435297,-3.67912939269822,1.90722283513961,0.527715024959139,0.868609722362937,-3.31709122419405,0.662237536266484,-1.44162364832094,0.853517887953176,-4.82534510845917,-0.827196074426414,1.27973158226263,2.96237902972709,-2.29404452866186,1.50209363246013,0.845424199279183,-2.24779745932909,-2.67731935407829,0.865347238374988,1.63540866498457,-1.44859647789569,-1.81123206971205,-0.717610290368645,2.21395052000725,-4.0984546696163,-3.14562462943782,-0.407899344895287,-6.49424161060676,0.277999832638477,-2.46905652907694,-4.60718102748392,-3.34357158010525,0.135258951172204,-1.22642791166173,-4.31114906659848,-1.95491923014575,-0.792194273882007,-2.21780782320007,-0.67684825389678,2.87628972050605,-2.1601288512562,-2.93015972379651,-3.88238656366136,-0.919332671260587,0.605811747829031,1.93771812608734,-4.79491992279365,-2.15545246170655,-1.56590312377842,-1.05746797824373,-4.04594652332095,-0.450853330788928,0.100037704749551,-2.9103429108639,-2.46188088343197,0.0640716777221197,0.680084771367029,-3.33753931997955,-2.6219645335275,-2.82086188445279,-0.0652777255689247,-0.422263654721066,-2.52625903137116,0.860559221829306,-0.877365250182119,-0.562374669015974,-0.732723570492454,0.253841915756088,-1.33937381084331,0.55795070169934,-3.0352506257557,-1.63684518846624,-0.58681969340671,-1.01483147419405,2.43281909558012,-4.78218238479458,-4.29188300626167,-1.85144735429331,-2.44922610965808,-1.30511418374538,0.878658051111155,0.411762373507493,-2.278425946589,-0.896913098977359,-4.00429564868329,-1.05093368722568,3.76182357520068,-4.6058666429294,0.272859747004556,-5.80273399611523,0.972129717330663,-3.50076244406509,-5.33517195708361,0.35457397515749,-2.56297362715444,-1.6883613370937,0.843127493548484,-0.756108983354663,-2.81287179877162,-1.96426389903112,-1.45642942840495,-1.99156179702369,2.04517870544057,-0.692503089941675,-1.38343378899764,-1.9518424745234,1.22931173955943,-0.829532723376584,-0.598526434489068,-2.07840962676355,-2.2220780143102,-0.902172325307359,2.85903307977962,-1.235064323174,-1.21383436539573,-3.29702209673232,0.86867680251028,-1.96859143205361,-1.95890134786657,0.230995007400902,0.170911919815761,-2.64498350230257,2.44441329675893,-2.29887410077458,1.68033630520111,0.281255949319346,0.771049131278038,-1.22542700382117,-2.14833222948663,-0.388653902080582,-0.707186968063439,-2.91256703503819,-0.845558735528228,-1.88370031737752,-2.49430786152576,4.65173350727515,-3.64340661059898,0.874014655299432,-0.0206118876010987,-1.25654772813269,-2.04623831340437,-8.48299769040259,0.663740994564583,1.8203517236121,-1.69882021876686,0.108875485898712,-3.42139461059755,-1.77473218027771,-4.11194565854991,0.0905548181631466,1.43448898997692,-0.747266862336609,0.595389829931789,-3.32758308567793,1.16819901872264,-2.50887012003026,-5.22468994783829,-1.36186531886605,-1.98732279423722,-3.78150571438879,-0.366774039749068,0.526025335710792,0.582365767828392,-0.317329877183625,0.528271105125983,-1.18408105741302,-3.42974709489804,0.824138156115476,-1.3269292817545,-2.7197033312386,-0.110500010885831,0.173106451190603,-0.384678232716602,-0.871975295065731,2.44477264905709,-3.61969721232427,-0.217256702893372,-2.09403381908641,-2.1990089994688,-2.57074578390536,0.517438195036665,-4.37086910236119,-3.19577800695413,-1.25298379841654,-2.80418789571745,-2.27094335608245,-2.10671854719996,-2.99108287422247,1.12160617902819,-1.91011564399034,2.60783614718248,-1.40290325012667,-0.64635126282031,-4.80378224982987,-3.24704725318377,-0.499307440079865,2.45068537746547,-2.26371877582843,-4.11746701788978,-0.849861976596536,-1.05777375319952,2.21885249467873,-1.29342521806063,-2.04747909784161,-2.61487735192619,0.231997613400069,0.665872380321765,-3.70339703704486,-3.23963648170324,-2.68338439098133,-0.812689746451234,-0.663521161108459,-0.782802485328178,-3.86295378707616,-1.28523475530295,1.23965027538787,-0.602901182767706,-3.58809647624046,-0.90619771546486,-0.9729924395851,3.2749203437471,-0.64203428022552,-4.21878921503749,0.348377750923026,0.900755800831802,1.79712296175758,2.53126798897867,-2.47326858683184,-3.88185267502043,0.059702602005373,-1.02468971410913,-2.38572196119396,-1.69629570525478,-3.17076258605418,-2.22886496514469,-2.22392892017691,-2.30994625534942,-1.30148988302878,-2.82172167768107,0.988294864366838,-2.15402349058902,-3.25230750804197,2.63304215655826,0.906187296486678,1.12740648048589,-1.25279579250124,-2.57862785611407,-5.01332984698717,0.345284532094741,1.7138916410083,-1.27672951087603,-0.95491467270624,-2.34639214851966,-0.736713069107254,1.19147381249131,-1.3759244510014,-6.15347435504295,-1.70878375225835,0.55332276257956,-3.14659108386227,4.18073190712299,-4.78629861082553,3.55829606387693,-2.19761650564536,2.84240446650482,-0.889143005396377,-0.850795959674263,-0.05170407387139,-0.0784052131354616,-3.27649566424783,1.63027595551048,-1.57701407420358,1.09417197392646,-4.80570065565501,-3.97026300146544,-1.39127030648473,-4.01904318215798,-2.05564523329611,0.532174329874398,0.382499233733682,-0.624783821199444,-3.02279075563951,0.0822981564326448,-1.95223040184971,1.27548257080428,1.87233366492873,-0.729615566063609,-0.493489113657525,2.26548735082257,-0.314465032064997,2.56906958774842,0.0902564866442581,-0.60700368759781,-2.64865110816167,-3.05424166191395,-2.2154128619569,-1.36736945180104,-2.17892005783526,-7.37525714906178,0.81439052642911,2.34639348663953,-1.60692768149647,-4.1034434484042,2.99045254382201,-2.19047725664842,-3.98210559315693,-1.89871983311847,1.75104208496137,-1.92120466305363,-2.04492497026727,-1.11054861423338,-4.98053235381718,-1.76352370744591,-3.19666858773174,-1.4942215508272,-0.537131767025764,-1.19822791717873,-1.69435411076356,-3.94042667396235,-0.402810361246039,-0.69685929014826,-2.34520713484142,-0.763196071512474,-0.885251255120975,-3.88631266960397,1.5996604678826,-5.96698656279451,-0.122082337959398,-2.2577025491148,-2.28367872837436,-4.77975269662861,-1.84783879770426,-1.5548248717487,-2.06006179798967,-0.086163921789504,-2.48324667501454,-4.34197081871976,-0.0851987587870912,-1.82719403441305,5.06252636296219,-3.06808328114679,-2.08300608453687,-0.88637275234513,-0.589352015591424,-3.43417334083634,-2.15541916491615,2.71504722508513,-4.15297754924099,-1.07898007164779,-3.29302668663271,-2.99951133771943,0.383052575665358,0.707142106369557,-2.36893538782357,2.42662766772797,-1.21842547502244,-0.201106941966825,-2.21325456380395,-0.111675738843112,-1.37427765201351,0.261862046222759,-1.54057959559169,-0.583279151313988,-0.975548284398343,2.82421036150621,-0.185259136765635,-1.86267379054038,-0.877544215313983,-3.16247257679766,-0.631185754491498,-0.252176439505546,-2.34094428197742,-2.03966982035313,-0.394606810443864,-1.29729131302421,-2.79214306938771,-1.68178167601857,-0.865332500461171,0.977931855818093,-1.78058569529824,0.276089667067446,-0.805339018911479,-3.93684910992022,-1.09091329131878,0.360757326800321,-3.03639968003471,2.09138332032145,-1.7671818201107,-0.758118740091551,-0.0994765368933186,0.955120633693596,-3.1130149423337,-0.0939571768604808,-3.62062549012141
"17",0.55767196775856,2.76512159969697,3.8618315579152,3.43296171376311,6.51222277676267,0.850914596869669,3.59959049722242,1.62509146154618,1.08636356368239,6.68158445042915,4.7200823611982,-1.28390982616553,3.68546938956696,5.37769278866089,3.60952302113976,3.81965312928486,3.20818632721989,1.90425077966799,-1.2909651686552,2.81664299767868,3.30323182782455,5.97795235623917,2.31624762718871,-0.602104864908296,2.95745972101357,3.96555608560341,6.04269768756102,-0.548756261603436,4.73575274149686,3.91086864169394,1.53368728920694,2.18693271805167,1.62148609345135,3.53113369153673,5.07680828347603,4.88091746483523,4.05813715109151,1.91825651995974,4.47606815574972,5.78032310703719,3.04179490692534,1.86498597520529,4.53619696654381,-0.428388545800056,4.14085865398065,0.718809894932501,3.60530852464636,3.31092676107324,0.225662946215413,1.77535582761015,4.47290268173334,2.30789067175957,5.13323935422904,1.43709220023834,3.93409716302492,7.21764345115978,4.44672985461143,0.223001545792437,0.502512912391987,2.60818681893402,3.610654075473,4.95216906669445,3.3903865543031,-0.465847071476346,3.13457703182742,2.61793171453897,4.91017803570293,2.03196271709626,0.544128366474135,5.42094057334648,0.586475808753391,-0.26635511180287,3.90103466516045,4.6563764452628,3.86293234883496,1.69760055520532,-1.50655237582157,3.12401706624177,1.98410194790383,0.688438634205347,3.7510722684347,2.39637719894502,3.43549815201228,2.70667974914392,2.39382340472112,4.25890782422301,2.91129672046036,4.91261838569087,1.93577147197959,3.29750127800863,3.60387335582817,-1.69358907479787,3.27210361744468,0.667952645318391,4.54257473809703,0.861880158115399,1.98300762464771,3.22640316223567,3.24811057066674,0.894525135088924,2.65190201185661,3.90317979373301,1.00989436571814,1.49003272208464,4.18179308251319,3.54609000481965,2.6637723774867,2.80776611849609,2.82156149062137,2.30383650538067,2.72862867499639,4.66596717587638,2.6927997404914,6.29323989288735,3.62386506912961,2.34837538658186,5.67659075766541,1.02185725324971,-0.351659844193691,4.54040124434219,1.59779206169437,1.21488062525642,3.77107970780002,5.08215552280723,-1.13528456737345,3.47858793548433,3.87131151506453,1.61708617294742,2.60316793555558,0.0076801525852761,1.69278576639601,2.95806077118761,1.874156938695,3.64250840453203,5.49258171074208,1.04609711146925,1.20880296538976,3.48448643728861,1.79193632185585,2.75548092644558,4.19753841886172,3.65437402866447,1.34589732653161,5.72449628961134,1.60303624752441,1.20878070215358,4.37820804587791,4.92278725638045,2.92236130217439,1.71684382315702,2.45357985942932,2.60694742242246,4.36620078722645,0.987458199316163,-0.396775920367897,1.15577445408565,1.87910460526508,6.86049667232697,4.52736704278033,0.684533776380822,4.99586202622698,1.5289993548807,1.8138133200951,3.05094529714284,5.30557183696291,4.11232310688377,1.54337031914921,6.80982283741365,4.98044024962186,5.29487327445385,0.97394157688188,3.2062879861323,1.34758455711626,0.59683601797714,4.6989748134418,2.17291669077903,2.86962666213784,8.97800343366375,1.73967692033143,1.35038105879962,4.010582975314,0.873052721421328,4.86603310088769,2.52022717577149,-1.73261638879469,3.08040808366633,2.81100913399564,1.22512520866617,1.67050091915839,2.1508193967583,0.496220051759515,-1.02585062321187,5.2001139117475,1.08692760330138,2.77969624806308,7.79386703229826,0.229547786975493,1.37013015143478,2.01703771758607,3.57934861898118,5.7322913504991,2.16416227774614,2.9830878842058,-0.18636078975823,3.32905761139123,4.08463988343921,5.9520138598736,2.87507853656817,0.801865374001176,0.175973252377972,2.88934125402333,2.53440319823708,3.91730471571246,1.50124641468004,-1.79790254520526,4.43367074229305,1.38933571339031,5.36515967243126,5.26908796199895,7.19352108097143,3.87005993965912,-0.182736039887674,1.36283390997955,2.24817052568392,-1.96713905215933,-0.207092128945625,3.20990807771896,6.50275903066485,2.88785710453388,4.4144929606868,2.95616519139485,5.98174280774704,3.72390017892986,-0.314804232352525,2.83858546009828,3.06542187297663,5.18144293002648,6.135420465005,2.44003303206365,2.72465261377487,1.13139629834931,3.21708686154132,2.92357582752872,4.42955945801889,-1.32077262519398,-0.377731914735012,2.60533912738784,2.75780870415947,2.84759431908071,5.24451328508422,2.2535187190233,1.74994428779793,0.097653928290335,0.199424999306546,1.64448001321554,3.11423705964703,4.00525579136609,2.52602953536293,3.52118634869506,1.03192186432849,4.08468455474284,2.70527199388232,4.76131259450257,1.30352869671401,5.70211726507243,0.287709317198714,1.75098095273279,3.93770113798767,8.64995275453215,1.35740206711996,0.372103451071657,2.36146041282431,2.64780586208039,5.15884838916751,1.08162738982614,4.59883025903875,2.97373650293736,3.69737683647443,3.04175673952016,-0.421459292908792,1.1348064445042,3.58336678798251,5.15551267459878,2.03638392543816,4.41119801833735,3.5390576021422,2.20733904107352,-1.79157710095934,4.56507264873743,0.801003871040662,5.54237002398363,4.67152148110301,7.46272483487525,2.69122986167066,4.41589056064043,1.06832985589487,1.2674253991106,5.01531989576705,1.69989750020294,1.76181571852057,3.26174158959046,2.08900371112317,2.26893643624861,3.996031665954,3.30030114298591,2.8690154178332,4.83534145763145,6.94450575936248,1.53211992631322,0.868483956969937,0.397885632117129,3.10879076440445,4.54478730098986,4.58180649209744,3.99718850222696,0.568978428785255,0.296081266259728,3.90336116523907,2.59485308617425,1.16278750929347,2.26824293113461,4.39734352784658,4.18792943921472,4.31367519071632,3.83483523945635,3.92797085202932,2.28813028442708,0.358066425282414,4.62711231068543,6.46968858389668,2.25611196335819,1.85637264869448,4.76379436659416,6.06624048494077,1.94656071929977,1.22565129761508,5.46197498676706,2.12243384889897,4.62023041648408,4.39076716290832,2.69161159161504,5.77512192365128,5.43396181178542,-4.79949136958745,-3.22837449565452,3.1044157688738,3.78810091674077,1.38201227267088,2.35993553959813,3.8922653812657,5.55238159546661,1.60379345249454,2.0205000808459,3.86049340944575,4.51275987549219,4.29203359066294,-0.238622412498715,2.99712741259471,2.55000024660328,2.01002744269628,0.227729257570402,3.70451947115219,3.64855256571782,3.90541850477014,3.53291744818522,7.41762140519456,2.71271831351884,-2.20240629302583,1.076728230518,-0.556090665028367,0.371007820209622,0.626691476532806,-0.0284755596756721,-2.22810811289333,0.122148316206255,0.0156819618529933,-1.14025959520164,-3.40323289063692,2.16903798156896,-2.62961108035999,-1.56350404517796,-7.82502450931287,-1.00387980928755,-1.83779495486072,-4.77959275942573,-0.275440095073706,3.37155368051221,-0.680419493711207,-1.45144522672016,-1.81155865714514,-4.16246192812226,-0.368104065554284,-0.426386198957448,2.07091238014154,-1.5468954851485,-1.65116127094667,0.0694103199273968,-1.99917299698648,-5.37131927678421,0.410703607170487,-2.78081585525342,-2.08548154234918,-2.27273304437867,-2.82327328599374,-3.24182116706378,-0.484100419368554,-0.848660458220044,-2.02439461923506,-2.40586697174342,-0.6107510254674,-1.73656569539262,-0.409633643822326,-1.32705695037017,-5.75647179908773,2.83035802564464,-0.176009834960575,-1.82694262732626,0.390190868841676,-0.980544176400474,-2.824653618213,-1.86601189787127,-3.00160258903101,-1.2302564376605,1.47047118642326,0.571131383425728,-0.469186268018493,-2.48929755484464,-3.4455498837137,-0.856116297257287,-4.24031070505892,-4.05276178868789,-4.95762649665333,-2.30819330062984,0.103040956235884,-2.13881847274789,-3.25072981609781,1.00705133150858,-2.03761922005478,-1.14741466084858,-1.03743220564981,2.64193791442381,-1.37752683554591,-2.97028322142981,0.872234954135119,1.00034623865462,1.43528004077935,-1.47862993734317,0.532621400372814,0.38846708447353,-1.5083397107013,-0.245284840368077,0.621866426468019,-2.31207869787285,2.35955091859693,-1.59456621780039,-4.50429672383296,-1.94711660008961,2.88632267049263,-0.642078917573071,-1.69480978297594,-1.59151223216515,0.687745288104893,-1.13103183118789,-0.386589783613432,3.41909596617804,-2.92771111838912,-4.03469652370176,-3.55556120752898,-2.05049725227483,-2.29591554489909,0.319605245652461,2.43554371292964,-3.27197825068123,-2.38561470809738,1.43690619770884,-3.57278804469968,-1.57179175526585,-0.544418163801291,0.38200499325502,1.36452696479776,-2.04055588432805,-4.01251159426264,-4.85123222222254,1.37307889811213,-1.74119882056435,-1.49542537976718,-2.94266947609133,-2.01605203337333,0.427775228700988,-0.936762457744462,-0.777153081805527,1.21705812003138,-4.89242872435275,-2.23631814657276,-0.94087614639987,-1.72253229176606,0.157051408596985,-4.02017419236561,-0.862263093543994,1.41542375408102,2.58327980949903,-0.677547535218103,-0.210145451946984,1.16926237881566,-2.21566976812704,-3.0899616271719,-0.509944343335046,0.322999385813682,-0.920280976762692,-5.11183136980127,0.384115309057164,-1.25931214056005,1.57701422126723,-4.67081827324142,-0.0972710830960523,-1.19301174813175,0.14019215860733,-4.32631695033299,-0.286875224597452,0.681069910727039,1.04340863137737,0.0706800669968262,-1.92457037121558,-1.64846854138624,-1.44606118321342,3.27564143028076,0.285275077362663,-2.80281993354342,0.153521805638084,-2.4615563453184,-1.04552096394721,-6.07588574082002,-1.1989585364323,-1.95947828683818,1.6642531382284,-1.18298799721359,-2.50710810837028,-3.50847650156582,0.594085019472946,-0.668571240175255,1.34589958614861,1.04561675478265,-2.35027210457234,0.889613143447126,-2.48233403171074,0.56022477601573,-2.65245790207711,-3.04673416780327,1.89349956274795,1.66937591379337,2.4603036574455,-2.86336659049339,-2.14579174284335,1.38991014498065,-1.60949774358801,-2.83110341251711,2.96764132048158,-0.507849221646718,-0.351791617166063,-3.07352762061312,2.85166176008645,-0.278782381896089,-3.04822317984189,-2.59711349877621,0.217739944200797,0.404168782742939,1.60072357778872,1.69607474325783,0.686961323517704,-1.02573190848231,-4.7072342553817,-0.418782046837326,-0.22303521167364,-1.45171160618651,-1.3992392919155,-3.56990103505754,2.54397139491725,-3.2396744782329,0.527475707659224,-0.126476467728471,-0.999432807345153,-2.78061201328197,2.69161794891164,-0.889334951103566,-0.628180617161259,-0.51018337361837,3.85166219451886,-1.0193766940449,-3.09654890963191,-2.42964537785089,-3.3119284730725,-3.29670574487888,-2.91536630793089,-2.15092328671033,-1.48956221977668,-2.95869538361604,-1.3565570548535,-3.67348280823065,-4.87070562656538,-1.20136491931241,0.111703120786068,0.942045111393655,-0.529109940722269,-0.633678381508292,0.316492757216036,3.58863019069581,0.638821141663958,0.704737025038195,-0.71638295956267,-1.42027112164148,-2.20326539509799,-1.04021200714913,-1.79164055257858,-3.81101400868723,-0.997492343671488,-1.21890441632961,-2.97868975421665,0.691180076172687,-0.247486337064692,1.67029632540669,-3.77795001240681,-3.38566494349999,-3.63861000900564,-2.56965355319533,1.74266236672236,-2.08236614733326,-3.31887448729976,-2.51671553161227,-1.28150879874466,-2.59194161055837,-2.19048640092173,-1.96811007736556,-4.66238959387078,-1.69095358157036,0.0326664118873403,4.63631285734509,-1.733125338082,-2.29595562663338,-0.423380552846507,-3.56407958389974,-1.58379561161662,-1.02818333441471,0.670735538694816,1.8306086014059,-2.56431726816672,1.75290763913724,0.710039082442617,0.440687741943707,-0.342110016454486,2.61535961002275,5.5055232728374,-0.75984633854879,0.401978945392695,-3.15918439288666,-2.85352647344375,-8.13469126579259,-1.9609921794642,0.995010302279014,-2.55211939013511,2.25325192439722,-0.138287533611646,0.720296400160888,-2.40201546307418,0.00769766909828751,-2.89601720308165,0.789323265028093,1.87433537962697,-0.891305354867743,-1.62189329826694,-4.57035602940919,-0.8289377496673,3.66490336763824,-1.54746745597937,-0.415066152893037,-0.199105715080381,-2.78883527249265,-0.860102744243264,-2.50320548813499,0.696662038209653,-0.129791867773179,-3.72764990246778,-3.54490696502586,-0.985867525998708,-1.65132760706174,1.38525616163879,0.868541452776277,-4.56364278043458,-1.83931311929152,-1.52860899331908,0.440212627728639,-1.1998876890561,-1.32335082532251,3.02334678316204,0.192983880525857,-0.935101802276134,-4.51070751595614,-0.077600204025872,-5.20890059915908,0.94895523608158,-0.0366774279249413,2.60643219388107,-3.27933985402434,-3.00229060554922,-0.567831869386534,-1.20570621016659,2.10600606923609,-0.544133939682314,-1.45471687122337,-2.9470014466241,-0.0934556536743466,0.567472429777793,-0.593250301685183,-1.33593563681385,-2.14313429159553,-0.651261654417738,1.75103504143399,-2.48986645836419,0.242531724378201,-0.885021944169457,-0.524406108496499
"18",0.447023784359224,-0.0159681385020769,2.24650979927801,7.01080397153841,4.51083907370421,3.33913865789137,2.64412993341598,4.71575341324611,4.75951352799692,2.49417322594332,2.36029483080094,2.70597314820299,3.39427024646199,4.04385965155652,3.3025531477462,2.80439779923438,6.8663644751972,5.85951746037805,4.35958061572362,2.41014454987032,3.02504389655197,1.61285950409805,-0.0234181624990133,7.94135056757198,3.01224643991938,2.2540725220963,-0.761363503574476,3.5353847157288,8.90235139242202,3.42115944583256,2.21085320950134,4.81481359130076,3.05611126545878,1.03795349772923,3.11235462418294,-1.07454820653459,4.70691453426975,4.53701004639775,3.47028086119952,5.96812241697549,2.4687964628885,0.499103255131895,7.74372730594522,1.61020119155455,3.62918330299616,3.14036085289317,0.32725865133448,2.34153385624984,4.17673356346552,-0.656421115013643,2.3778167247545,5.77090398563353,1.08000951158631,-1.14428262324258,5.28551927170682,7.6856699866868,3.16887810972114,5.09516181116214,1.87952472605903,8.67724757571751,2.59404556962927,2.78968659298386,4.27906455352184,5.59064109664222,-0.524682944123114,5.17729932432815,4.30109149813097,5.42970815041217,2.3071256905877,6.16840239904586,1.39217201836367,-0.918658717395639,3.95446788487665,3.83499291392415,3.70161195855217,4.14948701530763,4.24812436028784,2.12458376404619,4.73754206962834,8.48404180688985,2.71412910540199,8.59252132460698,1.55609404546993,1.0147541812462,3.45455700253221,3.68406768603843,2.02220140514433,3.88680507108114,0.108709893505561,2.35337758750006,3.80439021896971,2.94659295060931,1.93829449551456,5.25247449261849,2.74204721997159,3.38192274934892,3.70520870629088,-1.33828453191876,3.38594560157374,0.317243563217982,1.84399217930595,3.73830303085177,3.02140787465561,6.3820818575911,4.83615180616464,3.04779393554495,2.45998230136113,0.961166771933295,0.460646224955774,2.18356024277981,5.2301514846027,4.86216853798827,2.72881522123554,2.59024957294746,2.96531664951604,1.8987291923437,1.18229159097864,2.52895991449917,1.88989414824744,1.76442754109519,2.49653786503372,3.70414016849208,3.25058042314941,6.23638784296343,1.9715861414127,0.978869786183261,1.95682273460869,3.91793802799467,0.788235799325737,0.050952507361647,2.7333573666676,2.07593095961464,2.08192719162029,6.66650625186414,5.01550215137889,5.66051492311617,0.475593673779422,1.71220340692669,0.616162137550015,1.37623640033593,1.65874051840778,1.93496696715082,3.25962549937808,3.30639444582592,5.09443667370968,0.544854223099462,2.90722765866033,4.17546995411039,2.9170788699423,4.27845849960718,4.45709849648307,0.909550046756867,3.74128503374441,2.20777860355374,2.55319857404885,6.17089251335986,2.46318268861788,5.50048345487469,2.34113538826902,-0.0713074294817866,6.2317017045988,-0.543218446508438,3.93674371286493,2.09716950078821,1.93827501296184,1.21002181151708,2.48589574328285,4.34135799234459,6.7439756998462,4.84105229212538,5.32250418481702,-0.188431779244022,1.90917129115073,2.01879966034136,2.79088143628731,4.04667828398324,3.54506734797769,4.66552692606633,5.23332980897717,3.39503841826387,-0.546320603412398,3.95721846322224,2.72547516874565,5.23348240712825,1.4167270842968,2.59589800945257,0.236227656910452,1.70702222053412,0.93650827120836,4.67434252969827,1.63947273101933,6.84098180380337,4.15300143490485,1.9510904177284,4.76635901912565,3.28587634619492,6.18281594140796,5.6560098067235,0.543436691919086,5.75408538672578,2.34630773383299,1.28375873568418,1.61995693904012,2.98548002253017,3.73694238004776,3.19173284921241,3.23121866166242,2.59706453095185,0.64979295790023,3.86233666163663,4.0394449429762,1.05771370543036,-0.204529220549764,-0.986443163835753,1.27527755391791,3.66532908743745,3.98488406446563,3.19630338359618,-1.16495832829816,2.70325541982763,1.16164236724318,3.865691657032,7.70226146537991,2.90066829357404,0.509654659999869,-0.310427270564026,4.13968708473567,1.30712456602698,0.287045676809643,0.68666695175109,2.48350436500966,1.64082095347962,3.78469448693941,3.86477784026694,1.78866370710365,3.93201627223736,5.06031100718611,4.55100659759148,1.79101609394883,1.53937980528452,1.20725818657599,8.13750054476333,7.26042866352795,2.57507151855799,3.44852356089897,6.94812722265573,3.82012327676093,-0.125385509724012,4.87742468787042,-0.00601036520021125,2.90854920367787,3.80476352877924,4.75877050809058,0.796264136807924,3.85198067615379,5.83176345217871,4.40268482290929,0.559554551587847,4.82405446241106,3.34415983491912,-0.667045379838422,3.61834318733998,6.16252358270841,1.7429604426158,7.06714584723929,3.67132972022245,4.28934546895852,2.95953784178179,2.58735611571054,2.47307510600335,0.979756713129387,2.85686583938175,4.46182980588031,2.62121558698836,3.487834935843,2.85828961180511,0.210957173033345,2.2602943804966,3.94825577773071,5.8459040896807,0.520779181007823,5.15845231677526,1.83155627036438,5.88418675715725,6.71687515402294,5.16509012880579,4.72563122122212,1.08400111955496,0.812211175522665,4.32032376038001,0.983810985120528,0.423195491444075,3.95033666770271,5.75526369388341,3.0848509160296,5.42794481281081,3.69410720094632,1.69185484549153,1.94386547184016,-0.211072371638053,3.26123462965462,2.90961758089317,4.76944893424773,6.85272094593478,2.58394355349051,2.25034510006796,1.63005832940994,1.65367995679246,6.49841217376707,-2.48984658660478,3.49312659751178,0.960648077232328,3.44749307047565,5.93898240578339,4.87663506756928,0.334992160000064,4.93995238559712,3.66545870085449,3.19168810083149,5.35923494047341,0.188010518840078,4.85613819017712,1.38589091576336,1.1194613720421,-1.30578901171041,3.957722862324,1.4845530357709,3.33056068945125,1.53945221818497,2.6251992426796,3.88210829249235,0.548394797683411,6.75226447073067,-0.884172044536215,4.61047104522558,2.49767392862556,-0.442254159745223,4.47049375536092,4.46425047941016,1.67428803631882,1.60147558444114,5.2249600240927,4.30195804710137,6.17867491360748,3.76622389993571,1.30303645057787,3.19161461212675,0.444147281966887,2.7994038420076,4.977248124726,2.72045207053425,5.85959210867559,3.95048409013559,4.57653699559206,0.740728545751629,2.8543619015711,1.23260106745787,2.98237507080498,3.57053256089611,1.20691278103975,-1.38482960613599,2.29765965200207,1.27021149868914,2.12414189889361,3.1826048773697,0.684009927644149,6.14695402698526,3.46526770624946,4.49759051167623,5.35845668577115,-2.51561471004176,4.75159443099712,1.17161046528537,5.53646915527922,-0.517277543678491,0.587322810939679,0.703822633424484,4.3291968409283,-0.232527692504536,5.05758537545466,2.2481913770215,-0.847855471453665,-0.624656139672372,2.9335450174815,6.39561976678064,3.79206943961618,2.11953737974786,1.87246893421243,0.689820970886135,5.90354935635313,2.79425402655763,3.51987086292346,5.66924803767845,3.94223043245955,1.13201062564484,5.43329412774045,3.64736223629644,1.56471892603884,-0.223916162404472,1.48684137326195,2.4742548315673,2.32431748198935,7.018419988649,0.531100178884292,2.24253762505786,7.02160470295599,4.31806264895655,2.29018162554218,4.34372376507592,2.86728754539448,5.62994829204827,3.06323441897389,0.955255760102495,3.76860773190123,1.2244458087896,2.63190001990384,2.47104267057882,6.54177805995708,-1.00793158761158,-1.28464747205145,-0.32234321875783,1.15687772013466,-0.0586358218973162,-0.764223715826595,-4.12752106407998,3.38140618094957,0.00988560346810341,-0.531994479702474,-2.67614345513706,1.24827265985794,-1.6913269374805,-1.59807341925002,-4.09939154708467,0.302920351485057,-5.90714637579433,2.49063137067385,-0.92653825890894,-2.61668727151721,-1.69722330574861,-2.08836241515075,-3.9424379222725,1.2042023086945,0.19537443760195,-3.27182570316031,-2.65988254174794,-1.84547031960849,1.60453699549509,-2.0889848259342,0.0010891115045879,-0.786828897457043,-1.22683639844949,0.878424580690652,1.94109135526236,-5.88473071115667,-1.66192584244582,-0.336663371925065,-2.52670387877657,0.280699970053531,-0.508380583765852,0.481222540471573,-1.47631447769776,0.825450194169798,-2.79033904035385,-2.41907690694635,-0.598560176989241,0.613546004175708,2.05039107068945,0.801199057583667,-0.593486290348546,-0.671494871058858,-0.190787805099142,-0.346068165684796,-4.11303930398195,-0.839527426008573,-3.20150104480622,-2.4504210032008,1.54620724537356,-1.3615033164326,-4.48252497343181,-1.61210951036332,1.64840749018053,0.37354724832604,1.11615896997124,-0.287243306442957,0.222086137946436,-1.66354039376338,-0.989738121597829,0.859084752093694,-0.747881897723826,1.65185098770253,-6.76148081504654,-3.43094767445923,-3.9081928047787,-0.547858457114596,-0.398722458634025,-2.51614752593826,0.687203428955151,-0.322269781046831,-2.87724085616931,0.323938283114302,-4.01631239540689,-0.99904988558226,0.773933507683903,-0.256152557050937,-4.81798018996048,-1.6522464780998,-1.96924240534071,-0.656775575014535,-0.269390599545579,-3.38800230101289,-2.94004232200603,1.47197888846399,-1.5135216389599,-1.3222834738581,1.47199637335649,1.46948458587685,-2.23199123427369,-3.14681617741861,0.561263115672231,-1.32152189894447,-2.35380010362491,-1.0985718337893,-3.57162430054524,-4.63584496970981,-0.107034294477758,-0.312932877096573,0.736734194436842,-0.600888749374933,0.196013521782288,-2.16946412212987,-0.478962116748432,-1.16079185352281,1.74911612828965,0.877721104868997,-0.848148327481976,-2.86080275984618,-0.55569354785291,0.643936915756146,3.0364957189306,0.641052409537318,-0.79567272666135,-1.30108102074692,-0.153479316174189,0.339415318222796,-1.93449594435069,-0.958147101605219,-1.19949406827929,2.11973477475702,-2.55358225598745,0.213975009028301,-0.33678936144589,-3.63400008627369,0.10779594553527,-3.72714601764875,1.39777524740613,-3.13640971085259,0.390155830006177,-1.87500634050232,-1.44285595027714,0.380413811312976,3.89078958012863,-1.59438094661453,3.79017413291565,-2.65153677906905,0.484029281354852,-1.71687915243268,0.683082994709796,-4.79282159051368,-0.338351572668781,-1.22437971305138,-1.51566663119421,-2.57703776544675,-4.21830483074926,-3.01467083110823,-1.54821050586484,-0.755497906330852,-1.58449143750766,-1.32056185002991,0.180749523196221,1.75570499407566,0.615023265685827,-1.99772701972092,-0.535609782623358,0.698401740495719,-2.96026288621724,-1.76014219888116,-1.07933523886288,-0.691670573035156,-0.417730761435158,-1.83894871201086,-2.96843748550044,-2.51220385781574,2.46357921672833,-1.26374108100998,-2.05459987061894,-0.624180055144442,-3.05474464780238,-1.62364116678284,1.82639611700286,-0.921832403287891,2.93858613250459,-3.96698301838154,-1.64867375780339,-3.55508425577813,-3.04467584988968,-1.02663834727827,1.25737622044476,0.851538435432419,-1.2486047467071,-1.53218779062139,1.26119453280095,-0.0136107513007445,-0.710828510454147,1.89443847990151,-0.278174741117879,0.913908470994746,1.78811780129024,-1.82442080807845,-3.47263597638964,-0.325842965347591,-4.31776884687244,2.41681476209626,-1.8275243805651,0.824220323816642,-1.94217656198857,2.68682694711615,-0.654881007006554,-2.07727748210477,1.26902393243064,0.996470659352324,0.710453567559446,-3.25724444247759,0.59678278892651,-4.33211207373431,-0.779461706726147,0.0526758020675873,0.0190024880010085,1.40256658028999,0.215272662050653,0.0593453408153968,-3.25507102698633,1.35065092940873,-3.22080139198417,-1.75467750118707,1.79952725123863,1.17180989649727,-0.94555558634529,-2.68016712729081,-4.80387933395902,-1.4598314219974,-0.441986945193849,-0.24076009121781,-5.73823790156076,0.40340624907826,0.745196251954021,1.16507454419226,-4.28280622668503,-2.27725575300252,-1.44474696215364,-3.6299677225441,0.588399121671673,-0.0214861637566053,-0.43107554060945,-1.59629531117731,2.35887979661045,-0.711937052743,-1.87021023984581,-0.189099841885375,-3.2870695635302,-0.91325675297241,-2.33566487789569,0.74311522581968,-0.932652857629986,-1.41185859529619,3.58710317330562,3.32449650159528,-1.90261765825692,1.4491507245505,-5.57566969073748,1.35237765995135,-1.13160278937757,0.0832019261154526,-0.23801699218301,-0.285818667710074,-2.12533853205769,-1.48537344768249,-1.8294750763815,0.119232558206819,1.16118438414563,-2.82458227978126,-1.51419006464343,-0.41640962182593,-1.04267413315003,1.9917195725645,-5.25208225287632,-2.910531578545,0.622521014099981,-1.05047832126503,-2.01037998125764,-3.14038208883487,-4.20798729895828,0.528265560829142,-1.7513287580581,0.881484782891023,-5.43934634224304,-0.599281537344759,-2.90312226856837,-3.12237298737525,3.34753714287847,0.784975863358846,-2.22596223461262,0.245510811231373,-3.17982681424514,0.965854824432352,-4.52390578919247,1.53127786510739,-2.99335053570039,-0.660598309299744,-1.97183487448075,-2.29207459697145
"19",1.39100129642188,2.69688181541527,1.20393644062718,2.82656390978837,9.36993463925018,-1.21940433044231,3.13552296267385,2.01430935350001,4.15578700975259,-0.197370448274995,3.24897822221931,4.71898213802326,-0.0395445869841557,2.24364474786625,0.0244748678505875,5.81435532556517,3.92881166311665,3.98209279385796,5.41164581632568,4.35358062443653,4.98600910049149,4.92011638026076,1.71987162467266,2.86266524430644,3.12897600196761,2.9817545024915,6.95491667387164,3.13363650876135,3.05256689944434,1.90703001557579,5.2591366531684,-0.363366073543108,1.04843816018073,3.97742954114095,6.90983535449287,-0.263075326649497,-1.19993753737255,6.31054758343861,3.98341693759229,1.10505581635835,9.03680459385363,-0.160998547068559,3.2468624384371,2.31915610196897,4.17143257701602,4.16745134554961,1.13709288437646,5.26186509457927,2.36505899852725,2.42743983101876,2.49663206676568,1.1999758131662,1.64254947023108,4.78566682424332,1.44896619575196,5.94185134943107,2.9038025110902,1.68615451975152,1.52691258589071,5.39872474186751,4.00705887867268,2.6836518584688,5.66692851059039,2.47116518062546,6.4958484814504,0.377688049667258,3.20117263336566,5.76396269854702,0.502734736332243,3.31159651524228,4.17803448356975,1.94516621780924,-1.12599664921541,1.12502589135092,2.94494673101652,2.70953573035939,4.03414015257805,4.82091934216374,3.71193721455858,2.55861251200608,4.20239214839534,6.19637463724972,3.49440105689581,3.93800443817585,2.24658008165947,6.00063699106998,-0.0707844204866941,2.8757467694813,0.248752480866304,2.10097053915655,2.69002141116409,2.95112888402366,0.52781107579198,1.89841240086849,4.16682008451984,0.420537721993072,0.770442462512896,3.4826252720116,0.839157133030251,0.634122277449502,0.456895054141658,5.41068548375442,5.22296553792274,3.90317200900185,3.61982179903768,4.43449189850025,0.534222927850755,3.21335405852918,4.47239990926804,5.07726383654808,2.83618766591119,3.52559434971576,2.5950792270676,2.04886416209111,4.23493243911994,7.47039060620754,5.73909909362332,3.72112208159505,4.3555566145246,3.63860332542775,6.89217500410044,2.50043531678373,5.44446033002644,5.18783085102125,7.2493787934735,-0.0947789200419451,3.42990195827521,7.5016173197909,2.45371092609399,1.52623157091164,1.64805651468503,3.76017000217634,1.63536205416281,4.40955138768473,0.913588373620449,-0.694221658694665,4.41788133938664,3.60537674956946,2.46467508984367,4.21206766885186,-1.47555489442355,-0.291661365535689,-0.292715423994604,0.0307289870849696,-3.01812267567532,-2.46864357609891,-1.60652945649491,-1.1857117923214,0.269849621793065,-3.90044698279596,0.329496751567427,-1.20759569604917,-0.733657019141777,-3.27096823081166,-0.750720755488451,0.759494922989848,0.189464903396139,-1.64420833384998,-3.97693998916998,-1.49247427194508,1.61783955933227,0.249811758083044,-1.67826056152678,0.485776079607674,-0.160087861603091,-1.48133466266776,1.16605359429816,3.35084353755236,-3.73858958883621,-2.74040404262297,-3.07763166996209,-0.577221465475307,0.00188484143222922,-3.86491818421672,-1.36874891484773,-3.34279053369154,-0.266436246601331,-1.87198377788523,1.0012753866806,-1.30784177792833,-2.23118469928785,0.880358058905664,-1.37476890582288,-4.41787663253619,2.08301028943474,-0.878042231535153,-2.18926187630555,-2.14331080390841,1.72858888190621,-0.687323929796391,-1.9343362088058,-2.10841315810362,-2.51985150947999,-0.795241338543338,-2.18484354221029,-1.71593172925401,1.63222425020222,-2.20038315858603,-0.809116799607399,1.46681414418489,-2.54847266919615,-3.29672517538895,1.65039342691765,-0.684093821588968,-1.23573296528006,-0.514828180084097,-1.93367849918611,-2.92451618679395,0.475535389538538,-0.288273783769826,-3.20480851661721,-3.95387818676796,-2.43047037639965,-2.22391106559542,-1.55486809826549,0.420272214549225,-0.693089397892162,-3.10182092907315,-1.1841960574884,-0.453028011567109,-2.24505969903532,-2.97664573633379,0.457643219082808,-0.165191374736527,2.81528240293793,-1.1346845210343,-1.44831541010572,-1.42208289022493,-0.785696053286015,-0.0142225066478517,-1.21299809521058,-1.76197046234121,0.752464617403646,-0.063402050411194,-3.6944253656637,-4.63755328723311,-1.69961719341891,-5.3861056782432,0.524328415302674,-2.32670008850047,-3.51506575077348,-0.953513335403162,-2.19255590258405,-2.11592676393951,2.52757451302789,1.63652710203179,-0.618178299113126,-1.97757299292843,-2.88926058127709,-4.16943709060194,-3.03513274133984,-2.85916432628585,-0.947146401878094,-1.27479696101475,-2.18942434157913,-4.56243639983298,-2.57033426600269,-0.318013842750154,3.4806813973207,2.4108766542727,0.709056810635313,0.354102584440926,-0.413333071000936,-2.77513137426141,3.049380385823,0.519433327730001,-0.404629272568194,-0.826097801535272,-1.25778891486335,2.22159726741607,0.151510000885676,-1.25516840392263,-2.68518293916324,-2.04614625605575,2.51250763649893,-2.04683746222926,-2.6912855448913,-0.552861901360074,-3.27264949953555,0.741084005734539,-1.99957047406254,-1.59444901519987,-2.36241999748481,1.8067062787609,-1.1290042661502,-1.36910333943641,-1.45705179631268,-0.757808796627027,-3.91376735501611,-5.15621210409504,-0.102019635243852,1.54938358563315,-5.30737122096739,-0.88612297566975,-4.79826185700849,-2.93407372446816,-3.36755613739609,-3.03163700906349,1.11807756425891,-1.73310303252186,-2.1431586205548,-3.89237614860306,2.79031239515357,-0.0837101012302833,1.72265990729506,0.77064091075454,2.11354094911372,-0.0858908584425898,-2.68367892983634,-2.97572350200808,-1.9094110460632,-2.20348936673407,-0.315512079848918,-0.52021719303771,-0.774273952548447,1.86155558441148,-3.36498593825084,-0.365037509865592,-1.18982515136904,-0.527867679217458,-0.10362038313488,-1.93275997401933,-1.18445636475048,-2.27060106070926,-3.99490887884514,1.72199832461143,-2.29463313532058,-0.677884467588138,-2.15732343811319,2.62137950076481,-0.648786472054085,-1.38394175061042,-0.828414859362789,-0.394370137470098,-3.90436427755376,-1.48564182394847,4.35828837429968,0.126111920687697,0.0669786569539379,-1.44122951698353,-2.25106692875879,-1.0983525555387,1.36376936317805,-1.39595999894535,-1.04653052558592,-0.35133812854644,1.14398943892803,-2.22277128493661,-0.3133468916554,0.171011335215811,-2.15069707811998,-0.875163372414217,0.684397402747333,0.93760219656858,-1.54701342434759,1.49619714852771,0.194019019651694,-0.778920312111999,0.882771892711243,-8.07744027349479,-6.50937684089035,-0.843457587841246,-3.37234835597076,-1.21721128564383,1.15018786890494,-0.138847746718898,-1.30323508964521,4.03229510728947,-4.87327777778763,0.222158075068214,-1.88235774887456,0.837692575745627,-0.992399282802738,0.655718137416044,1.22167018345258,0.678357833496658,0.228964760742875,-4.1221472626605,-1.68461453897809,-1.55459214363214,-0.40590517250115,-0.732631623633714,1.06414271559533,-2.23059842532499,-0.44936102490089,1.74502767139014,-0.775547525459741,-2.25722722536613,3.75999280238442,2.3933647490809,2.59639290984794,-1.16158929534037,-3.06580435739265,4.0614674201012,-0.232171615394499,1.88636726327016,-1.16811856669952,0.327897495394915,0.484637226691229,1.85995527396241,1.8240849366107,-2.65745779007361,-0.613101499014552,0.158997473742941,-1.2958278114673,-3.1596633524833,-1.57846017702027,2.65869697532475,-2.64099928078711,-1.43494891974601,-2.16379546875707,0.234266829764799,-3.94056442976396,-1.87897367594868,-2.88321832638551,-0.349411199597902,1.93039583555622,-4.53511329449503,-2.36941362687748,-0.00833895145133789,-3.41290365414292,-0.0570867964265763,-0.462015902519794,-1.9890306871804,-3.0996050300433,1.47567573656053,1.02688363973362,-2.34751598296094,0.180281316899448,2.59874579419053,0.983809567325017,1.37430573148342,-3.22326878428335,0.0411669431609667,-0.382079529779033,-2.03865810025333,-5.45520075901223,-2.44195381150751,1.0105994686926,-1.00430099721853,-3.59923668669001,-1.21190350845539,1.24401108499961,0.498395287926606,-2.11287737665011,-2.67559240546102,0.80681192108759,-0.150472977056748,-5.3274223957314,1.25328578148225,-1.0657930266151,0.869063672541841,-0.169529436289412,-4.70062858556631,-1.45289246063871,-0.680054209146681,-2.75639020133037,2.59917279390991,-4.63598587041773,-2.0164731332796,1.02049698227375,0.225827405472155,-4.03522181127246,-2.57560361725085,1.43473223788163,-0.615262712644433,-1.22297931706728,-3.67610717635397,-4.5720291566308,-2.54366164449017,-3.94984729092717,-4.75683584814876,-1.12516930024447,-3.56897554921443,-1.65940965963901,-3.78206318155322,-2.51180764143887,-1.03492899880557,1.63839106478357,0.0486967489732755,1.26863486432579,-4.31835899607885,-0.529467970985986,0.233887124231981,-0.335281949974769,0.336168034128802,-0.362710653325747,1.67590824146452,-0.876773801685998,1.09469753073568,1.59286294895006,-4.57362510124628,-0.526154580812474,1.87060338644378,0.170339349820418,-2.558675997879,-0.382484983019994,2.26051133797123,2.78144310072852,-0.797567360621817,-1.54999300065038,-2.5553231048232,-2.89161758701278,-3.49616874032092,-2.53496026955358,-1.24641697258017,-2.53369005472967,0.361553524556151,0.110620452083168,0.149306735655019,-2.22398750500545,0.747085437605058,1.8026569599212,3.1633544225001,-1.02880945848647,-2.60787066262917,-0.376039384117296,3.12839771810538,-5.12467202293389,2.6567091250336,-1.98184259141329,-2.1863101822584,2.05116175474858,0.903740083819853,-3.43200839380814,0.217944688308558,1.25300885255199,2.92743230665233,2.32728530547775,-0.369221797050559,0.612840971206962,-2.0560274173557,-0.620625209341957,-1.63257099146778,-3.11472662802824,1.40963969466661,-1.86425049695668,2.55786649455564,-0.844313070766723,-1.22151815030756,-3.49415129229064,0.292869521905447,-3.51761518858782,0.35624400100695,0.705154967717183,-1.13148545045672,1.50175627656446,-2.43216041806675,-1.23771267222166,-3.83938487477491,1.07513622319842,6.63774796872005,-3.38256184953373,1.49968294783254,-0.143003813922381,-5.46748095583436,-0.282294464293832,-0.350008409651329,0.222666143034622,2.21661774462897,-2.90223247302399,-5.13811158293474,-0.826277033719684,0.669376408866747,-1.96024491736474,-0.284682941029743,-1.22496772865433,-1.52630920255131,-2.96835329274033,1.06059084878512,-0.644144081011343,0.20836582708562,-1.90916245951513,-1.40126667738484,-1.57759937159058,-0.799116793915833,-2.29283155430758,0.0838307014770274,-0.353013500319926,-1.94052785367419,-3.51269496685721,-1.28985154227437,2.611359048753,-4.92507735023769,-2.16471922606444,1.33154101227013,-4.29230356691673,-3.02366228101768,-0.642178544925217,-3.12715258352203,-4.77295528475768,-1.70653675278761,-2.80744415690067,0.786040170721058,-1.71537447535393,0.759091941280505,-0.521969512098875,-0.864499032608308,-2.91734119180737,-2.51315717989311,-2.65667388786372,-0.382384243089276,-2.69088666211714,1.56096477162917,1.19582598195329,0.585689596407276,-1.13419333801484,-0.105444533900792,-0.766878320705045,-2.1031921700321,-2.86173627863188,0.255441468291475,-3.92100395099582,0.981572655148165,0.236029490881,-1.71229265473606,-2.27142990447227,-2.89699692609894,-1.5843034190304,-0.108946023303955,4.7124940331822,-4.2950262569008,-1.34679067428811,-2.13791277989964,-0.318053150734536,1.58881873516049,-0.00090661603989084,1.25635362197899,2.0789282717134,2.70399047886857,-1.75357775027255,-1.53964396778106,-0.316939254526464,0.541607135529884,-1.17153902309835,-4.40883368560356,-1.76539203522741,-3.15442466275317,0.0129314601628245,-5.43444056487897,-0.479263114760109,-2.79594124184475,1.05520453070992,-2.14979585005336,-3.95277343443454,-2.58010994388753,1.60558445660119,1.62783880712428,-5.02528662909269,-0.84512012888862,-1.83896137559269,-1.23339299313169,0.424279277639255,-1.41172758524282,-2.36460376971034,0.292328856544822,-4.31156367033519,-0.0332329480078906,0.149993007441065,0.0776381690478904,-1.20242684185335,-3.22025119404283,-3.23393542241401,-2.28669461006641,1.53196189570245,-5.15039578853613,-2.45185120064545,0.265871202566566,-0.647567782290091,-2.88429333454135,0.180831391563277,-0.117127701590777,0.0284361906602881,-1.76001345135135,-0.917200482258638,-1.64659244398469,-1.09072335562756,-2.51456836161628,0.698797915383958,1.71058493225229,-1.67972266065271,0.542675670285005,-2.07400022337302,-1.31806015653229,2.02963348095528,2.00999805364309,-0.676067705562027,-0.343544117822151,-0.270158415951567,-6.2146624798495,-2.15520587806309,-0.508278453430458,-5.74498837262225,-3.07964729545384,-3.95926937423391,-2.89818320950098,-2.17705512775635,-2.32631681936724,-1.44465786434434,-1.30239355436655,-2.22146764688235,-1.17615566719386,-4.36808117641748,-3.85318954319573,0.319005816873732,-5.28564457383746,0.920957818270002,-1.10196095166139,-0.320675392493897,0.934180983179312,-3.77735303164753,-1.31075156589437,0.852821439667379,-6.19493808767326,-1.84844528103283,0.874516522532939,-0.826341037706718,-1.11683671974187,2.03412383645443,-0.773042373540033
"20",2.38112195538133,-0.322931541356149,-2.40892132853688,1.37559541971358,0.779118347789135,0.984219242598472,-3.32733587764732,-2.4079283662249,-0.713849608743194,-0.454340348400806,-1.88778407032886,0.00357772939958578,0.810117226482063,-1.34592373080044,-0.537662135481305,-1.36500961211323,1.1395706190454,-1.12952402925632,-2.3140717617494,-2.23478817247215,-2.58430368651072,1.7402134082516,-2.35179399275388,-1.17604592951933,-0.501802221775026,-1.06598814383357,-4.23532728980357,0.41652908357191,-1.04755446170672,0.214158182598551,0.977883486958361,-3.62924327133165,-2.4337766772357,-2.55211857939665,-0.861727582896604,-1.61764339300575,-4.77873198212266,-2.81847760686789,-0.607131286018738,-3.6144093866879,2.33449802401453,2.08633389803384,1.3654254887096,-1.43114537612957,-1.1183688753216,-1.79342308060184,0.480573353543359,-1.12202346714838,0.530816761120989,-1.15990804740479,0.983804849422451,-0.185641254419321,-0.814060356621379,-3.51950413353625,1.1082369389496,-0.556389722815875,2.10279345936161,1.41597907911517,0.866791687923068,-3.44192315489114,-1.39088515395315,-5.89129933151107,-4.29807644569522,-2.01007119795661,-2.15570524460837,-1.83078279590838,-1.23827712146401,1.27785227932982,-1.0732287574805,-0.274074375025124,-1.97560326971888,1.2409737707007,-1.13090391485838,-0.303494770587515,-1.01866540929953,-0.295082894542881,-3.60661940042238,-5.5075358432338,0.426118127333144,1.46079124173459,-1.08718950042614,-0.00514320116284372,-0.663526892447789,-2.33206659677685,-0.922948993851363,0.252298223590637,-6.24010673814166,-1.97755695255614,-1.45392737570514,-0.243075294594943,-3.21435243337891,-1.89675276683232,-0.79765741226448,-1.67005083110111,-0.930563084960476,-1.98587027289149,-4.14084245701611,0.35255910140727,-1.26520051633051,-1.53668482284634,-0.900464385864747,-2.03650133683054,0.641014267796623,-3.0220053011857,-3.0440457418329,0.634523717841253,2.0985159080676,-0.965983654834357,0.347601415535223,1.72983524328018,0.544741223518001,-0.0937915761837024,1.60533859743798,-2.91099691514645,0.182061405040794,-3.70219417504032,-3.27827455351773,1.45759051228311,-3.6598424773793,-3.76843574873476,2.54514885716175,-0.595350945910398,0.73409752139856,-4.24432237346882,0.464285871428118,0.111235826411411,-2.50688542887281,0.994105076602962,-2.29780568676775,3.00293844809271,-1.52142171461429,-0.650703583562204,3.28271725437727,-3.75784289962761,-2.43780319732749,-3.498101133001,-1.58740200410701,-2.66055059189394,-3.27581577212257,2.98976089607571,-2.53669756811852,-5.13452163289997,-1.97532216659199,-2.41064539268509,-0.265623736191615,0.286162929242454,-0.604845448615583,0.949543675731404,-1.17659986046961,1.4154458293881,-1.68332552721899,-1.90170917178815,0.927144492061814,-0.773709665632678,-3.89205035050811,0.137285838188788,0.570376638605916,0.993514540096322,-0.634406328643326,-2.47522867740166,4.1414650633045,-3.15860665211228,-2.92131040536048,-2.36353891365882,-2.7227674959663,1.24722237320128,-2.97255991169638,-1.3105307595341,-2.2251224913978,-1.9062467372207,2.45677583070866,0.143859630878041,2.44055231134227,-3.02534015025489,-3.94493821741277,-2.19058355464417,-3.66775543237647,-1.69435781300361,0.97004101480717,-3.66770861869709,-3.94958052029171,-2.85226315824369,-2.27385305850167,-1.39424002630793,-2.61028776283649,-0.625130513138896,-4.58447837881728,-0.527881336452829,-0.740525119614048,-0.829151524820539,-3.81619130446341,2.86886369742225,0.231283517183927,-2.02499962392265,-1.48056393206592,-4.09557941405419,1.26421649234649,1.20370846912927,0.36672841358057,-1.18649052048831,0.297945890569832,0.743977356066656,-3.36643654554968,-0.947018230469087,0.989771048561138,-0.397897887093924,-1.26087244801171,-0.599399731667492,-4.2561067864591,-0.169039848959717,0.687775322188054,0.604274538001282,-4.05145445690332,-0.767418729968007,-2.9353601320221,-3.11673733862704,1.28216841801489,-1.80494541470503,-1.89461156651203,0.374649722891396,-1.41661843057507,-1.24885950210431,1.02029385432458,-3.4829082424194,-4.39995603620905,2.5345110660921,2.23794260792962,3.51872511910122,-0.651040394056208,1.10697175448099,-0.0757667514391706,-0.65512338840369,-1.85423653386897,-1.95112248663505,-1.58338231996548,-0.260977186679562,-0.498478842956109,0.0805234165154971,-3.60424061580454,0.431498392117031,-2.6727726141407,0.538540042446911,0.356731252514764,-1.22859016467003,5.58886618241148,-3.46820182965365,-1.39955575733132,-3.30236688921098,-0.759841984427747,-1.42119715692048,-1.96794570411086,-2.94406540253945,0.728951047461076,-1.49956438805055,-1.17260202303853,2.01558062237599,0.67910555286069,-1.19319588831642,-1.65931473474124,-0.380371335338427,0.349237911990809,1.54617719019731,-1.42118409912447,-0.348849012819796,3.88868281208347,-0.858471533467169,-1.70238782794403,1.16103933853891,-2.90786206951562,-2.61078328344031,-3.38602502186403,0.185255391201651,-1.22079863640849,0.682898803547726,-1.61281941901509,-2.62097501406132,-2.47252460666256,-1.95320610699501,-1.25582133329774,-3.03967548043015,0.357109030077821,-3.46861671207874,-1.83845040592503,2.9968371853334,0.521958140167861,1.27345119429204,0.691872492615172,-7.82360669910845,-2.37925772743405,-0.946614630907039,0.543985260531759,-2.39473660789618,-4.00532275088855,-2.21090556269884,-1.2741613519014,-2.01041358632642,-3.12422283431818,0.354794835287967,-0.762554117289157,1.05228651524933,-2.25983310973671,1.75399402415444,-2.87189845335158,-2.96100927665323,0.326413723886289,0.593138872450587,-2.35531911819864,-3.34248770603524,-1.49373901935047,1.75183157707613,-1.54970896508827,1.12095407865531,-0.795537789107636,-2.44541387811703,0.854911884928754,1.76071581375735,-0.599275840473088,-2.97304501246962,-0.418174642732306,-2.62968571503844,0.421228653499429,1.05203733577359,1.10045175027706,0.243533765841844,-1.71233742783899,-6.50752518744208,2.0950430928307,-0.165226173941881,-4.69398249101978,-0.200734860511187,-1.52107063712305,4.13266312703109,-1.88777542362955,-0.954776212669399,-3.50872929622863,0.937548371945347,-0.813256603053092,-3.36496042685441,2.10298565066323,-1.5386173084119,0.193002332577948,-1.95491042558804,0.792011211013005,-1.28481367457819,0.286889739320659,-1.35344730102563,-1.45288872890339,-1.87438280065237,0.143346235686158,-3.32369188004181,1.59250190652362,-6.42347487618995,1.00561281589015,-0.0259316042890216,-3.01334316939527,-1.73943275316355,-1.7954908269893,-0.847489128791742,-1.16780318256376,-2.10061866717807,0.295311887848347,-1.1569484931678,-0.526962785036745,-1.13499118807834,0.0349227715089648,-3.70723701434034,-1.99702319416306,2.56838649795382,-1.72198196372205,0.707267577847311,0.76147283352309,-2.07527115564809,-5.28042878635627,3.67830682916619,-3.01162093647359,-0.641664170674115,2.11353372402926,-0.875690168408528,-1.25489484430583,1.65943075129395,-0.821079257414666,-0.659018015440628,-1.52154871466705,-1.90524254971622,-0.19791615387584,-2.15455061823848,-0.587906474667656,-1.63885335526072,-2.87571906782221,-4.35827913881108,0.22726528942176,-0.164152376971928,-3.50254256131627,-1.73074948408394,-0.076382315647976,-2.48429398629905,-2.33096513180852,-0.260297420267562,1.24132751588485,-1.38912773447382,0.144540472895418,-3.03070116577067,-0.0763142695749327,1.10476786484318,1.02856615484753,-2.87442860559905,-1.72709510323628,0.332513194671062,1.19104087526776,-0.229128963090379,-1.35411363791649,-3.28265933649034,-1.81144183982975,-2.16050653220045,-2.05992315418089,-1.11279487693483,-1.34819164247808,-4.89571126969143,0.106097424405513,-2.01353162965435,-3.21805576761676,2.37058056097895,-2.18796879384106,-1.82997884655659,1.23967286183521,-1.57496439381619,3.86276729450427,-3.84673725698242,-2.231247547227,-0.343266504084951,-1.43937531604871,0.368632404125153,-2.32690649190818,-4.2054644088755,1.63067605886719,-0.891506074895274,0.110758169095824,-1.79660484649258,1.28038427049186,-2.41319174502241,0.275951408990607,-2.90512739745955,-5.62184103888389,-0.385993016466127,0.854295285070541,-1.61772564314331,-0.170108547597831,-1.68425307294569,1.58235248246867,1.28026043758973,0.0819624421761469,1.732901818033,-2.34440996484723,-2.69658873836749,-1.22378189515671,0.33046861551512,-3.98785482509099,1.14704528999448,-1.34209723533654,-4.13754777510746,2.29429112040925,-1.2396498788425,-3.21280161827388,-1.73075428735621,-4.03922636846327,-1.36398141106996,-3.19524985578302,-2.68930096090986,1.82462170031387,-1.28659406192928,-0.838877357003519,-2.34263461780318,1.94841823863049,0.050445683248501,2.30528570448034,-1.17488219260822,-5.34166142585222,-1.74185970211064,-0.4481341497047,0.310210988339343,-3.03086921807962,-0.835781731889755,0.489770589040201,-4.30615396733737,-0.225174254213866,0.829821114340989,2.7983013250472,-3.08934368193061,-1.17992707752527,-3.56261626494414,-3.10136255861313,0.297360194039678,-0.336305718518519,-2.24534293915894,0.0238411364530711,-2.81074664851503,-2.95688917366508,0.175165493969874,-1.50613106841337,3.93179592996464,-1.55858927125621,-1.39906236362268,-1.69574716326761,-2.42539968934477,-0.278236845026237,-2.06375250799629,-3.4993180783104,-1.30733309807137,1.4825778598543,-3.56964836506231,-3.27149044372496,0.245883370385457,-1.4731404819767,-2.09712104453564,-2.77831668057017,-1.52095030399245,-0.194991539854548,2.12559267488596,-4.05879139666782,0.822708551984725,-0.166514761196434,1.20414212722079,-4.59335616708872,-1.99097790341529,-3.66773381482814,-1.58481756279721,-3.57289625254245,1.30656656411523,-0.879853289076497,-2.43709116317285,1.85128814925569,-0.198954837134121,-1.9866568646666,-3.32084535934296,-2.86229890991016,-2.21605886742532,-1.04284438211472,-1.1315679168096,0.131082351164236,-0.931782067952443,-0.688140765826515,3.3236861801508,-2.58406572543555,3.7261841871633,-0.975887636406865,2.38347234940619,-1.69664845250318,-4.8588041634389,-1.97950696722854,0.244728326149696,-2.44200923480124,-3.17738526730325,-0.96893934983023,0.0994781398359008,-3.5269057704624,-1.45395427770787,1.04638026939958,-3.70349830914523,-0.316288601129871,1.04356120620601,-0.386896813784679,2.43943280825811,0.946781828985437,1.2062509704522,-0.923025061038913,-3.9085939628159,-0.0792604783876337,-4.5878478327292,-1.34948427042198,-2.56992022835898,0.98016731177308,1.6889412578965,-3.59847486679148,-0.687415496978166,-1.68011407261153,-2.05446720155097,-3.93974054609809,2.17884739723398,-0.87118777174482,-0.194708333642839,-1.29185004758944,-2.00461978535401,-5.90716534804586,-3.28939866867897,1.044636930713,-0.859682475835982,-1.12960325630867,-2.62518870184705,-2.24895761680685,-2.03735734511971,0.195812369036012,-0.414128016389899,-3.90256371504444,-2.5043502735207,0.821161645526038,-1.17903012082334,0.305310636652106,-3.70258931146916,-2.91652517703285,-0.741828131364919,-3.599026019563,-0.733251318727495,0.63738397838099,1.57801963983805,-2.13817563143764,-2.68930132640826,-2.79275355371313,0.467731645907915,-3.43197760353334,-0.820035680929395,-1.00925744839205,1.14186913440137,-1.81158989797015,0.327161886161005,1.65652643654217,2.74695752658016,-2.51104086148754,-3.63941336042877,1.26017738393949,-0.470070519164904,-3.69547016255749,-1.99800426385387,-1.24884798647018,-2.68500877168366,-0.719723960591009,-0.884760067179647,0.917613898552724,3.32330914382648,0.189460168687605,-0.696820509372971,-1.83796086934532,-4.28228839187637,-0.0118029050490319,-3.07159425501353,-2.08020293675525,2.96017796688491,-0.736767986743425,-5.09505503333295,-0.394802307404393,-1.16549249359147,-2.2765484745728,-2.06396279914128,-0.0859004464044998,-1.60060330869985,-1.16545568146786,2.90095779705591,-0.422404984420723,2.94847045726506,-0.909131483299576,-0.0174552361281863,1.24768216673093,-4.02921217639688,-2.54565009812041,-3.08862433577225,-1.70531120999193,-1.02671963508082,-2.18107916924782,-0.0215929244785648,-0.621610675812603,-2.54664760188137,-1.4337815208241,-3.0477251361629,-1.69002405798827,-2.97931144618074,-0.983906349384666,-1.75890926561685,-3.14974676354987,-0.853671706272698,0.0251726912287511,-1.21534672510669,2.8163836526242,-3.39760076132242,-1.41459584364478,-0.00553297526393526,-0.546043673482223,-3.03637230635238,1.55366265677286,-1.14525012327687,-1.5558133614408,-2.88030471872395,0.145155774430442,-3.04957238238736,-0.493785796880313,1.39304039226487,1.81866831420743,-1.2570945852243,-1.77552718931127,-0.672076938577816,-0.404322388330963,-0.94091012934981,0.474794174661658,0.387598005970131,-3.09409105940135,-1.4056649771956,-3.27725819080748,-0.918209968565105,3.07066395429212,0.288901398407555,-0.781476092453206,-3.07865312657108,-2.00600629282531,-0.629569965633026,-0.775541720509189,-1.47612694106782,-2.15119807098646,-0.593163751679501,3.41579202067047,-2.3802544291944,-1.95148249224115,2.38211066905812,-1.30398033760736,2.63417198336716,-1.29307590705176,-1.08112830039744,2.51691907669758,-2.27332314483727,-0.203424440623848,-0.962203686014854,-2.80175351662888,-2.08202167453328
"21",2.01990298297771,6.00435354999331,2.98388634935761,4.15049461591827,4.51821836871965,3.2850808615404,1.64295959702644,2.00549714689064,5.2311615728103,4.08368769740605,4.33438026042434,0.909842042634351,3.19340372310297,1.66601088923664,2.42841977669383,3.37122431296016,4.47189172743373,3.02468225907231,4.6445662119906,2.99140172170421,7.42185642300351,3.65102943691314,6.71359925982429,6.24089454420405,2.57364646655835,-0.870898427171814,2.12979110123734,5.11846509855429,6.03650209283009,4.85314497606451,0.958031654337177,5.9691854317294,3.84348613179924,3.7563784374743,-0.132691149839461,4.73930060358172,2.90123165331182,3.24430201667691,6.90528366634133,0.647589676165315,-0.0067438322410811,-0.277334282041728,3.4142431789382,3.86467960621135,-1.30688077756352,2.94748437458997,3.19861231898924,8.49912814690907,0.147827960034571,3.90439868235909,4.3300032115468,4.90073048255065,4.44753579367682,4.55718895350396,4.22750911238961,3.4052834027407,4.95794376612716,3.33297038712987,4.96584774222055,1.41035781721842,4.45200183840265,3.88557408137335,-1.87425555774469,4.74611533802673,3.15740149238098,2.64338031383264,5.94069702953532,5.24939474476201,1.02407360389594,-0.566948233836297,-1.72072196109106,1.47312517837864,1.99618492116093,7.56184910536728,3.79321478827001,2.80341470574238,2.84393746301636,4.79591022752207,-0.78395216277299,6.84354471506869,0.604942648882084,3.7598173261642,5.04471376828104,5.49693845758662,8.41756404873829,4.17663806102763,0.977182953263932,5.29086561069811,4.66693306490287,0.0124313625995431,4.39210066812166,2.34321836939175,4.34086477172558,4.24146748453215,2.80601692333634,7.27639428419661,4.1737027293804,4.48705651583889,3.4568321273274,5.36187567829918,3.27160957884129,1.55948379553048,2.41860176942345,5.41410534895154,3.73284310842412,6.85739630774513,1.57956668255112,3.80726293483052,-0.538440597067636,2.11543237652543,0.233707980656122,1.39120082435339,5.37983967168464,2.20884568245136,0.822181966042699,4.0999373124441,2.29979360350445,5.61159564938626,2.40597844791165,3.06173892545234,3.37884779393549,4.11632032782275,0.318866098474764,1.21943304154785,-2.03309715868732,2.66902268246067,-0.188170893263653,2.52693724169773,4.64086705968316,2.67696144655006,-0.554060971262683,1.0107904064636,-0.975017563812932,1.34710191062891,1.47357251296625,5.000731594212,4.54538324759632,7.96231279693672,5.51032290924459,1.63296989267238,4.63262212373965,3.1829308826989,6.08331372341564,3.37053385384549,4.87181276226806,7.58082386262202,3.12889359532609,5.7734561484943,6.96207600825417,5.76251309985336,3.31617117613166,0.894435068493834,4.9712610054972,2.88585598857121,2.24690543586277,-1.2196011809323,3.79481880090064,5.44437365199126,1.4929994270817,2.23692838822832,5.13959593491292,1.01788528888357,2.27645276622097,2.20846316332446,4.15976981532136,3.19071883550176,2.06535032771989,2.54234928482034,2.3788651342633,0.421495507251207,4.39252061424532,3.33223758895441,1.02356682550344,5.46046989827104,3.27196747694468,1.57234712160223,3.01966352889816,2.71143098272212,3.31301242737126,3.380803423338,5.17023597617415,1.72784748192023,2.11324201633917,0.437455471402546,0.961888867639993,3.83374898873253,4.13817515854908,3.95010564192923,6.92486822891026,-3.69091681141532,5.74461405536148,1.96324325809802,2.15912693813989,1.4837837475203,1.3151885820066,2.09682458977835,2.57191779407552,-2.04538437402398,0.454679766920363,7.16472467990008,7.00515103183025,0.499316058188113,3.93313128688768,6.44879237850508,2.1020069444451,3.3609362468478,2.25425720160138,4.91718491929321,3.3675475409247,1.59389730031531,4.72641227745026,4.04789347369661,0.347561876171396,4.95036597398889,0.459471914066876,3.50171641349251,-2.06664895893144,0.702567647536513,4.64679142775368,2.10298739287172,4.74567878464812,2.82591502922961,0.629926263546313,2.25095104084462,4.20394320946188,5.72924942741265,0.152419035054806,3.46242783178499,3.63458962294485,3.85937174833475,4.63173917124213,3.2520733541006,3.57892489141021,-0.404978439166319,1.65121113876285,3.10716211512545,2.33698143251806,2.89659172034928,-0.061962885146901,4.3122718234775,5.60215362704606,3.72087341458878,3.05968027733414,3.24773268689055,3.32095974924719,5.55081532409119,1.13531288380594,2.72370358234587,-0.00592258973652138,-0.376421422296978,1.11929719095068,5.02238621184665,-1.10194579067848,-1.88343584122123,1.78793251178418,7.16907510694518,3.745551623167,3.88963220233249,2.2758087992764,2.69187260588452,3.45194677209477,4.10192034974444,4.20808565147292,1.35926253613543,3.21318904134246,3.26850369562315,3.06348400045899,2.77696705477829,0.398394231144708,4.43019281853606,0.0969232496756498,1.93408830779323,2.52647493248751,3.897998450611,4.02223069089356,5.27846438362549,-0.872351827846452,4.115144347423,-0.552900933467293,-0.0300005513833397,-0.124689345036576,-3.8515263708018,1.34378538975978,-2.29961960069586,-0.888326803913888,0.0320582844063033,-1.18204400910287,-1.33143828874474,2.19333240923743,-4.74303091027902,-3.82888815413258,2.15709590462319,-4.33744135634606,-0.169803362863735,2.2534746734871,-0.343144657102497,-0.350247649413498,-0.613780292006487,-3.93791246984015,-0.0328003455524112,-2.05670306247327,-0.935281233885376,-2.86577224665633,0.33769354793088,1.24487956216201,-2.89683889291517,1.29505210581512,-0.867046899736335,1.01815610832929,-0.453778937869328,1.71256671614296,-0.956001863237808,2.15641131980145,-4.01707740581208,-1.97689094707911,-2.79252603619456,-2.18881782854641,-0.677077499976235,0.63564649996302,-2.16069967830888,-2.54304824759707,-2.98382465943278,-1.75873611120336,-2.17998194033787,-0.476389674367608,-1.70639190613634,-0.983018384867853,-0.591760589099827,-0.873243986833125,1.52263725778285,-0.365486753502031,-1.14924711991441,2.61870009337082,-1.0668274869358,-0.65946041602816,-1.32786682555417,-1.10498007790339,1.98833133728373,3.17443153012238,0.563320885461294,1.3062141028028,-1.74925618799502,0.685186882096052,-1.08622572356386,0.0982698711008601,-1.16259671472092,-0.240115149726612,-0.13701779535805,2.0261678237175,-4.18902742348664,-0.255369653582437,-0.565477195900577,-3.46242068482115,-3.80963643846982,0.215925783385937,-1.29813268143421,-4.34833971108441,4.53959023652367,-0.559047566605092,-1.55957036016918,3.20193511936993,-2.80797954994626,-3.6329666704768,-1.44408386546774,-2.73417850193864,-0.0167913463166866,1.89270813616567,-0.998644998353494,2.19000460824147,-1.5919048412307,-1.95025403838142,-0.655803867350488,2.86962593103865,-5.38295156988398,-0.845148464412168,-1.30068691311943,-0.730015170842885,-1.05880364031893,2.16092726537539,-1.48098296950555,1.81507383559806,-3.17158388611665,-0.489491731176431,0.159151667436185,-1.46900271035693,1.59751199753805,-1.16783426708039,-0.408683985729124,1.11548288109918,-2.44889018432041,-1.04994301682035,-0.73013681283591,-3.85569929045195,-0.686515426101041,0.500028706052356,1.7709414949984,0.679122801475689,-1.25734575275219,2.04237836446299,-1.82867188880052,1.74794863241886,2.45218782122012,1.72697490685576,2.25488431519942,-2.41082609306805,-0.763600674308853,-1.31586571655192,-0.550267585691295,-3.00054912638682,1.63903697171285,0.111141050407431,0.235343129669884,1.27164990696994,-1.38630000790528,-2.43282303349865,-3.27583708769684,-5.0023278083505,0.885816145651665,0.665292293612711,-0.584575724139656,-0.168156239853698,-0.665845984896125,1.01535407965966,0.0817573798425926,1.72343058832095,-1.07500741717619,1.22039552791694,-3.0666774788722,1.22392190417786,-1.64018835066041,-0.930486703836485,-1.83655800443972,0.408067913787207,-1.14433513887356,-2.67479875691191,-1.50744936104245,0.99610927864289,-0.960414666982725,-1.35479805246927,2.70808055114594,-2.58663398827374,-1.12349820277491,1.77742589175314,0.944376648929536,1.79455600018225,-0.741393543239502,-0.65387827660049,-0.407789172021711,3.60017157587585,1.64401257852254,-0.606974390690096,-0.820065859941941,0.20398797781929,2.38230622244302,-2.26576390008795,0.378113940666051,-1.65568806627469,-1.19481071504482,-3.86455163210295,0.778577863591822,-1.96159211905337,-2.63486214876657,-1.63253671845871,-1.50548761754295,-5.15733363358142,-3.95035935396406,-1.33115172126106,1.72679061465248,-3.04850846127231,2.31844537603883,-2.59615428794109,0.717267043317638,2.51242842672086,-1.06399683870486,-0.11199932413524,0.407479640721214,-1.53303437000485,0.63438385445055,0.0656689623301618,-0.681955515376446,3.10270780591841,-1.08700984917253,0.834178373977325,-2.56135964670915,-2.61583084143355,-2.15455692212446,-0.454975845981094,-2.24858853311461,-1.93638796261425,0.651760338708463,0.870372597152738,-1.05037522821353,-2.8301185045639,0.628997491710016,-2.0721936492252,0.694516369617345,0.0152922083839764,-1.41773643901402,-1.36940207736924,0.480231377087519,-1.46947122694794,-4.18562644998772,-2.03988114192287,-2.28803164098258,-2.55355750886628,-0.994335880308165,-3.68568571814594,1.74869454169722,-5.10469227801553,-3.52492552698605,-3.57074228811214,-3.29709265148334,-1.93856872614103,-0.934727652504639,0.10246953153787,-2.50357898493151,-3.186316087413,-0.208630546268275,0.13659567745652,1.29269349557593,0.554512864818455,-0.997402195776253,-2.44080260142523,-0.963264618444698,-0.597725992653314,-1.34439262268009,-4.30123903417273,2.51954124676596,2.08427925474921,-3.13829130277882,0.988152441275132,-4.27762987912546,0.483992103147734,-0.52160817876265,1.80503932438396,-1.97013975446674,-0.917316473531413,-3.90694858374853,-4.5338550460624,-0.848112172626612,0.85354016824148,-3.35978210576063,-0.476650974468225,0.131290245263749,-0.608176530524171,1.81304107815134,-2.5306489537189,-0.720458593656232,-3.81806881184416,-3.27481981293143,-1.19300704796615,-1.12833099197241,0.283281050532591,-1.71405742375425,-2.10652821293133,-2.17054692173487,-5.35198309202509,-1.12395922950737,-0.775697401435511,-2.29178224736438,-1.82459170476545,1.41132001569683,2.60422893652367,-2.84874084079516,-0.0813325937316944,-0.188040384593953,-0.153765858564219,-1.1401223133505,-0.961724844033531,-1.97520141653473,-1.94654631062825,1.57900352816987,-0.0167820236045361,-1.73599730556833,-1.0231040921776,-2.73975691345049,2.6074312378937,-0.64714509431726,-0.531008146236673,-3.76637974239925,-2.50621770432133,-3.21632399092374,-2.06424215629046,1.21063601067051,-0.406984830730265,-1.21544118017582,-1.54264245131707,-0.816412575913445,-4.05776530684781,0.0624224987348272,0.251925982326104,-3.69624443739915,-4.24759484059343,0.728030101379663,-2.30233418876332,4.65531659570938,-0.733980126721966,-3.55540431281415,-2.45282688084597,-1.49611247071699,0.138639347472989,-4.35686094887331,-3.89524116519154,-0.519113181014662,0.936374859515511,-2.57363143345755,1.4520087571871,-0.822685381783394,0.691935173988495,-3.8237071198933,-3.55604944296795,2.25518562559585,-0.511737043278565,-0.542904891106853,-2.41111061066979,-1.51682023001849,-3.36803030001484,0.172328319273982,-1.74903522869519,-0.770692380684249,-4.31402329641194,2.74870939154045,0.61381531417734,2.68053950164637,-0.895002134015326,-2.19905006869104,-0.801843211575071,-1.57933710838705,-1.10936406421869,-0.975118886197088,-0.988148019976459,0.777131421311677,0.227954960160392,0.660119856485622,-3.19948232524669,-2.55544846977699,0.159714719134566,-2.14787948276739,-2.07465415752379,-0.0220529998913477,0.447866743940598,-3.55523247786536,0.891735835132491,-0.277464729001299,0.508405804098201,-0.664828707792269,-0.0169265526635898,-1.7048581183205,-1.35931331770944,-1.02411484997982,0.0199853670694896,-0.536796492090218,0.261715088145383,0.384616732200845,0.255146618311211,-2.63898138056354,-2.92640984319696,-1.0737569901318,0.21188756281038,-3.24467790872743,-2.20586236485301,-0.487472495776337,-1.93434939478229,-2.53117653261421,-0.91611156611527,-0.0134042921537311,-2.58134409512178,-1.03321718884675,-1.62464241624244,0.0803587287571446,-1.10993452428123,-4.81062913468212,-1.35440024082229,1.36051038078387,2.8633736029416,1.0067914583576,-0.214656693441519,-1.98599795422703,-1.27543897164783,-4.79513852451736,-1.87872964438406,-0.168955155363865,-3.33791468909819,-1.54442385164405,0.3204645112035,-2.20026591136051,1.23040312113143,-5.94052474087509,-4.92107583388319,0.94420181203075,-5.84685603791792,-4.03520661255129,-3.6374762176321,-0.173841689966866,-2.49878992788157,-2.52794301312801,-4.48947132629855,-4.02251796704357,-3.9180553148112,-2.01612542734819,-0.797394013489747,-5.26492082979809,-3.02737139257146,0.0299659397056844,-2.77929614222242,-3.78550801630937,0.999237107547897,-1.7093428091619,-0.143223257409443,-4.64449293937182,2.71796910212753,-3.83279063604051,-0.275029397631529,-0.150223274711835,-2.75861480330755,-5.22801728349394,-3.25282439687502,-0.70593879084758,-2.96921776716042,1.14267827958755
"22",1.29393323904088,2.29608519138493,2.51480528358791,4.74000422112421,1.37011749730876,7.96544446706795,1.87278398453102,5.66594894715551,4.86685534673729,4.28064919979757,5.30035755821725,-1.14714495140109,3.73375240171686,3.8131799073738,1.82202203981039,4.45478121496663,2.4285961619738,2.2632306621995,2.72395700221794,4.99697237117131,5.54322064411907,2.6699234519969,1.70420600244715,2.49429652131647,3.57425719951818,3.92375179823475,0.482735150676115,4.22442369500603,-0.346585556100852,3.66260595569564,0.755334132747279,0.567664541859047,2.14358992109042,4.73685485897201,3.23821428078443,2.58717246806632,2.02638268515457,3.29069096991286,2.0682221865969,1.09847427645298,5.13547918158421,3.615471561588,0.683479783285286,3.44274420955524,1.41348684066201,4.81650922203442,0.0664277976972638,3.6859589800393,2.51887643255037,3.45055663177789,5.46453651114882,3.86788602221052,5.16961535286741,5.09681830233325,1.16436960114009,4.91304665565931,2.75996385357407,2.01397165603531,-0.151299000133049,0.587864560193904,0.885237510175903,2.39075163333894,0.619240572224657,4.62240156525116,0.0950786385878315,2.82616627511926,3.6878860937136,2.03305192863147,2.52287976735233,5.70854903747705,2.41962045042196,3.76200764155044,-0.298791438839283,0.111848612544176,0.632892269365505,5.49531119116767,1.84410164499449,4.69015023444737,0.449448191401322,2.93162779576605,0.794619210486986,5.50369224007874,-0.874657032340516,-0.446069212358447,3.53635008097255,0.776910627261733,3.62012412781912,3.30220508261597,0.822560250996488,5.72489434934656,1.82740540367544,6.49661574584149,0.254647598639438,3.77042903262478,2.91522121595985,6.75033356806689,0.727960559677684,2.76795414717733,5.12357393767158,-0.859983967980451,3.99518745127934,2.96003694600325,0.518809256863876,0.967961552704853,2.57429445834923,0.0449652121245516,-1.30462964049277,6.08238054200697,-0.255534465819793,2.18220427011975,0.458249244309615,1.64234647972797,6.26053337289852,-1.89398788722025,3.78850552241894,5.02392297676697,3.47505156363274,0.995455279405475,3.78027813978865,0.196512477179958,4.3253990842423,3.00545016736793,2.92518648531046,0.0593434753460675,2.84957914358337,3.8412395567536,0.753555523167322,2.93773508195014,4.0534272193846,2.95218511631049,0.205214336401076,1.76982296186277,2.20704372891285,4.094285651012,2.3063656099751,2.59844706417049,1.95620389635707,1.34204764819089,-0.696217573636082,-0.053273538178618,3.50102281388173,4.06884030201692,5.18682553986793,7.82724348482822,2.03289839646746,2.34190893776579,0.804973328706062,4.72908358276327,3.72714562110283,3.37336897611135,3.6513440617892,-1.32451879968747,2.46283675699619,3.28899082120195,0.113298888321553,2.22281199109515,3.97000709301211,4.90568782055864,2.29062257453897,-0.797248020145954,3.34272465355979,3.23302336948332,6.9197604442765,-0.324862601012898,1.2751121169088,7.04282018002464,1.99297175771115,0.739316709525438,1.34034070890234,2.69307161372415,3.42621850957069,4.9888303226021,2.69251912302909,0.176399692202349,2.93946263136984,2.45259860497957,4.15493940480897,4.37293371737266,4.55200418112169,1.51834334944514,3.05446957343388,5.04626336955958,2.65508936674824,-0.0366057448805952,3.42588583816113,2.25022226984292,2.18666322019371,2.37885415739557,3.30745823013633,2.55650889758128,0.0351498522845954,5.85530803875304,2.69840968089733,2.91409769182331,4.35597738668473,0.838058556903891,0.885499303126471,4.09742199898406,3.18589422092195,1.81789111620187,0.56975016872238,3.50029514660881,4.16907675683194,2.13112472618271,5.83497559403858,0.92361850684732,5.61696018963427,2.74965264432082,5.30112691369586,5.51418933211917,5.14099161794139,4.55282628028687,4.8601214526999,3.54486981305083,0.312743399538737,4.35978228807771,2.0636500522171,-0.411354934043385,2.7896951051073,1.8620875486411,0.463140410820666,0.974975658053965,2.49749465820946,3.15910593975528,4.46019321239768,2.41493953827303,1.73735895621288,3.66020694646185,4.99667066527107,3.69692564864496,2.02402874998944,5.40187803103581,3.88209083927297,-0.697319308065717,2.62143192123794,6.64918424069218,2.96722629636865,3.39277200920024,3.03022631319741,3.5985728805462,3.42402823790022,3.51983618732237,2.08382031921971,6.7328710394479,4.86207514586238,2.89976479394199,2.62605357858047,0.926577539796389,4.25224000689035,3.1192291037979,3.38261100706819,2.7205686718846,-0.230134878307456,1.84037316798647,6.40666802542373,1.57449440136947,4.44759668280912,0.180039414123959,3.5295778614485,2.82208517923351,1.53705605311811,4.66916870514321,2.64907209133158,1.43968921180625,3.23730526766493,6.38325351930435,1.21188349184586,2.38053089323898,3.0435000232616,2.5823354408375,4.98208267806142,1.57315542485071,2.42460102863522,0.137192117606345,3.83603391899165,-0.335691848628643,4.64166569471169,0.578923505988534,3.82439576359192,3.9968067422268,1.320132045738,2.38359343051352,0.260942787608396,4.17866466217845,2.91666084764607,2.07583076810019,3.89531131473808,4.61227063911537,5.0568634816504,4.34544147562807,4.86458417045074,5.37201440029154,3.22080459756782,0.973666916552659,1.63875609456148,2.61999428926117,4.61807515038404,3.409998169192,1.75671748152135,4.89334519472462,4.37787510465617,4.00095640865689,3.94219666816292,-0.228261491527256,-1.34364392389046,0.436691592840647,3.45767823315012,2.90864396850247,5.01578562738171,3.65043066937684,3.26688450696714,2.45168236416679,3.55522654877073,2.26515773551557,3.00248059901312,1.28184785357361,4.60269269890409,4.67616977385117,2.06824332308463,8.3785675527337,1.39008406775114,1.46777174820547,1.70433688532757,5.98814917702931,3.59149123086976,1.58645956980963,3.89561678761318,1.24493285092444,0.610278908980324,2.66883612280297,2.08919886675179,5.48650694994321,3.03046955232726,6.40847752446188,3.17952978763836,1.64429680805639,1.96516747348671,2.3192623033809,5.58762981213489,1.37560515530562,6.28007476854125,3.46331749500504,4.10731024183856,1.1341242640974,2.56952296972898,0.326882383714756,1.32744361408268,4.48818777036377,-1.74693728231285,0.811729316708076,4.45316339602008,3.86124889877864,2.04169181082784,1.89871447802614,3.98842493003841,4.46283145665681,6.56692170058265,3.32086198786825,3.63163260975027,1.67327926987936,-0.474224219024086,0.113844311802594,-2.41283345888288,-4.4445187420054,1.37101310731802,-3.75871481994421,0.128763723717389,-4.62791357529696,1.5164356032693,-0.636755736967811,-2.99779565306193,1.42639286496295,-4.19084070969154,-3.1471496162146,-1.22729777213606,0.932822609682013,-1.07647852280028,-6.26478603296297,-2.46627119300351,0.556211772677282,-5.04599229691998,0.917191174188677,-1.39676156170148,-4.15258543618308,-2.55621883364891,-0.718774073729859,-4.37620105575736,2.39140248405531,-1.04432163978071,-1.9273778099853,0.87932898225759,-1.24368291907369,0.636436832736085,-0.224891026331121,-4.91832099101491,-0.856680770697639,-1.37124962938788,-3.15413426063582,1.20654284774676,0.705419251300963,-1.54376449522317,-1.8665590342945,2.26072665875945,-0.847985205075276,-1.65818804236518,-1.46193742663663,0.995765164979467,-1.03695345319655,0.24766918489215,-1.15742523086249,-3.62178978545963,3.2981599909378,-3.51174058565293,-1.20369316566681,-0.225458162738246,-1.01563628779499,0.707003438259195,2.23129316995534,-2.68823305126444,-2.26929363767354,0.444582045763927,-1.88692497865694,1.09861056163391,-0.0429439420623229,-2.15692307381972,1.16694313524524,-0.601450680023929,-0.850632126253288,1.13058324888702,-2.14854383575498,-7.43491000330652,0.960703518410998,-0.287094166685448,-2.45696123904064,-0.719365356518452,-3.9556633224422,-0.261203842019169,1.21353582978721,-1.2240381066056,-1.05307726206719,-0.414070103471413,-1.14954482693635,-1.45009239149511,-1.43819338478275,-2.16775895905034,-2.6502767607753,-1.58587745066566,-2.27942161115279,-0.0584687973099691,-1.28519981158842,-1.42108816863432,-3.21808027624975,1.36444477119148,1.94343335514846,-3.71419736665177,-2.0470050691157,-0.895535527677617,1.13575666423382,2.61325415516239,-0.871839914159561,-1.80870888311563,-0.287631049007084,-0.386476464836444,-0.882761990128284,-0.733234045708993,-3.91351404170634,-2.33801478035456,-0.0657623310835719,3.36381668085211,-1.10119140938172,1.57767386491241,-2.23696331194843,1.33918857046939,-1.82954944704307,-1.05517484254308,0.00505854460972421,0.474647268277246,3.62060714001024,0.618423354995345,-1.6854345442717,-3.34036227852136,-1.19254435120784,-2.13924882049383,-1.51294485167404,-5.07121289609152,-1.51356907927937,-2.2394129201533,-1.45532412893071,0.421679941421778,-0.929620097798215,-0.164951467804117,0.0140413964798167,-2.36135397573389,-2.56924983114968,1.18094643362372,-3.4229282653612,-0.130368179262902,-0.957732060476115,-1.43858191121758,0.84724273301656,-2.59811086691805,-1.7100952354904,0.760305340391928,-1.9952238209654,-1.93920658086382,-0.464947597830104,-2.82985309776523,-3.50253859453609,-3.24200032597218,-4.60149562014523,-3.40897106971665,-0.944352953045602,1.98484572111649,-2.12866583509948,-0.262006377368445,-0.964745852430137,-0.178217515470232,1.00049836748583,0.410593927416629,-6.1326579558443,-4.52679568916339,-1.78542462612234,0.486797444723222,0.918884088699884,-2.87207480560242,-1.19944243150511,-2.16802326805511,1.02275978171657,-0.127640614854919,-0.695809755149838,-3.08165518777772,0.0380586480377776,-2.26389860161548,-0.757110471759894,-2.62525742674434,-2.57064112572921,-0.236804006016065,2.79995477755129,-3.13534318521076,-1.89961830049072,-3.27816136555366,-2.86985022903399,-3.05594402168359,1.32649863890349,-0.25375085551576,-2.25610768263416,-4.57616832757723,0.2262308144651,-1.45357264436831,-0.820061965201928,-2.86019174801898,-1.77516894235549,-2.68854536644544,-1.36658474029632,-1.71313130579641,-3.02527469308935,-0.976351931855729,-0.218535778628692,-0.988066416282953,-4.70018779920639,-1.87077648280689,-1.30247357335354,0.415842905140315,-0.565117842087535,-1.11611214361593,-0.880017622994767,-1.27050464103313,-0.854941595306339,1.45707332290153,1.05247287102815,0.151833834817393,-1.66948567718512,-3.9879174868671,0.223614198151594,-2.26208933119895,-0.0658959468037175,-5.15670085198027,1.30592001221962,-6.52118808663872,-0.769504664089236,0.369348810714583,-2.18082360846446,0.188015492991557,-2.08847120653465,0.501824418560747,-0.615397923518125,-4.36705755844166,3.43295241028262,-0.472042521402891,-1.90202209737478,-0.586596491321762,-3.39948744289419,-0.802818421149915,3.02769158374817,-2.5627146046273,-1.38404247625617,-3.56298757702675,-0.924566906585564,-1.64276257726432,-4.8623449313815,-2.25857892520062,-3.75737120405787,-0.647276290455615,-3.14694511513275,-0.328391831563034,-1.73215230443987,2.365951082799,-1.46399106490209,0.0169508046639204,-0.429932163492346,-1.18395494708104,-2.87231201293047,-0.309690803630921,-0.562974864660706,0.782049369813182,-5.09752374445548,-1.2601940563013,2.6347370141092,-1.33235988061408,-0.454777767291969,-3.20012065440068,1.80458686532079,-2.57796932546738,0.823538787095528,2.49000616732224,2.65272213091366,-3.50957612898535,0.674236144905033,-2.268653491522,-2.24114287315279,1.34817381705017,-3.03945891137057,1.4337518178552,-0.918250150430157,-4.05979814898193,0.287930035890605,0.155450360874679,0.46028432481584,-2.07568369606765,-1.04204416957203,-4.21731064755869,-1.5395991674734,-0.445205051426097,-0.757414973146895,0.486128979283492,1.66431541936822,-0.619339877462841,-0.285687145345494,-0.082592899935943,2.70288510492439,-4.69527216941434,-0.616971249885995,-0.517660114314309,-0.757794003307855,2.80118932199232,-4.12946525268226,2.7299128810996,-3.09039424998674,-3.28417200110213,-1.19577249276251,2.76153219952261,-0.843138146669768,-1.66826279272363,-2.42453465375189,-2.81040877979221,-3.60610970956583,-1.38629660164676,-2.29501535574876,-0.892073442488192,-2.8831421482808,-1.11057661210612,-3.49683519606163,0.572230937256744,0.587053354058633,3.55015887246716,-2.17730038563499,-4.67927541408145,4.57903639911905,-4.68254860933587,-1.13909352391501,-0.510875892185713,-2.92300783291405,-1.46404102423402,-3.10144859984628,-2.49239432886696,0.511486521105279,-2.23920166885998,2.33477354487996,-4.09261773101686,-4.21880488108235,1.35234715097166,-0.805512501236537,0.0842517221699433,-2.96870183441218,0.572283742361259,2.67937072767813,-0.740844475971556,-0.267730198984902,-0.636495784725736,0.677125877904599,-1.34930580405425,1.48397442474771,0.747619525555322,1.18693103271571,-1.91286979273289,-3.76240010604118,-4.31124436098867,-0.457360457434906,-1.73838713124625,-2.76279764553554,0.573793673916223,-2.38333704260347,-1.57885547882221,-1.08117854294205,-1.28359983694652,-3.98962364431278,-2.13247891245169,1.04262534609816,-4.76040102290897,-1.7296916087562
"23",1.6321208258522,3.1666157716237,5.1248618384461,-0.431569306500996,3.27190084707285,1.72672454907309,0.377486399959676,1.85002402587626,1.30887792304788,2.24019656216033,4.35509545446837,4.18683224446735,4.84452796071287,-0.249825233126316,3.30876934885374,6.26512707497547,1.75466769150506,2.65521734746435,4.68634168519375,2.02271215809178,1.44217271965212,-1.09106581171698,4.16419542719183,3.4226440159573,0.99874410209814,2.78308328434207,2.2641187805937,6.02829425182777,-1.19676058044243,1.40822440439884,3.49166140518546,-1.5508951580366,5.60595217456524,2.19322779524875,4.74091538584684,4.05959142353681,1.69882743888924,2.14337562684868,4.64684372000146,3.53376411996577,4.87205416461278,2.87619474297761,2.84828982424461,2.80191649553417,2.93623563934516,4.67307891304523,4.58130375137258,-0.314055684927639,5.29428893278388,4.46437832080513,1.02753089489416,2.00941145660201,0.0290896818807216,3.66267463560732,1.68083589411186,3.34593019577243,4.96732389314846,2.75063859815471,0.139133195461567,4.36272295302718,3.08388325771393,1.9189553982923,8.59288158139854,1.81729283202733,3.89908419648844,-0.291702970606628,3.58135020079133,4.20615605102628,2.44512566496472,3.00778957948466,6.98291930825216,8.62572492117839,3.36397578999089,2.34981526667461,0.818036348060486,2.70084764742861,2.6207266308308,4.80503899693912,1.95983329046855,0.833489599638456,2.57259299240112,2.65270875947737,1.74787222816634,2.92561652900321,2.73759354181925,2.92517531495071,2.77301561304349,4.95589153475489,3.90775278283488,3.98352874203745,0.876779455203428,1.16686892930072,1.61021818163282,2.88686256278769,4.01910175439513,3.72791880507454,4.0986857946438,-1.47245482819613,2.70020193908508,3.75729188319526,7.47932703379149,1.7555115455802,1.05476758613943,4.94088357114475,5.58939902697633,6.63142428928778,2.82283422931623,4.62624219899671,-1.57303321221548,-0.553615756137622,4.50419822528841,6.65884978945002,3.91091329377589,2.35846425396768,1.32549948455386,3.73085895275435,2.36921938702555,4.04356378409015,3.33976417315054,3.54300948307535,2.97618081994285,2.34236625194448,6.50446323275612,2.38050311552347,3.2556127720044,3.20430425896929,0.492067947011638,0.271111542070331,-0.00552128452427159,1.83551769288359,2.05938635522954,6.24281390809027,0.625919609669271,0.641207944808972,3.57994791928698,8.00006962960999,-0.709920252196237,4.96428187700682,1.74632967326402,0.769011440730662,3.87818732296142,2.13089548807884,2.56981467158898,7.42805289811019,2.35794672747796,1.53810877543962,2.58315427940293,5.56454937323382,2.38044041842832,-2.86019603794738,2.27041071961845,2.87894308104188,4.51214089648328,2.0881383059108,2.89822164200169,1.25634087615849,3.70799137235967,-0.477211600279697,3.27747375451958,4.28271591705724,3.55237920336739,2.71966816199963,3.15828866359497,-1.72499956414293,1.00901722045525,-1.47950647405841,-1.62607616474449,-1.08876848119821,4.00697202410928,-2.89765654978791,-1.07003897055417,0.117269011384902,-1.59402234931389,0.189369162275105,-1.55719068592867,1.1640816647409,-4.87790819540377,-0.552420895520527,-2.47583029361726,0.956409436957253,-4.53625967884842,-2.89049575256002,-3.79730419640728,2.21467925906233,-0.420708907616953,1.52820390774419,0.846398690259001,-2.2450457796347,0.784647408444307,2.24058505428481,-0.198578085845283,-1.03162877193391,1.48384842047974,2.73856584469079,0.170296760663855,-0.302379022960075,-0.575384944873542,2.15590059779168,-3.91847932203439,-1.93624139467886,-5.78687311097309,1.86634419956938,-2.79759991858046,-0.0654574001021397,-3.10683408580024,-3.107311413382,1.12099072686121,3.54099678136808,1.48915955771902,-0.453917402566081,-2.35344044759002,0.122100232523208,-1.96085829439295,-0.587165008763549,-3.74716249383525,4.02128587747167,1.06650892678482,-4.15385757694159,-4.54926781544019,0.141582167516199,-2.39422060371505,0.438718885936998,-2.7753214992456,0.48400355223897,-1.94606596516868,-1.80664226686094,-1.25130783876696,2.45646954428169,1.52106275718149,-1.4645119203911,-1.92187629760691,-4.05209591571674,-0.67672266746636,-0.862228197729823,1.25406864297515,-0.571336423344165,-1.94729045595406,-0.321736214272461,-3.32710668685229,-0.252928371751131,0.785442826410855,4.37179100118853,-0.739243846580262,-1.51099480939331,0.312028586330903,-4.00325290149016,0.222923615624733,-0.949155681236517,0.696186137437413,0.787222051146586,0.900133572093789,0.00683082471088481,-0.979913374995376,-0.221923351642929,-1.49202226020749,-1.42477592459177,-1.44561645205905,-0.459687937155664,-1.10791704615924,1.82974014820833,1.24576336602413,-1.18161524744924,-3.39990403126686,0.996452312656783,-3.4343953637119,0.910000845416523,-1.17096302951217,-0.470112655137175,-3.51972408238442,-0.257160349930687,-1.49931694821648,-1.85722693852261,-2.24513691226679,2.00631659188586,1.38373974207546,-0.667065812206311,0.141643688900272,-0.948446643650364,-4.08063134636339,0.451065909798006,1.16895831423284,-1.24249394820192,0.163686047408547,0.0953129112557751,-1.86217661102746,0.395173662478397,-0.596980641269977,-1.55761125220668,-2.09299323633088,-3.28908932610242,-3.90118563941252,-0.128110257840214,0.796908057430582,-4.67508991404179,1.66868620606795,0.276936144803425,0.280889461394526,-3.18564611018212,-4.76087202758174,-1.60393325851114,-0.214362636774667,-3.3733119060129,-2.75994567734293,1.26554252312216,-2.72792026356612,-2.2099479374296,-1.25405539444428,-2.24299912474175,-0.908570179663914,1.57775986625964,-1.60864291921964,-1.77990942955871,-2.39480134375805,-2.84465586147857,2.98172884036384,-1.39929366964185,-0.958982890156401,1.25815357273206,3.80134662323454,-1.48339029704024,0.997464202459529,1.10150288852211,0.942433561416401,1.20660724726905,1.26941464703922,-0.726244856921641,-0.335108428784664,-0.973982052924929,-2.49819196134268,-3.13386717975178,-0.567409553097722,-1.58529196279558,-0.063211538864024,-0.431848481384312,-5.15194439569179,-0.865432743924206,1.19964066730871,1.35436490426855,-3.02985931450987,-1.03520441427437,-1.5157904451927,2.07336851042326,0.992300156991736,-0.394943799028166,0.0996269701945942,-2.64103727370305,1.3081052370154,-1.98886431302791,-4.41123792719472,-1.47107443151863,-1.01703661881712,0.787723619928527,6.09148437224584,-2.17988643664088,-3.83113390511761,-1.43606386909418,-3.84339632593568,-1.12344533449336,-0.173635869188221,-1.51070187048295,-1.71232580959921,-1.96128740253628,2.10165463009385,-0.409309636438255,-7.81428171197033,0.00815841614513069,-3.83032546682515,0.844609711703574,0.44648627488778,-1.75563389803185,-5.10186919738216,-2.75042627574753,0.604855581404451,-2.11540590569764,-3.47384974033086,-0.847182851043349,-0.70421809840447,0.993920015393562,0.964762376356689,-0.852895432728014,1.5846906784447,-1.27082738309093,2.07945763085144,-1.97805675372711,-2.75516792508031,1.67704603016003,-5.99615278407938,-1.84059552055771,-1.39192808165934,0.280610589072323,-2.68889409324854,-2.99234460817709,-2.37124163146754,-2.08562388144558,-3.21417741989921,-1.36223790574455,-1.19828694113124,-4.06018818233511,-0.827123629854223,-1.20223460313348,-1.24680514575126,-0.49631492107792,-0.0461984161972879,1.14850512599058,-2.94581794786416,1.29950112432814,-0.536707451874902,2.89771612714302,-2.05513958616729,3.26081607321352,5.12165320375266,0.490742519090899,-0.816331304010356,4.23624096432491,-2.68219468903431,1.84222200861776,2.61021471190508,-2.46381795752095,-0.597117767918883,-2.16940725700746,0.180763067818225,1.25933268090937,-2.14342215323634,-2.13421267366793,-2.842198618381,-0.214299246736477,-5.52136764997755,-2.87710679210752,-0.253419944704534,-1.05754507361974,-4.15227100884519,-4.03505098274102,-1.63875369542374,2.39104871990815,-1.34708630168127,-0.956944392193885,2.62534424033649,-1.24114754103257,-1.23474659880634,-2.74705950791575,-0.175805667621565,2.08767491853936,1.10607841250072,-1.44181233875523,-3.34669083873504,-0.877938235026551,0.723618296965387,-4.30691319804691,-0.401455839520042,-2.06607376419207,-3.18490163586148,-2.98061022078663,1.9540821716626,-5.35545605782577,-3.54075313535716,-0.489613004320488,-0.678152556948238,-4.43134642722191,1.22251880989057,-2.10019631693763,-1.32660933274404,1.55921927796266,0.877041922873706,2.53497871763964,-4.19764901840781,4.44363926194271,-0.186497702910211,1.26144748193405,1.12173935323542,3.83730155309608,0.44180168775385,0.663704156693389,0.581783001878255,0.630922064352989,0.0675743369649726,-3.84163857787936,1.26970221246645,-1.16299953346572,-1.94827131577979,-1.06835322961214,-2.82579687158339,1.32725559276825,-4.6316102923848,-2.37284183237931,-2.77254583900044,-2.19695493708316,1.95260827422657,1.36357396391291,0.822122813793018,1.18928411932265,1.51662736658835,0.40871535653015,0.23085270879045,1.21302937850706,-2.08179787119584,-4.00246982189523,1.47236921767007,1.72176708926788,0.537449957200814,-0.996335466070388,-2.75685618534012,0.561905715921801,-0.71103040033168,0.0416306378388098,2.04673642657649,0.399571603428308,-2.36122148984377,0.376263267877906,-2.66643742570994,0.161577723673269,-0.918789344756831,0.799598521137312,1.71669956774459,-1.50727426625976,-0.227604927008945,2.03659638042374,-2.12864389931165,-0.655600129974152,-0.397579390560855,1.08037364344751,0.056518932057223,-0.318595082653831,-4.42014940123648,-1.24890731426519,-1.52752970447683,-0.513710518089816,-1.67905241343032,-2.55540489061968,-1.33772713550038,0.0327797098993767,0.342032699790385,-4.27124470665781,-0.282549131197342,-3.34882966591772,-2.54791127196452,-3.59001146824625,-2.56242754836626,-4.25797674782066,-3.13105076157025,-1.10817468999717,-2.01056374798645,1.07585378922352,0.00964666753956056,-0.696236721264504,-0.147770804397128,-2.33094472581092,-0.435254343137533,-2.58981147911804,-2.6956873460978,-0.40907888472958,-4.93938182053811,-3.7138837032744,2.52726231151277,-0.940128617058373,-0.389935266833443,-0.982754039316075,-1.44519645787416,-0.752635192263054,0.230809861205003,-0.228593971029923,-2.80764862306208,-0.495719894460903,-1.59034615029859,-0.803053368300605,-3.19311822831032,-3.5710934988145,1.47585966987847,-1.11799820569455,1.07940801948278,1.30598186376581,-1.78535526052407,-1.57559703501102,1.24924779845032,-1.27691531865604,0.551162886835755,-2.48396008475221,-2.03560772948744,-4.63507444530518,-3.72897773157285,0.0388042373447377,0.538080565552163,1.03354139811225,0.0518726644885998,-0.773139909154743,-4.60834052352641,-0.989979945788937,0.731286238398405,-3.59612325774014,-1.90134118950366,-0.742474289834809,-1.73793890497415,-1.21268248711069,0.112386760429321,3.02972090185295,-1.17888524894414,-0.46749056576693,-1.12274154399096,2.23637407787479,-3.47062703342365,0.426149931858139,-3.88805359204968,-3.54534672147793,0.180510617377105,-1.50293078852331,2.0879086920287,-2.16737458439129,-0.174986444335078,-1.42916928546653,-1.46844837293139,-3.62091536429619,1.55736026518017,-2.90289179569712,1.07539939731933,-3.59090527241644,-3.54814750736616,-1.67003049318748,1.20994738981644,-1.44297709632489,0.173369419399507,-3.74153556504851,-3.61260998882736,-0.299391223687013,3.51521999362581,0.637558245571426,-0.955032869412489,0.160409028723596,1.94882207620591,0.782539786805767,-6.70177879228129,-3.01500655932331,0.440449111310782,-3.32819198571011,-3.55648178285972,0.772181051116198,-0.158742933990272,-1.245574994326,-0.283586537242518,-1.82990006056968,-0.902620569197373,0.459243584992597,-3.86385454968132,-3.09062579283048,-1.95455054186862,0.966708724989032,3.84233629411555,-2.38800748109522,0.841539197547406,-2.35079148778591,-3.28624547535047,-2.97027131377055,-1.6346870259933,-1.23500107293185,-4.51333602617754,1.33530171146702,0.735310226383166,-0.887779102257752,-2.81073315727098,-0.899452409175548,-0.683548318409461,0.410210172133721,-1.45898187710207,-1.41019878078846,-3.6559792158896,0.692123742672989,2.73534496303971,-3.7602065342757,1.91031603172501,-0.896872669395512,-4.34200999970765,0.589347893111111,-1.62430896524073,0.843505945911489,-2.47694417530477,-0.57670195453082,-1.56030649677904,-4.30674646815573,1.11148868023321,-1.04280554285387,-0.250804041639617,-1.76068753916872,-3.90602802031311,-0.237485137338725,-0.36119210400602,-2.3849822980785,1.40754636651232,-0.0648094085247425,-1.12384839945604,3.82407725409189,-3.77846248716273,0.569667798654846,-1.52793895000393,1.8593114045764,-0.235636002911108,-1.36711925621726,-2.81057885547402,-1.45565054943813,-3.08827994435215,-1.34784507780904,-3.57607208246945,-1.90156979493513,-1.51581887587753,-6.02668518714719,-1.58893810550941,-3.39394210208258,-1.81850021809726,-1.97007607870848,-2.51729516432373,-0.372490564872372,-2.80380282624531,2.33568281408245,-4.75460028573597,-0.558985128504351,-1.59265575718686,2.72202709683951,-2.46144328853328,-2.65186157321151,1.72105345568106,0.383667910279622,-3.8049505637127,0.416128792202117
"24",4.93171253919512,4.88961341407347,0.765281346722477,3.08728909809712,0.784921075864376,3.59133646603991,2.9582398876396,1.42546379313819,-2.12881442130586,4.18244813219356,6.22801488429963,5.47987621533686,1.13851675659803,3.90378869993157,1.13259046567346,1.74099839592552,4.08616361347155,6.37331224460327,0.152565362609354,-0.119764873655286,2.37293580088006,3.33819720207042,2.94884167680507,1.3025576434505,2.17359607153733,5.4666345950373,5.08472393689619,0.153374432711683,6.47373787456525,2.94231154207629,2.17353268125894,1.81087899782525,3.78096391036645,1.19160771005357,1.65570466687523,3.97297576103152,2.45636858735186,4.01596137792026,4.58150035916737,4.08068462143569,3.10219848552215,1.32856457083253,1.80998938520013,1.4438693857978,1.56150938159258,4.30752710775392,2.29539894186252,0.378751887631799,6.95382482994176,4.89773887032748,3.38524657185389,6.22117248398767,0.0811372934335557,5.37081641250092,0.171480669672607,0.328703618010943,2.75300880986285,5.75830324225609,3.4178674747459,5.85375062217466,-0.696555580501994,3.86393757180985,3.18409136744449,3.85869448562979,2.31067901917493,1.05256821582461,1.41817836332182,6.31022281550861,2.07318893157705,0.789931277829099,5.66748508516219,-0.629297150842743,3.74532388579802,4.70018632440755,2.85514002723397,3.06644395849898,3.50123925306632,3.20775575418673,6.24132000082913,3.22315137949352,-1.46189143370151,0.432512226187679,1.89782175078637,5.00888868360148,7.49819617924911,1.67122839420096,5.00209921157824,7.12264127296406,-0.145928112388772,4.82722931285643,-2.62331881103381,3.70911344979257,4.6232324941423,1.75709800524522,3.80410788768758,5.35564613208681,4.76245389335579,1.17367219824463,2.83297322152123,4.2068491036336,2.70257937479498,3.18812579705586,4.91380514061743,3.40226382079457,2.33743572479711,2.56114532508204,4.11791524871589,1.32338731980941,5.61392029808662,2.94815147476389,2.63663698397063,4.76167232130496,0.784604631281742,2.53973362170908,-0.928908206925355,3.18379261020608,5.0399573566813,2.25857588162743,1.86919577969871,-0.406818169274165,2.17149847520393,2.36196242338872,0.697575008964479,3.39396063057524,4.02457367383092,1.4293547289093,1.46368813489313,3.31872912022969,2.66087027968029,3.57047627513245,2.45776918407426,3.51952408571859,3.08596168879492,3.14666522153234,3.53105497082713,3.09065668504751,2.31321348121894,-0.238155003698583,5.70458594014989,1.01197292725892,2.07911339319419,3.39628690123292,6.08450591750157,3.49553995555077,1.13286676818595,-0.107388526211166,4.86913293448277,1.29203397309873,7.44367552897542,1.19102381418804,3.38788141089997,1.06025756247012,6.25293619640088,2.24054497472035,1.21622455339228,2.02701295466293,3.53336732851242,9.33548588587811,-0.0899662195290687,1.05487979084351,0.972940261201865,3.879908792348,-0.314264022007015,6.15416142482776,-2.13221764558842,-1.9151724080748,-0.89791682371185,-4.20173721128363,-3.56617704363342,1.52078179284887,-1.84217194390836,-0.608290872198812,0.0417263149787008,-2.93633425224185,-0.0639869901675344,-5.57139573102069,-1.53296363858542,-3.00971215967352,-2.55129296507193,-1.61205458489053,0.907876739000949,-1.85739834665183,-4.74897410796657,-3.75055706485768,0.690753270874432,-1.49614180183686,-0.296004088113096,-2.21141924909323,-0.928505582763387,-2.37188244018904,1.09419727020249,-0.0449751201787227,-2.56460298392166,0.0759520190759424,1.84578046335636,2.22116219281245,2.66729720880762,-5.44256436511545,-0.751569635439334,-3.43084901188313,0.600509250037988,-2.07521956610961,-7.05300144197406,1.13827664400779,-1.49767017139347,-5.00116304781965,-3.62123102431122,-1.59289692494531,-1.5496211241199,-3.45111669610727,-0.890392866097197,0.38690056691155,-2.25755672122332,-2.23053446562407,-0.928717296019126,0.683548739466446,0.450000570058573,-1.71774107052174,0.70590903263332,-0.481539809028135,-3.2282714223616,0.963160018225143,0.861072171919366,-2.5328702799507,-1.2967655982945,1.10993342768425,1.37326298130525,-0.231940480684591,0.646723631851013,-0.889621508690649,-1.06802989146855,-0.210575869239943,-1.57227844927528,-0.454588889621456,-0.0701268253089721,0.109142917892367,-4.76099926867853,-1.66360790033975,-0.033180579229916,-1.52269313213521,-4.30014398963628,1.77645884889932,-0.696718256404149,0.930807779442195,1.47319505100061,1.43095331776577,-2.99059676418953,1.86986062082218,-1.13008637411915,1.78862125462258,-1.2556733320018,3.64121091467839,-0.555255503636875,-1.12493692165469,-0.0337177012037984,-2.44566455078561,-0.492806108116963,0.918201216728614,-0.0171493641494397,-1.85992093564835,-1.7934412834739,-2.92891920451149,-1.70738724282231,1.7161672537159,-1.3236072843434,-2.5167207938531,0.722164095543752,-1.54452232439074,0.00658561072000796,1.5770827404606,-2.32126935884253,-2.04581154659658,-0.686047716609681,1.02436105969112,0.138492945964916,0.629414248319942,-2.41678058204867,0.375906460309476,-2.24777486785669,1.24099114069255,0.601121942542765,-1.19280106881126,-1.23689327826055,-0.0589228504522512,-1.43955971582942,-3.34641924899526,-1.61537648926848,1.75142033670492,-2.21920191730257,3.45419239059196,-0.763184283588237,-2.4594433154669,-4.89339143781392,-2.58843617675853,-3.93612283132766,0.759740089389774,-1.01978503049639,-1.72696021085649,-1.04478580908124,-0.358740082933848,-4.79726176126877,-2.68974030278989,-3.84032287629898,0.758165579194095,1.708900621639,-1.29695695579611,0.693231571289715,-2.99225377331741,1.80877425080398,-1.41301908933063,1.2006853092969,-0.434281456920367,-1.32696711393936,-3.9048017138132,-2.48441815480077,-1.48443750457205,-1.05118088187127,-0.383348142886528,-3.08123650847574,-0.578811042982602,-4.1596056082413,-4.90907327588428,-0.0257410366183012,-2.88398296026313,1.47493134410871,-1.34531017722389,-1.36354768957186,-4.11086169282571,-2.88754571469505,1.42322274922614,2.08951622933648,-3.47882578294855,1.13714133283397,-3.25818236913075,2.09210319063626,0.581525436354712,-0.0126031795353631,3.11568159828842,-5.19844589632319,-0.946944437379366,1.16769765956265,-1.08730740717836,-3.01163138195036,-3.20584260652237,-0.124855459251629,-2.9338649478499,-0.755268701737712,1.30675810787398,3.24295944426745,-1.27517187517671,-1.3036626314008,-1.46195786114943,-1.8742151309712,1.22093857141052,1.68825664080962,-0.658219396907822,-1.47596960582781,-1.2574186928792,0.961459349928642,-3.88054980214537,-0.0353655459835684,-2.13169818883152,-3.52756028148756,-0.501339842249864,-0.60557388284695,-3.83674380123553,-0.370952078230522,-0.0663957631827699,-0.471867133578014,-3.52386912937129,1.10880547168893,-4.27983117125601,-2.69827276531994,-3.44666483059833,2.22926357168239,-3.73400710106633,-2.49827151198698,0.0825301940081069,0.774565103322028,-3.6113246313958,1.703699292114,-1.85128710629619,0.0441324569044721,-3.0965967082484,-3.52920702457438,2.39999003949572,-2.44246882985257,-1.24951134219217,-0.802030587961504,-2.48768387916088,0.790634805082413,-2.43855313528996,-0.943927813036771,-1.8510833100173,-1.7535611491506,2.37947836063367,0.729207759074628,-0.0810710737366352,-2.02437851822034,-2.37650543748547,0.335036560804894,-1.47389500885381,-3.95743469543725,-6.51002779488243,-0.821388513428999,2.81239614261794,-0.235718837684121,-1.06917342993881,0.90562416385026,-0.57521548625231,1.50199786683752,-2.70914706343894,-1.60676030050366,-3.4742469851205,-1.68268077703804,-0.985256972020643,2.07192282849534,-2.95198298772541,1.11620226378816,-2.65570159931673,-0.919893850769979,-1.82977645116633,-1.06800603613681,-2.18693849481958,-1.01680981938956,-1.16783570733063,-1.87532265954596,-4.05949861879225,-5.20616618635765,0.502063786444166,-0.60581894914662,1.08420623190306,-2.61787167286375,-1.78283381726532,-1.62140950274472,-3.12136903150409,-4.51964152101048,-3.07695658958261,-4.35577627621189,-2.78992553854309,0.155210294556836,-2.63923301698311,-1.67204635292044,-0.652765228683513,0.104437288212711,-3.12664479247676,-0.0145088480376933,-1.94987140365162,-0.526007903432565,-2.3479069351943,-3.19773781911254,-4.23147399850907,1.10003213344253,-0.841304259445624,1.46091057620043,0.168694202563527,-0.565324633770659,2.81818275856843,-3.01895420151808,-3.90842813542189,-0.654284634238965,2.16490785421695,-6.52594022758859,1.64525298445318,-1.74715950380202,-2.46803038111478,-2.43257374419636,0.555458079675184,-1.21410512270997,-2.08014258756382,-2.34707385582261,-1.04420997809247,0.377378485221297,-0.0209568002909996,-0.317706728542363,-3.11687267807098,-4.61362245646763,4.83937196662701,2.51406311288946,-1.06468322667715,-0.853649394242103,-2.05532238372649,-0.39602534983432,-1.22015098741109,0.181603059404149,-4.53734046329576,-1.57083317218615,-0.969539132082337,0.422743671939317,0.0502636553460276,-2.28207646394973,0.00357538197025598,0.740328895250476,0.659210869560846,-1.38303830874924,0.822956404964892,-3.73011345421016,-1.33043536809674,-3.33271864016275,-0.497619494687768,-0.420899094852065,-0.0675890620386778,-2.30889198633938,-5.60825937600732,-0.536494668879919,-2.31169242112103,-1.0211982512085,-1.83394038221838,-2.16603899977823,-3.32824853506578,-0.935304042113634,-5.24125893644455,-0.0885450553389561,0.650634666192978,-3.14209429919654,-2.00380371726873,-2.47090784523626,-5.24866089151632,-1.77754955866615,1.4196395039549,0.295726329080266,-1.5155241093377,-1.24396232141497,1.10677683638499,0.726142228116121,-2.22983404696347,-5.69549873628464,-1.32784908056241,1.03498428197129,-0.494322465194583,0.931518110790262,-5.49472512946445,-1.36484801229193,-3.34127755386998,-1.67061779958236,0.41486916349812,-1.91921004175963,-0.433704751910898,0.0584380472226749,-0.622808134506825,-1.30123896977229,-0.0698006784705889,-3.50013828429666,1.05247365724236,0.321203336552304,0.349267427012276,2.81694235773464,-1.66950942096146,-2.35181017603727,-1.58298921506943,-3.25491289217878,-0.937338769217763,-1.14777929904789,-1.10701184550759,-3.34254804160608,0.30561858319995,3.03449401741249,5.25064835162906,-3.56973072500222,-2.29968453907271,0.761952887150233,-1.97932906083745,-1.10735118123336,-3.25257183370796,-0.202834234846163,1.92051950458028,1.00109349441465,-0.643871125618691,0.298860571663098,-2.1441205358554,-0.580432340395131,-2.18322282825683,-1.30485959454756,-1.40168481118412,0.626345714400909,0.216963397243095,0.0298401950227356,-2.42742959807475,-1.30037935320646,-2.83996491490372,-2.92308663278647,-3.3089108481055,1.57271197221579,-3.73189736343289,-0.965904241431067,-3.41030325890996,-2.25535573650712,-5.93375176030235,-0.878241187949455,-1.17284503794335,-1.35444911173358,1.99157877340726,-0.790000295083902,1.93564416105339,-1.72511648428266,-3.5849494944676,-0.303755827746741,-2.51879663803914,-1.77393250034334,1.01707624571187,-2.60436073275492,-1.87916447053769,-2.96016560331577,2.54722648150273,1.31264197656073,0.972627196395822,-1.30911189192057,-0.934340402582207,-4.17194983255003,1.16510510177396,-2.82485754303303,1.83143040145457,-4.78698118791167,-2.33848684827463,-2.42593709342587,-2.58458736366547,2.20581949945783,-1.56330388220985,-2.74606749158189,-2.12856294901421,-1.1402773896493,-1.83466130169684,-0.216695425825179,-3.75269525530587,-0.220995634840453,-0.169076835186928,-0.596309990998463,-4.05806599655197,-0.206496878195575,0.841859888675647,-0.111288759602827,-0.192929696113294,0.478835625384278,-1.33552344974125,-2.1312514864303,-3.70265966090031,-2.36037004212825,-0.731498354823033,-1.97844064848213,-2.38694731879375,-4.58829626154667,-1.81539710753686,-1.4499887397996,0.460848503578303,2.41673023786477,3.90815799023589,-0.056645932116821,-2.17661916225636,-2.77950768024498,-3.20149229059021,-3.14044968529956,-4.58829241699519,-4.64579015546527,-2.17893534166992,-1.48904680327905,-3.01583170332943,1.5463346912124,-0.603428446682975,4.51051651595848,-2.282047662764,1.29565169911491,-5.49863006531818,0.769702133953659,1.30350857499185,-0.813675493236342,-2.74075997003434,0.710671451983462,-2.65010821834174,2.00934949587768,-2.6353012734608,-1.0544001379594,3.50414266029605,-2.50982259193973,-1.15801513435113,-1.41415783107962,1.79648789408971,-3.04125076396435,-2.3478963311922,-1.64084400839053,-4.39458438706871,-2.69633791887466,-2.17496021299498,1.97903076472945,-0.898999197063173,-0.271074738388814,-0.382277652060584,-0.531811365124472,-0.586070406704801,0.0675627123422891,0.741632815569409,1.68555753318935,-1.68927382383843,1.12299824017642,-3.94424991723125,-2.5082672355906,-1.57546499085121,-2.30736941898091,-1.26426665182451,-2.51421361528746,-2.00661280114997,-1.63885182417679,0.412990657300774,-1.86945860116009,-1.82389686378797,2.11438153305893,-0.0104678759483436,-0.199890696876463,-0.703266745114597,-2.9579153892649,2.24572469997583,0.611414900654614,-1.52832236353516,-3.87389986035359,-2.65525323986123,0.208903662652357,-2.43522767808763,-1.13580902182783,-1.48269172484029,1.28400495028028,-2.57858759140381
"25",4.22937419327505,1.21621148836567,2.26967794442187,5.6686109236532,2.67900848649254,2.86147228599411,2.06349070710779,0.608620504804908,5.85589470682844,2.51227768381019,2.46555367824664,2.68975310201887,1.71023413484302,3.61766336271885,1.1248801093547,1.81211346887575,1.78364213786052,3.51766228315833,3.63421004287822,-0.920160391491324,3.92356850318457,1.62359613676181,6.25477319003616,2.98138641733248,1.6519489053773,0.470395257340061,3.50261029357361,0.893383424049814,7.21894778296743,-0.235652434847584,1.18246626807476,3.17662561431247,3.62684254584161,5.55839761241355,0.556837434164296,-0.398803517095256,6.30312331270792,2.80945440367692,2.29566138163122,2.52064022792032,4.60172755442731,4.08872595255746,4.94576419092486,6.65782405864036,5.07339428517773,2.91822552921642,0.841850404259259,5.51955128692516,1.61436514402088,4.70268203989725,2.04216455896816,5.49861537942798,0.0262978538760077,2.52507137722336,3.18740443874737,3.89281634951547,1.73837809673589,6.29507894493464,3.08859269996795,3.44025899175009,5.45777203530832,3.59487601650285,2.61025207838864,2.77105838026716,3.92636097471562,2.56110290447701,0.389452239308118,3.23087389589081,-2.50969909370094,3.74963773837587,5.18874547892219,1.16011283349199,0.152112615698983,1.43877354147816,3.977955649864,4.93361785875295,7.18391180926282,3.72834586277926,5.00645235580471,2.04791279462343,8.37166004945706,5.32431223361195,4.60679411932163,0.706794904391968,2.54877659341564,2.19184617401971,3.8601983265764,2.22292487473247,8.6602937142111,5.17910130614463,1.9220738850342,7.26802088591501,-0.374392185573703,7.72763820256927,4.65961977202588,1.89790659016737,3.30697566464046,2.23137971896957,4.4618440189464,2.63963928735194,1.97272670356593,4.19767457933602,7.53382715465748,3.35954626153054,-0.892391938395804,3.78330624820926,2.59112840124718,0.462785840600358,5.35091507932583,0.381128800501985,4.64530561684244,5.25988748606087,1.24068904171449,2.08596784830296,4.1993927446448,2.60608967372002,3.22422957034164,-0.269006206805739,3.3908251193656,4.19646503419353,6.51412502116064,5.57942025298328,2.70087862929293,1.97397695065233,3.15609770635745,3.26465763252973,1.36632177181291,3.00283190906206,3.87639821809546,2.2908754213582,-1.16379594633571,1.17812275947178,5.14832511930847,3.38457597211773,1.91008143384393,1.28029478023378,5.59059788532953,0.314245704820433,0.400125022848115,1.64288165329003,2.90667851340742,3.91216532403362,3.01406515312425,6.1364507489935,-0.199040299806287,1.25042343373639,0.326503616301115,5.47956870286313,3.2889759207759,7.11576159525117,3.58934846806929,2.01468183245293,1.59676484255744,4.91461703820745,4.79130365432075,3.24330367192454,1.71915692590825,1.9001437414146,0.377147863215303,3.93491273434669,2.95188215900989,3.04590764692769,1.73602518604679,1.72567517604883,3.15907134126349,5.23331294247224,0.290100900541369,5.20160382074263,1.9691459868919,2.7980169480758,1.24964831517193,-0.163579252254173,1.4070282905505,1.59463161690159,4.23021924752028,8.44673392127681,7.52582802074341,2.43414794638725,4.03399337044476,-0.26196746381407,4.55678736783481,0.635775965621372,4.09007987005023,5.58252067737964,2.93130782690311,4.21055892700381,1.87327609847711,3.550053158364,1.80599939843858,4.92487482012916,0.419267480915998,6.93704785576183,3.00748866933437,-0.378855288508397,6.88980045716286,5.72043767289758,4.87066006750689,3.91169080526962,0.995937626227298,4.84266669675829,3.4985187401751,3.0125358635921,2.37440141898831,1.96972018184126,3.43733228078741,2.90991447149657,5.38625694839711,0.828872438869183,-2.43774105322726,4.2221970447449,2.21219349478267,3.56624966694559,1.93916141712459,3.5829739885066,1.07835544744349,5.10731186577759,2.93718952781685,2.6943820077651,2.05256788120618,6.58779890836812,2.76590306346512,1.98229344302543,1.64152021730736,5.07361687792953,8.55908684739794,0.84053763660047,1.69861545833319,0.755395001840944,-0.735032005028771,4.86510852375456,-3.19918787185736,4.93244228681911,4.13312261195592,2.12263279760047,4.18927455455883,4.78809961190727,5.81555578804885,-1.42760414651483,3.94985404306227,2.82248422889557,2.48476451859866,3.17416939817711,1.00453562450103,5.50667413248022,6.32108612545604,2.30625736348438,2.86102586640436,1.64424376477848,3.05521660659415,7.6218137414157,1.55997363346186,1.74512571890384,2.34352643679502,2.29677253169489,2.22899058665652,1.89788807261799,0.971959087869805,4.05662901104222,0.695637944001013,3.2870636676217,1.78959673441122,7.51894276847475,4.35097574534639,5.03196040739809,0.720716762672299,5.20040119399488,4.28620526566275,3.48495087026202,2.70121053748179,3.32613801744541,3.40220480110148,1.99189849710307,3.1443473630209,1.34296101970592,4.7638699153142,7.66119043063303,2.89376472894649,4.46136677843773,3.45462382991459,1.56666857702365,4.32089510029931,2.70182592930011,5.43957001791367,4.55201668513555,3.84391997618403,3.99174880195028,0.744200583674027,5.78439251931666,1.65521326297914,0.946685348354699,4.54170477820304,0.0444396236117983,1.92998075933071,1.90559454543067,4.528563729601,2.71559165040728,-1.5915779387933,5.60096278044321,6.43998940012635,4.68745765105126,3.07411692628215,2.77929779875766,2.12982717665125,5.16090875928482,4.94515250316511,1.18919200579885,5.04011196158369,0.856930003221184,2.94749812164119,1.53508368613259,6.64416885257502,7.55813936769641,4.56749995544086,3.09900741892294,2.50666357336909,2.99203104329419,3.99604180918808,2.64765910356608,1.04848877692051,-0.655797958002737,2.08834842409387,3.78492421206674,3.94938368128212,4.71042038146498,0.936796083741425,2.61732130104889,-0.154713682415035,4.4348344498758,-0.10163138022915,4.54575760288011,2.84791387152862,4.71711607903207,4.33042773964006,4.48831518620001,4.56800482384222,1.47998298248165,3.35745758175514,2.00133520010046,2.432799443149,2.94977652550448,2.71160383471434,0.587617615594106,3.87394927103005,1.57178589281882,-0.141604603126969,6.96598214293959,0.994459659237684,0.0191422645809141,0.396653848015832,6.00726394283272,4.58155146669347,7.7036042131159,5.83653322996969,4.75300193555101,6.22131223523798,5.73583020037473,4.09498291585634,4.49069375490097,2.62042228321625,2.1625884551665,3.75523417902102,4.57874999064582,0.783538118474243,2.98091950863997,-3.48706501966239,-0.817814251954732,-0.664111490334867,-1.57258145129019,0.278205366743073,0.327285894438211,-1.75705968004685,-2.25304376956584,1.4053604534063,-1.31982029425149,-0.894225919531539,0.824586398021007,-3.98020269461286,-1.01751431038138,1.65603600926176,-0.98341759767733,-5.10103907301996,-2.60844533887648,-1.44039360918346,-1.14786954646727,0.656177089149662,0.36221453533929,-1.647208308198,-0.974040556101331,-1.9662254271015,-1.49199251422609,0.653055894184555,-1.1640636930942,0.578072414797128,-1.1678750151558,-1.6897782039282,1.21596430590395,-1.60504448263619,1.31336320709891,-1.02694524578961,-2.62802743729407,-0.0490159504327446,-1.50997131083994,-0.578512675890911,-3.96013011873429,0.862499287516068,-0.877534080109713,-2.51573561972059,-2.84658515491777,-1.91735137989646,-1.79908441374494,-0.161190915439057,-3.09778367975583,-1.96555420495871,0.512035276216669,-2.14075193947929,-5.73341085232549,3.09251148291194,-3.34809534625575,0.211958048843263,-1.28640635484128,-2.18101668199055,0.709907076308347,-2.63237990108594,1.78118087439038,0.377665884666833,-2.54355094648036,-3.69076492879244,0.730098806606029,-1.48603133919167,1.64892148326981,0.0996616970518938,-0.123016935081485,0.805875972591789,-4.08848995350573,-2.01603640072386,-1.13678778153259,-0.867412124214565,-0.0397159138412193,0.814632267844525,-0.706253865447246,-0.617862864064542,0.282403966710073,-0.735281026622202,0.450346718201436,-0.590036827136822,2.33119047762475,1.03250258676485,-2.30717426068319,-0.628581828507818,0.435697948669961,-1.94104227093858,-2.0226706601893,1.13832344943972,-3.37211791960248,-5.92217353075149,-0.215141426727491,-2.3969458201871,-1.21263856102117,-2.17326014867869,-4.68470703219518,-1.84670594721267,-1.55648894075587,0.561146402413796,-1.43136429029267,-1.11769443897639,-2.50228964813696,-2.01169531766575,0.134978413043986,0.0340726603039416,2.11888353530733,1.96007064901885,-2.60085505877144,-1.81637216383124,-0.942067432657776,-2.4474291889308,-1.46404713269276,-0.835958984419543,-2.99972657749389,-3.12150111634023,0.498226253183759,1.81079644133504,-3.18686992839129,-0.900742156891054,-2.45816470461939,-1.27271366215213,2.08019884670547,3.21376142204651,-4.71113655618023,-1.94459167916572,6.26367761630568,-1.13216039699245,-1.59115403986218,-2.3122474513744,0.340610749466129,-4.13929624372594,-2.02215462877561,1.26093306045607,1.36593044298163,-1.81514905254801,3.03583261471168,-4.30464752388973,-4.00205044104327,-1.62926900083074,-1.67463703938367,-3.72391948797641,-2.18954156196879,-0.576379776660875,-3.1667122322428,1.17009016107284,-1.09322857302426,-0.529549719211643,0.697839399908642,-2.43788009342715,2.7213591916565,-4.08668107879796,-0.723085969574712,-0.191203837657109,-3.21839825010003,-1.9579945806995,0.186008577392455,-2.35717801930751,0.543582316149704,-4.86104684287402,0.201579886565698,0.180377488543285,2.59250668084065,-1.79940286455855,-4.39393755839228,1.14774122640386,0.430292857350684,-1.99082674650752,-1.9636125703878,-1.80802408307311,-1.6619894133972,-0.00402506489734966,0.610944983079139,-5.46853992235205,-3.08320040992555,-0.651615910136925,-1.65794655030813,0.214005749025062,-1.35977163026996,-3.66664692620644,-3.01990264642246,-1.26733385153782,1.69862313950922,-0.430408870316355,-0.195375513686549,-0.264672739459774,-1.2158126715427,-2.08665262531704,1.64712670465482,-0.20384528164119,0.597327838540818,-0.512223921854742,-2.38599411618788,0.15098063786056,1.23914740505928,-2.53131297782089,1.4769677216282,-3.16048721137741,2.36801100115871,-2.57422827891278,-1.93038927554255,1.12205653710843,-2.23472592449006,-3.76721941524681,2.26989291074569,-2.79663801234413,-2.28853576852507,0.270302453139369,0.860102194903314,0.555496319671125,-2.89812821022556,4.20153629688742,-0.954157143264097,0.24898951424661,-3.9155191248143,0.682863141201817,-2.5736533828667,-1.11622016583391,-0.178469074328206,-1.4291142806837,-1.32457519041546,-2.58833737518323,-1.14595249813599,4.00516748925021,-2.2617646991202,0.865013577294306,3.07149361553771,-1.56287013429725,0.104138618157949,-3.37620164695847,-0.591492872390328,-1.73074054225236,0.127181471706723,0.0674515346593585,0.46920768547311,-0.396946889353022,-2.70989226055514,0.807554366766229,2.06473721605493,1.82940279394731,1.39842289839078,-1.17949581285307,0.263147903137943,0.301307317754382,-2.34206106324541,-4.38810697573193,-0.402392843257193,1.60668709472663,0.734610816721748,-0.162934342245654,-0.494626574833582,-1.2291509903023,1.33890809355986,0.304086090966067,1.16074738173701,0.323387954982681,-1.25072121981148,-2.68448212379081,-2.78237362549321,-3.59137053342198,1.80659353395344,-1.65555841954245,-2.5818103009833,3.20391019007018,-2.44400982351688,-1.1592140601187,0.584236642698618,-0.297330881300914,-0.0912816986070316,-1.41479437838789,0.338689630794772,-2.00051346758293,3.34314053800979,-2.85012473326662,0.457981321470257,-4.5493039192756,-1.99724301226562,0.351259567784346,-1.80125232790249,-4.7511829648658,3.14195362000061,-0.962153946523159,-1.42768881338045,-3.01177816956195,-0.833504810042214,1.70295633763798,-5.74381657317183,-3.39088935676305,0.717147329474369,-4.41476312222128,-2.77033912297909,-0.0257976174351252,-2.78527558924583,-1.18057579176476,-3.03004163997239,-3.52309121970736,-2.85346947374699,-2.4399466999047,-2.51320946618431,-0.560397074978394,-0.862435990723713,-0.192004569324258,-0.572937564468594,-2.84768587480931,0.12436251252375,-4.13723605115038,1.1965218129079,-0.917590261749929,-4.17350989325983,0.447673259239206,-2.92684668100651,-1.36979784164195,-1.87720240026575,1.52002348369263,-3.11560611739256,-2.2673791471841,0.539621899890907,-0.950681261318389,1.21056520426348,-1.74378753369384,-0.54330695011991,2.90569073694166,-1.17127297738756,-4.5947081765148,-2.47656085810848,1.50803924461868,-1.1854634912055,-1.1848186461595,-2.61527428127604,0.358250293181464,-1.25944838528406,-3.73739265864233,-3.52906521971891,-4.07245544582769,-2.69285146868852,-0.556755821086653,0.35889795738768,-1.45299240542973,-3.43621673340843,2.06156765718135,-0.00424794903381498,0.357335041593701,-2.33080581526373,1.23259152494889,-1.33062533955555,-0.0405094812865249,0.339293460935367,-3.76577624426609,0.323580597242733,1.8282995573691,-0.992983191002543,-4.48242663559303,0.0263822227800814,-0.936625528640334,0.455272593596196,-1.71670442099731,-3.90404794043739
"26",0.794341592000888,0.50477860351962,1.35322110023659,2.79200266389061,4.68858971193976,5.14766085636391,5.7388845953356,2.13232951572269,2.92319939730973,3.96830003666757,4.36181017774626,1.94337321220096,2.12426404778777,-0.56819593086452,0.163332036374146,-1.03114986601726,4.84218273176324,4.16605788427508,5.26683777343818,3.82889878963821,6.70083952627842,10.1195745815071,4.08282283243961,5.23702531035149,4.60928570922902,3.82559856145129,7.44812504133369,-0.513150706355425,3.52903541635593,1.47432528506205,3.46294623018244,1.279871931335,1.22807876964067,5.90933134933693,2.74559928699882,4.61925576037851,3.40252120995056,8.52211633478852,3.03749963131403,8.3900408895225,6.27021928373718,1.11791323621735,2.43931247468906,2.00677385872005,4.28770459073705,3.34536147254942,5.52216517271575,1.92630148046287,-1.99317010582137,1.09290886019633,1.92080436657509,3.56109734518539,6.59438441459886,6.57896992145714,-0.0132674809252968,5.51911982730383,4.35020870320135,5.80951827093872,2.68708023211815,3.07387086037403,1.30764551199802,4.54917820317812,2.32928284212623,3.10745723397019,3.41972225433761,5.86236059486161,1.99288643715321,0.628777934683248,3.86290847436292,2.99927869902656,0.393079217560649,7.01970788212971,1.74892592247818,2.51723995458917,1.84313086511954,2.94231259071448,-1.81707985640031,4.63503317132039,3.55949721470677,3.76304768991003,1.32549662072602,1.03562074324371,1.25363290464543,4.98313661929884,7.08933677167466,4.93107633263082,3.09086839238943,3.3190300062733,2.77915332085392,4.15196341357412,1.86552149781959,3.508128522904,3.13248273165794,1.85658511082517,1.96709029072598,6.27340000794155,4.49736317800548,7.83696244497546,6.13480089731336,3.72248618360108,2.70302269426664,2.99362553253966,6.28055788000092,0.621785566899906,0.262608634865433,0.469067241184754,3.12057143919919,3.83153869891921,2.55461177467873,8.00316022194404,2.19971236190612,-0.0836803321868684,3.98464367164742,1.5818598468133,3.88307571657634,0.768914903359152,0.925130586960684,4.89042437012716,2.75662143149727,5.38716711510854,1.42857152191842,2.97406177488819,3.48806886644011,-1.23954747774856,4.64712761778065,3.56180241983343,3.10023491294451,3.47595636577985,1.59940528129492,3.59139437226809,3.60973750544009,4.84505480524472,2.44894796702914,3.94410331861724,5.05433853381213,3.7116625717854,3.92663454294381,2.48741362314085,2.1514379081654,0.248423373497533,4.10972838594467,3.33973510516731,2.63144509903268,2.62817699040804,3.83775667741643,4.5736862389096,5.04981130778113,3.09301321673942,4.31626149006615,4.48108692355594,7.22495435867948,5.50218307491078,6.22712864956721,3.34848485681013,1.40640042578247,5.88888303552647,2.05588029857947,2.89487548671284,3.48087497266712,5.20231504547499,3.25847024249771,4.17557943594602,3.2703955380903,-1.38394050507858,0.405047804553562,4.03657957734624,5.14383330869204,3.19116171926037,8.56178774213514,0.280772551485305,4.3374684342061,1.03970655492807,4.88528490396353,4.39007122142948,1.68024117060922,3.53491110545416,0.638294859735341,4.89702677695914,7.8231762374703,4.23610515899381,3.03503508382659,7.17466525044816,-1.10697459716109,3.98689394152974,0.845920191365863,1.22787983253517,0.891644573460192,2.2425919064499,1.95986949307964,2.66048029638167,0.884278665220418,4.20971981447489,-1.60425420345517,4.43181748294198,3.76060653022213,4.48752317566281,3.43124741139352,2.56816520465449,6.92536074519354,3.00494113989457,4.14679280051309,5.81382372031463,0.489645140452028,1.30743067264687,2.5423932593813,2.28068914472336,3.74032805224225,7.56942020943679,-0.18292529608135,2.58813771618217,4.60480087594212,2.5739220333356,3.41975032457741,2.74939059263627,4.56803938047748,-0.795447262729794,2.99976126459685,5.35406258642093,0.0808720543941437,4.24446053489208,3.94457028224192,4.18493802413462,-3.58714003814724,1.07791235664206,5.22543790507759,5.35893058982984,2.35734945600224,2.61515359929481,-1.04316358087608,4.74744982395969,3.73804302941793,3.12272955823741,7.26928542083934,1.95586021468923,5.31031895169642,2.27921781347454,4.31454745653071,2.24474916899552,-0.377197901298099,3.36004980081636,5.23381180204388,3.14072518579644,3.71205649945523,4.63337285541745,2.60058542897713,2.83805806338969,1.36917281313483,8.55658801169378,2.82588765722957,-0.36118689959839,4.5490113427936,2.05594786254825,6.24374166275116,3.75527367208768,4.285626174506,4.10245089204409,4.99606202561835,5.27769597687617,1.02462869749069,5.58638379265001,2.70561379713287,3.26764928934049,-1.06465391937675,3.20374701040769,2.38834681493238,4.3292417281462,-2.167110525843,0.0556336372770179,4.84244835086421,-2.75232347483946,0.751865910862115,-0.452200599733866,3.31320146332634,-1.56894724370755,-1.63401542450107,2.69631573061303,4.4973943277388,-6.36893678900991,-2.23500980391104,-0.353404484211517,1.31196634663899,-3.41073289751733,-0.0590219382049672,-0.994790365257201,-4.21581003718892,2.96103017497991,-0.26171640247548,0.653960500515971,-1.35047720367893,-0.611542617921837,0.378405068021253,-1.73881095274245,0.42686635801797,-2.87925007154102,-1.54726270743496,-1.22565797710301,-1.22642508819263,-3.56568999098864,-1.1573890936052,-3.3094040638813,-2.19915192687316,2.33149025842622,2.06060679699738,0.227475784866755,-2.82885720127166,-2.79081246313703,-7.33437380868024,1.03053948694214,-0.278640761059524,0.0633585701418236,-2.74446418944374,0.489180468368506,-1.99331094854859,1.29759879244489,-2.79095996074185,0.0228274607889694,-0.578548909693836,1.06828179744316,-1.86807937498597,-2.89735990181797,-2.39578826286751,-0.262853332138593,4.62663934663012,-2.19717096565452,-3.69792130409331,-1.95027045364662,2.29889891836736,-0.647177791472699,-0.259433168808346,-1.22260009535444,1.90869753415054,0.237422625755253,-0.183466896865663,-2.46139795143377,1.87820205414468,-1.93561480402581,-2.19523120486069,-1.20252423919129,0.86799005963843,1.84244353250528,-4.19840132478557,0.647203285212368,-1.81713375115248,-3.01845288079288,-2.55438896038199,-0.386739424115299,0.364779797522855,-0.817972396484938,-1.04916429988996,-1.20913185002447,-2.53824855820956,0.77728250092952,-0.179985994968435,-0.128708705557294,-1.01976195758995,-2.59313733721291,2.48184997576244,-4.17451756124018,-3.70384357412626,-1.71318524041615,-0.242040700154456,2.42931896244298,-3.18850384761888,-3.07829636142834,0.150191951589774,2.70631597646377,0.872354606238365,-1.69129719589519,-2.48809600046399,0.537278456759324,-0.847739016676421,2.94394543178981,0.982739083980826,1.72052140018063,1.04682077622295,0.359724497855573,-5.73591388542848,-2.16753550943977,-1.80479500776323,-3.38898149981901,2.78300385046451,-0.288759804418175,0.449848573828632,4.07826131146754,-2.60870660382554,-0.157308689948906,-2.12716932907929,-3.82275578375979,0.129107450332211,2.23210479873779,-1.94399242594193,-1.9279373337577,-2.31438256012776,-2.8470201554349,-2.02349887994128,-1.86109322219225,-3.10740324291629,1.59203827060614,0.607953797964363,2.69839071658608,-2.04203224288217,-1.47295416027654,0.924010171123281,-2.20442568773683,-1.32511395663337,-2.2242267749042,-3.51232102996685,-1.17129061188126,1.07384860985279,-3.73450369408722,-1.48388789518623,-1.27858613566088,-1.98155478320913,-1.1361137401723,-3.05199824035503,-2.30196685808216,-0.257134618489705,3.33639213252625,-0.684798772368538,3.93531092151249,-3.67778307561051,-0.517580709261307,0.865173519295138,-0.242126637283154,-2.39275665006353,-0.318476042963292,-1.76717985070379,-1.20010125139761,0.635766763576229,-1.81594819332186,-1.78605428543355,0.839895060307537,0.511062229471867,0.618219092683823,-4.71865078331177,-2.18297759359133,-2.38520920254291,-1.51159857264712,-3.17525645243268,-0.25489047251114,-0.222738862798496,-0.191733690658997,-1.81664408835068,-0.611426843031556,-3.80481343875902,-0.783531311386343,1.22800047071976,-0.0441532283487847,-3.12938639116956,-2.89439138468942,0.965516886333805,0.576739354224292,-5.94361009497424,-4.18048908460798,1.9590308391519,0.0557407457021466,-0.0442820901209693,-2.00603059619713,0.463521118290894,-1.48213075867277,0.487418492710138,-0.651348844536718,0.299122987467865,-3.69314589661311,-3.47628734700026,-0.778583438869398,2.40365866628786,1.30506200985376,-2.35272640934175,2.19195152210379,-5.23665050428979,-4.07179080382912,0.70719606099354,-0.32009172416032,-1.85047210664456,0.148974071980654,-2.82337772163187,-0.611119100396134,-3.46459733615697,3.99524988760254,1.13568032957631,-0.299518790625755,-4.25555684940713,1.82459656270975,-2.03074842440922,-0.30448826323063,1.7774903916671,-0.624756797917233,-2.06071856944291,1.03135190754811,0.52880591424873,-3.33064664172255,-0.245275867865535,0.293716479478815,5.17141393688686,-1.05219322864605,-0.21853377116603,1.68377653199761,-1.86392289083227,-0.742466895364455,-3.30514995931034,-1.15070873845676,-2.16276718736894,-0.508679624590953,-0.543184035863112,2.14473233788856,0.439546364864873,0.614950195499622,-0.237108087361466,-1.65995739314893,1.27169462830019,0.888618902189253,-2.06084166796178,-2.85110170465415,1.30076525864523,-1.12122957043388,1.40111653504863,-1.58818537641783,2.48810396513021,-0.995914421253991,-4.5669821957986,1.06407718312689,-0.126526043562287,2.08933230988891,0.506069812608043,1.84833999165256,-1.40283452300808,0.237592392511128,-2.39190045137156,-2.35224807233125,-5.37216825629935,3.22211558095068,-2.73933442819606,-4.73033107880842,-2.84573873724778,-2.66245057600334,2.40599847684041,-0.692205913142234,0.665426442581624,4.13777198820494,1.25759680506005,1.10980930304001,-2.39102952444628,-1.8425456613932,2.7603552094413,-2.53112927240015,-2.92465769482922,-3.68288930931542,-3.0101895927303,0.891376826262689,-0.906250525523429,1.61237132047574,-1.62174656051279,-0.365045227419395,3.12083792832789,-0.700604688111913,-0.692060764485969,-2.90312411813444,-2.21700729006471,1.86163995570903,-5.32708383872952,-2.50492545723834,0.226038175087245,-0.946136250372062,0.394280379687301,-2.63824010215202,-3.93692138508595,0.894596147742311,0.779211540311687,-3.4985947729696,-2.82289166372737,-0.592731002145545,0.00586294643992491,-3.93227537775964,-2.61906477000493,2.87276201942181,0.265568017539068,-7.29847425325941,1.3237132535804,-0.710411573124873,-0.301790763912953,-0.31973957120399,1.8824795828065,-1.1795304021377,-1.64645174553553,-3.72290511174714,1.20048170139582,-1.43517097297364,-0.178555866949084,-4.031647929439,-3.57719489291652,-1.37772178915041,0.960734698540497,-0.309789537472943,-1.26702348681678,-0.844446085667625,-2.78166341691657,-1.71802644405305,1.47312005032667,0.122970945813104,-3.01310136217612,0.941376509073838,-2.26377358688441,-4.34269522313509,-2.42085231316934,-1.06357015447786,-1.35684504346085,-2.43048882785775,0.206257718909254,-1.44731331131189,-2.1568141188731,-2.42668743768532,0.434815470588804,-2.24268787018987,0.667611824618432,1.10508467966406,-0.241742360877569,-3.05044073129567,1.25057827493924,-1.38549480346119,-0.0330114215040173,0.346937168448917,-3.97036241823834,-1.05377873602374,-2.36587236281703,0.130753146100045,-0.608729600891613,-3.70160989313976,-4.90465364308202,-1.62642068623729,0.575989454681984,-2.60641330174472,-2.95510255110839,-2.12916801424165,-0.989607043268618,-3.19215027457356,-3.63694004573513,-0.800124196343756,1.1179718119841,-1.289129120581,1.5646246453032,-2.03882205206422,-1.38662260696852,-0.841140145338306,-0.429854126609258,-0.697151171805607,-0.798399734819633,-3.40090767195917,-0.0566822303021929,1.93652694786044,-1.85680130394506,2.13374127777659,-0.0349050888889456,-0.704560512050296,1.97889404803907,-1.87194871775465,-0.102078109576857,-0.559310481490165,-3.57136276392084,1.15771439260623,-0.20921653994167,0.125309074404638,-0.7293777162492,0.917231670234019,-4.72751686762212,-2.14931211928975,-2.19217176308126,0.740417161058808,-1.55549638271353,-1.82365736364183,-4.88208685409751,-2.51556618689273,-2.41157231900675,1.190396014888,-1.06103073055119,-3.76968818616829,1.91208244988829,-1.81712986180145,-2.14109120433873,-2.48934055343454,1.57025016979543,-2.05489080902794,-0.325513855400233,-2.58551840687168,-3.55918344381608,-1.59940301451398,3.54795292932227,-0.873814820561506,-0.357552592841957,1.74856819231748,-2.36175935008298,-3.49547572478378,3.38392428596515,-1.6873654220712,-2.07571549711179,-2.21371130261798,-2.81605508975694,-1.70351717269279,1.88460006618397,-4.55502876165603,2.12625082178672,-2.17041728500711,-0.909193324618787,-3.62812444230975,-0.447884652151364,-0.839199115993587,-0.900378728758809,-0.00329476677420959,-3.96611954847633,1.33296519557365,-3.46380211135022,0.164935498255915,-1.26759688244875,0.0301373030858616,1.8555879464709,0.760517158881779,-0.682250324564295,-3.02600077154846,0.42216962551322,0.000316291556386572
"27",3.16784889642266,3.88955677181537,5.22165751494239,5.98851982743505,-0.606877068010803,-2.81606290476842,2.57260809728486,4.03867027410652,5.74089203805809,3.51412352061081,6.25419133427416,0.826348316283743,1.06326836038394,8.08441113252927,6.71616901622649,2.4954018045242,3.43091148026132,5.1419984539972,4.24555416612581,2.80450968070051,-0.0388147472334328,1.13449198145301,-1.1840505980518,1.98703349640611,3.63680356813529,1.41208178473217,4.67861475023191,0.0180809928847787,4.20255406087957,3.78089431701707,3.67130624222013,1.28250919997625,4.14013397705653,2.15848300982058,4.81434878691574,6.18747657788959,3.82913017117202,5.99676498178211,1.25754519724345,0.156437727689541,1.57933772088794,2.03556131086392,6.00510012306559,8.49660203082729,2.33157509074507,2.90904784572072,2.26393384166686,4.92092323794692,6.24809492984486,3.54239945627753,1.87413207056982,3.73784121532619,3.06165607681401,1.14207331298959,5.30803823215311,-1.36683002226709,3.68658626233291,2.82169129478633,1.86006478535282,5.21350514731821,-2.1841302759578,2.18148246680393,6.0545712467028,5.80160021913037,1.3893650680807,1.95947109902336,0.551784017623775,1.80971090909995,0.367486179879998,6.85215148559027,-1.07025329927723,5.93455258163054,6.47204702375616,8.87146850442847,4.15228192462344,2.61052204427706,7.49941405494452,4.76452130034283,2.43540756615006,6.68773406946928,4.06091288800696,3.84354138244683,4.45725538113045,4.56829457725352,4.46543747769103,1.69129757920982,5.19126111943727,2.62476281591971,6.05312310087629,4.62513620296025,5.03336414423268,3.54114451230102,3.66416920721218,3.50986512661929,3.4747631782413,1.69279894669077,4.57674498986919,3.24985009436052,5.20713246474091,0.845053301554751,3.34944448226846,4.93142568073929,2.44551080080205,1.65991548264857,4.66264327939295,-1.04886159551176,1.29332928530749,3.04199140211061,2.53147251761107,0.866761506115908,4.61514674521224,-1.54258279073766,2.73646451751181,-1.26307581879956,-0.646983924938618,-0.270148227850723,5.21750226161159,3.66846767105245,1.40177493884797,-1.26402159231498,-0.136146681000508,0.394355832936613,3.79357499460952,3.1149804079733,-0.107133868957855,3.26929083192159,2.74939722003078,5.16556222958964,1.06126387506682,1.38799147944687,5.46807394573149,3.04158891915152,5.22473101249673,1.78149140471853,-0.735055845485111,2.06694308374048,3.67478400846786,3.59783755566964,1.08652310351745,-0.149335056392548,4.25516673618711,1.25612904873933,4.28423776513725,0.247943220678376,4.58830824424744,2.91002204140052,3.49401068195772,0.168388107998649,2.82285334175615,2.69081364265694,1.92321321966341,0.807725336154997,3.46696514637082,1.94014697574514,3.3603307494271,4.65016474429801,-0.237792093129859,6.01994977169221,0.265245954257802,3.766990005584,2.01375580197874,4.89518314642013,1.87863912300248,-0.303383376150551,2.11769061222585,2.14007950747827,6.90368611527151,2.21538385480512,2.83513819899066,1.42838633216418,2.87878635124261,1.96128599194856,2.55433839941509,4.46894115948392,4.68103068343185,2.61956827842708,1.56776034233613,1.69411096421187,4.79377255071542,6.7003842164782,3.65318365721,3.04403085291555,1.78715243524843,4.5558126640683,5.13601933485147,4.74656090297472,8.0028407944659,2.15230499142007,-0.963169868448008,4.12465937075215,1.04974189038278,3.57606456350102,-0.667592388985529,4.9890301884104,2.65113362754819,2.73791416653498,1.5360986723217,0.678479607952946,1.10328219248896,1.75041105600117,2.45027169276519,0.779974800143579,0.317638043739494,0.610771707080621,-0.472439707069191,4.80792851019345,7.26160980675573,5.29753661339892,5.50849995243593,2.45631609801666,3.96225708116711,-0.0209465454504456,2.18485695627642,5.15359111813919,0.0749588610612268,3.80901664543263,2.3418952576656,0.616168466716831,4.25912904125779,-1.00280685166809,-0.361315297524441,-0.441721597173284,-1.00966220666069,3.95844321814161,2.0655539196082,4.37658676870187,0.971918820612386,4.31984045389499,4.82807309840507,6.28730523347518,0.321951586061255,3.75070925715968,3.53077028025616,7.4588704005257,3.46312676485123,3.41846951223277,1.90652253132218,0.673169185293041,2.05903062482824,-0.875200024122411,2.20741117177483,1.94307225011979,2.50187699354399,4.45767662975292,3.18916233254919,4.07712170057082,6.46578761902008,1.89243828203281,2.06558442980147,0.650183916344466,5.27642144318074,6.23054441372198,2.86866090484462,2.3876257518883,1.98829130027647,5.51960707024538,3.87899782615236,2.71738152203831,3.19122545778693,2.88794637666712,2.31680861617903,4.42736594258009,3.21706299824859,2.57009968851104,5.31189458501528,0.00178851514435951,0.642845752064519,1.57105195520957,2.10720942368597,2.6426647385219,4.38839632300738,3.59147904145229,3.30126611067339,3.88252236171936,3.00910423750359,5.66066210890305,1.41183334573189,-0.242602601454422,-1.89730432759295,2.02193230567955,3.55474309826802,2.37886578613275,0.960692735925071,4.89515703056909,5.2135344256453,3.58881519124592,5.42056780569181,2.07227444363105,6.1629266484922,2.43801636995892,4.97534665773497,2.03132434304958,3.59056204978733,4.2303718354788,5.18885737618424,1.61773992050213,0.121265881597638,3.202274160545,1.38246246385454,5.78276683852688,1.69425113185334,3.11783725851645,2.60824222692698,4.58253578019714,-0.0532366855180788,4.4481481617168,1.22766317274616,0.681157946444121,6.57191313232152,4.44006895284314,3.65277784660757,3.85865198337615,5.46264030461226,1.69443679838383,5.73028763938768,1.22165836457555,3.47974291677884,0.694931226473095,3.1505462796656,-0.330431977594496,1.7495811124927,4.17790747897256,1.53696575234469,-1.86125122411518,-0.0538261300421858,3.88372703046446,3.81696500812016,5.10490356585469,6.21940364169984,-1.07439432197463,0.2542901327372,1.60565294466464,3.28074208665243,2.64460263728869,5.88590664260975,2.99633519759864,6.02162305441282,5.36767698524414,5.08043903152952,3.0507160699304,1.80672183743826,3.53644296638059,1.96753360456622,7.13143772332848,8.43873022085365,2.5443454029598,2.03933925692668,4.26955456293386,4.19821481927466,3.20566106110426,1.37982060693344,1.74491860089171,-1.08549587237507,-3.36665556763079,0.594364392883426,-3.17808204693372,0.494649273681486,-0.310998538369723,4.66176523826325,0.00214111401810824,-4.89701460358711,-3.02597652420374,0.14493372428402,-0.520060814607086,0.915769454709967,2.28974993641252,-1.44823242449078,-1.65389253680249,2.10821998587845,-2.63074963829163,0.675202027184083,0.0808004689404231,-1.19204325927316,-4.22873556431249,-1.64493434571394,-1.65706780733627,-1.05531138045652,2.86907553798132,-0.554620448974869,-1.24723637267781,-0.932978382203249,2.23617496614313,0.337723447967183,-0.888839503165598,-2.30172814027524,2.39998350195293,-3.76002580322772,-3.95397223170612,-3.73724937711902,0.441044538431344,1.13335673825097,-0.761219736691764,-2.18319677643734,-1.47338529723907,-2.39698446893319,-1.2023078185404,-2.08470348069687,-1.27475316495516,-0.342093590895053,-3.17402685128851,-2.44259759712035,-1.2654438964863,0.131281331167557,1.96493944299012,0.684030542347627,-0.968590047815167,-2.04315480651897,1.0150587446254,-4.31167213050084,0.507396902606507,0.276717548333889,0.553368390357732,-0.0853160747591374,0.796983394637629,-1.45218976760529,-1.86771862897588,-3.92366788687139,-0.482028407934812,-1.96325620505477,-3.05056145831641,-3.33854312250588,-0.367730359240143,-1.30179900702175,2.3495591736064,-0.967008253485609,-1.06669884695624,-0.202013072904254,-2.38546939011476,-0.355545830974837,-0.120636202412963,0.239104043315322,-2.57557975191097,-1.62677914466782,0.534228054920511,-2.25223571119916,1.29610152403586,1.52571087625937,-2.50843001306107,1.52279601621115,-3.91813414067347,-4.28590130228265,-2.67954950544497,-1.18243895367755,-3.78399831411106,4.14116308048297,-2.27993285225024,-1.90276642253944,-1.99447157671808,-0.299478364731981,-3.12576364515723,-1.78628718131027,-0.111845178317721,-1.54724888507285,-1.02525183852756,-1.38687417618916,0.419917009129853,0.91184632436374,2.04901886352355,0.647108007144148,-1.74480717175499,-0.196559527277286,-3.25124721377697,-3.22239230342797,-3.57378181924096,-2.15266155255452,-1.9687551813576,1.10504070505793,2.15049379519856,-2.20736111236742,0.149513001359849,-3.84308395474777,-2.05762550718268,-0.778612749260676,-0.152095661982479,-1.40145174637558,0.465685610214825,-4.57767671559073,-1.87042104452256,0.253864845807604,-0.455251808105755,-3.68080460781096,-2.07354688661999,-3.6478948725171,-3.30823304395136,-2.0410139369896,-3.36458424951148,0.498574080798564,-3.55518883134943,-3.34731023154252,-1.64973270602488,0.321764315578053,0.10026350019297,3.37324476754872,-3.07761868217046,-1.34840484644108,-1.50014444770364,-1.76301000533772,1.11213928968447,-0.235913278024068,1.94282294188998,0.588645383669946,-0.373098098779499,-4.87680166394414,-3.75108154019443,0.711766590206265,-2.67919247967688,0.602773345576094,1.93683772275982,-1.75459652503711,-4.43705062061122,-2.27278999614959,-1.87801393436934,-3.62412470838203,0.91193730430768,0.113331917257695,-1.66927240474294,-0.547741860935955,-1.47020381823368,-3.43270346332885,1.16247124330332,-2.11140764523456,-3.62442827372307,-3.72130313774249,0.357700899068932,-0.522296646293982,-0.941722614891382,-2.644826404767,-1.62021033816664,-1.62257120514802,3.25942228843299,-0.149649255577772,-1.00977758681349,-3.45207174526664,0.337392333508879,-2.09858110397837,1.33106450835047,-3.78160748212071,-5.04049399030285,-0.511510963919447,-2.51611162906719,3.3789248894866,0.268125756734674,-2.29392334182403,-0.256679655246384,-1.48143529328907,-0.313535395107788,2.6622308402993,-2.51269761918616,-0.986440002767584,-0.545887402323948,2.8532319560101,-6.22154781540095,-0.204441762859172,-3.03712764588552,0.842296216156002,0.13372929960192,0.261512588367298,-0.191005890977621,2.24211363940296,0.426489087717856,-2.58571619132479,-2.65484210530499,-0.222604289654203,-2.36697837975113,-3.5608076132743,0.365568770808678,0.220299590400936,-1.32142070017793,-0.421349156005914,-0.543997341450631,-0.153613469628797,-0.255696005933748,1.61360483954186,2.15620112207976,-2.0883334760871,-1.59145089939801,1.594599754637,-1.88512391720976,-3.89271981944963,0.261401221615994,-2.24724245616659,-3.20964738227966,1.51040639138765,-0.488252234944063,-1.16166348861656,-4.01571663839591,0.478062223417829,1.8992744801868,-0.249209130341129,-1.70655052273504,-0.970511756925412,-1.08848671832805,0.105671010074273,-2.06469403781141,2.62555923156657,-0.3925709258189,-0.906697341648419,-1.26192465016733,-2.40522076122486,-3.93732330858967,-1.70388439386331,-2.4079254008901,2.49931987969934,-2.09727905656204,0.881656292122781,-2.67705234190418,-2.22279501444626,-0.167938295071251,5.05235985874415,-6.10854729081826,0.117388712294222,-0.968400397658439,0.254094098987586,2.20747962702714,0.352786529193965,-2.07173414779026,-1.1658826812638,-1.62951721743635,-5.30111328827482,2.18437271813875,-1.77496987476583,-1.04881756285655,-0.555520372534174,-1.05184176063888,-2.22573610363865,-0.606280625506681,1.41387274029557,-1.40551025454189,-1.06354700024779,-0.281731772037976,-2.58570851817774,-2.2174987662924,-0.668723491661961,-1.15447439599591,-0.0053578554646786,1.43066355619303,-0.333002426977769,-4.63482212438235,-1.89270572959787,-2.10525208483186,-0.79435715655135,-0.736406122923223,-1.64131077094911,0.57238973003626,-0.349639556221772,-1.21467319132492,-1.51254029148059,1.48341373429844,-2.59272749950895,-1.12738172968258,0.445291143233048,-1.03888868776808,-4.1054153037033,-3.42012215076596,-1.24490431682824,-1.67382705591481,-1.68127297702392,-0.412183081826922,-2.04966235196269,1.83223802477779,-0.648226238580244,-2.3779439021857,-0.367163564823706,1.00203308057094,0.336003410968623,-3.32136660997753,-2.5218380756681,1.33603387728458,-1.54222608608283,0.0975345808543175,-0.851733586793128,-0.0410891430505766,0.152394520851663,-2.33325595681338,1.05822410293297,-2.18997019455848,-1.78865342697349,0.693150125066141,-1.92832990707497,-0.487469800521666,-2.00665056769365,-1.27731118590359,-1.46421396965134,0.820250563232111,-1.63759828941575,-3.75844810263727,0.954260162926144,-2.58795324701099,-1.5359202522669,0.0808206809511063,0.606309444252674,-0.864743760453555,-0.472432050237974,1.94313737337885,-1.18205679105972,-5.09348337354751,2.71386661018523,-3.39895053451454,-0.657200312131032,-0.782636075949553,1.00261342279567,0.146765062467495,-0.83217033319386,1.1245638134094,-2.42348817483747,-1.77285898982112,-2.24228116077695,1.76318591122165,-1.16827553843758,1.07561776958275,-1.04666319322922,-2.76270537441765,-0.187608529045249,-0.0105668281297012,-2.82395801367139,0.71586152334578,1.76027859813573,0.764468560569468,1.02483185041297,-2.74495548072245
"28",6.71633527539504,1.6162997303964,2.66373734004419,1.615671442643,-0.0840425253666184,4.95235297801628,3.15340049339442,4.15366310223849,5.47010592089256,1.73460274256692,3.06688786710361,4.99870324226452,2.51126268299371,1.34651172715845,4.46311657449712,2.76862793031023,1.8086614862769,0.702951673194447,4.54153230336958,4.18016817717771,3.57532584493154,3.53960181942422,3.10189683240246,2.2559833736951,6.12588237473753,-0.351790260501057,3.49149960293333,1.40824668612123,0.47063234335541,6.17454667176073,3.08402403134185,3.05278205978662,4.14598771319094,1.30078456895858,1.87623206771612,3.2892600938641,3.41237784063399,1.05440588271399,4.54250189705635,2.30005170330938,3.71670597331656,5.29638779912399,5.07340679121425,3.23795071390739,1.69198165138553,5.70097901909021,2.89800276236808,2.52617141246879,2.31248802631154,5.28800365862713,6.02350085712466,2.31851350429541,2.95438445592581,3.11190991660211,0.969828680032958,2.94621643831616,-0.079569771003559,3.71983514711194,1.19159215978061,3.33583396528538,1.88609130931611,3.82699191049486,4.60423300334042,3.79800167199397,-1.62085869724709,5.18865428640591,4.38725717069609,1.42643301722581,6.597899220791,1.74463960076477,1.16222052546908,3.42801966697358,2.54520026194493,1.78483492049453,5.34408629590147,3.25499302212876,3.75713617614712,1.8209361288662,4.26835671246562,5.46609258640329,5.67521921564789,4.25300681884353,2.89037001875498,1.89460796000036,4.02103471068424,4.17665497935643,4.17740786146257,4.58536560075583,3.39600203999241,3.55957794313788,3.53024660587965,2.33814104239005,2.96799575058749,3.72645588951602,3.62557142098524,1.66675478615656,4.35829291138587,4.55117557716764,2.57274396651454,2.99814175834514,3.64797084335046,1.7410822237518,5.8972187324297,3.13888887365259,1.28287634133635,3.54380184504083,2.13878818234774,5.81741295683192,3.17567141056383,1.04459548517322,3.38868460298234,2.61909665967492,4.89780740502097,4.78720269811167,3.77053660852136,6.39817915977241,1.72908320167037,4.19226463879483,7.54157066876793,5.26224344964789,2.34123212613815,-0.394952865599964,2.68028415432888,2.51712701966431,1.54338022809152,-0.877674390714273,1.22747433227069,3.25795143578326,1.98427623732881,4.74841313896586,5.86278091881996,3.19531293447995,3.68573859946882,0.640829736620363,0.254006348886577,5.80115019351251,2.33541013531919,3.70613371848963,3.43204969317026,3.27813821282284,3.74684942735827,4.86071053736449,3.55517804686058,8.00334244414577,5.14032683878046,4.33695912213177,5.16630690933415,5.73983299092633,2.53498438775422,3.99292722217233,6.19529183598782,6.80712780759287,4.59733196426903,2.66917310613228,2.01732789455513,2.70732826824277,2.8381381680174,3.50136522423626,-0.539592294073907,3.20923024565468,3.0964969669849,4.53093119242285,1.60016850559976,1.59423854690073,4.01555601413098,2.49988121578955,1.4193528633724,1.34706746214586,-0.388862981593912,0.278523568573298,2.31445852374353,2.04548302050157,3.53626020908501,2.8864938355908,1.42607413473972,6.40737898779411,3.96774459456595,2.88672518262014,4.83443603216342,4.43875561180071,4.39663098531716,6.00748754338051,5.14788282294265,3.25427491504008,4.23517294155716,2.32667631938206,0.833798010854945,1.97870337200105,1.7630915304651,2.9045668104833,0.7591218644273,1.85009907870463,2.84312619899159,2.66726500263076,2.93970651915862,1.979720363596,3.62982644541002,3.63637560039841,6.66025670784807,-0.426591306671621,3.70424957436804,1.7055397924127,5.75663676868003,4.10483458896351,2.56817261101186,4.19226217557131,0.965110594242093,0.13595933988585,5.30438642799364,4.28807303176217,3.55935537860127,2.67715829262401,3.32075593045565,0.478891526391365,2.64147251654613,6.26541566643044,5.01628938430604,3.89178003214075,7.0962317631078,3.58377018238422,4.03399694215165,3.03446757687942,5.45050580999016,3.11386045691476,2.17924863757277,5.3633716430749,5.7492322767411,0.34286692081128,3.05365519815144,3.10616440040122,1.03156492006494,3.86971030101717,1.66225603138608,3.5922563142607,1.81050664262052,7.40792492434211,0.0993393288928677,-1.4712871432383,3.95484960716087,7.10257341724634,-0.396838442276102,3.59661797475244,1.58857108608008,2.37979078350512,2.60001743286568,2.27815572638597,6.33359200066687,7.69294298602595,6.18604191959248,0.459801708289818,3.05586908045199,5.27461848450067,6.08730539813818,3.91250824333573,-0.0720853983855116,2.157300475449,4.3707072180074,2.89905724595987,4.11880788767128,2.15191712775412,4.32931918222979,6.11490787177304,2.81515229418801,0.216991356587159,3.27212829741376,1.66253738095175,3.60376768536484,-0.190343967836642,2.57622344107904,2.53455976243774,5.33373561266177,6.0761486479106,2.36346815555961,3.71664353004188,2.63242567394668,1.64743530458768,3.72592552634602,2.00403952737441,3.38429490961798,5.73144800607837,4.04351568111051,1.64643730991468,4.70909903606134,3.53517579828813,-2.03933654554389,2.08499419415635,3.91706660775082,-1.92417679286979,2.10101522657242,3.4874443952358,4.80448035142593,4.68054580066473,5.18899381791823,2.90135660565362,2.38982480215518,5.93155925917769,5.36937312852124,4.19721480677211,4.99132508381042,-0.484358972485794,3.51100642609822,0.992560362840229,3.94825907954208,0.911831456983697,3.49376251230241,2.76181185365951,3.12435542102644,2.81441697210797,1.81681027025872,5.39082351827983,3.59804243401289,2.55279007147804,5.22969608564712,3.90406317561435,1.72037312210326,2.08805226320295,6.80739154240114,2.44187383227542,2.79988899266385,4.02455738250904,3.71867127825697,7.17809126552649,3.43694127027231,3.49797445682642,3.46725300740237,1.14983532516156,3.89636396742906,-1.87503694977694,3.87672848054516,5.09920863097479,4.8322891232981,3.12960732518741,4.96171912165238,4.13156870822582,1.58014987451872,2.05016084535452,4.04399624560878,2.29352902518043,2.14347213526798,3.31120466957947,-0.693831362341628,4.04626914724813,1.35207654984724,2.18939686582412,1.74179755526703,5.04980642237154,-0.785011784677487,5.19734069031163,3.87211184996192,4.56151515605107,5.75776652210061,5.51860855715079,-0.764015120107267,3.61929710094864,0.75653486991186,4.40670632180968,3.9943515170124,3.59780081941992,3.08405327481865,2.20640340759259,1.5807586363607,1.64559316259893,2.50113553954448,3.80682245019023,-1.02598972522364,1.67264983207081,2.16503194785515,3.66570045984272,5.27701407745002,0.309097768714032,3.28857890787864,1.51997981805636,-1.26588736205412,3.62224453147529,1.46943251232539,3.19632992703799,6.22789074412782,5.90663568768215,3.67519908730521,2.076718279385,-1.72691368476216,-0.182084366109973,4.40070875491698,1.5785600424826,-3.56679408468839,-1.43686910836014,-0.0417816111263268,0.0199725121330867,-0.321336325582168,-3.27913697735763,-3.75940543928351,0.128699873464677,0.812388485831519,-2.3935902928586,-0.377389087634199,-1.33891376216059,-4.52942477708138,-1.5665556329868,-2.3459285602256,-1.80523404865216,-0.990945388019152,-2.23829453019624,0.240623557060598,-2.71690854203661,0.135131414544262,2.88434485700442,0.170151333074948,0.402896342497163,-1.84554500917542,-2.31631285261066,-0.178026219005601,-0.749687512293336,0.179526607271435,-0.497012537549768,-2.46056317375718,-0.082673080748134,-1.03951609730937,2.87953814915447,-1.71854364521633,-3.18648011060747,-4.24879217299045,1.0464912183536,1.19736527840924,-0.139857354462272,0.61279894215588,0.434845589050488,-0.896057452645359,-0.828562398279694,-1.85336790141933,-4.93506023855773,-0.271898725580232,1.73035092885344,-1.37394804034172,-0.748990072344778,-2.49009183725646,1.80049655047127,-1.17627929937918,-0.847127063898543,-2.38713138996445,-1.35328097722818,1.4896310468373,-1.51716479879462,-0.354499204062782,-2.53239636406612,0.942144138790401,-3.10796998505019,-6.00702188740211,-2.38313894299764,-0.836614709143687,1.46818215286956,2.03557286549535,-1.96796420643727,-1.83861028774289,-2.1244119421188,-4.95168898472838,-2.19699848539015,-1.15003394312534,0.353782455593041,-1.20218364380263,-1.54369520943281,-1.72165686479969,-4.37693460720136,0.953948906465065,0.0207542894076691,1.51590473179496,-5.10937877387085,-2.20324225143778,-2.35680435914983,0.280709696918724,-0.0114804654174244,0.715908264733213,-0.90898517762022,-0.660001808397079,-2.10062497441897,-1.43465083847472,0.463227669051164,0.26367062984502,-1.55732802471984,-0.0683244798668836,2.51329905909451,0.667727521344048,-2.78612590483552,0.0795496024995055,-3.08829252326496,-1.69864700805468,2.25433367743894,-2.14327095475444,-1.30370655868944,2.65025255464708,-1.88018858808699,-5.17423323625402,-0.176591095744662,-3.2296194513941,-0.293269956035336,-0.970860218842148,-4.04885246166734,2.55421928618465,-3.05370450126017,-0.198286297030905,-1.66156094322048,0.854177804258592,-1.04740236793114,-1.25954406855272,-2.94708488822827,-1.67875008388139,-1.03561428209166,0.601301910916472,-3.1113121710911,-0.309722642028747,0.209506492021964,-0.362943327185419,-0.0949241876020736,-0.853883050073803,-3.12220029866688,-3.65554806609188,0.749836703053467,-2.34647209548647,-2.87795198592217,0.0980530798648847,-0.179356270293565,-1.4500512124263,2.57250110904475,-2.46980110098608,1.51796670729365,-3.43637053580544,2.56741037943624,-0.546591911853545,-4.36725904693886,0.572663755386978,-4.45645884607184,-0.725999705165808,2.44880162322142,-0.299842795923739,-3.16381709249986,5.41549071066051,-2.11451391647771,1.68120915597608,-0.470688010332701,-0.996246384207635,3.72039952598283,-3.80341533170643,-4.66797542466679,0.861609758798724,3.34712010046678,-2.71300254053896,-2.2002098268108,-1.46935398264971,-3.03635539418966,-2.55947325424216,-1.12309193313904,-1.85064279752755,-4.67268560054201,-1.65366994733118,2.36856045619888,-0.23013974641862,-1.67217225043946,2.11799404023091,-2.24466412487492,-1.66957605919805,0.178475331903192,-3.09496877548491,-1.59816885522108,-1.02481818754735,-1.22003817811231,-1.38290529379502,-4.46829714338568,-2.56843209124973,0.102057633873923,-1.31111565387803,-0.875928123100373,-1.7489248707863,0.360605193189262,0.157127865276203,-2.59357066157979,-2.06145589895868,-3.43373083390011,-0.993477712314684,-4.39324076128589,-3.35208345762838,0.696206264178348,-1.98963719341361,-4.05224838118965,-1.84468957535452,-2.88305150994772,-0.756945094092376,0.167150854699175,-2.48812252130376,-1.39330648408833,0.711838463259861,-0.441793366545918,-4.92064583487819,-1.41617704432929,0.809622837602451,-3.46294831860304,-1.06969380947633,-1.01527088452824,1.15051449721217,-0.402537079832755,0.790973406015271,-2.73421902095299,-1.27059072374437,-1.68613035549394,0.125238440203046,-0.149113393000897,-1.28775737895754,-2.87308237078335,-3.6752508663245,-4.47811904327872,-1.93672970165285,-1.79601748645793,-0.874648892033114,-3.96008763920779,-0.294334678079095,-1.6165866787859,-4.93529304410748,1.68885389193021,-0.438855115364514,0.149290071656165,-1.01812006683754,-1.42071981785217,-1.11886955754766,0.57638204760952,-1.16955469388973,-0.232092341441017,-5.55195128183772,-2.50094700632732,0.579302922533214,0.32520061850614,-3.77676323616286,-0.683468586828965,-1.0953248549657,-1.78937476583245,-1.03433089861373,-2.67652959364283,-4.93169631618529,0.973357047381862,2.02764377486517,1.35078628152159,-4.13905673246629,0.00497537679186522,3.69729347724616,-0.783150092554471,-2.18145966278313,-0.555036860313298,0.0179369736132198,-0.279382849376758,-0.27537716690417,1.02055747163261,-3.08719510314382,0.145030464432583,-0.646169031561147,0.996669047239124,-2.46932443212015,1.47026014248644,-2.25474605489784,-0.292158979115216,1.4593613761324,0.973125429579264,-1.2499874940959,-0.525074031325789,-2.71929862767452,-0.176059886457291,-0.936269880912358,0.59772240626668,1.09795490373806,0.133280139417391,5.19574915614094,-1.5509821333317,-0.589393218505943,-0.934947431084232,-4.68585066138387,-2.24159463774802,-1.48523196780467,-4.73909981272166,0.57536781212322,-1.08986028749301,-0.0739709195289129,-2.91515834697013,-1.9285857673225,-3.0015269977648,-3.38665794579394,-0.436032433699476,-3.55525830445495,5.06768855212204,0.329480948261667,-1.34834817495322,-4.13750430559669,0.25610861667021,-1.57304797136988,-0.756625932912965,-0.376551189160679,0.365366376137195,-3.96244548099482,1.43455078500711,-0.393173962471909,-0.773885412661146,-1.76186150268079,-1.26099304481562,-0.109937089770846,-6.33695269228053,-2.22324598084322,-0.111641008274063,-0.858905463585155,-1.97004145229328,0.460348568619166,-2.9566516398712,-2.49842744317403,1.46856224792197,1.51668411263125,-2.10734554685507,0.721935510351302,-2.72147907913236,1.32884578359281,-1.00125919400387,-4.53861766726469,-1.41359212051572,-0.414434463210556,-0.280689049320791,-1.34850299216856,1.79985772454747
"29",2.64448246223799,3.93948555785742,1.8934403259166,3.20376113575149,6.93784923913788,1.4844871166743,6.21635794601153,1.66989539123849,2.27402769190985,4.39241848773916,5.6048690205467,0.498600901492934,0.174032589011253,2.50834050389131,1.89993379174213,4.93007376197208,4.92384255959339,2.29463097039609,3.62142891442958,0.846766147979286,4.51817398066255,1.58387468510753,3.5644864483933,0.521837256111537,3.93103016301671,4.26222915710073,5.10580883597165,-2.39621757798623,3.71774892020371,4.1892566164226,7.33790635991509,0.785737490655314,5.87828883986537,3.66134822453355,3.88062307706617,3.03982858929186,2.28737194727894,3.03688667935593,4.16440732830399,2.40962221603889,2.79468101197547,4.64082049253606,4.57253419720045,2.22585430313201,0.525445529849312,3.11530733824941,1.33147426770455,3.17194017208999,3.09818853107888,3.54171560717864,-0.769006159924428,5.63967672847733,4.13979312362066,1.52249747165225,2.01839118994754,5.67088723019974,4.22847243976514,2.96440429650932,1.624969962722,3.79962644947642,4.3886510986139,5.35674497491925,6.44474231139159,2.55404361454053,0.809261089641589,4.29365882675288,0.95026670681251,4.93158185024201,0.938024555999959,1.89164116224222,2.00625884809356,3.3553489963863,6.50906526603205,1.25816814936488,1.19307405329919,-0.316308363032756,0.963022131787863,6.85151826017625,4.50785317930119,3.40925932676969,2.85883896915234,1.95343343260447,4.3784823829207,9.47210606363598,1.55908067463273,2.86589278234018,4.11418802984056,3.6549994160651,4.19916394814719,0.775972880739264,2.33613141124295,2.64179525279401,2.58297764979016,2.05789859763787,3.4504670578317,3.64267720978453,3.36527181312201,2.44681883691711,3.70938483800977,1.33679732617899,4.93462197451819,2.76272759160963,5.65986699912521,2.6238206151298,-0.472475935816626,1.90202338497917,3.13677476501389,4.95777506444562,6.607559136814,0.990701553283872,2.82477061452236,2.75327309778089,4.65584534985167,6.11674971451307,5.40779977474465,3.031752289595,5.23174358514202,0.636487783322856,2.41774372149638,-1.88726229859098,4.95108292098154,4.17425359321694,3.76684469879733,3.13786592107565,3.50906625265798,-1.83139248598928,2.6822922100144,4.32348120107418,3.30349939935727,3.32840478850254,1.35252016140445,4.29529515316148,3.29059707896483,3.06702311725975,4.70787094482495,2.70046225296192,1.5934745445771,4.04239878942212,4.07177983579315,2.31266293238884,5.13635928967695,4.69265121081714,-0.944395177679063,-1.019935883336,6.58377450162941,3.92339701492054,1.25259900177572,2.54173215456919,0.901085708341031,0.209722411120035,2.29089260593035,-1.01979335707589,3.83072166695759,4.41427315584297,3.69282364648813,4.1951997509098,3.24500588685505,5.49040896445857,0.386523028122202,0.617264048139633,0.657721922380462,3.05353985137303,2.27537633293623,1.6757837233091,5.10270453118001,1.0293778779008,-0.0251212969708359,-0.465795182498227,0.5953195916863,3.71956627410007,7.09561002219137,3.31466238632661,2.49741913468447,0.765778521028761,3.45816050615101,4.81790301274467,4.06411416327299,5.66204418649854,4.06904831825171,-1.22755088921883,4.85427819741415,6.35763692314777,2.46859718086128,3.04347863588733,1.12401001490078,3.83319904554769,3.27394369480187,8.18605955205499,2.55203663185832,-0.746280151133619,3.81946021641154,4.63125546122619,2.88729998747837,0.825058963539926,2.15460905392845,2.16627134998695,2.91669799948418,3.57426941672238,3.99496304038777,2.07630425160981,3.64403469914398,4.83701483902931,0.773002098484586,2.50726001742046,3.00139817292436,5.45314347843698,2.26139871405404,4.72529900858382,2.9401190913217,1.40385733685959,4.19945445366627,5.21716465981417,2.37350214197503,5.67870606363102,3.69772953125764,1.96550744245649,4.23816153100825,3.55470299071102,1.09774068766462,6.11837467019597,1.70198144856862,3.37201184881949,4.50825561801625,1.53243012411782,2.376213841104,7.18124237957871,3.43256047597884,4.46661547546716,-0.247493807974661,3.87874843315004,5.69770093259064,7.19265094768607,1.11768082423114,0.591280878522011,4.18064333777183,3.63812817546553,0.774295541675161,2.74259758454923,1.65613927500407,4.18758644443762,1.9820146452183,5.39569671288872,-3.53049994206716,4.11467582336093,6.507578801909,4.62292907875791,3.13654499723082,1.69764927573752,6.10299449671608,4.036535998169,1.38815418391407,2.50565540126263,5.33018362769816,2.12054419196797,4.85128359750017,4.03479163940151,1.55032047224001,1.17256960593822,5.84593472180968,2.29840969555953,3.58732720813845,4.22028593830754,3.1272741247751,1.65809904554771,1.84420405635689,3.04024051709442,1.40583902110657,4.82244266177129,3.94253960624116,3.87551237961129,4.43530754482431,0.686899692414988,6.35759974050731,0.42349154727357,3.39986385070214,-0.856717869160713,6.12323195359587,1.892376704457,2.77906060008378,5.476614808625,2.65831339660392,4.16165830963357,2.43272290652632,6.01232448108029,3.89006126551859,2.93809427189372,3.82412341795847,3.47332819028943,-0.538261088669604,2.88864797011265,0.779250571911084,3.32959526486555,0.87847924150085,2.68282554657469,0.198469582518171,3.96259117868381,-0.388937601884444,2.66017130132864,4.67154521167691,5.76110028322472,4.22219337745306,2.50740132029827,6.4581352437637,7.97775160330107,-0.27932160378549,1.86211767910301,1.08704246243809,1.78792609536087,2.30312613054756,3.7827913346202,2.74389140919992,4.15598085462307,2.36219171396876,1.51877715127529,1.43243473368688,2.28691841975233,2.58371742613982,5.47614306831434,3.22243664321312,5.50473591589251,2.86406158224942,2.75713971139272,2.01352396657409,3.94007601918558,2.79262178021897,2.30323759516882,4.11748626643637,4.11563901392559,1.8386808718655,5.50353306150618,-1.03878355061419,4.71585313217891,3.95361808677993,7.01274073943693,0.412641013232156,8.33289653071376,0.826988327465262,4.26419485301681,-0.246737546290796,2.28984172782792,4.6523119732304,3.02701531974345,5.63713410452505,6.72062120269054,2.31433004257125,5.62042643622677,-0.799663596197185,1.64030321003374,1.4406114237782,2.09325087726738,4.88813324958857,7.59610990732076,1.42261364250022,1.21226439238008,2.79991912062794,2.94111877621146,2.54487717699004,-1.45343689639627,6.25487891725123,2.2508155534113,6.43687368754741,3.31338776866178,4.17978215757365,2.65788721098243,4.22825602804798,3.24322493163105,2.02972635300817,-4.80493837948433,1.96825979800966,0.603454779517354,-0.322317865889026,1.27083308059431,-2.41687969179121,-0.507565245576638,-4.22556919127428,-0.937069971981085,1.90523429930137,-0.210834300215264,-2.49223263435065,1.32047226493649,3.18219283822526,-0.129799424507822,2.7028943709922,-0.988740353345598,-3.58402641854857,-0.528593218261299,0.934732487369325,0.0271125681555264,0.191498190806152,-2.15178109297086,3.43208054412017,-5.26517565762912,-1.76899705032678,-0.493547707309227,-1.68215876651538,2.14238271042168,2.15386324379961,-0.528395993880431,-3.89657816012984,-0.253773169363849,-2.50804588579599,2.96014037206067,-0.0854332848348428,-0.654837205011797,-0.176312927899289,-4.06753749196141,-0.844804465765819,1.80771713708202,0.367909901634892,-4.6200763003486,-1.28876778001639,4.55961788141892,-2.67665455180872,-2.37086888305065,-2.90771680273822,1.15152194951122,0.084351536479675,1.14020702116646,-2.76701804058662,-0.950989093532727,-1.81163166143561,-0.574083992274736,-1.14496084775533,2.00783260201573,0.886107420274654,-4.09315281000012,-1.58060917944274,1.81471807036397,0.117548834283845,-3.56857419148231,3.09015337117765,-0.375352123520293,3.37644071747751,1.23491037183804,0.561398814840085,0.804744782715367,-2.32777220288754,-2.0772570445572,-0.378354346375974,-2.46500731972499,-0.993184483111205,-2.7207802785434,-2.53894231143998,0.251348628183661,-3.15793433597043,0.81416678478041,-2.67394242332942,-0.313788709939887,-3.5756688259121,0.242835307496447,0.318510927660654,-3.9540264911817,-0.873146687819294,2.15037894712068,-0.642636195102544,1.78030942584234,2.87212030536053,-2.63734277353223,-0.0448325847976101,1.04676567645488,-0.261678769153063,-0.542172569647572,-1.71125172819252,-4.49219517167433,-4.14785930253839,-5.2755731225248,-0.180897603090217,1.00559780077939,-3.39047772601251,-3.18472539624821,0.203317239705747,1.00984432884679,-3.59309569980337,-1.3912018383973,-0.0110007139937818,-1.94730318210496,3.20511695321613,-2.26948831265368,-0.420907329033689,0.0912484031229688,-3.39913741472475,-3.38941591597951,0.946313281161013,1.69173021106658,-4.12166815487452,-3.24721925882901,-0.297954932759463,1.0488855119244,-1.32460004096391,-3.37109713866408,0.687537945789936,-4.24910406378079,-4.7265224192632,0.44082730304728,-2.25453319714485,-0.970322204362685,0.530567259843968,0.25953547772275,-1.86939606123432,-2.9361700356289,1.24095210076022,-0.646546407642206,-0.455696848764147,-0.785816393382918,-2.15296583235157,-2.6536112523477,-1.19998746939907,2.10470824858517,-1.97688871986237,-3.54474861047519,-3.68460602937,-1.49382737620165,-0.985013615416249,0.173331260790551,4.19550328345008,-1.55702567696232,0.139406668201456,-1.06319361290421,0.719387827821491,-2.72547150845417,-1.71315315191079,2.69744577453109,-3.55397320260833,-2.14146068044119,1.89866558949779,-1.77676558149376,-0.681657077638908,-0.564734317839378,-2.31283013156044,0.846941975055833,-3.25525238695106,-0.653707586140492,0.0367595326896897,0.286162672215047,-1.5957692001842,-2.09017334683728,-3.75394504455398,-1.99903315523195,1.97569587597915,-1.08614809723757,-1.84116284148379,-3.64114737552686,-0.231697512794975,-1.99624851115857,-2.34000656097078,-2.56622744296653,-3.67162322462689,-3.79961588669427,-0.506939366931869,-1.08620545953106,-2.62377685764609,0.976586852633937,-3.748876753867,-0.851933215188693,-4.7947866498282,-2.78171776826381,-3.80936190188236,-0.173550145470581,-2.60928821518672,-3.88812480108892,-3.06926503843531,-1.72352424643053,-3.0033656346996,0.1743628637182,-2.34223354354851,-3.45451116256887,-2.29542194363849,-2.15327675682156,0.0810236972382983,-5.43729029168757,0.221258475845286,-0.846071709426289,-1.35694136671009,3.24939891897589,-0.565831749315041,0.0622554267084154,0.442671070151274,0.2651985275665,-2.1976796505108,-2.11795385876124,-1.63406983349066,-0.73767595158352,-0.481256220517992,-1.17883836039422,1.01519930509849,-2.03664578146162,5.23225048124319,-0.762512426391955,-2.25924063515348,-0.480765123620908,-2.243844245312,-1.74009451727332,-0.57883349859822,2.33893125493631,1.00560238262179,-5.03142685550377,-4.23149665798947,1.51690657800999,-1.20252339807096,-0.340197380567503,-1.77857724260782,-0.0079894261490544,3.87089401436176,-0.940232604455794,-2.72370501812807,0.977993560968271,-1.56470983031114,1.66246145417424,-0.794575183702948,-0.986205417918851,-1.79037468076701,-0.273131262680277,1.24603642300456,-3.49209124663546,-4.13591584635855,-4.14989711078357,-0.292593007005372,0.131186993248833,0.690390699560688,-1.46570064486811,-2.13025562225787,-1.13743644229032,-0.365748731534935,-0.551745250314942,0.85232073403672,2.60770182881826,-1.24628050162422,-2.74561619125254,-1.76508960552174,-0.170354755464673,-0.0618833981244767,-2.48015138334878,-2.97293686238916,0.0205608444468777,-0.899357887282484,0.801464896634954,-3.06199003520315,-1.86261287491389,0.168398300226932,-1.39927240416464,-3.3500464028917,0.313529915316368,-3.23484017878258,0.348166542187032,-1.63882780196861,-0.427308590704617,-1.50948483816584,3.34343266095545,3.77015752869748,-2.411866946833,-1.735701569417,2.98147000031305,-3.36123064987282,-4.26167671162314,-0.424197669443475,-4.4040572804635,0.528412785967753,1.78125965878397,-0.230910061917903,-3.86023872517156,2.50518903054072,-0.631571133799218,-2.13778066233394,3.16130386503201,-1.76642434730042,-3.09781813783556,1.21974896256657,1.85879468414132,1.01919242629988,-5.0427739139886,-2.59257420877337,-1.51938857537401,-1.01659201627985,-5.30436161377502,-0.523266749658787,0.331078508257496,1.89256810295007,0.991457003682451,-2.41337946741102,-2.64605016093346,-2.75795313632781,-0.902619353761629,-3.06154074671703,-2.43131994675895,-2.69443800638496,-0.937379333454311,-0.93989944437266,-0.363792769087819,0.78767768096625,-1.15913157191626,2.12084096077017,-2.75494025773446,1.01686492256272,-0.931531477483227,-1.63813249679435,-3.67230312907971,-3.97212129015139,1.41963966193443,-1.940058741786,0.302278355795268,-0.32582543544397,-5.5184558489097,-0.89936965079819,0.731336206010806,-2.46940191520045,-0.578765893934867,-2.50706342536866,-4.10746729208896,-2.73957412387993,-1.20053414840693,0.578701335614096,2.06692149891021,-1.21593184423133,2.5122734082595,-4.88364909667792,-2.98725388283975,-3.1970349274081,-4.68576344080825,-0.254322487489294,-2.87067718797163
"30",1.27852047545058,3.07676618072624,-0.392323852181128,-0.113359585548804,2.67780425303825,5.40174664474555,4.94422406938958,4.89353475340135,3.96554070854756,3.77528936784136,4.99554688275777,3.51244684799459,3.95328203323679,3.92579574582865,3.68467887543074,4.80291591320758,2.739104551528,5.04325137932833,6.69343243402003,2.86963997927995,5.6815510109115,2.23962196811429,2.91075239895625,2.62247949984949,-0.574571466367214,2.16722288498254,3.22125801924176,4.34905109073896,4.31849556241468,4.91860414375095,1.87939405237785,0.729088515200019,3.42694832260011,0.316282141297101,1.34290741374801,9.63083468740054,6.23959135044014,7.0659285483227,3.69939264809317,3.12795516639108,4.15966574184347,2.72253926017425,5.44258216288287,2.53823787839952,5.61644699890474,5.47084612068857,2.28283788921886,4.54371573299385,3.28703531731914,4.40679004917891,0.252361080679583,2.81625427959207,1.43369980172676,2.61039143964773,5.69583388081479,4.77549838617984,1.97078786788405,4.80102703868221,4.91430261073096,2.51869323308633,1.95547660437021,2.8507564805804,1.47559235197442,4.80751592777072,3.67212669701473,1.73710233882498,3.44460432926177,1.46289661549727,2.88805190565268,4.90361825965084,4.4598772392384,1.38411804769815,2.99049283388472,4.09603073789883,5.00797146092945,4.64732590472724,2.48134759829697,4.04170379650539,1.80707950156779,1.95028869113036,3.28857179957999,0.815469692403346,1.97219626268408,0.68804721132075,1.06821899359986,4.25875021769188,3.63268265573396,5.68529482787232,0.754267514818014,2.47926297958095,4.29487112165207,4.53043693039452,0.581410846153315,3.46555001877431,2.16696237655524,4.55784608335027,2.60268349730185,1.04499173019581,2.09597329914009,3.0135062829802,9.55829508924207,5.61799023367825,3.59702166981958,0.682659263669364,1.09342237463685,0.089635328469754,4.41211457367737,4.59844209399732,4.12886211896188,0.199789811742044,4.28144560809649,4.41011241339375,5.16135808385977,2.83202750716638,6.09227401594643,3.50097708391137,2.74575218233372,0.570316509934684,4.41551943689299,1.58310302714461,1.74231167943241,0.139257867318411,5.73540707556544,6.3209250837194,4.76870543247749,1.47806766254751,3.68173681457273,2.63809192972881,3.27770967234102,2.46280633694368,3.75829153566127,2.74015744720252,1.6206553693322,3.85362399454093,2.81485666824254,3.43918175504725,6.26332417803967,1.63390655243312,2.15809280364389,2.61235534091345,3.73963817742555,2.29674714432932,2.47760466654502,2.84738345621965,4.27687845532468,4.76204548563345,-0.275517928249357,2.64199152906417,1.7060902917035,2.19081952002858,8.77271154172325,2.20013992841424,1.54842312159789,2.84812948751374,4.68909331171598,3.49714544742098,1.75917561827916,6.07238606353524,2.81692384887156,1.06559434734786,2.30864264798676,0.756682502302193,3.55903608930138,2.48980364556082,1.17829361808907,2.60272423803689,3.36792218855615,0.812007006403725,6.20272090990894,2.80948369103616,3.61903181415943,3.3279199594731,2.63076716055992,5.14941954807545,2.63442158043283,5.89433967888539,10.0158592301211,4.16799492153748,3.57978655603991,3.10083282754783,3.81533840648015,1.57620986594049,3.94056462856736,1.01508997558523,3.57526049973855,4.22350990159352,1.80441816884684,2.93968391758807,1.36654184738706,6.70782212123087,5.22639859649968,7.45345219780485,1.89386676110031,1.00422505147365,3.17903347945987,3.61311644597486,2.7663869295656,2.85387572309094,0.705019752204487,5.07310660972852,3.0085175719322,3.6290508239541,5.63851404618518,1.70497614947042,3.60615961591423,-0.0825294549842464,0.683134513225519,2.97002131120478,3.91436105383373,3.47539344160433,3.52218346187379,2.39711394197194,-0.0415826619524666,1.24801106705292,2.24016730461281,2.91582237152628,5.25933324867096,2.68667495794777,0.779952463164055,7.19159438987896,3.25602184930353,1.83465861554308,3.61244660941796,1.9167461438343,4.99222316437363,0.351459681931361,2.00237094042603,4.5885316799938,5.69734726998762,3.93704228846049,3.31447003842315,4.83595529020204,-0.310479851985195,6.12560519220977,5.14653747952941,3.87068097079406,2.79775357011308,4.48729147364491,2.67343210347113,1.41488169604518,3.4584824945491,0.533944362699224,6.66868433886873,2.254678792465,0.495612752121966,2.03912835207554,5.40037873197469,3.41148507951234,2.00885351005888,2.4592293828405,1.70173975600693,2.88103660487848,2.89007764246809,1.16199460920957,-0.322361708871281,3.20063435714176,-3.28270823007646,1.59813303196422,1.74387240924215,0.725013434739193,5.58200713901057,0.864496692129444,6.75508764462331,2.09285203471409,2.26032005995407,6.20841188094161,2.04314060972254,2.47020060245323,5.70292369887197,2.67189422895751,4.18494230344363,3.59842726579295,1.81804801984358,7.12326682053346,3.55984024518156,4.95526853272939,1.62099208658377,2.30829150280321,7.53299361986947,3.01172746523043,1.58651731149201,4.15112923161356,2.99406922122338,3.67525239339708,5.26149585336542,2.98038827972134,4.72843795892134,3.95360725238179,3.80687242536172,0.50745984485195,0.292420404722716,1.75669875816088,1.35249548384274,-1.87435045557889,4.23887247418911,2.0384034015679,5.66033542842853,7.28291159378381,1.75813026334098,4.4440016622669,7.56524132715068,1.70557260242835,2.25710903002405,5.19739386708505,5.63362597696955,1.28225040391644,5.7209974698618,5.37676473661922,6.60141557492677,5.86191245383297,1.84798645971105,5.34419006636765,1.25495481898737,4.36235582767009,4.81774527918614,2.8605653626866,3.09714543327569,0.853544940796195,5.00838697507622,4.29036144766736,4.7857650568202,0.257687226507167,3.85180592161975,1.61141217221274,5.49855858196622,1.61018751595365,2.32844494992196,1.76462466503997,7.43381877025459,4.67835305573565,1.44294606603328,1.16922434167695,3.43396431634055,2.88979551114987,2.35323557183845,1.52077950591742,2.43335841039691,0.983912004582023,0.890772588403313,3.78892940326381,4.35729691466806,3.64444212752854,2.6369845552872,4.48915675811744,-1.23736958918387,2.94830346946067,4.20371580430014,1.97933666809877,2.97251283815343,2.46259616693973,6.37965419074901,-0.0507947214553992,3.22054154367631,1.87555039597951,1.99374013209559,3.97258219221038,-2.7156835323761,-1.16141492067481,-1.08419653079828,-4.94406390290188,0.431181025054966,-2.15848149637423,-0.0989322463917783,-2.57210578128022,0.076559715277043,-3.84370173372189,-1.33508542776205,0.658042946027963,2.54380024177996,-1.29530611608328,0.569684507375295,-1.11154932021817,-3.34723096955844,-0.64517348611227,-2.56575688793421,0.30466844202707,-1.59792792927499,0.0634272002420673,-1.25065038115915,-2.39149261575482,-1.275761373304,-2.94912698346477,-1.27456176765333,2.3710325355025,-0.216758013559637,0.400999581563499,1.11787023606051,-4.74475796604289,-2.53821152217533,-1.68439058778295,-3.44090554457662,-2.99643282444294,-2.3675121470581,-3.94243732326235,1.67375223872543,0.368264546390682,-0.396285260543776,-0.477944424638962,-0.493299058830501,0.344761934031758,-0.943351029993615,-3.22186399679783,0.0520440277049439,0.300877428233826,3.2969580450151,-0.682116032054601,0.702356863274111,2.04306163806167,1.31357178351861,-0.188698669784489,-0.56174527383563,-0.0468101705779793,1.21509774572325,-1.24707009952854,0.944941342530849,-1.45987239490953,-3.479317162704,0.722848357166705,2.11484864158158,-4.06762328972933,1.66114673501088,-3.06981768594215,-2.16396231055432,0.295881814672938,-2.9103438040487,-0.259813646562928,0.631649399879302,1.8464139018227,-0.412246106125046,1.29715744007962,0.923550263048139,1.49062822932945,-1.97436167288425,0.040136878249982,0.336322807251609,-3.35516943824015,-2.02709465340015,-0.29681623147434,2.84943720626408,-0.866527903122743,1.63575346232562,-1.21939849743543,-2.92062993642828,-1.20336282310389,-0.801701909940682,1.35435188360778,-0.294261614616971,-5.28774687669277,-2.30142782184106,-1.42265677566663,-1.27755289106889,-2.17432964116594,-3.79454998904174,-7.401808328167,3.31423472132772,2.80641722276308,0.433072122293149,-0.445082513498637,-1.65043071303923,-2.15684686198191,-3.10061471755098,-2.94644383080148,-3.64545296803791,-0.282101018178385,-1.91889277177412,-2.01877587228187,-1.73989011265787,-2.6248250613646,-2.46170785329002,-0.21316831691779,-1.29176344030201,-3.06560302933745,-3.30505807306504,-1.76270786060669,-5.66673413104344,-0.8150274819796,-1.41948609972222,2.17111064767644,1.79647887444356,0.569748141945259,-2.93359393002643,-3.16077144731663,3.50877353551954,-1.44845609031149,2.46569292111319,-5.16043957475499,-3.35962177927625,-5.45069774011036,-3.72035085520027,-0.608151938784734,0.664238581256998,1.59254071563873,-1.41592015372442,0.76832238152273,-2.37709115389973,3.01433080577531,-1.66984109734665,0.434425125948358,-1.57587059763321,-1.39751453425179,-0.180380472356399,2.17700887869263,-2.0891329234933,2.15521190174273,-1.5828553136043,0.133447064927441,-1.43558804012892,-4.20239849211668,-4.63349244899532,1.75491691403672,-2.32030145009954,-1.17503558581946,-1.21116760238463,-1.89201023852888,-1.93721396830473,-3.90915521229193,-0.6302459021189,0.534885379431482,-0.597623371184373,-1.90521388913652,-1.31772604338109,1.28489205853086,-0.0240980948497237,-0.887547909972145,-0.0167050863764322,-0.0615118959017421,-0.309138048584873,1.01098686715808,-1.78451899626934,0.373176698786224,-0.627457743168331,-1.29790094657417,1.30335929057367,-2.87318429285647,-2.59232637270564,0.0529439651622272,0.368901473443992,0.155744670766873,0.611731720588052,-1.34515842278685,-3.2937747060474,-5.78621951260381,-1.23372314358882,-2.50684844534545,-0.545414213535047,0.0680897443030071,-2.30782949605065,2.51063333885944,-2.4083601387116,2.36398444212463,-2.27479808085754,-0.991951223392734,-3.60411530944438,-1.16651142857174,1.24849555683544,-1.75371515070686,-2.13490247060768,-0.271095926881819,-0.297151392871876,-1.38014890181212,4.34309790268065,0.519693664790196,-3.10469264329054,2.37964562177977,-0.926458266666169,0.877242853544376,-1.57912152435583,-0.773410727856149,0.707756246301873,-4.63048428070991,-0.0554552198909094,-2.33246719092262,-3.57238564396459,1.62082590700073,0.994074648416752,-4.38711362623304,-0.286535575932178,-3.3249539328048,-2.09633087116271,-1.09859234563057,-1.00842363091169,-0.87818497471146,-3.2274389018339,3.79542866399339,-1.88731018820733,-5.13400194011382,-2.51501939106895,-1.2691182612708,0.142829813375526,1.00080605220583,2.80153934228251,0.333060219703096,0.500494970521404,2.40286037392325,-0.172371583231459,1.26331458927585,-0.149375308989935,-2.62027809618995,0.568508991727126,-0.858818944526185,-4.07149274934955,-2.54759300112911,-0.78865227237084,0.359026955569192,-2.22263106281521,-1.27943610949762,0.988380538980394,-1.29772766808803,-0.0223560737113756,1.06873443719566,-1.37040614506876,-0.741011974534495,-1.07408338829778,-0.540051295065713,-2.94852652875178,1.06702595689223,-1.42821944524545,-2.1422319452241,-0.139503184033413,-2.10651229498241,0.0646031064087946,0.876390533933317,1.08629964069902,-1.3291206637743,-1.98952368949269,-0.300159086979139,-1.75005491849605,-2.25887517049842,0.260030414756486,-0.0980002932060849,-0.96672338241079,2.51079423248168,0.580591766357518,-3.53458968787561,-2.94828307480204,-2.98797132525116,-2.02701356511502,-0.679801519352648,-0.163365050391477,1.88608345113416,0.0955743269183345,-1.87262059148727,-1.51479892575957,-1.98313310503901,-0.23679451464885,-2.39057670218422,-2.67955062707315,0.928151097897108,0.222698725341009,0.8536482352849,-0.792527078902548,0.285172252308207,-4.61413964118816,-0.510166312521561,-3.33361836283084,-2.40630124406331,-2.88411525936282,1.39858233535332,-1.77080730193408,-1.02172188667686,-0.249721683912463,2.60263519499394,-1.4548034328798,1.72530656164378,-0.917801353564043,-1.79182824954545,-4.43358184740441,0.462886256494756,-1.33309598591721,-0.435021741384397,1.08579142830243,-0.877239189508096,2.6583691644278,0.318342732675121,-1.24920649985467,0.687980929801215,-0.430979583207777,-1.57815637341556,-1.94695686752282,-3.50971559559445,-0.869019831417829,1.50555300793116,0.573690938581998,-1.42886641843107,1.89118173372797,3.80926870454838,1.62216771841361,-4.43804034672279,-3.49107645497516,1.52968471175747,-1.47747049186496,-3.20019921870482,1.11279037979518,-1.39066239572851,-0.148478145620266,-2.33361664954422,3.22247067742759,-1.63414832009719,1.63835674304605,-1.58067293760901,1.4332567891833,-1.40747837087724,-1.89368469858416,-4.10876198799939,-4.75470236588431,-0.14963732923584,-4.12405435403865,-0.0204041367443279,-0.13182092546106,-1.58601979518869,-1.7340729847054,-0.187756368226714,-1.22609701229791,-0.800877291482034,-1.62481292269961,-4.84523400750474,-1.68911287634379,0.663153124363508,-1.66068821590046,-0.703880009519019
"31",5.09877588914864,1.38998882776731,0.826656472321264,-0.14626309082008,0.0980011297887446,2.11799242715913,5.25075856727258,6.81775320805463,-0.157083612096456,3.43141371713888,6.59152526037018,5.69969912373927,5.00750936231536,3.68922952327907,-1.18650143179616,4.45520002453145,4.43910300183774,6.95943495511583,4.08216526456362,5.5383446608526,0.0189736395017839,2.26113343776042,4.35068248090225,4.28881667060087,1.38529328765682,4.35654218813292,3.79662041097447,1.56549356735228,2.42048484523453,1.98352281813388,3.68872740504827,2.92932722012618,4.07515588847706,3.72932691690569,0.4633830519822,2.79808012203029,1.94785283321304,4.7597505296241,-0.919319290617116,3.89072028208403,2.27477007302212,-0.0287194722692785,5.0521457412243,5.18339735995268,4.35198149186803,1.96229616915368,3.36976295429284,-1.03936097427427,0.111587555593367,2.8425563629759,3.66851262443939,2.59510478107667,4.70165873801307,5.47629983656415,6.29801120359616,4.10601084065243,0.717998100992388,4.51462036124163,3.24993323955012,5.98179543247816,2.14241913172208,4.20029899144096,-1.17902522629142,4.49711671590794,3.24583116998667,3.41738393645425,1.05304121859894,2.25522282790558,0.844762430566929,2.80399794781517,-1.64878367237694,4.05231610103124,0.48086549132909,2.4791695831992,4.61181513227996,7.34669331379535,5.04288164758672,7.66741026260744,4.16574563931557,0.744214866855381,3.146080732416,2.61658764330714,4.45642880444449,1.09104006841903,3.19592029131706,3.49444037091167,1.26642465142207,1.78488346006668,-2.85292131881639,2.48572763127858,4.50713557855416,4.42637610645823,0.220068091741795,1.15244102227636,1.77396517166968,2.21395948895449,0.291265963089466,3.41058424880703,5.78552617010267,-0.572684863328109,4.85478505719966,1.85015891240268,4.20027803424041,7.14664106589885,0.447732696573636,2.45227740734837,6.48381488459439,1.64060234399996,4.62462877479639,2.12494064630929,1.73517875029458,4.54662538873841,7.76277396236167,1.24233531708358,2.29906543158603,2.2452385016926,2.56361909382868,5.83100473441086,-0.311526709435381,2.18455010329681,5.59666662454773,3.96994202234493,5.02778747006476,2.57074742896016,7.54069601684338,1.62680171466948,3.93879753898442,3.32386992759862,5.24503906564871,-0.397324824939867,2.12776779313638,1.15953658068699,2.36602125159395,3.55979558084785,3.97134915443055,2.41278142597353,4.80622943302968,4.02580851285869,4.64305556833,3.04343689997531,1.74581494249651,4.09005562259489,2.0538377338273,5.15032135385677,5.34972573824675,3.36579941293487,-0.298737082753512,1.07467418383536,3.4760706467136,3.21514012336889,4.00879811581914,4.17506052226675,2.94972405531868,5.96070449393896,4.08513796369634,-0.164794048885939,2.58758455248099,3.02499666485367,5.77415246623485,2.73085442805622,4.74018872654113,1.13761490185375,2.74161319215343,1.65944032651265,0.729727265313688,-1.3231784010688,3.41168192747713,1.0504119909705,4.88016319078779,4.97016661354375,6.90498761988768,1.70822110755558,4.26596235743463,6.111838279476,5.25864755435632,5.39181752581514,4.71235111343174,6.36133318119822,-0.0518122716683527,7.48598147769428,3.16808910295416,5.80774412794033,8.18207044853064,3.61177978642363,3.17866088067693,5.67692907254989,4.31247779832455,2.76653770587816,3.1228047255066,1.92359923814126,0.151264921427349,5.84952316007761,5.4112692588124,2.07550789135022,3.70806445611979,0.0734330277999966,4.27760008072441,1.6491222171337,2.06328409992239,2.9068074789347,-0.846115876383089,3.28547158420549,3.93345590024232,-0.954470626769189,3.59718012696624,3.66566740070136,3.9159968539216,4.37965494305171,0.822151338923167,3.05681873409553,3.43805142598191,2.20988744197939,3.95391462296156,3.90556115047611,5.06178697750329,3.68377586172754,5.28093326710867,1.11734995775095,3.13259985814004,2.41308672588748,5.53143025481899,2.05451962946404,2.40004078863383,2.47839993747745,1.31002610155073,0.430736516594193,4.49441673516986,2.90224069570782,3.56048958197462,2.40177531066015,5.53643219376174,4.24867467568251,2.22028533605274,3.20749890773952,3.34037865514481,1.12135283908451,0.931494241027934,2.27596323566313,0.966051180047359,3.08177409332243,4.878197208969,3.68278040681003,1.00622129543053,0.917670957687545,2.53115641864501,0.647494106521386,0.121053026151396,1.78909739094645,0.48721907057948,1.90808301288637,1.74539917934127,3.02689198595916,1.00188406538329,-0.354604022325103,3.55849230151538,2.67892633086571,3.36766056323212,5.33658436443158,2.05043415743226,3.19847499659194,3.21202676525103,2.88016852462219,3.30883119244465,-1.61536156832032,0.0346288342142129,4.24477932285972,4.4626030018336,1.15706494043905,2.16617584746054,2.52724486689106,1.66917330711552,1.1107811060857,3.70639479092492,2.43091375108962,5.84280329915618,4.9060110583964,0.78774141978641,3.29682019576107,0.786975943160618,2.80927183484095,3.33882093845844,3.13043392230759,4.99408401106472,4.52473685062926,0.151782674794928,3.33618960604053,-0.012255502109936,5.0407465487231,4.62657781090338,0.725632325499792,2.6512267277608,1.9244934194843,3.47803810339342,3.54029480443239,4.81536174108704,4.33392046157605,2.67749512882078,0.526121079736229,5.9400828505288,0.925624247803101,0.815147072607373,3.6383308904989,1.19962885543892,0.466164026221411,2.28764781266147,0.881718673790769,6.16664568416947,1.3369764481606,3.17391871249094,2.38922629329666,5.22741300764217,2.25363941903079,2.91652600028847,6.45503676224364,6.55684292039269,6.42088536072608,3.57365927399366,8.55407833615961,2.02222881031668,5.85428380143134,1.68815797344591,1.01389061345525,5.52771661677148,3.74615482241875,3.13253194890212,5.39328360736144,3.27677638095077,0.190947896790351,2.98167730926259,-0.694690821929694,5.03962437798837,3.6453743238869,3.99401607989076,5.88752376322191,1.48129707406491,0.53287155263211,4.25893909988748,3.38858310383963,0.18701156325577,2.72494939818575,2.49645444053511,-0.779112883882034,3.5332097608095,6.68234835334392,2.57683430600145,3.36735719177109,-1.16893165600769,3.25907297399703,0.513330217070159,2.39387536858366,4.5757986895153,6.71319244447735,2.7130177074395,6.62801156870663,1.66304592576411,1.97965869916934,2.23073848328465,2.74829068406263,2.68156380788031,4.80849096458376,2.00159931884526,8.52684895772578,1.3960696820005,2.06835793502833,1.50523026885839,2.39920144712641,4.39904787254508,5.41786706517553,-0.122308887498671,0.655414133584838,3.4772612115426,2.81816022716081,0.524777522229638,-0.336796425401876,-0.510872215945075,1.1815876007436,1.07551761545554,-4.62219764071793,-2.19154576829937,1.788221184511,0.407472241997149,-1.06092385170839,-5.95632709098075,-0.33796842438953,2.25054147740498,1.56832638628491,-1.68037180296581,-1.00826471939877,-2.20761448756318,-2.04178057789731,-0.903871228587908,2.63507506789335,-1.28060265697403,1.95128176128085,-0.458942116350841,-0.66189967703334,2.00202785486115,-1.92105386533828,-2.16067314443394,0.517908555669427,-4.33541862742827,-2.49419295173378,-0.655000323864971,-1.7425687728839,1.13967727335172,-1.6844650806242,-2.38224604454977,-1.18811084817386,-0.846701582431036,-1.88955852703257,-0.176918882246312,-2.96238941548995,0.347091440621531,-0.94563039219309,3.03022860374127,0.0561705263884693,-2.70811210550512,-1.50099015969125,-1.24433178683937,-1.72641184452384,1.39103375831552,-6.03605968445903,1.53869193947458,1.34020955394044,0.334992435435669,-0.493812054123924,-1.52805147635785,-2.07132195512261,0.0702752509277971,-0.471882039352617,-2.55552556038816,-4.69329124010192,-2.07622049884491,-1.26509629465211,-3.63493470514259,0.887662177076579,-2.93229190951207,2.3602078563391,-2.15485432918299,2.3337687151982,1.7033371173792,-0.700605033749772,-4.52223122934137,1.51260483946455,-2.38878994675969,-3.30768613868581,1.25106881814932,0.0170649040933977,1.44455306133413,-3.54649559319526,-0.516963877148813,-1.91594046000937,2.72154824576836,-0.234549587186663,-0.0484141577420614,-2.58455286330819,-1.4995357261323,-1.4570086429144,-0.87227487307296,-0.919116554341374,0.30961308288445,1.9084276751373,1.1761725168791,-3.04825172755587,0.972117353113316,-3.70749262867287,-3.15794779658017,-1.28755975691628,0.392623247613525,-1.83909618733427,0.172098021116386,1.65832187200656,1.50446320076661,-0.569103916912036,0.0873241696620888,-2.54780766763485,-1.87817534828568,-3.45155472456596,1.15827398548116,-3.98030666400781,0.316676615121717,-1.32240689734926,-3.03206722268916,-4.00889852404423,-0.898454466803052,0.833584144885574,-0.778843528426197,-3.8692098963997,0.338213301020974,-0.0187941153908601,2.06255368206814,-1.56083726587761,-0.661203737898815,-1.73383818941933,2.89518836871047,-2.64958038483084,-2.0481278262584,-1.44670553100477,-0.945050756576151,-0.0077417526253164,0.246529598657106,4.72039078369883,-0.550775111067004,-5.47280323373771,-1.01451803018216,1.05024183322521,-0.505606140707554,-0.825605934895138,-0.862962150852582,-0.582534499270665,0.0918629700050144,-4.71002219255975,1.91478826613856,-0.6573730989395,-0.569044045428658,-0.274758418069992,-0.358509915855501,-0.309119336867781,-1.51328322645519,0.397229031687856,3.54677866394724,-2.0224193757458,-0.41775993980378,-1.48791106556399,-1.02315694429693,-4.40471341001349,-3.63270193047277,-4.54617254679314,-0.339051873674705,1.33591212415234,1.2928939245536,1.19711927060055,-4.60551448496696,-4.71943880144117,0.605307536389098,-2.49639570897199,-4.29468218626624,-0.554076937776669,-2.18876068261029,-3.34802745437902,1.73103932797721,-2.28788383430531,-2.06994607102535,1.34717349543614,-3.2118115264371,-2.9072300124124,-1.59321836380072,-2.68276782003051,1.16601455681141,-4.08213924671585,-3.21578116838,-1.74511185650744,-0.895340043384766,0.81338590999007,0.915623621831725,0.993434933514861,-3.29827089890482,3.4901079432502,-1.83891438223004,-4.24851301652789,-2.69972908666305,-5.01094495056087,-0.950261595189138,1.79234436408119,-0.245372568982899,-1.07702154006522,-2.31984972608309,-3.02917992166983,0.232352799026732,0.833356801615648,-0.840884577554433,1.91274404786168,-2.87718235343956,-1.45421382248789,-0.335194453800615,0.0125549665921725,-1.40163414678308,-6.0331983410143,-3.10574423852739,-0.218357346851393,-0.357997443500003,-1.91944884947828,-2.98368441284665,-0.802298185929023,-0.218467588085204,0.323330826998042,-0.713624879491887,0.630754296014876,-2.76962577439692,0.358962011601599,-2.59724352869099,-0.690645230738127,-0.869940618355425,-2.61239057506105,0.267604478091921,-1.96227927399892,-2.05626839647578,-3.30543252604489,2.33140183661,-1.17761714088598,-0.78228533260293,-1.64714073297979,-3.86691730193238,-5.05394026968716,-4.06230658976463,-0.740825367783516,-0.171374913247419,-0.749735065510769,-0.737769032286886,-4.23355287728497,-3.59758015836438,-3.70212752846245,0.827994014897471,1.06862891342811,-1.96841881153616,1.95125716459908,-1.05912099011531,-4.98545835336986,-0.536904692188662,-0.969226064625761,-1.69246842020874,-5.06923502045137,1.61505781201107,-0.623349035049829,2.5010929222306,1.44219852584196,0.755848425047644,-1.93324363019418,0.702851294440375,-1.71828288571055,-0.650438914311095,-0.0333168476868136,-2.72587294715431,2.86914072347935,0.294522587768559,-4.64051508933733,-0.953963741292451,-4.95591303333506,-1.97207305221543,-1.57686872578545,1.35786809966088,-0.515751331882059,-2.03762834818472,-0.350834700534506,-1.4326086435244,0.611548861917306,-0.0148038800459729,-0.202506975133566,-2.99721195542387,0.797668152830883,2.90740613749679,-4.83878287618889,-1.83272265872083,-2.10199615721525,-0.0394913157690883,-0.217027368294541,-0.715355000235182,-0.208051323010655,0.031251968104878,-2.74479238007794,-3.15040535659593,1.75152196837787,0.911287875046778,-0.740450781119291,-1.69655838378339,-2.37941732256103,-1.66834167991496,0.360119703461683,2.98707036861355,-1.02868443883204,-1.93703330910217,1.5824173098141,1.12189506821496,3.20833107795089,2.47373864944546,-0.918997343793152,-1.1990182670711,-0.532639931966449,0.101238124299636,-1.56477160364985,1.25362507483989,0.754527920060759,-1.58948059388965,-3.2518430664719,0.136735681440065,1.38470977202932,-1.62373440333066,1.93462398042138,0.00611753156837169,-2.30372823946053,-2.29375197116476,-5.48337596592762,-6.5369315349006,-1.64033063891914,-1.24769474609659,-1.284070474501,2.96145776013402,1.75113336778404,0.720774076996374,-2.54386270512682,-0.632956819454441,1.2644080902443,-2.22351627823607,-3.15734700084325,-2.3317436477741,-1.31804516761083,-2.20592573164144,1.08646219940683,-4.03653294445886,-1.50560579788293,-1.02869959282968,0.964249851134737,0.168331753770119,0.241208267465482,-3.13734489624053,0.700689607715229,0.0296176619328838,0.704188707170045,-1.62266278526676,-1.85560914691766
"32",2.96136907476056,0.282876699398878,0.731944148438187,3.01893347430125,0.574217783686447,6.80394559036369,3.79375902253174,1.45682824016141,3.10899314003128,0.723161986785928,2.39001358924237,0.990796086086739,5.25280681737765,0.562612879903309,-1.61464399463022,4.75254417802076,1.72026878032738,2.07802301394282,3.44280070804727,2.47038930934627,3.24077467022352,4.66785749612983,2.01557461673351,-1.2619518631437,3.14198817346126,4.40859727969521,0.964378735364141,3.17582124403797,6.87518696352495,0.976595119281457,1.04299625501617,1.08077799179826,0.258949383019601,3.3253506854283,4.55380855526228,3.35827051311583,3.77296973713072,-1.21759962642761,4.3475436422499,2.40301055195464,0.659932567443536,1.71585012369024,-1.28049718510274,5.66025019814306,5.44903110030059,7.17958241631731,2.65211816891861,5.47177871175007,0.0992704502860127,2.91670784165459,2.15456343808657,2.10791332591527,5.16712697689852,4.49017374500582,2.81136742649733,3.92075126042304,-0.330111615542588,8.10108063844299,5.00774509751223,5.73823755665508,2.85743104406606,2.6474782769846,1.19088463996142,1.48066144748831,3.6158800535592,4.42459578391275,0.711320219539835,1.86370698504729,4.48390046164616,0.273962027408209,0.410013184793922,2.38785826852686,9.43204759450996,1.69601028913469,3.17629854844919,4.1408863910147,4.35552877622873,3.09882026868858,6.08297122326872,4.96917097209817,1.12116387581743,2.52865900038786,5.24118075660878,2.93147843266762,4.09652477611973,3.73454384956012,4.57464809789792,0.146993043151626,1.9697174443306,-0.336616059023919,3.99623282413772,4.4316999059027,4.36352127226214,-1.71376990097275,1.52098944683729,5.77004198058683,0.489321972091601,2.92739896789747,5.64345897085277,4.50848693915183,3.9523378825851,5.3255976187063,0.932056509026175,0.770857194729063,1.78950006810087,1.44742306649514,2.98068809597783,3.77922668931525,2.5687187013364,2.6267388352157,3.3536357847589,5.36953552549929,3.92787430988377,1.77828905451842,1.25059916060032,5.49722672279027,1.64971157431491,-0.0925504145264004,0.176090381206142,2.44777203314218,3.99471946996631,3.53756184739381,3.78831353311718,-1.83063701798207,6.55755441360978,3.22981370188699,6.08727809775845,2.75181552619189,0.318313012699507,1.75732291145041,1.73597402868155,3.04849055538067,3.88758547993556,4.91035353353399,2.18099584161032,1.28290788265053,4.81180777222128,4.65944377532415,8.28251073541878,1.07403174930331,0.248937280298157,3.37464803197568,2.06617350956826,1.26901514142991,5.52384007252607,2.37430588211604,2.24621305963057,1.52133628654284,4.25664482564701,3.87935422203017,-0.371273047868932,-1.79376162903919,0.902494582493276,-0.152533479507628,-0.667922885471787,-1.33191985058921,-0.460948657028603,1.76266881989794,0.991332430826988,-0.901786332472843,-3.44778044646368,-1.35079732536191,-0.613609697239303,0.443928009461863,-3.55868308824535,-2.89280537145331,-0.135237258815782,-3.23397317752464,-3.01627777686479,-0.854995929574205,-0.778151268689445,-2.09601913288258,-1.05243331443527,0.0365535872246718,-0.513692835476388,-0.45399175877314,-1.31523284569276,-0.304662557292957,1.18311868460665,0.153437850615149,0.54093000476884,-4.76868819951163,2.00382243298097,-0.227711853791395,-2.39176750165028,-2.64383843082463,-1.3959011724572,3.26010424465773,0.719935957758449,-2.08527364207012,-1.97735782358702,-1.00382130069056,-0.651914196648925,-3.33437578124145,-1.22742533661297,-3.54274248545347,-1.14158890026998,-1.81164580582288,-2.91383463666781,-4.60391685763784,-0.29999044030513,1.67243424488915,-0.0239377390430364,-3.89140562765721,0.493822590759395,-0.243930006378362,1.9319605809306,-0.175510751108682,-4.93396725026694,2.55753361328016,-1.73448462038424,-0.0244814817081016,1.24499397177373,-1.08666890212339,-0.470338552695215,-2.32147450861216,-1.28016497128985,-1.16368133183352,-2.29472015662402,-2.37453833158973,-1.698151757837,-1.18463795863258,-1.38591854210767,1.08310206913886,-3.73748633731965,-0.877335421379077,2.68360792848747,-3.09746113691805,-1.8388017336222,1.74572717004178,-1.46495378123448,0.488263589141197,-2.83317775865199,-4.4394285633398,-1.55815348846745,-0.407737601739768,-3.4385747377916,1.99690488077902,-2.21711385047485,-2.66708612627823,0.415293511610333,-0.669420804539908,-3.13773489471041,-2.77254834764565,-0.766065964229208,-2.1571813669008,-2.74590565572965,-2.23046994760322,1.08277195186452,-1.90589246965204,0.704134925479471,-0.310570048122527,-0.511088884570518,-1.12351026077413,-1.08746348868548,-3.58669521810746,1.98723427925584,1.65622219457973,-1.69564039302956,-2.48046410419515,-3.35020636142906,-0.678166630884375,-0.13752549167414,-0.247667492716586,-1.63505839194963,-1.2698049000549,-0.696295809218609,-0.132935760530876,-4.47761270494586,-3.27256890938418,-0.277590888774673,1.91548748755486,-0.702066363226413,-2.88481067973846,-0.640589956130395,-3.05455005738249,-0.182493095085389,-0.774891240843932,-3.22043936518493,-0.561217493083781,-3.49398110514175,3.81955539832762,-0.0120162805919296,2.59162146783853,-2.36352571463072,-1.02053874321886,-0.0228380932875051,-3.38681324649742,-0.329519751516147,-3.34471967385747,2.39345876750328,-5.49621275822456,-4.10266628769853,-1.68501527690716,-2.53297575823485,-0.0186707782929092,-1.78230018574457,-1.01224192780848,1.2156113824535,-4.69126011525362,-2.83410804947691,-1.40400100395689,-3.20111814115219,-3.11335596215812,-1.75986745111648,-0.508710473486316,3.02360919328538,-0.205682754467083,-0.342574800296022,-3.2758166734986,-0.860393092021117,0.153871632179545,-1.535628058668,-0.731477638414442,0.787744703843222,-2.91012892129735,3.24939264349668,-1.11286108439512,-5.90044109257062,0.509324936335712,-1.03895425038706,0.786263247689199,-0.0722680317237305,2.32698462997283,-2.45055655296923,3.72380579755502,2.60584072656415,-1.04939710347808,-0.124900454012383,-1.94679592948923,1.54346726982932,-0.394640649917019,-3.11504107542507,-0.529848776453103,0.225323827745974,-0.0194219220577836,-0.492980526621225,-1.36684786944564,-1.7003223926221,0.228352288674709,-3.60094871901287,-2.94414921738544,0.367454197183765,-0.346365969124039,-2.39554936535591,-1.4875253896464,-3.40925173810783,-1.11595439813541,-1.5836774255042,-2.36425831428907,-3.84023277354817,-1.7084467925742,-0.666885772366642,2.57704857508279,-2.7929024216443,1.69450880826455,-2.32353030752009,0.154684850785229,-3.00072066376374,-4.74825693049225,1.15039499819223,-1.15132101200098,0.52607238191557,-1.29243081997566,-0.692600848173117,-0.98476526366586,-0.483915389635521,-5.2041689457628,0.459354591589986,-1.49202518671384,-0.161767024755424,-3.59139179813724,-1.17526727133346,-0.31042523692926,1.81446567481951,-0.0267053961402645,-0.549174040498566,-0.384526345765105,-0.0332381518925418,0.850887849642218,-4.95979472002704,-1.42595765274155,-1.08308096599699,-4.13951080039152,0.815840271015121,-0.203852685033505,-1.10582357704976,-1.36964970839122,-5.34453465331392,-0.964732255353581,-1.99723295336218,-7.0804885407842,-2.48611697182418,0.290207317209745,3.37138102214507,-0.360673783874482,-0.841515542264051,-3.26508438762743,-0.446574756663702,-2.71292814893853,-0.199683241174672,2.77893617740583,-2.23083618573067,0.780622262201495,-1.97799558029839,-1.01246561846563,-2.87196420975834,1.99330277551538,-2.88564400250925,-0.391903039243674,0.206847928615183,-0.0188021479993403,0.0169303719865967,-0.710790740628187,3.14130526616018,-0.894076830619829,-5.2783683698067,-3.09352799914348,-3.59120553880876,0.352807917308575,-1.06020462793453,-6.4085183910317,1.1693764998463,0.169543441522686,-3.91600515713014,-2.69990913040192,-2.43186484692377,-1.15686611398961,-2.37296061175499,2.54632028355538,-3.11109187125044,2.82201671596289,-0.036246053553685,1.35281780392121,2.07729817767458,-1.02064622304655,-1.34854008383765,-2.43878207760038,-2.09522599666131,-3.68901876604015,0.399052610476179,0.992739623818063,0.333718339177755,0.426680845090103,-4.74316855228419,0.418609062683505,1.54576917024198,1.94399552631112,-0.527938801811437,-2.89481901831254,0.760702401487028,-0.51592976725841,-4.4454217461796,2.29283565805424,-2.27731795443388,-3.39864579747939,-1.16340506487335,-2.48851092900449,0.797365821741788,0.685200917018768,-2.48354889592322,-1.76944505584405,1.1492784056191,-1.40291462043095,-2.97204201357369,-2.56530876600676,0.513796885999706,0.860080832164166,-1.62358337736319,-3.44915209605168,1.1423594264012,-3.86641365460553,-1.42771051247684,-3.76827612092351,-2.68456096534269,1.36982434665123,1.50887537866073,-3.83860389292015,-1.04643930508994,-0.533170910921798,-3.04633077297766,-0.618974376961094,-2.08072336655116,-1.87062403909081,1.69577227726364,-0.112346372599926,0.239950487313738,-1.05529008132151,1.64509745239813,0.39729901053069,-1.27212336624084,0.622112629524187,0.190146501012383,-2.62933846045674,-2.54010023023522,-1.01224490779256,-1.53980503531661,1.1008226165379,-1.60202727557856,3.23062677271939,-0.877965480200549,-1.5458715600577,-1.42150219195049,0.468659975964222,-2.31931857124473,-2.86868992497854,-2.00668512220168,-1.86205023366808,-2.4867263355879,-2.67571857624877,-2.03163817612651,-0.972342104254266,-5.02188004472943,1.89580689842863,-0.735879046551372,-0.0491250506272753,-2.02722951278423,0.0997147269176288,-1.25158429946082,0.477929587084626,-4.56881558409417,-0.155057433588473,1.141595336451,-3.28239625492569,-2.10041588054604,1.91920114989606,0.473311343205765,-2.20771267418455,-1.30637483361523,-2.91225309692615,0.16271952950194,0.164453752745605,-2.44220171346078,-4.0133691006165,1.43048770679417,1.52681884882363,-0.106831966658364,-1.45139580706562,-1.48690551977667,0.285411806816784,-0.617013447093006,-1.50233187183177,1.43524853988346,-2.60890376059862,0.00141583661919276,-4.19644045764745,-1.58466342110233,-3.80588504223287,-0.468559446613406,-3.31841002982242,4.38413715339116,-1.35490905202423,0.121966422169375,-0.547698628065421,0.990035142983095,-0.0650323345590649,1.62879955917335,0.827234716772518,0.445327296260972,-0.248289871800934,1.26429223258073,-3.87893571523913,3.10200913635407,-1.75636177278055,-0.64909733097639,-0.600937216258641,-3.08478091637075,-4.91936477907435,0.628494494612054,-3.90696579000038,-1.84695635399418,-1.17551163996776,1.19617020150952,-0.747160223787297,-0.98446062455644,-0.292558849903669,-2.9566581154564,1.09528062146764,-3.66157354343149,-1.97117951631986,-2.03127393963426,-3.43451102963652,-1.97829165641692,-1.84641217210214,0.0160321691362024,-2.63861629612815,-1.64651083884395,-6.00531133798052,1.53268588193599,0.481045683451742,-3.5903064263578,-0.824323887337749,-1.53882753615031,0.345198395790766,-1.17979879450997,-0.777748986042441,-4.45132202176261,1.20666131531228,-3.31421636852122,1.76814285442259,2.50646861607248,-0.38449467738892,-1.59142899763479,-0.528972905210597,-0.641202784296499,-0.668504507304144,-2.42887481440747,-2.9464151111947,-1.70766273455946,-2.56196655826357,-0.97360535601267,-4.36468675990489,-2.29327588290564,-1.81202433873071,1.13963427018436,0.312810440048071,0.197585862750973,-2.79906384645374,1.78104383245988,0.0546494788856384,-6.46577381507742,-2.79941886610314,-1.94180967595163,0.265018717383648,-0.692351296685958,-0.333831121940443,-1.19109105906094,1.48680413024654,-3.82327297419462,-3.24620637931524,-3.80078306929411,-2.34758378274484,-1.79370413087794,-1.71698259647881,0.390303169912037,-0.156911096038071,1.69490027249981,-3.29413857392852,-1.24751091189472,-1.23685793667,-5.14459152436978,-0.879403328916454,-0.673027357579348,-1.6510761767377,0.475396028740979,2.43892828022231,-1.2741831025881,-0.34262820493433,-0.15025209433446,-0.205239331288692,0.726375793758956,0.234651672965484,-2.48110447993629,-1.78960976053794,-2.17731725235192,-1.60905850909136,-0.256280892451218,-1.66832257568333,-1.08838679198893,1.64994511375897,-3.11629341577394,-1.67737141127575,-0.509320208743645,3.24314231840893,-3.41234188914332,0.424180172436972,-0.403458377888446,-3.74127482546432,-2.57024221925528,-0.202338326024443,-1.01096085681217,-1.78808176615122,-0.741650942530292,3.25446576488059,1.10977374877638,-1.92216858129546,-4.15962782238717,-2.55508982155962,-1.2163083012065,0.932636054350574,3.49977756964279,-1.12181395707777,1.11767962529923,-1.50475482057818,1.57616123972488,-0.444342074035135,0.869836803224205,0.129084757241153,-2.90842876955882,-2.28849062700215,1.45039272558493,0.210743280740826,0.92631838113938,-3.58150102158013,-2.10543776409285,-0.214753614263321,-0.0039413103481214,2.70540421359237,-2.55950456032064,-1.77924501083824,1.23071372036106,-2.23520659801013,0.501175592828718,2.78250940777221,-0.03481010250808,-2.17392401055406,-2.20957701337323,-1.5198484931287,4.09549141130027,-3.51706406646786,0.487918030630916,-1.94287399906665,-3.77031707793371,-2.85048956879547,-0.983171098893709,-2.43637146517282,-3.07950417172045,0.791871508351435,0.282737172241438,-2.47813428507203
"33",2.3874548834906,1.26727291125117,3.29387385823043,3.48726488832778,3.76185635581161,5.83320308132503,3.20352440502114,-0.664571948684962,2.40908769766964,1.34971833326389,1.89990149499019,4.01387057339178,3.60558745737746,-1.64025474947308,2.4593661665343,3.04456026246124,2.84998178288242,1.02472618423205,2.3445315926802,2.43727453697491,3.41723929346963,3.21652902498019,5.3444962291955,0.0970710352364912,0.039450835306492,2.30896579407729,6.64729341043288,2.89494205142773,2.4035857343479,1.61030775234249,5.03770287407314,2.75143633425166,2.72338626742413,1.61577937749447,0.62339200258449,4.2880923932846,1.32597213279685,-0.353028470089911,4.30768034119036,2.46753604832627,3.05982525320846,2.80633069238575,4.04064491074311,3.3120069496364,1.04700685391066,1.3599465414993,4.56863322603648,4.40305016029089,1.84100384149414,5.34863122025603,4.25767534137586,6.12775376569452,5.35917405451123,2.69412170918112,2.27675817870292,4.41871707992379,4.09466384569013,1.7508658926549,2.29127122697483,4.32933368835061,3.80743726841698,3.31714933279862,0.821006138637276,4.93572590222538,2.92532565191197,1.75115959367129,4.59985854397264,-2.34234923478882,-0.141779547554426,3.25684546475693,4.00584782338163,2.79129146933992,3.10988552645607,2.94455666789218,2.6467227416622,4.10966491705874,1.64590050508022,1.38741253942243,4.60474544324026,3.9025331424653,1.48253623034625,0.951699134849608,1.7780931086857,2.83221918812089,1.14551209724935,1.05990774907275,1.37577330010506,1.88472272023664,3.19937600178215,4.37910654708696,5.52025833554909,5.69212662692917,2.43845212771514,3.08306456866549,0.16545666877817,6.24841180777722,4.78353423552935,1.95770823037676,1.46777623359785,4.39553838394726,4.37694131104828,6.41007542674149,2.46789695170065,3.55075773886657,2.82886144894219,2.19631339989265,5.59461211536916,4.12957135518314,3.07965912265324,3.97850075339718,5.38647138565956,3.26537057115409,-0.392859302157495,5.7359130765392,3.06434951504318,6.93800620623106,-0.461019949608362,1.72705011760495,4.48960840791416,4.80381383016428,-1.45585991493317,-0.510310373617356,-2.0383431104634,0.378238434368714,-2.55696304215363,-1.67596890382112,-1.07306892894303,-2.40877028248585,0.183576412663413,-1.27104709908832,0.217236124205596,1.26851378831817,-1.72108349100235,0.619691455916852,-1.57870150292264,-1.74111892373093,-1.0677199207296,-1.32876180758501,-0.376742947181771,-0.498625640528465,-0.697984686928906,-3.55307455747406,1.67516203959601,-4.24923794910725,-0.440651485671208,-1.88298050900824,-1.42958496059521,-0.0880590851144537,0.241699366671732,-1.05868112571091,1.27063272587011,-5.30168137558968,-1.50670092965424,-1.47718761169749,1.9391632543537,2.25352875854707,1.25956960872065,-5.0752591330408,0.548282389102043,-2.92747145209523,-0.226796554396821,0.624120316413854,-2.19288804297004,-1.39773754357663,1.57189509547902,-1.93779912301683,-1.42305938147941,-2.54121551123867,-3.47820455774495,1.16702173274556,-2.89817419911211,-2.40429294794316,0.499989085487211,-1.7792034677336,-2.3128410712315,-1.21583916301797,-1.75147419438757,1.36539550929471,-1.46480727258463,-1.48158209314382,-1.26473974675416,-0.34970683360047,-2.53564155761264,-1.02955376036978,-3.60553795459473,0.53352639349589,0.522450391490842,0.715980378521798,1.4763773520786,-3.01917847587331,0.174319753737782,-1.15634038015725,0.0713067024429777,-4.09461376940769,-4.21668375471928,-2.55535624804538,1.82831494526026,-1.11231186804755,-1.95242511711693,-4.7355108299826,-1.0929078116273,-4.0038970144104,2.45638504598449,-1.37453471902222,-3.16388349443436,1.42499791721885,-1.70917523706797,-0.570451891160137,-2.11053031246487,0.857055042233126,-4.06003020412552,1.74013166781523,-0.897752129421845,-0.916047318281829,1.09458439917227,0.65450055121518,2.10281000505497,-4.82551920035191,-0.75133660515086,-1.05061612919526,-0.785608900165025,-2.30591020179292,1.4200989583273,2.6362149520583,2.56112835913242,1.74423917179312,-1.10452378106855,-2.36183075082586,-3.06920701657061,-1.66087248611322,3.46313182383565,-2.93345950713953,-0.671375716388902,-2.21584185521215,1.1700858690926,-2.84793512065671,0.0645008369349145,-0.0291361793633359,-6.87748060039636,0.753595065999249,-0.0418865769520534,-0.548466104089658,-1.71774333465069,-2.06542977822306,-3.92871655154237,-1.08324328156914,-1.44287543539674,3.58561836255439,-5.96507620677246,-1.76008573830768,-3.20876173495161,0.324967051989231,-1.11233173658985,-0.4233918585469,0.554754186961458,-0.168554987862504,-4.02736464162661,-1.05939871411057,-0.810839154527139,0.12386420058038,-2.94640080353918,-3.84746306881059,-4.52684522503584,-3.42983266518589,0.398048788645737,-0.917967067610667,-1.68471340996534,1.51065241391356,-0.512969501830066,-0.273912153018778,-2.36762322315075,1.22717855681974,-2.01543725980305,-2.15122067567135,-2.47704255745932,-3.81852793456991,0.879583647421274,0.810267741265952,-3.96061752663933,-1.40593278291275,-3.69636407208399,-1.98252766508249,0.400772000682299,-0.0480969003649671,-0.00374740357972936,-2.83834623149747,-2.14012029794384,0.482321540218494,2.3170574060117,-3.69048568315555,-1.67817308535943,-2.33203887777566,0.696903263740229,2.59908563598372,-0.613103072387369,3.57953647188066,1.18684939839163,-0.701615762304821,-3.28821320260653,-2.88103638541632,-1.64125197179487,-1.86806622363862,0.452150848603821,2.80406019144159,0.238569969712211,-3.74376396256803,-0.461295566790026,0.882790076435503,-2.83968529485762,-0.0838976625841822,-1.05487917557123,-0.59676397199404,-1.22502030849856,-3.2005556948226,-2.52330999483203,-1.72269438268362,0.542655211809818,1.29853049932012,-0.339830339731136,-2.5109733535796,-1.80724368397555,-1.09059075484887,0.0236592541754681,2.45193416169867,-1.00102519486037,0.715439220477948,0.887021547598366,-3.94027506564358,-0.83035175110174,-0.769245945057096,0.595309469026296,0.123654686846715,-4.96075095535582,-0.966640965838496,-3.9146756992688,-2.74013333899709,-2.56986695010177,-1.5227295083979,-0.777793482605033,-2.09569928382575,-2.642438224797,-0.48445767038156,-2.95150929042795,-1.44237045459752,1.47942659612149,0.0210155181305887,-3.53156222762598,-2.84028827007421,-2.65269790517535,-2.37297682233061,-1.26854040020561,-2.20628611000071,-1.62926963691484,-4.03280127607818,-4.92610488392727,-2.10315158162535,-0.607882227212955,-0.119520528402918,1.24082635521138,0.143389659131857,-0.503874244677009,0.00249680662466045,1.63063649691458,-1.72322579256933,1.72058571659279,-0.765363819664893,-3.5730103630084,0.821791838550618,-3.69499330566221,1.17610150180773,-3.77567607406638,-1.39858745667298,-0.552106462408381,-0.596502487596043,-2.30259961664158,-0.796897029004835,-1.75204219756577,-0.860161384884154,1.14652593606053,0.635744990464249,-2.45006041120266,-2.41693650870915,-3.28267287308971,0.0534048041194664,-3.82130653291672,-0.458845668542628,-2.30266971422914,1.81065498030896,1.25333927522361,-1.18276906818381,-0.402613521258593,-1.8860885063501,1.46329745860047,-1.7000669181485,-1.25064553685076,-0.0567702124824888,3.18573850536494,-1.60931539604028,1.93585820928398,-6.08721857951357,-0.495837348896772,-4.48954522857101,1.60831551989871,0.344151586950728,-2.395253740888,0.0972250788754703,-2.00411085964868,-0.2199113765015,0.666825287290656,-3.68818560937506,-2.81666661629526,-4.40923508859508,-3.32159087428222,0.347458688106665,-2.91526307819301,-2.54472605922963,-2.69352963638419,-1.18032101533663,-3.74797857008436,1.63213213066104,-0.293610629836207,-0.696184010502899,1.5333464638738,1.03825341383736,-0.940178047150666,-1.69309387782042,0.148254967411675,2.26316135615317,-3.63633591881884,1.31640158036957,-3.17485871179152,-1.69449137131975,-1.42063445723925,-2.47265069188778,-1.78835802801752,-3.90558518986496,1.69460513499319,-1.61842072390007,1.81379873181453,-2.64008005149801,-2.02839279528635,-1.04333510275602,1.86309592460294,1.00618731788263,0.400438308678284,-0.342671858740759,-0.142400799390264,1.20462422090568,-0.111273214485472,-1.39331585895867,2.13292024764572,-2.20888356008964,-0.489315831340416,-1.95272614399397,0.332048876774917,0.0190161548836592,-5.34993462148105,0.192558515290084,-1.63077240151537,-5.48631973574866,-0.520036082785108,0.604815418942868,-0.532511049472676,-4.17955723814686,2.02675684153714,-2.33550669634554,-0.256752420320875,0.610279222889444,-1.28359039233202,-1.31224062400487,-1.75819544567861,-1.21672767212328,0.524686276403163,-0.791343589759448,0.922152011153214,1.67161809244536,3.83948184457522,-0.088594451226974,-3.03035586920753,-1.11080358647998,-3.50159586501609,0.213218441318896,1.81214683023009,1.04724097921731,-1.26572003984191,-2.06436025414225,1.32372104642025,-3.77328849173181,-0.98813014529716,-0.169231797696846,0.12690701296314,-0.494323411121321,0.832468169102598,-2.89469327000185,-0.152093425347573,0.860678751781804,-4.37784110142397,-1.42976531303453,1.37489781187512,-2.12628601072002,-2.84952806344287,-2.95625540169314,-1.63418501997275,-1.89214232666283,-1.34836608588584,1.51494077623114,-2.71705896293296,-2.10179289125213,-2.45825545913198,-4.12176563990575,-5.23017164045103,-2.56255951310917,-0.520652134263581,-1.10970619092467,-1.94976544606178,-2.48915554750817,-1.02051538081113,-0.205792726690579,1.41385688473444,-2.52695532082489,0.541421328144023,-0.854231460473829,3.1321112701714,-2.02421459991257,0.316887260389728,2.36564074430501,-1.67419519924099,0.232657134655883,-1.17153580927633,0.68545330332757,-2.61472509324788,2.80121379580128,0.696026657560719,-3.25514101395618,-1.74990648600738,1.02405873687978,0.449565747875475,1.76034015811303,2.073154326855,-4.27881580080745,0.884705773242926,-3.57819627429779,-1.5921103420318,-0.228539247376623,-1.16778856781784,-1.55445479382006,-1.19887969256426,1.54365994920806,0.8160227241598,-0.051088967173047,-2.23477904021577,3.76443311393546,-1.56028583596322,-1.46257514673024,-0.531708700017267,-1.73087158039571,-1.68670633792828,-1.00361851532703,0.838133113607819,0.0284006282234615,-0.566283164438692,-0.820333049189546,-2.04172520717115,0.211747876473985,-1.09559249086487,-2.70867598193899,-2.93659122952611,-3.36742841955533,-0.441175903803824,2.10344358624994,-4.67853160619542,-5.16766187918404,-2.53066750137061,0.653740870794648,-2.18903482118538,-1.06604809596989,0.113236614559585,-3.03251461250023,-1.01855092265367,-2.66852742347921,-0.179763489642257,2.17534321815461,-0.11575442098783,-2.71160375517379,2.93046741784429,-3.41736486407636,-3.39167810912955,2.30678325675581,2.94311505585623,0.980794621064523,-3.30243103492414,-3.06632731694512,-0.33481260184549,0.130270933243512,-1.01964828080861,1.70084940761753,2.05209136049529,-1.8607545369936,-3.49436401649631,-0.684622060866356,-2.6291646644382,-2.02753307008396,1.03852502484079,-1.68108262324758,-3.59392870570866,-1.45898067164343,-1.90639890075024,-1.96328751479456,-0.690296718454658,-1.70664047339434,2.66273322912332,0.0554151977460897,1.17356538757546,-1.21772073222991,-6.24326691879295,-1.75973527357894,1.43081742270379,0.377553820854911,-0.274411043214245,-2.41848507445065,0.225091643792298,-1.92668150912571,-0.744703734061163,-1.05854647263074,-3.84745115497432,-3.39279191996486,-3.56942202807946,-1.04871261741855,-0.245778890539518,-1.58532403190719,-2.95911641777333,2.19720586899754,-0.242030634137399,3.48354788960265,-3.51968218393569,-1.52712476514197,-2.08210507404679,-0.511435853920556,-4.59379601352379,-2.51263539775383,-0.366957955017855,-4.37065155659885,-2.47893773823866,0.477792635909898,-1.21064096541897,-1.6110581049657,1.88022682470435,-1.89397844275446,1.19030625037856,0.342040243750441,-3.17137561909948,-1.76625573819074,-1.77101850802405,1.79789961120781,0.775647171780448,-0.850434577026275,-0.988246151716661,-1.93888044905372,-3.82438809294392,-1.46518747016687,0.774478231364535,-2.67667789282713,2.04972061707081,-3.91682635029292,-3.42734275439012,-1.01644238704005,-3.46690426176724,-2.13207407630363,-0.784524781254552,-1.53090113774034,-2.58718621406527,-2.61672829312848,-1.55774768760876,1.99391980731207,-2.41190648273849,-1.77018021861331,-2.33000872108941,-1.80729148297575,-0.84268985922293,1.46555080399545,-2.59907743943503,0.93198604055572,1.15488037180601,-1.51479037200685,-1.1301826081543,1.68875591101056,-0.620630545525217,-2.30306488475226,-0.414934873016278,0.697934114506404,-1.02251907607695,0.642874449253232,-1.68508415859033,-0.0565669162404251,-0.245474572808309,-0.0413093771339063,-0.535242384885474,1.67988151770954,-2.9020184020901,-2.59389662319911,-0.236551204076956,-3.05262885421342,-4.81204727001613,2.47233891179649,-0.441869558920335,-2.96438188301765,-3.72280659861188,-0.381410081223508,-1.35183355663524,-2.27173831927823,-0.104945998069477,-0.868183752961651,-1.53482231717311,-0.177427629387448,-1.10545421635827,-0.11554884855677,-0.827004078517875,-1.10887775537959,-2.10433166805198,0.787243124159056
"34",-3.01172047489913,1.0267601121735,-0.332437342467558,0.162065450030249,-1.48748529479513,1.95372795184316,0.382631629120745,-3.1280781084394,-2.98389724389888,1.88820603680737,-1.33024273760833,-3.08900211644072,1.85399168074798,-1.87441961208883,-2.55784968362266,-0.0789993687785728,-0.0533425450656674,-5.06889270869763,-1.2375841230461,0.563567285268308,-1.02373974308266,-2.04849524494535,-2.98056564547532,-0.845186432009378,-0.0773555270656652,-1.55651034071872,-1.42183502472444,-2.2175313275594,-2.896411561933,-0.779690331415197,0.350101839990345,-2.31860009902134,-2.80847498569883,-1.78978780920518,0.214191157713894,-2.25640910195683,1.16376977024916,2.0363828534883,-4.74440872382814,-0.532893732502776,-0.623509475423115,-0.931910756004489,-2.44886451065743,-0.542530746182296,0.989887028586294,0.549188749374661,-3.15128979669771,-1.07614040145738,-2.41114300179025,1.16121453283862,0.585382776539973,0.689390514689655,-0.905648812204258,-1.50018385543956,0.510822389310402,-3.78591004691678,-2.14505772901939,0.247261905231213,-1.00931124697016,-1.20083993508404,-2.3418582270247,-0.549286534234699,-1.8276229855961,-1.37433950544689,0.688094223363095,0.218479398322379,-0.823704829359593,-2.1827470441407,4.15430343774585,1.12707591073942,-2.04604445772376,-2.81883312786575,-2.01391449953023,4.75131712768441,-3.17136616778507,-4.04845670055202,-0.430805366497665,-0.907459735460596,-1.46977823826006,-4.26983745030589,4.27010288395121,1.51602190931842,-1.73636733715688,-1.06076227061167,1.06960908240004,-1.88670070606513,-2.23926822067253,-5.71342350318276,-0.378480942818264,-2.0454201525029,-1.62249660018359,-2.67168596416035,-4.63589345515802,-0.30325602104277,-2.52825052907227,-3.0008509912227,0.471704114346168,-1.64470788775675,-0.651635193568811,0.679731205844373,-4.28962727464482,-2.47786522067664,-3.23902704209598,-2.98764803840628,-4.01202563655601,-2.38244395424404,-3.009969489329,-1.85846573148494,-2.81933279950302,-2.51178145311907,-3.45460434203389,-2.32204497430728,-0.739626150147567,0.143919244432018,-1.27196826199741,-0.212495600506149,1.89369998816925,-1.8382290247854,-2.71389632522125,-1.21155361689997,-3.98387352771476,0.0693609209314843,0.59368868669811,0.934734584108299,1.73118774484424,-0.398724958259294,1.12052922093805,-2.12013175506397,-2.81345463586272,1.00375739427462,-1.85114575138221,1.13620273019379,1.12546049447152,-1.16236271805615,-1.48251817801067,-1.73720510579202,2.07345196209642,0.40785419957223,-1.73211744759095,0.187963525753064,-1.98043741469002,-3.26013851613918,-2.21182442269321,-1.545880845417,-1.33231486135577,-1.18859145267644,-0.664368339150339,1.0858063027034,1.05850495577791,2.94973325292202,-3.00207892196171,1.94056815012075,-1.89571214298569,-5.65353100108512,-4.86792528417969,-3.74885351159081,-1.23207869384971,3.60125036597816,0.783726594514902,-3.11292683393048,-3.74479206187095,-2.79375042906695,2.3806572478433,1.0570433856426,-1.39287363983118,-2.96706392981725,-1.48821458987233,-2.13296412112409,3.83738838827778,-2.03068588741711,-2.08526758120243,-1.05468286063078,1.346257625092,-1.72049325065659,1.51969112711766,-1.02750084360279,-0.89511215204128,-4.88839899155315,2.02874067903193,-0.768716361035775,1.10075325056447,-1.08738328481432,0.713780875437321,5.38364342969273,-1.06835855964256,-2.56341387413598,3.07003176855742,-1.85005457661862,-1.09404240797261,-1.22045609542107,-2.17912726606449,1.55075214180752,-0.917392038208306,2.46463069297665,-3.32651381354997,-0.928389141336829,-3.99579967792146,-2.74058964229841,-1.18346673041249,1.11448300492304,-1.18717537373942,-5.2016582761309,-0.988275051332943,-0.255594768121562,-2.57807348253405,-2.4036069069414,-3.33325690722274,-0.357801497686529,0.894977852894011,-1.57894731065044,-1.52835088720464,1.38394668510891,-2.27269587773663,1.55990827510307,-5.41814202906464,0.150900057613602,-1.29743614586154,2.22189347326153,-3.64328699312894,-0.225864188132801,1.59901978504216,-1.96764984935172,0.627739624711194,-0.176316208848351,1.64601363570791,0.282181643275129,-0.366516209386152,-3.62071342776426,-0.0995120498279098,1.57638805130263,-0.416492783740743,0.0279900409913405,-4.81184783697533,-0.492905271728262,0.708020509682884,-0.485866387211517,-2.03227981588306,-3.63454651117877,-1.79232655653233,0.953557947763367,-0.297555653832846,-1.67958918416231,-3.64937796181656,-1.6806872493033,-0.979545014347229,-0.147342189736863,0.767089704496783,1.05488568935979,-2.77441448033933,-0.751162134964308,-3.28096739394562,-3.57950525098722,-2.85406348701472,-3.19439934517024,-0.374310325250606,0.651456825434623,-0.372195187373262,-1.76432747956645,2.66480359141933,0.558001371075232,-0.467324206545427,2.26353368101477,0.754382714182433,0.192806686783358,-3.14385610162297,1.74139762289456,-2.19734036603534,-2.78128014418005,-0.442609507297036,-3.3305898681145,0.267788401917202,-2.84535447222773,-1.11457339761993,0.384682654226465,-4.88984359023055,0.752040755586947,-4.75601622304785,-0.77729271053158,-2.24992140241981,1.03984340670641,0.0981083849880175,-2.46635908635303,0.289575251294668,1.16332406918438,-1.08757785057094,-2.17060561960307,-1.55970656074374,0.882936508325281,-1.82398128587683,-3.68340474290605,1.19018026870036,-0.762043847363917,1.201205948798,-1.96340715341164,-2.85352754952627,2.74971671868428,-1.2049866043323,-3.02714578697503,-0.327703199285597,-0.937479877516541,-1.60231956581089,-1.59279638566061,-0.151890686318124,-0.292589459104762,0.521668648988024,0.0511795656209812,2.92790733947759,-0.586919841313717,0.698534870288806,-1.13752380048926,-3.74660907190659,-2.14190273146986,-1.21103968877127,-2.70569465938419,1.86339308459055,-2.27532726231041,-1.17202919802205,-1.07755037061587,-1.69681004955421,-0.989532384321212,2.57905845837023,-3.31341118767614,-1.76521548495534,-1.80192013361464,-1.35674328816411,0.669151280860949,-1.39929107567803,-3.00151142011109,-1.97631836919346,-0.848602359702132,-0.805624339239122,-2.00247664596217,-1.82284264885126,1.6555573494412,-1.33161015641057,-4.09770612796279,0.656706748337541,-0.379769460017387,-2.12400804604335,-1.58483567552544,-2.00187987788367,0.92110866853084,1.14917298003327,-0.115008660707794,1.31847912910073,1.14487576272592,0.891565188827418,-2.36584725658076,1.23426296740035,-1.18755945281638,-1.46400685692634,-0.0435565557611773,-2.02781740861079,-0.105103321252374,-2.16644629037019,-3.51381833544065,-1.09533937192625,-1.51960517177918,-3.89591789311768,-1.77194983743476,-1.6901523777989,-1.54518272149751,-1.51808869703245,-3.00059917892476,-1.50352368606933,-2.71651959485821,-3.07132725859071,0.423249475168144,-0.0485975386997632,-1.27994235857987,-2.36836390825109,2.05699842688636,-5.21520930121229,0.994363466441871,-1.98438513793606,-0.337442284472279,-1.54812151193077,0.595967711120396,-2.95283472489353,0.471295049957781,-1.53802812124913,2.17927418782553,-5.20712322434591,-1.52818314179791,0.022059324020397,0.892757558934684,0.431772556437569,-0.242029969133283,2.06459592194221,-0.774566960585997,-1.56151868500266,-0.80962866892841,2.00985387990639,-0.337749002764383,1.83401611986686,-1.78827394685529,-3.31041726751547,-0.637942464623522,-0.328292974386548,0.604135433867616,-0.700663461862549,-1.02264556947034,1.53215445094735,1.6160035189245,1.39285472259019,-1.42489686356978,-0.939213100699999,-1.61319552339343,-3.25324020735667,-0.426834896134365,-0.183852760227265,-0.566599995946025,0.609539819508261,0.014969971806702,1.82180387753094,-0.875771510165647,-6.86268870693848,1.42201003602179,1.81551659646221,-0.948843978977084,-1.72574603482321,-3.8112176749911,-4.1031879636669,-3.61922599496694,-4.22201428797535,-2.836868958702,-0.483604798409537,-1.05584152106742,0.84400426392879,-2.79119973328502,0.855053369255668,-0.7592801860702,-1.02117579586917,-1.7452623446959,-1.11940886475014,-1.97766873269887,-2.54114399644447,-4.45826667517793,2.89344363003017,1.02368354903617,-2.15969718332322,-2.99971390399915,-2.52657159272646,-5.133581567812,-2.3245588567084,-3.10643776170525,-3.10593837200974,-1.57150527793575,2.03475474152747,0.781702421478175,1.10254631519094,0.123762923126247,-0.903042354181722,-1.68673688407287,-0.902564592682693,-2.6686361188773,-4.56027695064482,0.734945103594743,-0.00149241121597488,-1.14883262451932,-1.73983576068591,-0.266709886894325,-1.32564217009487,0.0979067647643304,-0.305763049507263,2.2631689388177,-0.552762793774913,-3.02265917440387,-2.86571228342403,-2.41085261134705,0.252148823173978,-1.8694466515763,0.00291090572007158,0.429564579196932,-2.99124864299745,-1.52098655091953,-0.564520893168291,-2.8007877073384,0.49413415710729,-1.1732941252562,-0.971505643053775,-0.509392999781755,-1.5266538640277,1.27003529365433,-2.44273807806296,4.10163258743396,-3.36362602388065,-5.25934802455024,-3.26665295680536,-3.19455159010552,0.98472983505006,0.950316776707007,-6.16158196719265,1.09216797653073,2.85810718192007,-1.49041487634951,-0.928220284741851,-2.37896600180529,-1.07250595154069,0.611563423682227,2.12652975284397,-3.26491501078068,-3.37680378210237,-2.97040838455201,-1.01429006845008,-1.30086694653268,0.482923555770376,2.05305538735694,-3.82799026614744,-1.44559879770962,-1.24635984357941,0.753862972512642,-1.5957462919761,-2.10198204520091,-1.78173580429295,-1.94351172324579,-0.502139021579963,-2.70622767563221,-0.829200193687721,2.01584516634607,-0.704206109139478,-1.65779980754263,2.52140446902402,3.31226803886369,-0.370599660306219,2.63531768541948,1.58657253661412,1.11040817379155,-2.14675541684778,-2.14606920847445,-0.202282434843853,-1.83452043458039,1.35505775380796,1.9614051692529,-0.527051700554642,-6.85229705686512,-5.64067856752498,0.933399324241067,-0.130999819437359,1.51320941576766,-3.60289911277225,2.5264313970591,-2.72773763667218,-2.64799047821258,1.54590553155193,0.251976533977826,0.28689615648279,-0.78107216629553,2.86993952555288,-3.59431832264607,1.3025297802044,0.413309069328376,-1.12188925262153,-0.0696788645960206,-0.96957982154596,-2.85527483413983,0.654486559748145,-3.27750925633475,-1.18061933901744,1.07623065088332,-2.67658178668014,1.02620718606132,-0.223763831100837,1.45088190426129,0.221968042797194,-3.37066198401474,-0.444912932640956,0.226573485279674,-0.0945814843542663,1.31392923808138,-0.626712271060078,-1.60007508976248,-4.99968677141596,-3.69231047178335,-1.71039161544476,-4.39967198845079,-2.90112149963568,2.36127296447569,-0.574118901722349,-0.500479550706286,-1.00812074794911,-0.364534115567447,-1.22396209708155,-0.5217588107304,-2.70852147729402,-3.22310469366903,-3.71443896535548,-2.34062135912091,-0.264643165476987,-1.31981050171409,-2.13005924170759,-0.690854848716997,-3.78040444710882,-0.837895193298803,-5.0041008027354,-0.332350940490278,-1.71467372142553,3.20159114198785,-1.047841420809,-4.56500921545066,2.49828853900468,-0.898228784059148,-0.161179728780877,-3.09202444197674,-2.91791323599964,-0.0957606628672736,-3.57310591770734,-1.32853309873803,-0.499439410734229,-1.60761728294508,-1.44557003544393,2.03624010603082,-0.71385324297049,-1.47082371331008,-1.97763944560239,-5.82854621881419,-0.236480562039973,1.41888097326361,-3.55764419051058,-4.27031680438069,-1.65970795506968,1.63980294071158,1.00141961059375,-5.93337078609096,-0.718153338276022,-1.24563831180427,-2.37186664909185,-3.42129453474401,-4.63044973955581,2.13910087454253,-2.19003113334916,1.28028645657744,-0.257235358235683,-0.735465511486044,-1.24386550283114,0.238684642475019,-1.432741034456,0.779169229251256,1.12289468105869,-1.99896552651743,0.817197366924836,-5.61137774101908,-1.38317964990257,-1.09676832956052,2.55649518640324,-1.28066250367223,0.764264819284225,-1.73747135819601,3.07933685426955,-3.15690030959518,-1.60806410126514,-2.71765081508898,2.13590748303071,-4.38534636908572,-2.41307055462768,-3.66523597623131,-1.72449701870098,1.31692647180846,-0.669173025805106,-0.849241949641098,0.732998431600056,-0.388169874905644,-2.29709385911518,-0.207927532860837,-0.824662761907232,-1.03703433832715,-2.30585671819301,-4.54418797060909,0.338577608483891,0.373179761965506,-0.297751877430007,-1.70555412991604,2.00551118060196,0.948311685415398,-0.546378980013084,-0.630345952047144,-1.43862313320071,-1.42979618442109,-3.68242325483063,-1.4484936512254,-0.248680594341196,-0.854992022088545,0.352107953519274,-4.30414775508216,-1.2834011049504,1.03314840555492,2.44916841661032,-1.38022330717609,2.79026352666013,-1.9009179051831,0.586413655807018,-5.57280008383236,1.45864376046341,2.0211311360604,-0.30893652924383,-4.72294448883543,-3.13726908694067,-1.68562884929974,-0.360702424108444,-0.645020085915571,-2.47396433849582,-1.70271719831536,-3.26782913016986,0.254937730229988,-0.858825470048959,-0.218754113717726,-0.135476010185206,-3.1508123903808,0.601137554909132,2.95419959418746,-4.22785713873283,-1.66173806107937,-1.77616110721874,-2.1825440477889,-1.05448516711648,1.60790121867178,2.22596088528936,-2.28336209927925,0.186073755524911,-0.126125714004443
"35",0.997867291918834,2.91068751209699,5.47606874563586,4.71854579227561,0.478931058413272,1.37178376701765,3.13883920543955,3.50781916760906,2.27949092126531,3.74061271145882,1.94200667443506,2.52486316969668,0.884849661207133,3.30638210696429,2.61374340811148,4.05020075315405,1.42803111309862,1.12667022693958,6.10966857822245,2.55313330749168,5.23444741254795,1.37796137101514,1.69087349581318,2.96784675696884,1.34580321173722,0.878746642117627,0.511446698374258,3.62998299401556,0.786994158673499,5.59276876313806,8.0022085853927,1.40119849412815,6.66364918161565,3.50919912519196,6.09226459285093,3.28196743830308,3.0411247029393,0.474088263748518,0.324761350674651,4.26734296217469,2.89137139668662,3.42965545649249,0.538827171550977,3.19289861943892,5.21016795784869,2.76549290497261,4.52613192057317,2.09374676328423,1.33325733096368,5.50539250847564,6.27969638745265,4.09724374789324,3.56936599353296,4.65534906140712,1.62786413979744,2.7443302216387,5.67820728260917,5.95718850798964,1.34114369145834,2.03090092459478,3.92221593004523,1.91768343362951,0.0222278438645249,2.4647981508593,2.39886462159466,4.65741729939504,3.49864670620891,3.31845420047659,6.38923198009845,4.4275122664826,2.90794264143147,5.04743047780637,3.22912597450012,-0.688552175480418,-0.943497355677252,0.317591470923637,2.35651390472524,3.54633058686214,-0.184690289383274,1.93351726224783,3.43430310426622,0.0797614733196093,3.38602438748817,4.05329674304458,5.55940833337712,6.32393594377245,6.16697105401196,2.50107431472487,6.74719053901282,4.33447635832441,2.26129881271717,0.528094704538437,1.82529685692193,3.30428151793661,4.4361907728521,6.78622346895241,2.54514022022913,3.28157741614702,3.11922340521664,-0.144635626699687,1.38149327773483,0.890112608644106,3.5079849644831,2.15505591896467,-0.958164577420547,-0.518311881683339,2.66933415815608,3.2136970366744,2.74372869153786,7.39073307971527,3.70388759065621,5.70259943593991,2.20282520099519,2.77430396368957,0.892606478217577,7.79069723817178,3.0628586979501,1.00587294475867,2.98764634367336,2.24254055899407,2.09269041245733,4.40866867329469,0.4520092853683,4.8554353258945,1.76094081944553,6.1085867093376,1.33673996509193,2.66932199674441,2.67533537561771,5.97820203007296,0.864962433994155,3.0443985288454,4.33226195659586,2.33938307778585,3.49977353271835,7.83871292111156,-2.22052965433829,4.26741695014262,1.02141129531861,-0.200071135279234,0.323986750345726,3.08368427430614,2.18162472935415,1.12795328952673,5.71346729479422,2.44965206421586,0.881676756035678,2.907164760838,8.00875662940931,0.803361600215439,4.17859346424797,6.32604757161389,1.77273894903778,7.69135772387346,1.16263482052829,-1.24245922083818,-0.147028972325306,1.77000754809278,3.37722483061758,4.82503293175331,3.03946390205887,3.22042319015568,4.56897377677368,3.47541361811456,0.569074873019436,4.27911055429113,6.61093820265108,3.10767650577586,4.98859110302992,5.23025820557915,3.07782459737431,4.09453613046886,1.9440960530677,5.84725336946383,-1.2473475146533,3.39024244963705,4.96882220303358,4.58394691756924,-0.451370416163391,2.97369195806125,2.385060269246,5.95211201353657,3.26156161616471,5.68976750078003,2.9502897909288,1.77857050247195,3.09148029906194,3.18566676420095,6.68150865937868,2.71982614756946,6.12168053327082,2.53811199086137,1.75268908835184,6.18138732527234,0.921888606743328,5.23635002381902,1.58387585502234,7.01456211892956,3.38498229155405,-0.344385816757561,4.84654021909054,2.6007461628332,5.59266801897666,2.84934425192554,0.334017362741117,1.60331538151978,0.357448550744471,3.9034063417971,3.04341706844117,3.14200903120397,2.5409901405005,2.68987055678153,2.59494978614003,2.03170558612342,3.846165455825,2.91182807404539,1.6358823973196,-0.313050559548209,2.89684919450482,1.93650182792479,1.45317765171879,1.57636380715704,3.3413237233559,0.0451475427056414,4.00472435106057,4.83364291159127,2.76755180300632,1.03193635378961,3.33325800650395,1.2661059703956,2.33257354147641,4.94404104234927,1.59272929445413,3.40424244779633,3.53841368956085,1.44031378591408,-0.740846235102496,3.71436108616783,4.60540049820772,6.72787882884701,1.4202130460758,5.87095694294261,1.57441822819115,-0.227826793247157,-0.181975540621445,4.14240765891461,1.55192070735409,2.52737167939143,0.104873492978198,3.59679171595186,3.24994011083197,4.16470864464824,0.182405808452008,2.8330868177477,2.87459490159859,4.63439591417168,1.69333055186151,-0.61765642342301,1.40934192657262,0.323831727402508,3.80547544487457,5.55529766460713,1.60175929377732,2.30964983741342,5.03279303842369,2.58061694035604,2.48458254680823,3.24600833088527,0.222759020446531,0.97354454353356,5.87484363712288,1.95677657668616,4.49794591505411,6.26517662039714,3.13843278214668,2.87854154422945,0.937148489211606,6.27927879758563,3.33183467778453,2.05570852320598,3.48421423513163,2.93510603393158,-0.0139908374021318,3.3336764395778,6.37573522852079,7.61615744355517,1.98700010003704,5.99879609356927,1.77318103594886,8.88028244184658,3.69313594671174,0.182838521798182,5.0425471274658,4.31066168949365,2.02546532956702,6.3142706030718,4.09864634978062,5.09169780010914,3.34901779459956,6.61855590019535,2.2196831372477,2.83887837134304,5.13751747843893,0.832197446599776,1.73177834610689,3.77727183995662,3.96594981338372,6.88554116425104,5.42469403025008,4.30539007250268,2.7818907277192,1.73914874603648,2.75653977621883,2.00963600903999,1.16641602632365,5.38607157690498,-0.0205313030115932,6.33272253854298,2.12112415772593,1.13991709619729,4.64842878922188,5.8144877181278,1.99418104607069,4.48592296957392,3.34965801322304,4.44906243307574,3.94386612460306,2.08538578579233,0.591305593414807,2.62791696666192,1.78337691680909,3.02889531605013,-0.753921236080138,4.77277285455099,0.524779351210729,5.22543267439032,4.17526392275029,3.91394505731433,4.82931239149812,-0.0980353768454072,1.28118506987694,4.94859770925422,4.95727823223587,2.09946313045152,4.3881509109367,-0.252695324803322,3.33523938899852,2.38367157479432,7.14983283798697,1.53395795620963,2.84738717215387,6.53404922313306,2.2900767337656,1.30188857499898,-2.41502646493279,4.81258489707605,2.76243529228236,3.40591748226361,2.7424959482631,0.745160245352343,5.94627430608422,0.949538148048358,-3.22990338739179,1.13392371892646,-0.322169864898131,-3.78377078742465,-2.57118519411693,-3.12167708266061,-0.500273738062473,-1.62072196334702,-2.37142093585937,2.0464344139658,4.03207050149961,3.70506789730506,-0.241739163829033,-2.40293861893027,1.44837642962156,-0.370996822099716,-1.08068436832243,-3.77485620077396,-3.46396266601433,-2.21155299525992,0.160505081918622,3.16506384657476,2.57079494152646,-1.63951881366765,-0.628967411306039,-1.39932989679723,-1.69947163943031,-0.513360237899823,-0.438647226622256,-0.591544991961378,-0.165954941515286,-0.908196454680704,-0.644357184857757,-3.49152654497,-3.65288532709441,-4.10292097084936,-2.43114983435821,-3.63323137100426,-1.73331991394661,0.205103412809313,3.02228411497584,-0.554093248157343,0.228784312011874,0.605227881913873,-2.09670555614732,0.490408119056389,0.497955130834993,-2.02055330520875,-1.26757186149369,-2.32408269062685,-2.71657754129921,-1.23253452848133,-4.20998914138161,-5.83222026318718,-0.189781335551197,1.06469449602311,-2.7922861443498,4.94142362125107,-2.73433051601613,1.66296494537273,-4.25237099805948,-1.86708020230377,-3.73071679264709,-1.28285098383925,2.60137555251799,-0.226014598007715,-2.79897720870279,1.4236321709655,-1.08602090079337,0.762649231418729,2.12645837996907,-2.21138504435567,-1.30490791273747,-1.29247196926123,-2.20050469467347,-0.659776743963212,0.644589804521279,-0.409466746162943,0.102569287505251,-3.94717687251646,0.527861307748551,-0.297329880970231,-1.00071415855325,0.780261722711995,1.66510966969575,-0.306855052943267,-1.14342561482616,0.305139983607791,-2.79163731849467,1.30632409075784,-2.55456418473978,-0.374152664873778,-1.67327054118707,0.353880050876383,-1.16161093127544,0.258391825186291,2.73749943392193,-2.53973165444883,-1.46876912090629,-3.22218297035643,0.636574575323489,-1.97441817363681,-6.47621869450224,-2.62317515050421,-1.10666635755782,-4.19247813916961,-0.43950700877943,-1.26877318296572,-3.70621011740469,0.849785434967779,-1.13031357321395,-2.40437759365175,-0.726875970334753,0.665885831926968,-2.87547121889166,-2.48567220413711,-3.61135796993285,-0.0672014535338638,-3.25030837554217,-1.1203534653809,1.49412406301779,-1.17449359834012,1.14312395091634,-1.95418234578432,1.5028795688852,-5.48513847141929,0.703258015024761,2.01590972876496,-1.83106016369729,-5.48827816838328,0.112308355872949,-1.60309094950191,0.937363201669016,-4.70121796175568,1.35313485995344,-3.20518411720728,-0.0865492612266727,-1.15670730882002,0.286949039635839,-0.869346417280852,-0.357100747259591,2.39310046848701,1.69157863115801,-0.798095968050816,0.477576793384577,-2.18016435697151,-1.70913385427242,-0.069082266034917,-0.944239770042043,-1.83719471506824,1.65795802933742,1.77930034403872,-2.28891100864045,-2.90788858933015,3.49364500790456,-0.702764393267009,-0.126559391258305,-2.88408688088268,-4.51047287107281,-1.3117364046612,-2.03504394535914,-1.11778070691419,-0.870402920355035,-0.766161136971237,-3.46793889432186,1.45572210684848,-0.785571459372272,-4.98149206962602,-2.14119128715735,-0.399071945270609,-3.12242222201932,-1.77687249675397,1.09925089547874,-2.26685547982761,-1.63986571537125,-2.47818125244008,-1.56626637558033,-1.79691146074921,-2.47384791125352,-0.455636365377448,1.79298943250484,0.258319165180197,-0.962982780919037,-4.77980223823394,-1.74608718151648,-1.61518196323635,-0.946175427806794,0.857090074553298,-1.03453177436508,0.584114850965531,0.621916134316399,1.65988171758156,-1.60792149984002,-2.79421598445158,1.92628170041635,1.67494405357903,3.0554661105957,4.67612079286341,-1.29017375760729,-3.48975910911637,-2.34193522923568,-1.0778668282632,0.856920013633692,-4.48450280855198,-2.65328686982972,0.796178347872743,-0.959639009998879,-1.97069767734295,1.40651681328088,-2.07796264598911,-2.41570946108007,0.874522467499111,-4.76312276943508,0.851572192349481,0.614402109037394,0.297092767411204,-0.0641254300534407,-0.297156006527013,-1.17026620180267,-3.00569148857436,-2.27287514768816,-4.93682153965209,-1.14708047341001,-7.28430004693517,1.17503792614928,-2.14084747169863,-2.0037984368863,-1.06547521379045,-0.64014466947601,0.82679755331216,-2.05673397885846,-1.78639530651125,1.55950616611083,-1.2191140159652,-3.50727864058717,-2.4848104966871,-1.38311748116436,2.28654987508249,0.299501494500991,-0.604088232622341,-3.57534997609258,2.39877892162204,2.62238878149608,0.508111644483929,0.469676745148995,-2.88556634195679,-0.800539418796743,-0.73597993662729,0.869902128863344,0.100726866750245,-3.05681980781209,2.02909076080324,-3.64834260234816,0.256830669539518,-0.506534922147138,-1.62369974021361,-0.15627184903621,-1.56067409644576,0.819576739954688,-1.21885909942814,-0.592483353426953,1.75324370543986,-0.697181757222737,0.503122496241429,1.19949926465146,0.0107402271512393,-3.24457540884559,1.77447965622541,1.2874136910003,0.780572929925809,-3.05852394114966,-0.327121450268028,-0.681748747410738,0.839425961662718,-1.13914422167864,0.282850532181752,-1.11493706772817,-3.57676427734035,-0.482361255234345,-0.913204079215142,-2.89270583386495,1.36262913111928,-3.12243513660518,0.367104729106218,-0.395065229638162,-4.85939587885633,0.579661816692729,1.43750097975434,-0.658094953474057,-1.74628140751008,-1.4572700924071,-2.95729150695823,-2.52247155679191,-0.89663847035674,-0.183366309158005,-4.47372911190701,-0.475509724133844,-2.30889176357757,-4.6302456842744,-2.92710795343942,-1.14471099132044,-1.7326793667308,-0.904379677829641,-3.90667359700957,-1.61321465750775,-0.0605080366023008,-3.54648057325939,-1.98142759383439,0.0792261863724009,-1.36634020680546,-1.85130409650158,1.50061803418087,-1.37435711695065,-1.81092977419354,-1.00739422018626,-0.782161756824782,-3.21931282950096,2.01645696899576,-2.54523608791189,-2.62550321126866,-0.392734379024517,-0.420471445955396,-1.76462229087554,-1.07952878679431,-4.06271026722715,1.66968464763015,-1.99877696303359,-2.62871118027457,-1.14952175701037,-1.92923934382494,-5.38516860164264,-1.02068739347987,0.448173208218577,-0.0876535801598002,-1.30532463435711,-3.35516410808495,-0.0990502566675745,-2.28697992470279,-1.08473784192711,-2.06823844127989,-2.0210014575435,0.0451050769551156,-1.63686998211371,-2.71138163346662,1.55036229915548,0.42490846307367,0.535296751677566,2.44693367467293,-1.70842604691015,0.863593878660635,-2.04127635568003,-5.43975485730803,0.25327885819086,-1.8637987702917,0.566204131987493,-2.97263566330072,0.551943800363789,0.0605254250065062
"36",4.020269926236,0.36018315775469,5.56607698234766,4.3453633664332,2.16582710767146,3.32005195714262,3.09212076082145,2.85088302889611,4.00681978499308,1.93522163668539,7.5067162368452,2.74384705681584,1.31094127935501,-1.56945265228532,6.67409107445257,-1.19937829675692,3.03848113295773,3.41757426679512,2.67554026628099,3.58617465807235,0.797215951347801,1.82538455117372,4.37035484985628,4.35543860904857,1.94361147797181,-0.117401239176743,3.08691424540203,3.3910402808617,2.60752510190735,2.68870714715575,5.17540465434387,4.67294846997662,4.02386003322231,4.54245642304531,4.09232005413367,6.46971016620171,4.92999729810136,4.50208439740969,1.39553826067488,4.78742590072969,3.17732236699375,4.28894621405813,8.99366008358325,4.0011796004329,3.22871216006273,1.9812688841262,2.08079546942945,3.08142813302432,5.27186273541094,3.387751130294,0.203584020165063,5.37516985812928,4.74213654623294,-0.747709568527589,4.09336165150503,3.80511261966546,6.01608875593246,3.53689801794686,2.33768104503725,8.54386886078596,1.58085085683996,1.22800728135854,1.55011236839734,0.642736209401804,4.25266381377734,1.44093804929528,1.21074068652545,-0.957020941196849,3.9853834337577,3.668982006118,2.3868364149464,4.25998172536023,-0.827863956881883,-1.42789064207612,3.14248803131139,3.51862428790887,7.06694464316176,1.55969117934973,1.49522315843438,4.03330030507936,3.16862948944719,1.41685038722121,3.38753185285839,1.37253972642138,4.18409067001611,0.259544567578696,2.97344403157435,2.3812458014349,-0.853631912762243,0.79896075502689,2.66267292503427,3.11593301044642,2.18301247126722,3.41728194591003,1.25747798552317,5.1978488802467,3.29631288501055,4.06748950737724,0.494401030554684,0.953984603642556,1.40676962338629,4.02051860677957,6.93278152268891,3.81092017507453,2.47214624643477,4.18362310091461,3.8041943805834,4.76913926956379,2.36336547991592,0.629332007841554,3.14030082784684,3.06179171501909,4.90544303490312,1.44077483444376,0.674354122211063,0.961632723103598,2.24474732568574,1.55998245414649,3.53427797650844,3.98241615225545,6.48083018536129,2.53910625160594,3.79452001556953,2.99884953857428,3.7167387064449,0.661654753871576,7.17690395041063,4.50973390832649,2.34186264395117,5.4516823610418,2.57285938417331,1.74185910698744,3.07655654318995,0.442181215122895,5.12331303292533,4.58924901658158,1.77611919696185,3.81410703645581,5.86513893137315,3.51478587549577,-0.492479202738207,2.91962595975608,6.32746032110758,1.86596752325714,2.26237322882058,3.34180622792079,1.91422450192944,4.00264333863383,1.13483747570119,2.49813014730125,3.85628904341994,3.34714848390486,4.2445975035551,5.55539281519453,3.35213828566888,-0.329374527196347,7.67777904975164,6.50080046118691,2.29333985432355,0.181367230911412,2.73628821834552,3.46797906497753,1.87459115986953,5.19726551675738,4.27823733295915,2.9382429558494,2.77248052661388,0.179023694358101,7.56335976735104,1.07844612530943,0.736740764018753,0.830667794655542,2.82729724726185,5.33135291839444,0.846863118997859,4.44773240429462,4.28227798115015,1.84736772556395,6.34045262545821,6.35273738592326,1.13349585281739,4.03506922836529,3.32304872838298,4.24572040581387,1.97595917793637,1.68493455253803,2.35826959143597,0.140733747889736,2.23128162999549,5.03930633208385,4.32755621144208,1.3806696673285,5.84318407682673,3.96100444550528,3.29937343431397,1.84937021030314,2.61489490955171,8.75568603156982,0.556357288894307,0.516009478005088,1.09670660039153,1.12359871552076,6.1642184811448,2.9424426537424,2.59454553885892,3.72909293917014,2.67525569522625,6.54480483953425,5.4702934002316,1.63715636125377,1.95559301799672,1.58450283608338,1.69778672483622,2.48760682186713,0.770328484384351,5.39122190814153,2.87767417221609,3.33791029826024,3.0160550081325,2.78911464030261,4.60935984003431,2.73878398965307,0.955543022815665,1.46054835196158,1.94213642631695,3.16262458262537,5.00883487067835,4.12147852760514,0.124766711470925,0.482438425945371,2.26739390507978,3.3380695830779,2.4235533328973,-0.129994953594066,5.11775975209383,9.02535072853674,3.60786199577629,0.41232079356517,3.39884224167589,1.95882938011686,0.240921661740137,2.75948493869855,3.23944833477238,3.32096863828011,2.56916444145542,1.78752410684454,0.927158069260275,2.52647166141533,0.262413644599897,5.29540207740994,4.20258587730957,1.36159901246844,5.27672050039999,3.82960257056154,2.78800638368412,1.35890828751442,1.3697697832913,0.166164762426212,1.9782601031598,5.6492686363703,1.15848645824753,-1.34467901848821,4.68889900404409,4.70779937017541,1.6644429342061,2.89791194577339,1.90140614292883,2.34988333238743,3.07151936515852,1.82142803471074,3.4626122645846,3.92825765330282,5.36247034551404,1.1965544615513,6.9897065135667,5.40769139740711,0.977477312813098,3.77154889054995,4.91465707763921,3.82074943384516,1.64814495513917,4.47732972618884,3.50098576104121,1.53995958848239,3.65811563879874,0.642417955601312,2.21601768133584,4.33625642428046,4.69088638031216,2.7754577563066,-2.72110606914175,6.04578616373589,8.0392275610183,2.38468764465899,3.33645634823958,4.14227541805368,2.98957529182404,6.16258275074503,2.23041705725065,4.90440527104472,3.47697889308451,5.70233942087587,1.69104009302499,1.42888452705457,4.65001952585723,4.02692226725613,3.49997794306035,2.68221274773106,2.20311676695106,3.00208319700639,7.03302517034092,9.48806583695604,3.24258089997509,6.46071066636737,6.67813867130896,1.64260702926814,1.74579747224823,5.67348906622589,2.31832590851159,6.01663657076968,3.62446434742075,3.7171470623091,-0.991955408443099,2.00153380422582,1.99777238683788,0.987661667669649,3.94985122630982,3.40669478613817,2.70198455825956,3.15003460640926,3.08178272554721,2.80853915657916,3.74753585833489,4.9984084973263,2.57057807977014,2.25737421646153,0.901093832107652,0.380541675552875,4.59273875633541,2.58591139818518,-0.31359757574723,5.36543984613324,3.90665386672966,4.72569718296898,2.19122720464202,1.16095777895487,2.72032157319697,2.47134010234964,2.38022963346545,4.31390596311662,2.96016025617512,1.31360815553572,1.39460243164378,1.69699828591418,4.05088173316782,3.33632502427384,4.20205540205327,2.55406358483812,4.74099317983008,3.55746485766368,7.59714287251644,1.67418880065881,5.86022918509861,4.35684864784831,2.97673981469808,2.99760386011401,2.63275716097558,2.51335238947503,2.17713282348563,5.37191340594493,2.33936367993229,0.857824873224482,4.9810017474922,5.72651945559679,0.555952629000642,4.07387821835218,5.84328305607424,3.18485942558967,1.44074229342124,2.91127364572814,2.53552595883723,4.70505357877631,2.85005416908905,3.52695732008677,0.999300234197724,-1.26095091930601,-0.871882749576933,1.78165458709575,-2.50783849450904,2.4578836751764,3.27405857014519,-1.17847147015396,3.23351815555627,4.48520220849838,1.42499609565143,0.83249242793408,3.43418002821746,0.0437508151101706,2.45192349052264,2.73570837851586,2.4066764399976,-1.0022901992809,3.34849870219603,4.90673458368537,8.13825649266575,0.609313806356096,3.10761723925745,1.27988517148692,3.94507214694901,1.83622479494924,0.454060623512011,1.19971175172713,2.66867434453221,5.2564653505484,-0.565129098462587,3.50933323350853,4.69478895032065,4.4307076231436,1.71564448465083,3.68385075281658,-0.491724745288091,2.64737258001626,1.88239389800879,2.80311941276331,-0.367760965547621,2.57604656043392,6.53613384542016,-3.31443579629156,4.01732952467669,3.00447347347938,5.43849895636675,1.01592414650995,5.11586949241972,3.27545145294771,2.90285033500685,5.21741755193814,1.18672625843233,5.70981710662792,0.775394420473744,1.00972719489647,-0.780245552488828,2.7579893039046,-0.337353214224069,2.60765092857975,3.74083830280545,3.81615753314578,0.0985958165955871,7.18630178142386,3.45672128155103,7.37942099710633,2.33485113420371,1.63482975808627,2.75659841330775,2.07334912134885,2.53567276927183,-1.76047926722796,-3.41003463427019,-0.487615901357736,-1.01248395769977,0.24520064693455,-1.5335386109453,-0.674058539163971,-1.24828833714636,-1.47917497284841,0.276149721261691,-2.23605890631298,1.62931304772869,-4.70784152176628,-3.98476635065377,-0.778697244664522,0.516248415254136,-1.36089624892328,-0.72696101247245,-1.64293426485605,2.53271425940325,-1.96047953481044,0.721936264047851,3.66122571259675,-5.2485222137108,0.421966313533486,-2.33855304122357,-4.41868997505698,2.89923422720914,0.201813709170784,0.158465844807794,-1.75602218101644,-0.475663748079023,-1.07562653425195,-2.18811992527448,-3.86002375818671,-1.18182183621585,-2.32607719578516,-2.35601791663311,1.23693029986557,2.12926047533715,0.870321572479041,-0.569466071531415,0.777493979395394,-2.10972225716688,-2.35760356497838,-1.60830339422929,1.52320709299203,-0.333550768449334,-0.20589717496249,1.46961526752932,0.145552403281067,-3.48751646109155,0.641144100747481,-1.13596305354865,-0.153022850250679,-2.70602415428184,-2.19281470209639,1.07419759898172,1.93402355386827,0.851725502390602,-0.247281602932602,2.65013128396972,-4.6727694813006,-3.4016368398423,-0.89664269591206,-2.14234799272394,1.29458772760363,-1.81070302245196,-1.95307772275066,-2.4179520401862,-1.36858605582573,0.727981399873415,-1.36932806970325,-1.81596513001522,0.869830759782181,-0.269392928050711,0.586908885899764,1.87560971774354,-1.41189412668681,-1.40027195713391,-2.30708991419433,-0.359974826089795,-2.05937862151628,0.204761899492433,0.469603543806449,-1.94112806377006,1.38918763398967,-0.312338972652493,-3.34393460721619,-2.24159021287397,-0.45171244675699,-0.0565470161556545,-1.61016283380412,-1.42919671838666,0.197513385350339,0.387277909004001,-4.95297297348691,-1.85250611897125,-1.37864941943693,-1.12541416058919,2.10166436041902,-4.33758893031232,-0.453650494810912,-0.108443431308514,-2.01640480827406,-2.38076328174788,1.1171681082631,-0.811007017677914,-3.83899961259659,-0.316867083371492,-3.97735116524792,-4.03510147955493,-1.57027590127541,-3.29674913906542,-0.413260671481063,-0.828611418061078,0.0351628847496419,0.548898218564148,-1.15987645546038,-2.46034861043621,-0.42782767360333,0.666801803310396,0.562585526630134,-2.90310042459283,0.286815503899563,-1.45149436008097,-1.94870691266993,1.43733198651893,-3.73476459741007,-0.765385328042122,-0.0215779887274771,-1.10865053367667,-3.21254198125364,0.111532690042913,4.99843844369225,-1.09910765417675,1.17844925615395,-2.24323170810464,1.00005697046106,1.46824986912634,-5.16874770184015,-0.270527937494312,-1.03260192023784,-1.86515123921898,1.79775337310431,-4.90307214210314,-1.2572486783118,-2.31734497710858,-1.57579662283379,0.284564753201113,-3.92411033637714,-0.163659505231485,-3.68078687328557,-1.06793679342585,-1.65563416354135,-0.360485069936551,-0.555812100336179,0.49022243973542,-0.56100071314735,-1.68967647031022,-1.07001690291185,-2.94847534458869,0.653631251963193,-4.55121925991881,-0.221495761775472,-0.471834159509309,0.881538245946397,1.73140856351696,3.33136739276616,0.930468408231984,2.02716651549038,-0.528941443912048,2.23084839004448,-0.896394078479627,-0.449371116044855,1.32804299231103,-2.93208128007107,1.45638423459939,0.629376444725335,1.7772194939801,0.598700747614242,-3.28126606103695,5.21160147936847,-1.22565121974961,0.122760658556963,-0.523605800398554,2.21410520790143,-0.977124907166737,-0.723765840869311,1.82779351885817,-1.12081542921611,-0.00509087025483901,-4.38399657248544,-2.07363871121109,0.0693367842883164,-1.88803037851438,-1.28241626455256,-3.48088569172831,-2.32031912403203,-6.18793669184249,-0.15770232019589,-1.2466341285814,-1.06419068948781,-1.14845401023476,-0.921528778792853,-0.771185416938587,-1.21516073167191,-1.74301193896457,-1.77193565418099,-2.22717846631392,1.42339247653203,-2.39909060373512,0.201567185915672,-0.782737192588962,-3.00663868687266,-0.999957087737873,-1.02096845057566,-3.20890986370682,0.393399406288756,0.91652720103974,-3.18231168176268,1.91635145625595,-2.05050841576631,-4.03096859980379,-0.316013949785774,-2.2673451443536,-0.858104883248746,1.26035265603101,-0.201509627925339,-0.470626930008346,-0.963592046699579,-2.86366243868334,0.762122680296876,-1.29212208393213,-0.317494530499091,-2.00640240188523,-1.05193061617613,-4.83164071311844,-3.15053732134217,-2.12387734336431,-2.05435000680744,-1.9290264420072,-3.42709738834969,-0.706823027145806,-0.460630369934582,-1.26314677764486,-2.32052906807704,0.10561603181351,-3.55559661178111,-1.60178024290978,4.3066629071843,1.99981029320373,-1.04813047363533,0.495583215973345,-0.00357657003960532,-3.17764815233982,2.69631966040123,-2.41438902144576,-2.09959210600728,-4.26152955409712,0.850291068138614,0.0927545014481046,1.2618174792636,-2.03653238283433,-3.18391382492189
"37",0.755865220889312,2.54953120591741,1.78171548862439,3.59248070709708,0.777840529654069,7.21762941619154,4.60289928662386,4.19425110364811,1.43851565110643,3.03882396176572,3.66389453069587,4.11012483813421,2.12775444873028,6.18459701855352,4.45043717945166,3.68232696027039,2.38420764123707,5.72763801230512,5.4410214884651,3.06515632214484,2.21221030214502,1.798778215245,-2.62789122303182,4.43138299107558,1.98559085355833,4.37851782412859,3.58039066293696,3.90278285236521,3.29807866139092,0.287460208670625,3.63098468159206,5.18503586581948,3.73934032129179,0.497245225516,3.13952083718074,-0.327654012298569,1.00290776893247,4.90415481044983,1.16792375069461,2.37438652464698,5.02454674152096,5.03572412407741,2.35741586739321,4.48128428258575,2.77704824905887,-2.44411691262817,2.41289583399789,0.273674327699091,1.93205833114992,2.71616174003708,1.66316070412326,3.55463915566678,3.67844334719262,-1.75004344166052,1.19535426968027,0.386213197865742,0.995913080837167,6.78723369746353,3.94776536994149,2.18403424130933,4.94119329668399,4.31547895531455,2.30219238667644,6.46849500367535,2.5583834440266,2.88164243235987,2.82135967147526,4.30304510760362,3.23124650959978,5.456872250694,0.666516729776565,3.5368772053744,3.08184035748335,3.16651987457543,6.68934783092227,2.67263326779262,-1.0124583020682,1.72419668027018,4.2669439898332,-0.130152188479315,4.95443709204625,6.51764965740769,2.8890311938514,3.58284788463513,5.43938407190906,-0.457183455779591,-0.0340281035566341,5.14288381516745,0.0693333865026839,2.52020136844653,4.76527937184843,-1.22863721564481,4.18990430209227,6.25407715387082,-1.58593648520084,4.47941931619613,0.902469260360195,0.415220190885287,2.69171261724776,1.99988528047186,-2.7705579579777,6.22452505852494,4.82914658480547,4.25325530432031,0.381638446938909,3.02142387710418,1.41774328197742,0.766169513354836,3.52495815096271,4.45741780525058,0.606749040944457,3.01917639394817,2.35123848075275,6.08846183265787,4.17137064403056,2.05276729608709,0.345935736602545,5.18243017012994,2.41255888743269,3.77788086954033,1.82698639549275,2.5549161252822,3.12820037942966,-0.59437508122752,1.72119335545192,7.71651182018559,-0.484876543853958,5.3935339353473,6.35989720646844,-0.150374147292585,6.08386444940977,1.20596544492252,3.15795934625741,3.09254711461303,-1.00851492476099,1.90806833564043,3.02872627368755,5.47605167810999,1.98824395755868,2.80691276874482,4.72324446320898,0.839475612671292,5.22367454931109,1.79508239939647,4.01420529926444,1.06647070614438,6.34574649220291,1.88179598778221,3.21805300406137,-0.450867246006354,1.66778466298488,2.86273591471956,1.55091282677284,1.84325686021643,3.7798666240277,3.99771322787542,3.25552378441329,-1.21407326263917,2.10417330540953,2.72528307375538,6.75070457906456,0.470426231031556,1.92859083294016,1.84601990297295,-0.573543911124625,4.59752605908544,1.10454915658725,5.1841167144034,5.72575191747069,4.04871875921054,5.09539429344007,4.01080260206928,2.60630786119339,-0.783306313442122,-0.824309407493868,2.26244196562069,5.09359875701951,0.722295305817145,4.30034367359372,3.2775496233389,2.59173625045711,4.13079677489102,6.23588692003216,0.441933201948267,6.10075878976177,2.31844854333585,5.16781505695615,4.93093494016828,5.87796695078374,3.1484699175887,3.26817233701669,2.15922545453256,3.48200870159638,4.87110845820978,-1.13084047029815,3.58549404460242,3.51985086651995,3.33654308606101,4.01604346087245,3.32624385842668,6.09154552466943,4.08267185741578,0.451545535698078,3.64928396771101,3.89785679778505,4.64460577966124,2.21722838169091,1.76106794314319,6.22627792575862,4.34772873511698,2.67902253400737,-0.323469486719572,3.32560332034114,4.88804622412851,2.65472263683018,0.181298237256392,0.887044529981662,4.16308431716702,3.81256674798457,2.54101003010954,3.85803225946987,4.42390028054659,2.62965717326434,-1.80562641950922,3.69633029547446,1.78400870336161,3.80837623063227,5.43130436366206,2.28302136100641,5.00356003263133,0.368394755644546,4.83467626829046,4.10149694228349,2.48726937813718,2.66041725996359,0.699147023614315,5.4204273409621,5.65228254535833,0.778001859941588,4.11335633794908,2.22472944236588,7.83398049304709,1.98140169652159,3.95522991543642,5.64482544835851,1.67295817561915,1.72177161052794,2.33138064418015,3.69610052536734,1.79527466509696,1.28892488693572,-0.224925851920526,2.53547926905906,1.62573786110028,3.11493983526959,2.48003602830986,0.414285593192143,4.9958056282935,4.13241590721179,5.72446992428259,2.68031821517208,0.519036849110558,2.97858984616402,4.96577369990719,-1.26027887214022,3.5768589499318,5.11237803912629,3.01772754341738,4.62183762042895,1.70254782520723,5.27492050883728,4.77707186418568,2.10293626898401,1.62704392442925,1.53788821343668,3.8930459668691,4.4043364092428,2.72523358258443,2.86549088331625,0.733360219279179,0.242150313210642,2.10992144992181,2.01334410590489,5.14031615957413,4.16082563381429,4.84629413804059,0.792671777021365,-0.0578998862156883,5.03215626513849,4.2754902230408,6.19023968493038,4.11981048025471,0.176795451900198,1.34155351241916,3.72326232955593,2.0889531692777,-1.3534632354468,0.424736677131784,1.33107196186915,1.38085874743486,3.79138799440444,2.3583242648368,0.933245979790152,3.39055185120405,1.46872739632237,3.58606812440299,5.39070607670884,2.7923535523994,3.6495121002095,0.43518817787105,5.2412232115776,0.655599347668141,6.09400212074895,-3.4643356013035,3.89905548376298,4.67728001954672,5.56404086261796,3.08250645924038,5.5606110923165,1.44465969018209,4.15709024918942,1.46649909913879,2.57786912416961,2.63192815579914,1.88957915266323,5.06166840562158,2.70526721368284,2.31645234207941,4.97455426890507,2.30443703386195,3.30729258213608,1.28888099681174,5.59180844531415,1.06960550158561,1.31359349028302,6.18444969352341,3.72912190312063,0.638404885530545,5.67769613223805,2.87770943169676,2.40733664895393,3.14101509915339,1.81845695573785,5.53279082801711,2.51944843090906,2.98375024355915,3.97478386403246,3.74255969834711,4.56510758494322,4.66418691403797,4.06201771202124,4.65154459011358,5.59626233580971,2.58416515021526,2.17319096514218,2.06419079698098,5.76071779272422,4.89356934485763,4.83589323417146,4.42626455670255,2.14460553950492,0.714980141687667,0.502692673217914,0.125336103494302,8.20072496691526,1.52160403321517,3.748715699473,3.72300963389516,2.98113855498111,3.10881816534322,3.97275238217042,-1.95927079638078,2.83923294847211,4.11059165604037,4.27467309794546,1.47286482721178,3.45897586464054,2.12430291759591,1.4257219710494,2.28312103774292,2.92400105423437,0.960924064548412,2.00144753886093,5.69452376132867,2.66666943570734,2.86097478563719,2.76021322808702,6.05413817483482,3.05363214510052,4.45606160133253,0.454855798567988,4.12446784285126,1.23856354100336,0.308700100045029,-2.1137423845488,2.25609440905878,4.43408828161824,6.43904956244103,5.52568667968644,2.79704682833301,2.45682883166049,6.20060325285178,2.83387683340271,-0.203184914981224,4.17535305412724,1.48420992411072,1.74708603755832,5.52086181639137,2.6917694449357,1.3585896063364,4.76545690572469,2.02208300769696,1.15786869107488,5.55842140631931,1.76061603458395,3.50640314001039,7.16673195218646,3.78356028180978,2.42839478404187,0.57477625392946,0.778218473568817,2.40014308666154,3.50082934816785,4.27891894331967,3.41544721357569,3.54246498369467,-4.802290242966,6.06198103790191,7.20003904277575,0.0477100276895683,3.68205295699213,2.87789730432187,2.3018601869093,2.28898673648766,1.85885073693751,2.51100668948378,5.49477796946552,2.47882909670601,0.89667562803547,6.18939053388275,3.99503685573347,1.17143448140878,3.32850772139017,4.25400444417566,6.34165239061334,6.17828779218711,5.74545691708343,2.9316475270085,1.76239784183101,4.11154734914084,5.57302794134304,3.10312944733663,-0.245759102215533,6.14123076537999,0.300753817789428,1.68888472376578,3.78709771153585,3.53232754826131,2.31595135605289,3.83147472664329,2.36232553113952,4.30761630145475,2.47795403445387,4.31255759407212,2.16665948926883,4.02741580569324,8.40393710239743,2.39655074939703,4.96857861179457,4.39131319570423,1.50941530127926,4.07940344465624,2.20778264560083,5.63426292806655,3.18623221832236,5.22989313335663,2.76188133842186,3.42977869577606,3.17532722050894,6.43494381946147,0.469831865930182,1.33643451692445,3.48878046174613,2.88524470379194,4.39179081499127,4.0306944694843,5.40416928757998,2.73150766720333,3.01291237277775,4.3807836182739,7.84335659081996,-1.56728145814264,5.46906748826981,2.93580481051827,-0.868244547870046,1.6271738279416,-0.488924966594415,-1.0825869795514,-1.14945363774843,2.03132810177435,-0.503757531392699,-2.01353402425247,-3.42692538506366,-4.44492525242302,-0.252608760509436,1.03164750433343,-0.208313503720491,-1.51030176557751,1.08422591053347,-2.80646129638219,-1.60826888962433,-3.13341609431165,0.846716888141271,-3.19332041991954,-1.77416092107862,-3.34259543550206,-1.25710448495876,-0.324044231573139,-2.30460172888964,0.209348173584499,-1.47592851357865,1.93656803944301,3.28619937578068,-4.74562015700331,0.284930028507435,0.99117867372695,-1.00456291454065,-0.40779601231222,-0.10672793025872,1.39476248710169,-2.28454845567054,-2.29470133975296,4.06780152641968,0.380414787175482,-5.23396769236933,-1.59475530942821,-3.81413432475502,0.270819895959072,0.0369440031732611,-3.6613985465311,-0.604380116077467,-2.66368068510339,-1.29115137005025,-0.932090312984864,-0.390371465806851,-0.612597709405823,-0.281281345324593,-2.95305533188642,-0.926075825229256,2.61653321605499,-0.297128332553327,-1.39517008182018,-2.60939988549328,-4.00655403196275,-3.08565794519514,-1.4545044523274,0.200203544994267,-0.879496603836398,-4.99971629932365,-2.33405218130269,-1.04643163564758,-3.35692901945273,-0.0630432764551936,-1.81765892263467,1.24304588716154,-1.22092564553878,1.72890530429397,0.452357728668568,-0.939469667277991,-1.96118724179379,-3.99059656826666,-2.25947438320562,-4.29905108854414,-2.32447786087674,-0.781199736401143,0.200077888761442,-1.28991022377977,-1.55546363712583,2.19830678994185,-1.83355133326781,-2.9942630063377,3.26955452762682,4.83396855276371,2.78300926718797,-0.609918342450257,-0.386868798897201,-0.52890854572761,-2.16922382621852,0.586231538071345,0.44701138347299,-0.426627645425327,-3.06760186086767,0.838156723488899,0.98279913528399,1.58734241336202,-3.05324710712565,0.827271049013595,-1.67184144924882,1.7206386626809,2.35564747247999,0.00697593130618834,-0.419834271332709,-1.51410993595186,-2.90128262476763,0.654359509657264,4.9550141147872,-1.68670985062245,0.516875722288995,-2.07805026519602,-0.923904397641155,-3.22913215652709,-1.58488527142097,-0.0880969206479275,-1.05735846180431,-0.904039676417527,-5.06328171448082,-1.25831457594695,0.636237772726745,-1.28085881602146,0.692768476136456,0.53007997987662,3.06167051128414,-2.76517789951755,1.29713642177892,-3.04250147570114,-0.767831188528113,-1.91366109250028,-2.16842817855238,-2.25811421831818,-0.940847665028575,-2.82122013374047,-2.9200294411125,-2.65218296202654,-0.745695355633793,1.07306784367201,-0.905483576965774,1.89376757297757,-2.60847210597862,3.39530566557617,-0.0332197877143676,-1.03568059186914,-1.59624361232339,-0.642076295317812,0.591371296871453,-0.39904768255872,-1.43080768324451,0.705696757221443,-4.12026834565941,0.228682490542356,-4.05463305722385,-0.418972392289907,-1.42100574629287,-1.66672593583022,-2.15315049035077,-1.68578142869834,-1.97725609130111,-0.952350912283122,-0.991506194483399,-4.1132594337184,-1.81981037116051,0.874975096325668,-0.309298559681286,0.329025048959484,-3.14755003837011,-3.1244462141559,-0.641275322162474,-4.87903576061122,0.300533301189853,-3.52791476728251,-0.322911675327773,-2.05407525562139,-1.66236194955684,-1.90495282862586,4.17990713242206,-1.0927398191507,-0.480863057533623,0.026971069122085,0.034416061196314,1.580416153991,0.890922465306852,0.336470758341716,-1.48746452985886,1.86677069365157,-4.30485204411348,-2.85546862075849,1.56214055858615,-0.281122531851455,0.613431707018124,-3.31169740613159,2.18346284757853,-2.94070366551475,-3.63208417974488,-2.61162814188932,2.61216939897059,-3.0682957200918,1.70484173389476,-0.231043365231246,-3.68913391035229,-2.30167867785122,-0.349655251890713,-1.46645052488881,-2.90091779020136,-1.31190855295075,0.231727239427474,0.286570661197513,-0.72718824957756,-2.5040434724549,0.271279585763836,0.121473108153729,3.18927919688677,-3.54477747098696,-1.38344605242143,-2.51926956398162,2.05941639008845,-2.27623608791001,-2.07172359220708,-2.64875472982298,-3.62230698096344,-2.88162798854544,-0.999873892051459
"38",3.05331209378646,3.24926189726287,6.85847924126176,3.42263566425384,1.00047361281798,2.4031167282205,1.3934866915618,1.20720864202023,2.68876659215874,1.9090390000525,0.261976623308724,4.54653879441278,3.60772050527105,0.0775889372374277,3.27682619175713,4.0668333861613,3.286905910447,3.81303629419427,3.79819353130547,4.06846350111154,2.70252835911623,3.00042598874117,2.69527643193352,1.40913232300898,3.25454290947359,1.10770604276044,3.74913852649364,2.27335870133298,0.740239423515789,1.06273587084467,3.73803527697582,3.25998378768308,4.90362910298694,1.22809121770482,1.97522502696703,2.75166366237813,2.02239865155494,3.11967681068966,1.38545117616246,2.30013785102771,1.77125108362174,4.21961452300523,5.01300238788311,4.21659599293141,3.13998146568681,1.99786912818875,4.88470723701574,1.86438542789915,3.62118234631771,1.95455079842516,5.90703290802381,2.40397976014517,2.84751407605227,1.29740026220286,5.12385946799033,4.59546649623493,3.07073567575624,4.70011752176986,3.76075769938138,-0.54022284414113,1.19354804618786,0.394980193317541,5.29353283749756,4.53554638935301,4.49038223207072,5.97249969369891,1.90057599768355,3.14542143512909,2.12099454851557,0.364094801695162,4.09154474303369,6.02204281683544,4.53396705668139,2.92938891325891,4.50960351642391,9.0499482738641,2.46317780094288,2.8043081531266,3.15567734940131,4.82009369265803,3.29440315766748,1.55935533599659,1.80365872901807,-0.884098425025245,0.215115900484629,4.84697152072741,1.57943574734957,3.13743072455192,-0.670747639383886,-0.187202329467082,2.04650619659256,4.32368160243699,2.01217093135848,1.52418336004671,4.81521732397372,3.89121858721256,5.55166330547849,3.41808673157568,5.18907907026499,1.32025694506314,4.51544343296532,7.5316735298322,2.46343910238399,2.63482635757232,3.44060912541432,5.03081427012031,4.52323120578625,2.42982460409365,2.74220758477274,1.94230978069869,0.773454105889302,1.33800823080145,0.527812520800064,1.867335729605,3.13606322702522,6.55975097574305,4.2224490646629,7.20614309808214,4.87668094778026,3.40743079387874,3.99976843190019,3.76980971082577,6.58876632527869,3.04964786632176,0.93390008612027,5.94106487404378,4.81151868074375,4.86742459314805,2.42712242811884,0.776871383253352,1.62978175127194,-0.447383497671,3.99836694268572,4.92143373595047,6.55257608026509,3.67806703733543,5.63317229501438,4.8612787136078,2.55844471565229,4.12322709131557,0.576400439091392,2.56365309395355,5.64363145302324,3.36794338967758,2.98934935739588,5.60598026325458,0.129271919136408,5.39939655528497,3.03327539746879,4.94333069134288,2.0427935469794,4.19511280662007,3.58006934552105,1.97974505878374,4.12872296097419,-1.05368261953958,4.04259241196042,5.20969333079328,2.85250409344763,2.28306258980004,9.6155944977386,0.668913075860555,2.41053968721936,4.57416389160922,2.67015772424424,4.03494785687151,2.08742301515702,0.238985129415831,1.6417877057334,2.17300599151222,3.24271906259087,-0.760643307073142,2.5531060864089,4.4691836599601,3.37809208696578,5.20387743505897,3.13299196481901,1.66360779337847,0.0653339536100042,1.50798864809993,2.08547706059192,2.05183797154807,0.85853412146028,3.87343967962956,2.3621158796808,7.6883719999272,4.98391460163949,3.33904109075324,4.27598083225505,4.944803012383,1.53935822814083,5.25653074716057,4.5993373277466,5.00699356862687,-0.00913368763907751,6.30020497230611,5.60895686454948,4.4141269178261,2.32732509935667,4.65703313445094,0.289605318758333,5.38101229889698,0.817435403587245,2.90960750354199,5.29220707489086,1.64072913737506,5.3882446240625,1.99176298867784,6.30302664812477,0.969286142552391,0.816773509493478,2.1488567117929,-0.0690482720662913,3.74040940673708,1.15405146802572,-0.408624509694366,3.57848355698119,5.9320571066137,0.0409628765381846,2.09399756783151,4.44624476302499,3.26466709943945,1.37327941840222,3.19369777496002,3.96359918140518,2.45264245335172,6.45701607580868,1.9205411664344,4.1338228537338,2.47755862589287,3.5781396296934,2.37789588715775,2.36178077085212,5.4270305653738,4.93209891107335,5.46523471759183,2.78020381367702,4.24192950625159,2.45419791627387,4.65133882760828,5.37810223899996,4.77355571232608,-1.67692717400024,4.88144935543371,5.42963015288694,3.38181922070533,-0.45101214427855,2.47011590763657,3.28794983908211,3.17990898733928,0.820409328822693,2.55258005531898,0.153164171915035,1.0706533646905,1.74099473116438,-1.17005252332819,5.05425355191965,2.116547512898,3.04410250972892,1.10232181252312,4.55022690951385,2.35511304128139,0.370257472109152,5.01734200796755,3.00753098649951,7.34196267638294,5.68001883077645,3.09240375959306,1.0580757065793,1.33419265280269,3.43438510066999,0.0441110315721573,1.77015625745807,-0.659676041327373,5.66557177010801,3.12706927362466,2.41752868476845,3.22528538606836,1.76886865330751,2.83745979190762,6.01482835642662,3.83905745388168,6.63941102332044,2.39147809526019,3.95495757594877,1.05666028825992,3.24869216637707,-1.27813372694411,1.59872738620438,2.52596061700033,3.89201502415485,4.25328611911402,1.6802439561004,-0.254716182186433,3.21251298228857,5.29261682287513,3.18422496269472,-1.72448940665802,2.4857255891112,3.48908243913811,3.60576697238301,5.13383511098672,3.49280638355736,3.58095614559276,1.68790947174097,6.04616337559188,5.17380247176685,1.70403220177898,6.79614898237311,-0.38796665999558,2.5261678161229,3.0680521185504,4.97992704931833,1.96595738626109,0.353177795442147,2.2561686587742,0.0457940590165458,1.63223642364458,3.83332770491839,2.20789855291012,3.10880703002181,6.39258708579369,2.71783274587488,1.75733102566518,3.48535319007543,1.90493909637511,4.56010496524658,3.13185334225914,0.895267883649322,1.62374160168987,2.05815605323873,4.44002246565194,3.1771359807873,0.00197426459508376,5.5596381430446,1.6093679712353,1.7144229443918,4.21197719733227,4.76705507824446,9.61288055725371,-0.948847023159217,5.18068655400725,2.88522693156507,1.81211807166972,2.44475508354598,3.03334328552795,3.04431436207524,0.746473363103255,1.20216140641557,5.24219075720901,6.6636650302661,3.00514560009694,7.8341285204124,2.0648367321247,5.43417241798865,3.54842885102887,0.929697411830947,2.47725006644952,2.56011636345138,7.53115278911291,2.17268228445292,2.76750300572813,3.46599701152934,2.78308952614899,0.976742351677749,4.72826659900881,2.19842548380367,0.652883355022542,5.65912948617181,3.31645964186136,3.74275588045238,-0.33454178878924,0.403530933238937,5.01968468746373,-1.77337810107744,2.369543999798,1.99045693352737,4.36984419450654,1.87004764569808,3.82725961951495,1.58589013607262,3.09989491760984,4.88747455927585,4.718593100062,1.85435234666565,3.12249763687315,3.77305986974098,2.13129938321474,3.16896366853452,3.92715842943824,5.19430984845954,0.122916434731428,2.75119742434761,5.232977308858,6.47279919906301,2.85584582243454,5.53026117415066,1.15994311761713,-0.812241533380653,1.72703057158608,4.09354610543971,6.58751939085466,4.61116299519025,4.07905224854831,5.32071423971425,-2.1416666264395,1.52752091854183,3.14653505154498,2.35239842365058,0.730219329926676,2.76479638473843,5.30149601116691,1.22045672748208,5.07714854059661,-0.923084909789223,3.00310031036211,3.63914022228473,3.8495594419516,3.25331349598658,1.50964386909631,2.27285423099825,7.27792093142466,4.55636109993939,-0.118046492348737,1.91434070993391,0.817664481852052,-0.344722080318151,2.64173103906061,2.57029815102861,3.68413865974578,2.71754827517373,2.33030987875637,-0.958313388488122,0.642383550157413,-0.564075468542905,0.921142867334153,2.91225889035391,1.81641651593052,0.0950127400389804,1.09597465046111,5.93534573577111,4.5045042168999,1.2249499855702,4.55094397965916,0.890097870614488,3.8808508217583,2.47736667140036,-1.10448557474679,-3.66391522199661,-6.56605630342704,-2.1544775695536,-1.0876833023457,2.69382310066464,1.87808825659343,0.407960741221856,-2.3861213204019,-2.47715039925587,-3.93978032651065,-3.17970752174432,2.96743525818087,-1.90160521059159,-5.53587741966927,-0.0581620920720384,0.904001492571544,1.1169578565978,-2.8408369685577,-2.17602709455484,-2.66185930231425,-4.25869494343049,-5.42392904914051,-0.966136087124155,-2.14302247349799,-2.0124418888288,-3.20153809066582,-1.55739234845815,1.51712095625934,-0.828266897884869,-2.52578860560271,-1.79039338337335,1.87954116478765,-3.83009954045268,-1.25504857697248,0.0864701146177476,-0.954020452592023,-6.44217442857945,-2.60314749556701,-2.67312872027094,-3.69530066955783,2.63480070089892,-3.82200512428687,1.1101921579278,-4.27670656301226,-2.86057799348669,-0.820410994771506,2.87059040165874,2.91877058732304,-4.97482675297631,-0.716233059191747,-4.04086251682974,-0.150849649615813,1.52901764723357,-1.43493268006941,-1.35823527227471,-0.662932408328717,-4.87496682250282,1.41058059297425,-2.73067019235894,0.339744734545546,0.403257000713164,0.587360269278264,-0.59655354978682,-7.9122472130935,-2.01763915118527,-0.253277636767158,1.81991409114953,-3.09042786285149,-1.41449667157415,0.893768640260171,-3.928228264009,-0.155570149928339,0.537773384585305,-3.95694794417158,2.36939941985933,0.888369932531554,-1.98243501931255,2.21425436888884,-4.880576437254,-2.20217606553638,-3.1106238013836,0.943491466992654,0.448822224011796,0.130056476594123,-0.975161478593855,1.15322012258681,-2.14744374981393,0.424208180648689,-0.691240844445009,2.72508689126394,2.62484730181912,-0.851006491147285,2.58485608419331,-0.986859519343221,-0.637520767021994,-1.79926085062446,-1.13288505588538,1.69852184087972,-0.465508444424724,-2.06131053215757,-5.16442231256381,-4.35252816977319,0.737203382357462,-1.52669352773864,-2.67328426632698,2.25665123692475,3.51112131456263,2.01810127042358,-2.46689943676485,-0.218193207625189,-3.29572846333408,-2.12649825295994,1.26668619570413,-2.0937983521563,0.718485240080494,0.504042524151063,2.01122659184786,0.244742973234358,1.00984881423974,-1.16756090811359,-0.778891718716931,0.42592646352089,-3.06622552114033,-3.89620579965399,1.13743668346728,-2.80489447936962,0.48164784880591,-3.18943265195428,-0.988521548488059,-1.57219708980095,-3.01722366591711,0.919946286698873,-1.72905981210481,-0.722918092194639,-2.20041626321686,-3.78138112355721,3.93955616775388,-4.55167983358845,-3.79305261961425,1.79970823516941,-2.36876223756187,-1.36962865067792,1.44760357675277,-0.85533561622703,-4.10454637416203,1.07166371595623,-1.97183434264544,-2.70548148612108,1.04582809540652,-1.93610770576908,2.03785414302942,0.404413882917798,-0.600578705411055,-3.64144927484249,-1.05336449444456,-4.57699985732552,-2.07772554341446,-0.0991273544715915,-0.667590130011205,-2.65343949916162,-3.81640290632886,-2.16451022823704,-1.1672653114143,2.31373540212099,-0.435109809029544,-0.210343193789761,0.666903422877165,-2.09128960420352,-1.54096801972602,0.601675173299938,0.423054239230622,-0.720103816503605,1.74945515252929,-1.39977620726448,-3.73898619126459,-1.25173726290817,-1.94244636234515,-2.54663615033646,-2.52152042229794,-5.39427999075427,-2.33438270308446,0.663865906657062,2.12176138917996,-1.84272345430641,2.01919949804336,0.425114368554044,-2.51521022596829,-0.784242404568926,-5.21508444089655,-3.52914080307802,0.765099463612267,-1.42293526726372,-2.01850119974805,-0.0301515944770773,1.47933741230126,1.32531466583817,-0.215557662409538,1.60800804483865,-2.75464339592089,-0.24841350638688,-3.02433650460693,1.87439730812874,0.687602880667082,-1.38712432646184,-2.5559442046671,-0.551508622188581,-1.09468595391302,0.608486206645352,-0.181479885456268,1.88507003242919,-2.55549265084099,0.806898782506774,-2.99917240457052,1.50112552970484,-1.25600807971041,-1.51086150675045,-0.225021520271542,2.16585964284591,-4.69844109350778,1.01175636772939,0.803521702645219,0.0734045218387684,0.565526633238666,-2.92083244033869,-3.40361594574595,-3.75636256658272,-0.869591199720876,-0.11511380004778,-1.40014920179638,-2.08349127816193,0.312571138467286,0.798896971246548,2.07510648627231,1.77060064472367,-0.836140280099739,-4.02732514061699,-1.85097881080198,-1.03699764242933,3.08083257884433,-0.499630415977456,0.371587993035672,0.779101548413848,-2.99449752091252,2.38125905412081,-1.07169769785419,-2.0818439141702,-0.333706110135571,2.07630959187387,-0.901505744339708,-1.63534535465,-4.98961718484721,-1.72122466654824,1.33560041103199,-2.44017000485309,-0.272227158793422,-0.932377805266075,-1.85392567940798,1.67432267023995,-3.16927365161029,-0.241368754970079,-1.40724480304656,-3.9021039538182,-0.198830357260322,-2.7429444962413,-0.204350074094925,0.401608837859651,-3.70370873396271,-2.3989883874601,-0.151565893294033,0.622341402043556,-2.71503825947748,3.57289225198156
"39",1.68812238486928,0.177188150540609,6.1256287448802,1.01642258072125,4.02117547254433,2.9211916829814,2.06464185638056,-0.148558709745274,0.0164235125556411,3.76321073279997,6.76111170566825,3.41261743745571,4.86701959668807,2.59894060301936,-1.62354087616826,4.83142312498468,4.18744773946238,8.32914469874679,3.68425407038951,4.33743253828646,4.81713613418364,3.93979112433443,3.8321498252538,1.4047454263518,3.80294339744453,3.42469029371263,-1.89219580642193,1.19632618871617,1.01731148325219,5.43797325473859,2.01399613611194,5.88285215298552,2.69389546319984,3.69328340149379,3.86720854828856,5.50841170856505,3.58368979472611,3.87588756276269,0.647348196080473,1.79357889140044,2.51720334222005,-0.946857090023064,0.832291308879052,5.92857040948023,6.08547356599458,0.811968801005626,3.50819742892051,4.86856630235503,1.7054381167919,-3.68920158250522,3.33887467755459,1.36153145638399,4.47719325059619,3.79272513497156,5.46662107631776,-1.23112984214907,2.19140040088199,2.6946947115425,2.7249430023445,1.81877291792262,4.63378465534585,-0.364643142508999,1.02794625263876,1.28064546739658,1.16103639204174,6.43105591055753,2.98599865222069,4.93205463441013,4.85901138799854,2.12622266920271,1.88645159398609,0.986381468387552,3.47489654895809,5.27707141528099,4.44942912009581,5.71741027830179,0.9172451652669,5.40955921478783,1.29085377542595,4.2236598694167,4.70822401376988,0.433786678181103,4.82793191478064,0.875134031021719,1.90721206004832,2.03279964415087,2.92812786502363,2.94384063323333,1.16441653496278,1.63679951818427,2.76128866693183,1.43682259679338,3.28981032234063,0.0374819037514462,3.52615598844903,5.33566629517522,5.17016234868944,3.554725847495,1.60589246936395,4.31093131186398,3.23460302350675,1.20590976145319,0.777118746949788,5.61654641644601,4.01649316657671,3.40639852995515,3.48032058519545,3.00129383686035,3.6483800308199,6.37504512100846,2.20674385077996,2.46279463530132,3.79516585782152,-0.0203418989874953,1.8731591693771,5.4337718399706,2.33019630999531,4.12590768454678,5.47469707393117,2.91371337050793,5.38406549759884,2.32286014027603,6.0431233697698,3.12927387668415,0.765056314489643,-0.525119433737415,3.68389813640306,4.63185973912245,3.30778285872296,1.9982068018229,3.50707167006642,-0.119614131863417,2.08479618039674,5.01623725135751,2.37545980391712,3.39972644369307,4.48431469657175,2.46122605333159,-0.541606006391123,6.77138858497223,0.292901283828621,1.31464555502818,0.18215182239324,4.24855691294372,3.33790919699261,2.94818313098892,3.51045787349487,2.6712738089104,3.16927792848113,3.53656418770642,1.64391913690105,5.02802097648027,2.32834790461285,2.77992821549976,2.8491984020385,1.74615562802207,4.58402916583023,3.22033390607796,3.87879254798704,-0.456375423374564,1.25745062683421,4.41338529660592,0.866142019051168,4.10462235947432,5.34574111154119,5.10314353243585,2.6087382111388,8.33040023281265,1.74530991595657,1.30026467694749,2.28958769244444,5.15386809051396,1.61616546541167,0.892011783737091,-1.16461714597244,3.41365954494922,0.266225994414195,5.01375585030645,4.26752361287128,3.83565815943463,-0.503581455167939,1.82505529132516,4.90816344488844,2.34774697853772,1.31013652705717,1.13986667928197,2.01875581507756,3.95054404035599,4.91102102315677,1.94482473228675,-1.62130713942811,1.50498526361688,5.39916700066891,2.84801860517908,5.07822778083908,2.55965589687665,4.70265497486963,4.94753345941976,2.3517200167067,2.80087776002092,3.39672450740545,3.87674490424754,3.62851554037432,5.64913897203113,2.84548150125728,0.251520854718064,-0.170024408324017,2.90408546276119,5.54550129157208,4.02435184459478,4.38672898959756,3.40464678851197,2.65914854399469,4.14108688181233,4.47236045059607,4.70676286331197,-1.39833564516404,-0.0112799971398743,6.47611906216756,1.83340241418754,1.42031196745737,5.48112596497308,5.26244651464668,1.48358457831471,4.76651745529548,4.06908898589632,4.56179301685463,0.170954152104232,0.954106524332422,1.15294585005658,1.00972877402415,3.81349448623698,6.60689021341494,4.47915176993867,0.837379846197942,5.9732095269231,0.5591011002462,1.48296486520604,3.24980497463519,1.17914271993606,5.25464008439724,5.14652688718235,3.93071275374736,6.10603205597111,0.927268109186218,3.09778307192732,0.501725138589802,-1.34374788347193,4.68111714108494,1.76086003024793,3.51285333546245,3.23819700317544,4.36671263179495,4.60311190761887,5.18439818711383,1.26455451236218,0.828586304103289,3.45314857134625,2.70326218274564,5.20390675495875,6.4071945369825,1.12084098696087,3.25766116133946,3.55875549270301,2.37705847742582,-0.752073095362055,3.42013429823423,6.35044839830351,4.33280187528298,4.56866403200117,4.73551144713096,2.67538436943596,4.30308073692792,2.5578923048155,4.19437549600735,2.33596103935017,-1.40223210139065,2.03970606840693,3.43404869169174,3.70896134585705,3.80161544076268,3.23020392938069,2.45881522560097,1.24357697030882,3.37817582153203,-0.13490671445599,1.53513594908388,4.85783426836079,0.273844992068948,3.48424517549441,4.99644826961712,3.90227228327608,2.50310598659592,6.3908130409536,3.21194478895463,3.12178515825997,2.91614384269758,4.49009836613311,2.14332428129894,2.32437274831721,1.06204960570392,5.52603380794308,4.16848332198698,2.62794929997952,3.15592927247406,2.24577470061268,6.49206288012511,0.721268803579505,3.517170877409,5.93463334554364,5.17396474285639,4.44547685797881,1.34912396306721,4.17340388645393,4.26060013785484,0.129540863577645,4.67058878356735,5.62064543736409,4.55396932858454,2.38815676398325,2.75586476002135,2.40117351811793,0.184279116642989,5.00631752693713,5.40086790058445,1.05451288176078,4.35849672680799,4.13820077975777,4.85675122828459,6.00121092845972,5.00829465990498,-0.261093776928011,-1.23186831041374,4.19059351495976,2.55579358179244,5.23892009475786,2.70881226101319,4.52991357336447,3.79813331759463,5.3909107024756,2.87418378350898,2.0637384194915,2.50513111801359,6.14329253898228,2.59195843100478,1.78460780034606,3.10447391328621,5.85574827406725,4.38769997057846,5.54592362459348,1.97306309624949,1.06950526418992,2.99478273939937,4.0707515045116,3.80682796434417,4.96242306456866,0.411858593009022,4.9201455448683,3.16398029923497,5.8825652435843,-2.02083949027735,6.7672908154456,5.09268494227864,6.86989802174749,-0.289661934720688,4.12387221739324,6.12908800994877,4.38027311294549,3.24441484878674,0.17806026219698,4.39970707765882,2.56510102184785,1.31436491482102,2.62219734893621,3.57799642246977,3.72652349064595,5.37854468784669,2.2292001976931,3.01432543371555,-0.0154213520559643,2.19120241467568,1.97073261204504,2.1206546760232,1.56505525908692,3.9428152740056,2.34521515197966,5.0499915160209,2.6081151272685,3.72995022832294,4.39530223000655,4.14231775073045,0.747981248797972,5.0844010500301,4.78988054169473,6.30545433094421,-0.15027281149188,3.20424959626603,0.872687752053241,1.18772171120854,4.18188008865463,1.48960245316096,0.515400156718012,3.29356427957283,2.46053361831346,2.66227146763223,1.43393544863593,3.43265822987918,0.689586336612453,4.14370388887188,2.93245589083732,1.94088525113465,2.51969228215242,2.70154895686392,5.94231345786371,4.09810014179102,2.99982271841556,4.06084849950063,4.45934755375312,5.09217504615376,3.90780087120637,0.851764774526619,5.04784668448656,4.05784367059076,1.77076155122073,3.74961405031246,-0.294669049306552,4.19464809890008,5.98584898839533,0.555044881885867,6.59887167894588,2.41051025544586,6.42636034677678,1.75328831224215,1.37733672846363,1.45249093316351,2.97663300464888,0.633132283123325,3.98719305381159,0.757808528792766,2.34240199922306,-0.49762271365398,7.12352971220477,5.81123070699518,2.70972566149649,2.91310256141524,4.58693314827552,3.34810753525545,1.66463087066594,2.35766664779802,0.903538998085973,3.05752801524016,4.16641549463313,2.39606161357371,-3.67098865545789,-0.963706530079767,-0.195557450885358,-5.35216005730149,-1.45692693963481,-2.05463799453343,-1.09214171399471,0.275724655679742,1.06092907981039,-0.35841952640452,-2.56426914558899,-2.63409399444032,-4.220526916717,-3.1967045800861,-3.22071747569689,-3.03225816733463,1.10569079598868,0.477296668474693,0.664845369606062,-1.46288477382993,-0.81368032106322,-0.329010732315972,0.610198789011164,3.92617265555347,-1.40244279993963,-0.92875567362604,-2.11643146788919,-0.241208602652566,-1.25447305629677,0.110915914688741,-0.901433096122714,-0.448822696642428,1.76168362743661,1.35299834688085,-3.03252871894297,-1.7237349042795,-2.76480718725587,-1.17726641494694,0.165483834983184,-0.837410577615626,-1.66860819692424,1.83988390014883,-0.981690267110005,-3.94199546561572,-0.154771793673518,-5.58188769695307,0.722368549047854,-5.05566634306593,-1.71434258713777,-4.67271256209848,-2.78764936540519,-2.19122671299471,-1.54754858706959,0.0907990449341789,-3.82972227517936,-0.87586707948972,0.378825741949572,-4.24189551570779,-1.55641894899268,1.76462555062928,-3.12233382762941,-0.725933108033622,-2.04144967735909,-2.33259619262787,-0.0430725178805696,-0.998080865530436,-1.78806475354234,0.985656749144134,-0.87914031464323,-0.179963769174416,-4.08684791363495,1.0896894232577,-1.7824975179314,-2.7137510153048,-4.22565871120562,0.723114191636066,-4.00727910391331,-5.47741627663388,-3.30459781496395,-2.09923764365458,0.0439223587287638,-1.3897071559863,0.385529926909026,3.74491017408584,-2.11221029413027,-1.29737318348415,0.0447239570535458,-2.13643275823541,-1.72351339166923,-2.31739464608816,-3.89998155770413,1.91450253026905,-2.17060378938609,-2.47374817348238,1.08581246158249,0.24169765017552,-2.89147933618479,-0.601941794874129,0.0868082172831639,-1.14717432206782,-2.1584811473476,-1.8012718898433,-0.222574553014413,-0.265866065458611,-1.88733671046935,-2.60760635721433,-0.648354671552391,1.44877213425678,-3.13723117829306,-2.44730426649689,0.039047548868532,0.761149591506793,-1.95717499865243,-3.78177044475122,-6.1399421578491,-5.27524541475739,1.00179591744496,-0.734139995473263,-0.536934461583174,-0.0759600879067706,-0.811360030146558,1.20905477382356,0.341533658705751,0.943935232534464,0.0090636379893354,-2.87104943024865,1.1999994093115,-4.78897242541139,-2.93755066544772,-1.70051883278725,0.541137930212016,-3.03008773885772,-1.83052858258779,2.27534179747535,-0.105138511917605,0.784249705174738,-3.79464768954578,-1.2911009117006,-0.454437611715384,1.40258090218482,4.35224019459424,-1.57125119233264,-3.01246415962441,-4.64774936169042,-3.52046074772957,-6.32066894082742,-1.41814494102587,2.07809497800718,-4.55699020046319,-5.42834862431422,-2.23866475480452,-3.90787636194133,-3.87206340222058,3.27328803323006,-1.47360040231547,-0.972456410176706,-3.19094499908356,-0.80642213668732,-2.73376057347703,-1.69452048644815,1.02123364103014,1.04323988049313,-0.716729109289278,1.54295447531416,-1.48901428493447,-3.52324402449902,0.918263371808814,-0.0654425782413058,0.110088321347592,-0.143886406392642,-0.910407287387131,-0.735263939561953,-0.522748690946816,0.356068383770169,-0.444084807007224,-1.63818679859848,-0.212076937378359,1.6578026174339,-0.789815685196995,0.96998586102091,-4.50848535971736,0.206426153436238,-5.24476160330438,-0.234529885373172,-2.67739396982326,-1.36417668212756,0.174229142033506,-3.50845468392414,0.0459039642974906,-1.05512066953795,-1.59155951284629,-1.2188054309002,-1.98324516498938,1.1924347148525,-0.62203794093027,0.759081181356688,-4.91301847673642,-1.17124391618868,-4.07514315033846,-0.790799786051464,-3.10180615754927,0.329365212157809,-1.12481679467046,-0.431577212447367,-1.62889336127388,-2.15448791540741,-2.96348682053244,-0.481493561137792,-0.18489308379353,-3.43283056623874,-0.989117283599445,-0.166542402103541,-1.37537946558238,-1.55749335942447,1.04780159627195,-4.00175441220207,-1.75923499142529,-2.43861284643406,-2.66065875392593,2.49565609183193,0.730713287654641,-1.38416342165077,-4.92589414246457,0.880044008837707,-0.184792263510734,-0.562839973273223,1.29693666029985,-0.55120185384811,-1.29459859434697,-0.29084693159445,-0.864556174985774,-4.04230936516554,-1.8982681777087,-1.28404799110338,0.0291126192708813,2.38769781933282,-3.59063332486055,0.168110912803969,-4.18206151617269,-0.42955678780618,-1.72797577105065,-2.27935105727905,-3.41091335253209,0.110066913180747,-3.51189320991404,-2.40272671994442,1.29791606998397,0.392482575757238,-3.80546126367689,-0.161353104694937,-0.560097021458517,0.284475027058483,-2.01966024634396,-0.83528524442645,-6.5180386384823,-3.57532871445017,-2.8348197299454,0.717860514683001,0.811436367524324,-4.44216871076881,-0.463493716428589,-4.83600930181131,-1.69252443468836,3.59931593158316,0.274507439890159,0.368808164177163,1.5341404696109
"40",4.36730454439458,0.391205651472148,4.17009547844763,6.78607806188135,2.63085843984022,2.31952164551808,1.87564583522041,0.794320515322369,6.73696450919109,2.73735318421601,2.54010308096174,0.494910945104406,5.07707048079024,4.33113374030424,3.12020651879679,2.19389394870746,2.02528447467355,2.41274688249037,0.0633298047205768,1.46258355729939,7.48047048258758,1.74548793747594,1.48692310297173,1.56007387026692,2.44634633626166,3.12296144955981,0.500168690955437,2.13463745874597,-0.432070000738674,4.46248816544214,4.04764989088039,4.05638129354243,2.76204626981866,2.39913768718287,2.3585390443308,1.93541241482163,5.29786907618745,0.152055259060214,2.88227197773554,7.28148211764311,1.05443776922263,2.44178695263204,2.26583042098322,4.29413295933453,2.8111406635934,1.35110120652212,2.30404515413538,0.68533160624945,1.75595463149734,2.44035880462212,1.04951182276605,1.58923669071351,4.82395019311739,1.47711281050337,3.10893093349071,1.12186948387023,3.06463807183659,2.07388279895912,0.0103810389692467,0.424027786428284,-1.61955184109615,2.36228627658605,5.29347780175487,0.0259469263814704,4.84731729265508,0.157862893190073,2.08456571184446,1.46316785743583,2.14973823336487,5.60350948089034,3.88097466050829,3.72515368458622,2.8483465639153,4.39413938210751,0.595290527966282,3.03958344181889,3.47658750217717,6.30901022474396,-0.451359400253964,4.66199233474005,4.74240661324196,2.41418906118275,6.11914199718084,0.0912829374509445,4.98546683855168,2.13016948655598,3.27381710062051,4.78147477663227,2.02644932496167,3.18965974586917,3.68419760001964,4.92018800511835,4.99396312701708,4.82090003577835,0.678580519348109,2.95326359600505,2.47912167470102,3.17613369852138,4.66481376376013,3.70441742129466,2.89702287391704,3.5875403939593,5.43853440023462,2.74557546745409,2.94656986565863,6.15729231053431,1.36704467025624,3.51288939985957,3.14668148086407,2.01966081807681,2.53379308961661,3.71352406952562,3.18090777779855,-0.87340239036493,1.85422338550218,-0.461357929135163,5.8652005366822,7.97782070070505,3.78782396198658,3.40735323360087,3.0440599674278,2.48994114100706,2.47073521513275,3.97874546016107,1.13497313581166,3.71432278127605,3.64701659467803,5.54881403282802,6.89693046825204,1.43044724473942,4.1847852881467,4.99058424373509,1.14891697420867,0.306451909675742,6.08165677840829,3.41960561108026,0.27672647936302,4.38691464403326,4.53991933556545,0.628770203296131,7.9210923715969,3.81541630240159,2.20583256692808,5.79043787632766,3.46344772221514,4.93157264463347,2.27747624985994,3.90600981134776,-0.906660016697667,2.84058759736892,1.76504223555974,2.12070457934169,-0.114972744450572,1.680050582457,2.47476737903849,-0.854410817452614,4.31008216454394,2.23544666823483,0.74870319931256,4.77701915981816,-0.667746294443489,1.59165746881839,5.38237465262637,1.2367467007428,0.497389341089058,0.0571662651225462,0.963313414034328,3.76876506162629,2.82931289935356,-0.772161249727436,3.413029091643,1.71743118408282,-0.577601894800577,3.64668963377947,6.37059776449112,4.3332484637727,4.31818220287816,3.95739689666037,0.17628662392482,3.81955306010956,2.12071683261071,2.87591955914455,-1.85935211404864,3.11534439568151,2.98948048549525,-0.852263125023432,5.04973720337178,4.72902418597925,0.107047214732303,2.93050958271149,-0.568519892187266,4.80126582130334,0.305703506446359,2.34914347584785,1.57302015730088,4.76740998213842,1.7962674779531,4.57045964234671,2.46808878052571,0.997829397334678,3.34140516027712,5.72344347014436,5.26376667626667,2.67024321995458,5.51386376933836,1.11268656757375,3.00422799991402,4.444215641249,2.03386600112754,5.85091223486539,1.97554002786547,0.628114815516332,4.58966993997832,-1.13222323915763,4.21246837224355,4.93036544237487,3.20754324825814,1.08014638438706,1.81404356834499,4.35723745699814,1.91658970932243,3.08190704394804,3.34419563137001,6.11300700779213,4.61840046668879,1.57347983565698,1.94030774535617,1.01955019860492,0.0922110791940627,7.70606649720301,0.865538277619785,1.1795901513956,-0.261890455804567,4.85960607684695,2.44298417645269,3.25275915217037,3.93512202346746,5.82497146697287,2.38446311909672,4.95161850077422,5.67660306585122,1.37042053323341,2.09328576742253,0.113940760520522,2.27879584085377,3.45674186582681,3.37510151973746,2.82910967752022,2.34794401316845,1.69823448570462,2.41382463139343,5.90903614031166,2.45468983900408,3.25263580391326,8.68215007249195,-0.539050801923404,1.80218270500319,1.6375119353869,1.30953415376972,3.17031775238739,5.70012179595889,3.34897520415944,0.71495755615909,4.36080178392674,4.23597498012721,0.150262106335969,-0.110655035915065,-1.73049058874141,-0.247453377072532,-1.9206114645456,-2.8715850203645,1.26990863571625,-1.20295315521307,-2.6360104098793,-1.60412757405044,-1.16250847341144,-0.272378521778214,-0.115472971681177,1.16072955619033,0.847147097672291,-3.51099674406787,-0.243528758078581,-4.98567775562095,-1.56565297925709,-1.92489671551619,-0.708771138097737,-2.04119008932141,2.02107015554725,-1.82698661862562,-2.41441879746186,1.92749440165989,-2.70576108108405,0.379818813074662,-2.20100723042664,2.39967638585009,-4.29858605423802,-3.55675612888929,-5.02360079176421,0.314351983034116,-3.77829950659785,-1.57401259323972,1.00692398595012,-1.44467617502858,-2.61709046865499,-0.358107554034561,0.660359508404366,-1.70570001505866,-1.47083004029862,0.0564594027475618,0.11108360860018,-0.354464704812414,0.348248966000392,0.451630097355159,-2.84147648652643,-0.511963836814828,-3.31113235340275,0.330416759567393,-4.16712338322142,3.08305899487603,-2.444658425335,-1.02984438160752,1.60382732356537,-1.93456630373046,-1.37090003153607,2.88555678364051,1.47397007687676,-2.40774446269009,-0.676328283659825,-1.25989506876311,-6.41742965865454,-5.52160404615685,-3.21221365185736,0.42288050824007,0.0825742026703615,0.993596218268286,-3.68863226884891,-0.0364236522290863,-1.4479608267467,1.7190579661987,0.938919844831938,-1.57830514433227,2.45539430348451,0.00184873287866205,-2.26831112546642,-2.11386199153885,1.10793753781155,-1.21461684705377,-2.34863052855392,-1.22081685421776,-3.83435106650776,-0.0151035372444276,-0.262530582635478,0.036963226486064,1.13000702571218,-4.99784918176151,1.76074383874756,-2.38103236173779,-1.38957543287988,-3.47856348671135,-0.45099237423428,-3.7574851494944,-1.23331892252606,-5.95930887307818,-2.27620424180023,-4.79130037187638,-2.67527770939756,-0.359964040810851,0.871296490263691,-0.937321904736126,-0.582304081433177,-2.32140658921844,0.602373454471827,0.64110756286618,2.16591333709205,-3.82961585593444,-0.94212974247491,0.586480461083675,-3.57432187422979,0.609994054390407,-2.12381340111656,3.25562367664362,-3.25359250614326,-0.479076085602591,-2.02063501661537,-1.26047348648841,-3.46150279162596,-0.461751697896191,-2.37729151924368,-1.57531242792251,-2.32654724680149,-2.67425822772593,-4.03945773903598,-2.85948717232954,4.21222843438343,-3.09295944639634,-0.809945199146294,-4.61223842668531,0.571728075166119,0.78890128226708,0.58212587176325,1.94276626754608,2.22193900784648,-1.89409734062887,-2.78511819020435,-1.88066109958322,0.20116526627108,-0.338972102946531,-3.26473412828184,-0.250535222294643,-1.39128932139737,-2.04135951889599,-1.96278067211565,-2.25694802364436,0.604538571310959,1.62650883467075,-3.17102343495142,1.55908223925191,-3.62317965925471,-4.91690028186666,-0.625930933821736,-2.28897790293053,3.50330232699628,-2.88784927417841,-0.856078517516466,-2.08674331764577,-2.40013271674107,-0.0492561200958832,0.52987656593656,2.80020848876965,-2.51290471950781,0.289547202251416,0.299322195007646,-0.962139105907938,1.94876238974112,0.80263658969357,-1.97227508872964,-0.962538079345393,1.82077805184157,0.327379911031982,-1.6088537180909,0.869747432027595,-0.614266416503777,-2.40834593580619,-1.61965655069638,3.52700989329743,1.86216601215374,1.33371610868124,0.809996353444917,-0.379420245277552,4.62669403185839,0.382049044062249,-2.26023369415031,-1.17396279449484,1.41342611971122,-0.82555478592565,-1.80147947842548,-0.755454362744549,-2.7103572516534,-2.15559099044177,-2.12372990037117,-1.05069595928806,-2.17282773621721,-2.93495220232949,0.592027209690685,-1.11856088885835,-0.665737812410295,-0.15596955822069,-0.233761021555235,1.46757425787706,-2.99455583556672,-0.97787388968332,-1.80548708796447,-2.6764526907076,-2.5766096400113,-3.99062053013473,-1.58166388977178,-2.98776776138883,-2.232416112991,-1.30141371665359,-1.05408267399557,-2.94223897205179,-2.71018175698055,-1.48586587650729,1.44379809097925,-0.644874619401929,-3.54091637238443,-1.23674737111809,0.179405735816291,2.6679745245457,-0.677164876149212,0.998267218886258,-2.96280754204434,-1.75200672131934,-2.90253625606234,3.57257921336307,0.404693667319133,-1.52383757404625,-0.15193342097684,-0.816844086791187,-0.892233368357461,-1.40949064521541,1.95769502052525,-0.0459046050258608,-1.59675141335707,-1.22618800973166,-0.57850459599723,-1.3138566697498,1.66814687575945,0.485158484866709,-0.734092394275046,-4.61887232736796,-0.946627645351204,0.0385872792202628,-4.67396864323393,-1.7538477732428,-3.24511050652026,0.760610621797716,-0.0818959607204031,-1.72891376175688,-1.34669659695,-1.5601075223265,-1.02658738815728,-2.30971354827609,-5.33498090818831,-0.0417285495529258,-3.84494687931268,-1.69958306564985,-1.54151083088725,-3.18037654098456,2.44286100082578,1.37196756815752,-3.17633300166959,1.60614264217852,1.12462727663163,-2.33745436199712,-1.14910774485723,-1.05322077117744,-0.198791358256017,0.360376273990488,2.84768036824099,0.154005305571416,2.72689989390169,-1.74438188394395,0.151242567421262,-0.726255768490817,2.36150891648636,-0.754040015249672,0.830758113949729,-3.03390343732835,1.78355086709597,1.99023400123913,-3.0891263348084,-1.22185037273966,-2.20073416065506,-0.0181867529646326,-4.32640820771073,-3.09780024034811,-2.44794699158119,-1.46665351491076,-0.50071930994045,-0.0246784832945737,-2.1418657231486,-0.419765560466809,1.59350273488348,3.62280841786067,0.759747690693466,-4.07907182727215,-6.08278092973079,-1.93692134988995,-2.25822293560605,-0.325483266587739,0.186899564606626,1.11485233844518,3.02117977736738,-3.15016992746107,-2.61769954675204,1.02745068281243,-2.53462745435218,0.893129413132312,0.241454136902671,-2.69698209075835,-5.09339262057658,-1.01562283266434,-4.87815496080357,-0.969509428294699,-4.47414549870641,-2.19977255008854,1.11891879192222,-2.86562209332158,-1.72523727184375,-2.1796474254573,-0.278057754381828,-3.30922350514402,-1.63167407333348,-1.31911565622526,0.108579591478262,-1.37693824136193,-1.41905369153034,-2.54224433917331,-0.102586424329207,-0.143323664385184,-3.00703647751204,-2.8636392182957,-2.99574397542954,-0.344658760355596,1.35663984241655,-0.154042192928526,-0.077057339641413,-0.268714069919839,4.93564395456452,-0.679877318600075,-3.62737506958357,-1.37706287820136,-1.18454006324594,-3.34056513225147,-2.54330732729066,-3.30454350857709,-1.36658948893538,-4.05410148132104,0.500756860921184,-1.3251852938244,-1.69368059058952,-2.48362906116108,-1.91656683572363,-1.24189600232279,-1.29035328179502,-0.556291189307705,1.10684550785752,-1.21225029448678,-0.903070595828978,2.50057195079701,0.762179585238089,-0.382626846721755,-0.0825078431333063,2.55275615597336,-0.404878118245359,1.09422016140889,0.665655819004695,-1.94710634187747,-1.84380411412887,-0.365866511896997,-1.6036782283023,-1.69841674272127,-0.795480308486239,1.99152098912507,2.76068630663395,1.57979194500806,-3.1813683093942,-2.5634915680663,-4.12391500381153,-0.367354992048699,-0.488705533704939,1.87646818337206,-1.11361739645264,0.135085805757378,-0.3187562580848,-2.92494902762558,1.10877380101167,1.54777742073701,1.2802223064077,-6.11009421699561,-6.09823555054701,-3.30129563266709,-2.33816521655723,-2.37301239180366,-3.16241635915566,0.0269445435650364,-0.977625987666131,2.93557842520789,-2.37453261202583,-4.54370331748196,-2.45607115719173,-0.51975843948384,1.15826268164473,-1.53185684971518,-2.43080559532046,-3.42266453021248,-4.60173181392898,2.06246153256151,-2.50756034573272,-1.5335483212801,-1.15739163407309,1.12997033062754,-1.37984075324135,-1.17499465277089,-0.81619456269335,1.81918319236801,-0.201569913341366,-3.06571227490151,-0.101583985620067,-0.00170558542777888,-1.30709227748382,-5.18436187214308,-1.00876296467244,-3.28617461799012,0.194882327463767,0.342839719311715,1.15802396363912,-1.03425247716308,-1.32180846036168,-2.70895460553994,0.330380145273461,-0.768669671559945,0.84568841361052,-1.12293580702184,-3.47362063212522,0.585021818933712,-0.726537558125411,-4.66874440290597,-3.657102500985,-0.270071103719135,0.0251626707250507,0.348862477692877,-2.48785334868674,-0.915270661265944,-1.70148138176051,2.01821427611438,-0.91971312573542,-3.90300262158327,-3.25879816871863
"41",2.06426082026125,1.75620830002608,3.00685109902074,2.26842986316106,3.74396536667497,2.25460211174008,2.29396498603239,4.36364359458537,1.060975124501,2.30538657059856,2.49307460197772,-0.231211319916863,4.05970635838282,0.987501389487436,3.57972290474357,3.16119714454059,2.93979264999143,7.38066320249654,0.758085047398643,1.49618628081709,5.03193281086268,2.29195353108559,1.06397737341193,1.30613285856165,3.94747870255112,2.08626764175902,0.887018468092881,2.01433065361624,4.41703558252974,3.98555470547998,1.29275851602278,5.81160853909419,4.53501041017863,4.73072443103719,3.85400929859159,0.935636611394513,0.314084673786004,3.17185326246152,0.205647745513939,3.49868801077853,5.22846797571718,2.16149051595798,4.36037678790226,9.23823955989236,2.02179226838327,4.03698432852006,4.39280338031965,4.13433454112416,4.70551409791825,3.43706675511281,0.511972100339103,6.92436624053675,3.86349529709571,5.57644834857498,-2.4089010585531,6.23303854491197,3.2522189318068,4.67082654913049,2.42678948860855,6.66165508132094,3.91070420096584,1.6908627010754,3.40616679636617,2.31274235970785,5.91413277086878,3.96009530510809,4.08938785965332,3.92429376981385,1.64747079856019,3.30529731005928,2.48363946208589,5.3857649012476,2.16418319250607,2.19541519303499,4.54585139012391,2.39457001214989,8.01695591871611,1.03690487780408,0.687517128896461,3.92413030644943,4.9988523104019,3.68843355517675,4.90300366366845,2.93022493429262,4.55606921324895,-0.45688128337325,4.47155603304823,4.42513376289812,-1.44537802936571,-1.12430022327364,4.32269790036803,2.51480402748111,3.10854932183553,4.94215345716559,2.673095529397,8.50427412279549,0.515926097222969,3.81957912269448,6.30626775935308,-0.922592882374444,5.27042266654847,0.864635968580558,-1.56455624036639,5.3853241802084,4.36864667911257,2.21259482150281,3.84826046176833,4.84951913952188,1.24518533291596,4.12027912020165,1.36336574429046,6.07805590250936,1.40781649746128,2.64057784284532,2.24637996223536,3.56116480205844,4.10170702947514,1.33827738061794,5.08421477371074,0.216104088803286,1.47483705453437,4.33126887995328,4.37911846889086,3.56958628715495,5.98047410746859,5.76734895542989,8.53132467502074,2.26529636456863,2.93563142174826,4.40715424217147,-0.121469640566215,0.489257614767381,3.68475942265963,5.00987585085014,2.63943485894232,2.02074421310361,4.62855917470086,2.99135707419339,-0.890739440892407,2.23817864677401,0.349859450222669,1.10483043384906,0.669930293881724,3.6740318647701,4.44243780723968,5.04589635215206,3.44185627308324,-0.425912233374352,3.37264847862217,3.68676695992297,1.80505044417701,2.95413621356017,3.11808025170968,5.01523855986729,0.862093594401176,1.67135470621523,4.10754105436258,5.31381172899968,2.63710900237353,4.3897807134147,4.40569193597613,6.99636611483371,4.14359697541926,3.26514327839749,0.682676441068608,1.78547613417256,3.21400299966661,2.8871758082598,4.31177179538912,4.885917768778,-0.490999783193939,1.63116947856729,3.01856177341437,3.12640037339546,6.33430942838276,0.784736671607994,1.89042398865353,5.03829147129694,-1.23467018271208,3.83200657247804,2.59834608955633,5.39415560129379,1.78711867158808,0.875523659702809,0.600873339113119,2.8237214694625,2.31055349450313,0.765854917264726,5.89657582825381,4.17087697847499,4.15047249378172,7.71011159911696,1.92685309332962,1.88031904121728,0.858473729639456,4.23743764322167,7.49520729131721,2.04106694368195,1.83847848723302,5.45249192467587,2.20665261935075,5.82007012587906,5.86246361511866,4.44046867736921,3.97341989271315,5.45243478410432,1.89638765105476,2.62242197649595,2.44887237932329,4.27262271990022,4.4475383838629,4.54194977880377,0.793741736984118,2.98535500179712,5.1951874227488,0.8635117950928,1.36305206952244,1.74576214805279,1.25282102731387,0.200583679149456,3.98077923127502,2.38228249301654,-0.749687097844892,1.59761884236918,4.57787399418497,-1.2301712612485,4.6709212715795,0.463511887702184,0.109120176277969,0.901770845530441,-0.69911122877444,4.14233864623203,3.03012200537023,1.18847485733957,1.29531630211875,5.46659879816317,6.17918845267541,1.60178782403993,2.84933616552934,2.03756091063912,3.42288907680838,4.03458240515594,0.51444678595217,4.31201417074104,0.163869932403622,5.26150181608909,7.10855285607011,1.79698472758143,5.19255623919256,2.37630161711706,3.45315935732282,2.45098458705207,-0.336692516797176,3.55874519507016,-0.597710407028437,1.00417735959862,6.161977120048,0.457906087842755,7.82517643166337,4.9161605206317,2.78553450662268,1.81010278199398,0.23286993183299,3.16596571914346,5.56599219717405,3.51206726784715,2.96866870265706,-0.0796740554422816,0.729783669255426,0.0725190794571358,-1.64060674262344,-0.0730018586435821,1.50616641228476,-3.03882882816021,-3.31118578605195,-2.86321117295197,-3.01253952871538,-0.31906400087617,-1.33697453312407,0.126022706361182,3.02510288405392,-0.261851488764991,-2.53968686597562,-3.78844701679872,1.11392574968293,0.347823621697253,-1.71333074983476,1.34690236348954,-0.601725677190661,-3.88464530990365,2.1296594433839,2.86433899368126,1.50641697098165,2.42165336865175,0.706717667916038,-1.85535359602007,-2.20170991089716,3.82006146541869,-2.24095091469831,-2.77507578748054,-4.71239406011142,-0.653764663895287,-2.94440950664205,2.50337241093604,-4.3502128942697,-2.91852590087051,1.20453545296636,-0.0648707757505204,-3.53610469402379,-1.03715628805566,-1.3966752389446,-3.21729719057247,0.660123587173765,1.84814994091604,-3.76069841618521,-0.23960825712215,0.941956114821729,2.35672116109697,-2.75174754707741,-2.35984092327901,-1.34545419218209,-1.39746225958767,-0.655917062104916,0.356305117175399,-2.70243067062984,1.41497102479801,-4.44733230359998,-3.29247263124331,-0.610454792548452,-3.9269833574772,-0.289929202025928,-0.539888771668808,-0.158977484295937,-0.660954042100903,-3.12657339537977,-2.01154715523542,0.127305431913742,0.924919558825773,0.686754260874372,-0.621170997300654,-2.56134198638543,-0.229070289304563,-3.18338727884092,-0.758596599986234,0.421424214014443,0.521830550964001,0.0169194393854573,1.2003414588394,-1.05632386418144,1.3209838442324,1.51949893554907,0.0460552441173472,-5.00256783401715,4.40413682856893,-5.19713689706155,-1.8435974842685,-1.36227029994542,1.52838246529849,-1.8573658601588,0.264034807384938,-2.83043962612046,-0.460937123314413,-0.561392550026471,-1.23338785644815,-2.4074413495044,0.399050917954368,-0.419813747351102,2.09999619848136,-1.19968224007007,-2.06276545694716,-1.50982448186517,-3.01765569522534,-2.24644547778136,-3.68864091015455,-1.5923888713313,-1.72527663849627,-0.436975754329372,-2.19772356394818,-2.1066015848701,-2.39547691443149,2.21902490313884,-3.32159088988164,0.119591596922208,-3.52139407241363,-1.9060277360508,-2.67425326316512,-2.61013595360746,-1.32274969260753,-0.352127899868493,0.53828215806033,-0.472555963780102,-1.63740216081023,-0.902212254215664,2.62053250361886,-1.13196728262624,-1.86699562092725,-0.78784583260001,0.124631147638523,3.13376308882208,3.48814226081996,-4.47818671071408,0.461748071311006,2.0665938889488,-0.756573137876449,-4.66740182994658,3.42384378088156,1.0458775985972,0.0631336965023395,-2.58499849811456,-2.85497538204681,2.68103631405101,0.247161994953877,-1.65441235349928,-1.00132186592884,0.278810245152867,-3.21784126684324,-1.44177278183969,-1.10980977593284,-0.633162196084671,-0.5375458172123,-2.71017525528669,-0.736103517679877,0.729525770587898,-4.05479482285224,0.70086160326119,-3.63555339117193,0.881349283238245,-3.43430370654214,-0.94936441587486,-2.28626496398771,-2.60119161186785,-0.741006604364619,0.308786504819383,0.825801399293697,-0.337340239397678,-0.567221224703067,0.460360346037904,0.95326309561455,0.411296726842029,1.40340285932225,-3.74674448374166,-2.66841529688043,-1.01985874116309,-3.19414549766427,-0.473778910742933,-0.0629723313280707,1.07664689144151,0.241844141793606,-3.05655895067271,-0.660895128504654,-0.476008925208513,-0.879535788418751,-4.85504097991121,-2.07512104864975,-3.11969586519544,1.22058276535587,0.479447952737373,0.0736160333916287,-2.38766521866218,-0.460412654992439,-3.21023061284612,1.18787272479087,0.544306975942879,0.588777336787223,1.76479472288064,-0.0873674757702263,0.93203105444525,-2.15574533884848,-0.146314044734273,0.443125680411861,-1.928434400588,-0.239731262798081,1.28537620982371,-4.59387347535638,0.618544630929821,0.789601900642108,-0.255851726692327,-2.56746791736308,-3.0760338399381,-2.10898321559758,4.73950959751586,-2.26661242347157,1.33346756157954,-2.33361750991617,0.866062752729286,-4.53900683686152,0.537830236134309,0.179952156849481,0.827489720930509,1.90315196090828,1.38624416586872,1.86880895622813,0.974282219484792,0.275922432671579,1.76303761184296,0.854586866068795,-2.15147157538791,-3.77162429383987,-1.20718631149517,-0.275232330218197,1.76553623283934,-4.23769348301999,-2.46134906656003,-1.91750785503073,-0.276394880025267,-3.75158375492992,-0.209990865018717,1.69870297600617,-3.18308674721515,-2.34022814912612,-1.21143223010062,-1.65127908781725,0.00700576661477692,1.14188437330886,-2.02146900561877,0.0275013408321281,-2.63774441727529,-1.74138358732308,1.8709682887513,1.68399793081186,-3.80507044423289,-1.95782090393663,-1.18125132835392,0.359964545736,-0.75670025102481,-3.12386980197117,-2.32141579311881,-2.87479145546822,-0.273565910851353,2.31071875356914,-0.81420174600572,-5.64417392227136,-0.0182037381343637,1.58898812906405,-1.57581447225846,-2.77141033646362,-0.333779065316421,-0.397607472358015,-0.844824561715118,-0.0397127638782381,-1.49133745498126,1.62084040753794,-2.85455237785043,-1.9677273434575,0.303560971410458,1.87471062674131,1.11053640557635,-2.10876045778566,-1.38820913950267,-2.14375221492697,-1.46527103471198,-2.75378440843164,-2.99600274180453,-3.12194345213587,0.453597898938513,-1.39064470145928,-2.90039156047909,-0.705823158532563,-3.23948781346374,1.94990656797939,-1.16968982761593,-6.47009793733109,0.785221770502866,-1.80358252634672,-0.841219475528814,-0.80830876232032,-2.31128634948882,-1.40894070746033,0.933327014457185,-1.54990998950519,-3.29749143317195,2.79908963890826,-0.657549199607258,0.243425521854925,0.722170944877553,-2.44609913759369,1.89889357168077,-0.70856841279158,-2.64288255827621,-1.37761120444266,1.90655356133458,-3.18217040790722,1.31681619258231,-1.26477396160601,-4.41413661853166,1.15275239257022,1.38613351646127,-2.13287481422149,1.42601331485746,-2.96279668828299,-1.59619007613707,-3.1886619754216,-1.9305743260924,-3.77574664306007,0.183162072658037,3.35672698090819,1.04899583946009,-1.64728133041671,-1.25138150194693,-2.48980973951847,-2.28943212749683,-3.15559163745048,1.63346004952522,1.40774136640528,-3.70020860144024,-0.903686264307251,3.8300169180136,-1.23592406039873,-1.12294668039029,0.115721421884317,-3.22848738272766,-1.43017520916167,-0.663739320618753,-2.23056142851695,-0.622234973724113,-1.25495503885061,-0.700964589562781,-1.39076656369167,-1.31444893918941,-2.46898955107938,-4.18741796157171,-3.08837317539596,-0.86371658050937,-1.46963457334023,-0.969975194669172,-3.42155691918388,-1.77825685967676,-0.189559166200879,-3.69564718410161,-5.86201831547606,-0.382259888628877,0.775249871189953,0.682394188749416,-1.63759297312976,-3.05742544879275,-0.0525428282913031,1.36923415895376,-3.10793595231387,2.1149114068129,-1.44274118142707,0.00638608381659389,-3.14644307600398,-3.90122504139585,-5.10232683674655,-0.345561260266184,-0.706681784601151,-0.830309213435988,-0.00491001964459004,1.21884997449926,-1.16238083235945,-2.50905107788518,-1.86925896219093,-1.31435159781553,-2.89505442764717,-2.83267987742332,-1.22848949552227,-2.62492331248198,0.838309224147313,-2.76145106318941,0.282030862780234,0.216399501463971,-2.75346558842989,0.479194461639626,-3.83565491905096,0.595772615011008,-1.26501348516912,-0.671680024909543,-2.89653171587733,-2.90656774228423,-4.31676346206339,0.391575361161893,1.99798245638804,-3.38143858422655,-0.292312622944163,-0.935117656793896,-2.10355641016376,-1.03925499664935,0.107211277965936,-3.61169660301072,-0.698651989416734,-4.65819899553285,-1.20125651778009,-1.46328452934656,3.65270642802867,-2.72719914372295,-0.361399359660611,-4.54763174036814,-2.81878592365395,-1.78956605760741,-3.77054398535532,0.55253353878338,-0.16484548861774,-5.89588943942898,-0.276813914166428,-0.589304497309702,-4.22557776005816,-1.90864196982733,-1.80715605040047,-2.06645205553073,1.16880267418414,-4.587610533524,0.831164543206304,-1.58440477996789,-3.0564365705857,-1.52410340679383,-0.112656697057781,-1.85728406085639,-3.45694102364396,-0.0886512242952214,-5.09579897352726,-0.652734866350875,-2.46355110718597,0.197622782087222,-0.00348858212023861,-2.05889502017953,-2.67021165650655,1.22500361627399,-2.2629634295246,0.812738773742997,3.15334436853444
"42",-2.19178217816288,-4.00991052217955,-0.654252047586687,-0.438008365155366,-2.44051497892459,-2.44697372772764,-2.83082595681917,-0.802275078816401,-2.75214267179636,-3.17860057187466,-0.0183313645531065,1.14250930522198,-0.502615835483859,-0.471599258093071,0.529698146048305,-1.17042857011972,-0.332184334041607,2.71470532077808,-3.6497026117988,-1.06964687192176,-3.24558609815363,-5.29114344593979,-3.3225789083714,-0.849958058207752,0.888849237699594,-1.86703782134139,-4.47580064939865,0.57789901855717,1.43769114772624,0.624529125779681,4.89512050650845,0.746356013603908,3.14743972009711,4.5395893416065,2.78577619259342,-2.00955952101273,0.949161813198377,1.00341413352115,-3.30331240204722,-0.559401654985519,-3.26549553486108,-1.78356774225689,-1.8965981629972,0.813893982740372,-1.4082674047565,2.61001620624558,-1.88651393984494,0.647309570339837,1.24784354862779,0.804969399902199,0.151428493850188,-0.730781238153568,-2.50070432967196,-0.433665782295225,-3.4121445513132,-5.213401796741,-1.43097406866453,-2.25169359754663,1.34485634174041,-4.46721605110363,-0.589033167774142,-1.19422965207797,-3.52373822217964,-3.65127814268146,-0.509039453083421,-4.0865802855959,3.25185666884319,0.0557464731432882,-1.16420459737205,-1.57242432998469,-0.933184152600171,-1.4439734400652,1.1007295516056,-1.18494115100186,2.90590232677704,-0.662811449450286,0.504308044030874,-0.313634548742206,-1.90356393165666,-3.29416811272434,-2.23815866926723,-4.5802602502199,0.301795700209387,-1.04653839743738,-2.20344442389908,-2.32802597313691,-1.2281562287307,1.3238943529757,-1.24137717123051,-1.6132145473732,4.03215560939933,-0.516517684793004,-0.475812511907405,-0.0913105948673466,1.28487931025331,-1.3397543453081,-0.496308391048209,-0.75563755182173,1.67755114237894,-0.186842081989743,-3.06670185350572,-1.85125518148308,-2.13935531701473,-1.32922231138149,-1.63385534942169,-3.36849253069673,2.29039943371821,-0.934850921203724,-2.53905618863971,-1.81857234378323,-4.26910176941815,-0.518096622768248,1.52144388603126,-2.30918902178608,-2.65906117951338,-2.91428273712961,-0.512881580601222,-1.09657037180975,-2.85828676095628,-2.29875629106721,-2.14291247898477,0.567405911849961,-0.460821581420042,0.367767162538085,3.24295497158413,-2.42000932077453,-3.24934989904563,0.956493052227805,3.96813475202238,0.0472781025435984,-0.707182290757621,0.218759153496326,0.0472942367256095,0.517116573637178,-1.8458883022721,-5.67180072777014,-4.06323892142016,0.574629992673474,-2.98158952228143,-2.51329027601529,1.32501348510735,1.34706999409634,-1.14864381166078,-1.01086029813031,-0.375977283584699,0.344335703495831,-5.5933362899652,-1.70319284999483,5.61129656722162,-0.33321745643613,-3.14496959119509,0.115503856138603,-1.6136784586932,-2.52516311105247,1.17178467688411,1.45242671900192,-0.635566519055058,-3.24283350448662,1.85732980434785,-0.860950281180722,-2.09978518097675,-1.09833508523157,-1.57608323041884,-2.8788120841122,1.78013547759143,-5.76643724436639,1.97884528814739,-2.20434492585546,1.47184488428793,-2.15075526960015,-1.59457660008854,1.05134753277059,-1.42113464625889,-2.57449367908206,-0.37166924834139,-1.650597316377,-3.00915892738229,2.45433865822499,-1.31820181072812,-0.697526438221151,-3.00060062313419,3.28706815110317,1.73346466531703,2.01788634865622,2.73528998992898,-1.00883094639963,-5.31654011958015,-0.540941717524676,0.774885537352113,-1.43696220723254,-0.460270349373189,-3.05901949446575,-1.04273420846815,-0.814814051288186,-2.47007112553353,-3.79881485610524,-2.14446678441209,3.60657894275973,-2.05236886581098,-1.31768808299596,-2.17950473485016,0.117377897117018,-3.76219591807863,0.791771262536264,1.62328561770003,1.31226228310933,-4.28659515910626,-1.81572892659264,-0.888877212795396,0.816545955821792,-3.84263151723437,-0.157570377622845,-3.73583764271605,-1.29797948284271,2.27600778240961,-3.98077517391241,-3.70829180373285,-1.53393054784088,0.259732521675451,-2.26169523388115,-4.49805378399292,-0.0836438421903158,-3.29253186686117,-1.85627066295247,-2.40394755634856,2.57179619797286,0.900080768803682,1.77351226009585,-1.46418457307498,0.720672992037871,-0.425423746905238,-0.0202154448387898,2.41473149675382,1.37077496236186,1.30092612623514,1.52071744480865,-0.838627305176849,-3.77793346897799,0.133250346775223,-0.103454016856967,-1.54396085866324,-1.24184813833435,-3.31104986919793,-0.610905756776732,-1.36620374453626,-0.32576602964428,1.95456082431595,-4.08135163545954,1.14878296603453,-2.97303790480635,-2.79583664308799,-0.217059196073233,-2.3071951230155,-3.34991360098256,-6.03323024011577,-2.88746385884988,-0.806452760154944,1.39232484469188,-1.10201534741523,-1.61688830002987,1.20153524498329,-1.93509756662572,-0.532399159762094,-0.215442159156708,-1.82462461065844,-0.747808297746442,-4.07822108703013,-0.904602008577042,-2.35963910121112,-3.29527206182036,-0.690088586299727,-6.2763418479759,0.994565237596325,-1.42315661291103,-0.875272674809921,-3.16765818310405,-4.05089049898644,-0.0418718026959377,-1.54711482041861,-0.64370688478432,-2.01744356951464,-2.34043743063353,0.172499323531337,-2.78256242641852,0.305807708246023,-0.578324915345921,-2.04995720661863,-0.382367010391819,2.58045157727898,-0.23512084441361,-2.31527110690315,-2.19783339706503,-2.32693767472177,0.312092470918099,-1.29005517505601,-4.28020556871783,2.33636460047165,-4.62624850726623,-1.1435611900448,-0.749306667510314,-0.446017976027867,-1.49118880311287,0.283867213418465,0.922170314299593,-2.03389119480096,-3.47033392634802,0.539640390127439,-1.95373413289328,-3.03809417510023,-3.89267761657968,-0.660029264233474,-0.39654667623016,-2.28793150299731,1.42360141583392,-2.00592533692074,1.85876970853132,-0.812195172213281,-2.97797175748559,-1.98036778169239,-4.46676687558965,0.253599157563265,-1.34085486954025,0.67133820162165,-0.00420257476350194,-4.09204246029322,-1.95646251805109,-1.89699210304954,0.969723552816158,-3.30102239695093,0.447275575159072,-0.229125353181702,-1.9199467416746,1.90556333381131,1.75127308020379,0.651546662131278,-2.39967075352573,0.747326517186872,0.34014642998054,0.489649853277837,0.984220606532326,1.75429566063877,-4.15932826164749,2.13355490417458,1.50323835258486,1.16071329068929,-0.9399377376247,-1.18809157155539,-0.569105772015793,3.66137253778569,-1.12272254908948,-2.62296415233552,-0.52911257022173,0.390265317256811,-0.0169894979443946,0.360195253115753,1.64524151426434,4.35584629694825,-0.664335159898989,-2.59587914021766,-1.25429891089718,0.706549610233694,-2.18289488632811,-0.516234051221121,-2.05653866236833,-2.02561475165683,1.11428433657903,-4.94099396575936,-3.15623880005231,0.801281394924466,-1.38709925161629,-4.72426369115089,0.546275749250849,0.387928429766969,-1.87828537373341,-1.17374942908991,-1.31554005612395,2.57242518293862,0.989582865175112,0.0770957721008672,-2.00046264053923,-0.00692906510154467,-2.00286112737089,-2.73449623043066,-3.27537448550944,-2.28749395199217,-3.60156839041347,-1.83308333852181,0.627754084301879,1.2144312425028,-0.953432342357387,0.261430898332392,-4.1591672257311,-1.25943097361617,1.61808458346863,-4.29005152892019,-0.522467124830292,-0.522250150076402,-3.58454490614341,-1.62380836036903,-1.18154818677627,-2.97995188300149,-0.440478210863406,-0.0697211933511485,0.422852155764342,-2.75200116814797,-3.74098381797484,-3.67172821654929,-1.69181229499691,-0.763822194038418,-0.413149497770618,1.3198727048588,-3.26542299935563,-4.38017526927022,-4.24291378048479,-1.42977201552171,-2.66049831436102,-3.03160317714754,-0.891840036289073,-0.831605503875039,0.982039898327047,-1.64510888742505,-0.367056151385285,-3.81267704342463,-2.80205672577817,-3.36368395063662,-1.2260307085674,3.64137432996814,-1.42249297919449,0.635155660688313,-0.759692846080584,1.38595023752425,-0.649076619399449,0.841667053321753,-2.15249433095484,-3.59333630660699,-2.31526845296993,-2.55667855486161,-1.23252139400915,-3.8317787227067,-3.98742342946439,-3.73194758750977,-0.860151099701176,-5.69951725295246,-0.199558693217635,3.63302268804965,-0.183260236376678,-1.80969182704242,-5.97675341173456,-3.47450255814424,0.16794640115953,1.36226559355738,-0.108108970001924,-1.12372492627849,1.32033802758289,-2.6101452615552,-0.846645396355766,1.69332497849126,-2.14779851416814,-0.0213316662978286,-0.234302748110275,-0.706440364404785,-0.399660816512237,0.192603807686559,-3.05992726886626,-1.28235058141993,-3.71301762995429,1.59077491402656,-1.02459192682138,-1.55683886417581,2.09682634013614,0.0773593394053651,-1.85552851705906,-4.01203678548387,0.133747605482723,-0.0754775355195023,-4.3957055493471,-0.467484851238547,1.6473663203085,1.4693543511163,-1.39819978157941,0.631530337399503,-0.703249417787904,-0.509697715107341,3.04163664378634,-3.21932169561264,-5.50813029235558,0.227886370226388,2.79355714852572,-1.20429207074717,-2.47706564287487,-1.82430019018527,-1.86510921364964,-0.901150473133966,2.35046673820212,-4.11546555828208,1.46921630966542,0.563903548244225,3.8513616285249,-4.21432359146956,-1.02805775255149,-1.6614017861159,-3.72748265244881,-1.86260716366016,0.00464005706481152,-1.64989994797882,0.0403238285512306,0.946386959413308,2.0394249016506,-3.31898474343453,-0.120151044123239,-2.85746898012308,-2.76884803426383,0.680798303782291,-1.9748395641347,0.772452418532454,1.26397160181,-0.552809901565039,-4.94576293074449,-0.696131182631148,-1.7061676191794,-0.53097341561573,0.543116644148151,-0.0195247557836528,1.18431794959543,-0.420401432317201,-0.0121452223965566,-2.01020886758404,0.662337139269441,-2.53145131043627,0.7192086691813,1.42109364220989,-0.503965697772561,1.93749035537856,-1.1220483297902,-3.71405351962123,-1.63841025332493,0.918235738265839,4.88127613296088,-1.25591100896427,-2.23532631875665,-1.19801761449788,1.57143327473699,2.44123699701114,-2.78573503797445,-1.58451888918696,-3.41522661748964,0.307984125001802,-2.35697922262492,0.830283807380581,-4.27154842005996,-2.95117529681822,0.236038086887685,-4.28693304562837,0.76495635244992,3.74786254242536,1.11233990909496,1.20755060229547,1.06839874571445,0.753628633156267,2.17410174640172,-2.73472343279253,0.651164987938645,-2.078140513536,-2.27539293208896,-3.30520864679095,0.586181058187148,-4.33304095794722,-2.51456490125793,0.740253200889823,-0.803311262370896,-1.91215234201009,-0.490173023228777,-0.973140335213383,1.08728961664027,0.770118445242076,2.31093924070871,-1.75044282620108,0.190403471224419,1.15290995364747,-1.15194454813204,-6.6955514383007,-1.62939168068371,0.843634551981976,-0.376394432413277,-2.93733758382725,-2.63706714475689,-0.797598100457217,-1.57589164497167,1.11856400213283,1.92321560144039,-2.40139581903036,0.16424071456295,0.185052842900788,-4.35268352876295,-1.10545461917582,-0.131756968923364,-0.376349336574778,3.02434604468473,-3.44586936233898,2.1316470794381,0.775584955264157,-3.3899627941104,-1.3944603061137,-3.39069798599952,-1.02098272680874,1.62715788120601,-3.19254290395762,-3.10223994513971,-1.20264450956381,-2.69662361271093,1.12918428307407,-0.291379937850721,0.225520028113636,-4.15883300258224,-3.11637249270378,1.00304259477474,-1.83664479657697,-0.259997471825202,-1.621994036248,-3.13742488821645,-0.964041031128936,-2.55347477116481,0.763170782657453,-2.07223177760835,2.59548043856043,-3.87402537271691,0.409659067821732,-0.912870529735896,0.850254765406202,1.66210099213662,-0.897687469552299,-0.25996055823498,-0.780369430951678,0.262937623519726,0.709303887896059,-0.0323806622383476,0.3880580286789,2.49114963399877,3.52033521859966,-2.79627522962074,-0.113503739967251,-2.2846599011296,-2.88869811982807,-2.01505795261103,1.78797294152542,-3.08997076366411,-2.22852431928346,-1.60635036273194,1.01107181655258,-0.164847391549301,1.86945067200086,-1.16673010372122,-0.538691016107614,-2.90688662081378,2.11062458545956,-2.74107725476481,-0.705102327488939,0.618203361543292,-1.21104268277043,0.680597882921339,-0.312540387174838,-0.902887066521731,-3.3941765034427,-1.44517611840006,-2.46893554953527,-2.50004417211606,-1.62375821493195,-2.18579150652339,1.01545331461978,-1.23507918405921,1.1721544763931,1.2029630772699,-3.02215141757729,0.0976897350041293,1.83545430747573,-3.26088478724489,-0.85594415872486,-0.700191162621903,-2.70617387142867,1.64138398858707,1.5751569055873,-1.46749679359833,-2.04343643149834,2.4575045269517,1.97933124166639,-4.09401850162185,-1.82514796002565,-2.12077303288632,-2.62282635834288,0.137973945718082,-0.824775971345441,2.2928780305021,2.41253725731173,-2.4240931922763,-2.26858481845999,-1.00249928188489,-0.0831540541251485,0.685300422249633,-4.36049017821044,-1.54765793242222,3.3232471736855,-1.41480056223205,0.185473024874907,-4.38256103146003,-2.6228701511572,-0.874788644862962,-1.69169488378945,0.467629620628474,-0.425142130511958,0.680614288365206,-4.32863140755003,0.902201987018331,-1.7292415536783,-5.60174993300937,-0.750262957472127,-1.77762187921772,-2.56913429511938,0.2269492526158,-1.73287168517044,-3.78933637078038
"43",3.10604888458301,2.37926620070835,6.30629721801861,5.52721717399267,0.64880227337262,7.67677860716475,3.22870323709851,-0.0681649930305959,4.67988059251984,2.34602402968856,1.21492266247891,4.38677281424668,7.31563284024343,3.91269113429432,8.0675428032024,6.21811803153009,1.28702583298644,4.9968235282123,7.37871360174518,2.01117629047966,1.44686859966132,1.79790207764474,2.08470460268671,6.0438783651305,0.560655651227526,-2.63071547817763,2.81719268995882,4.54043436640527,2.90436739001694,3.44730910646658,0.660778666405608,6.07707572062634,1.99164721517844,0.780659236841172,0.149209115270959,1.04847192551558,2.97687637320224,2.82019803996741,4.00452565712529,2.39181116163812,-0.493442329495245,5.22079919633104,3.38292139036902,1.58426625095824,1.40057339806671,3.88145519888717,5.70091147735366,4.92583658902672,2.71784481537328,2.91347859343569,-0.189379782756739,3.79052067116445,1.77421348285312,0.91632241148141,2.76048721791825,1.75528161697112,4.56010707701411,5.5456434586642,5.00933982122294,4.01306677229969,2.41199567939665,0.996359306951135,5.24697603033714,3.23654955649715,1.63045788685637,1.44213536336471,3.39620973479125,5.13023765123869,2.93664153584012,0.178389845331437,2.00467882422711,4.54733532046282,7.23127649252905,1.39439921537199,2.67738549502355,3.79369534596916,1.37714417492708,5.66606625438877,3.6856431300417,5.11915016484863,4.76226945179716,3.00087861416592,4.78222672320199,1.72646281319826,3.31842192674614,2.08069616813482,6.81364097159118,1.56026154019211,3.45696536112357,1.84435275746743,2.381616416356,5.58600362016513,3.53130567486996,5.17364555751261,0.80431122094469,-0.490382117031708,5.80616508068245,3.89980932451711,5.61224394664287,4.60142048243101,3.33857379479496,4.12825411470025,0.277797224775733,3.97336719278161,4.77164655274547,2.45161026533314,7.44399344453221,5.37380857150506,1.68022064898145,6.98661505288975,3.27968140324993,1.20394816379919,0.253934735091876,4.74474248897695,1.64159664703206,4.05848345247478,0.991635000063069,2.76823948293374,3.10339990433671,3.21431577720524,-0.0928701283120787,0.611706652693146,2.19133785206616,1.86235462500391,1.58008359261941,3.03246711201127,1.4150833218226,3.58821619675688,5.80378211424904,-0.57844807522127,2.71725056358432,3.21880898860025,4.18951730892875,3.4958915271622,2.35874612268758,3.27664008275289,2.19416520861316,1.45959189249996,3.48680893758582,3.10597623681958,1.04933387882674,3.54112300627599,4.72026816914433,1.22855474331183,2.70917546899598,-1.32880339132284,1.40586025803705,2.6697864365932,2.8764169411884,4.19226073798656,-0.266623345308037,0.237802089802603,4.22828182614569,3.0748239881821,7.0898827186126,5.84192690588951,4.5962863769507,3.07594607021092,3.2321235419529,2.64022794093373,1.23799292172876,1.50639049629242,3.86163611662255,5.50330638015119,5.75004633637338,1.62200621149527,1.21169653534258,5.08858814477806,5.39163864589987,2.74287996799874,0.65103152176284,1.98157068731849,0.993424671426435,2.56469322643865,1.00067049593797,0.663151138168601,-0.623603509758195,4.26603521644196,4.6707371229809,4.61437595090256,4.09908984896058,3.78929510836395,4.80120661705399,4.31305400195839,2.64723000164108,2.11070095866756,4.77691205553878,4.26538602364952,4.28127540327476,2.08418449222258,2.648120516509,1.770281332846,3.51864191735046,3.51586571066777,4.18279674694491,2.14650159948261,5.72646558840308,1.22355634004298,2.34598109643763,1.55915356115091,3.40249669159973,3.85349876797224,4.19709609154324,2.89806591275334,2.07645548486694,0.705267308419647,1.17595965410061,2.91654893175716,1.87359218626599,5.48443650409843,2.14362433053622,5.25293029801389,3.89012321041705,3.60573065453834,0.400144260281237,1.3378955693417,3.48669605415905,4.79562341321022,2.29178252881508,7.16799734956081,1.5829619660494,5.71619142074889,4.53943865388151,0.360807062647686,4.07306865054613,3.73561389631569,2.7742788632855,0.623809154275326,5.5792660735073,1.84126342988055,4.63116843188342,2.68539294732134,0.378048642889856,6.07737656345684,2.70152821896115,4.25851601669574,2.42038677247464,1.07457968122875,1.29421863348228,3.05772028959813,4.16641846181112,3.48664293704772,3.43002234924216,2.21240071697726,4.03068723981501,1.44849350183265,3.19233360820117,-1.36311835459652,6.41073524404215,2.50758387569375,1.04164266374361,3.59138073829598,4.52568860518081,4.03404292803276,1.0606669463651,2.06343132407771,3.04856168393543,1.5761515174279,3.55949091364492,6.40732838365448,2.40011925088111,2.5300917397592,2.27788851675388,0.967640544566565,3.68345725993079,6.40895617626024,3.2647973780307,5.1406439284985,3.18821886844056,-1.88507204623699,1.76257724172029,-0.251229537824146,-0.939395835195008,0.301189331491329,-1.62015199855556,-1.99782504041732,-2.46503834412069,0.67063033813057,-0.865864319170403,-1.97979097615078,-1.67035671441021,-1.31935965764692,0.367018328697112,-1.70793114403231,-2.21135114239122,-2.15615718808678,-4.64715448121062,-2.92237612033674,0.727443690694215,-2.20242380255578,-4.76207975465906,-4.01937874178229,0.994889910692277,-4.74267478687768,-1.28800395904737,-2.60106968982416,0.548642478222255,0.916112761108682,1.34395402475409,-2.07102946502501,-0.118542878114391,0.0825415836643246,0.597682593496587,-2.71849735866922,-1.06877595833946,-3.94303550857915,0.816559993774894,-0.418843909612431,-5.12496568932126,-2.23256442870522,-0.69235563403374,-2.22456678581577,0.819261505673543,-1.02034778245562,0.180483939117635,-3.70703288271339,2.12213445682134,-4.67055631614536,1.52780348961098,-2.18882501773245,2.21986158930938,-3.08212894039957,1.77989569870502,-1.89138597675385,-1.8239084869144,-0.236033892351891,2.52068468857118,-0.643798446710628,0.0475974553107792,-0.305067714633688,-6.69557144683366,-0.78008151253583,0.856622293686462,-2.15185101963109,-4.64695151197436,-0.198011062813295,-3.23754508952553,1.28373244521024,-5.02495962199786,-2.99595540412561,-2.22149441130734,-1.99953409185251,3.96448064891614,-0.689941228634148,0.372484093637034,1.91521531310288,-2.17431228041415,-2.55159657358708,-0.345402658094524,0.342239778355456,-2.74763742349371,-0.37539301692458,-3.23709980833512,-3.51315391748514,-1.0575993966925,-2.31110246611238,-1.55641274949067,-0.283665313396637,-3.81632621700037,1.44976500364336,1.51675126785674,-3.83240944948281,0.892122958414655,-4.70695712490226,-1.43792814204907,-1.44127292182908,0.48371249386983,1.79928477332433,-0.673469044347333,-2.62832856593856,0.698136923953842,-1.00546224278923,0.253072545206354,-1.92983368637016,3.80132277936383,-2.89839887523823,1.53580535115226,-3.25973890512196,-0.0623919697312524,0.996126247711597,-5.11899036822299,-0.747549849700653,1.57898394613917,-3.50260085504825,-0.405014784436799,-2.06449567069762,0.327667551967375,0.602389038827502,-2.54491704234014,-1.41222992796539,0.0979330816123865,-3.07697511797272,-2.66932814528687,-2.06535526994909,-0.88120743212839,-0.770879063698218,-3.42541965677653,-1.36688582835947,-3.2150644227879,0.22264298201727,-0.17438793007448,-2.73100889041161,4.05581783817085,-1.40932633888279,-1.4635393466001,0.98717560436613,-2.05419793271153,-3.99065427287065,0.524110537629137,-1.71760311941761,-5.60816901830254,-1.4371186937915,0.731541944645,-2.09672863433261,3.03300944685544,3.2710960419796,-4.10361169027322,-1.76207854215556,-0.824605875138016,0.0948920391344579,0.75115845781685,2.22237091076241,-2.28643539426838,-2.61493952128018,2.69348342906492,-1.17765462354884,1.25955093188383,0.855540875069942,-2.24878136476799,-0.24019372205025,-1.61501167640346,-4.14103272150212,2.4699337531422,1.33261392209377,-2.45702351179114,0.356971758680452,1.33633032919734,-2.56374766608737,-4.4762054786443,0.00717505050370271,-4.68650035992101,-3.92564498662979,-0.403204075953387,-4.07930374943636,0.141784599438571,0.462995429847637,-0.777420605611978,1.3013021082443,-4.86983560724595,-1.68835617888729,-3.08802930519224,-3.68868904462379,-0.215048621139661,0.811281506688816,-3.89468109237942,3.6986880684177,-0.585461083063783,-1.50210351379101,0.769055227866369,-4.117642232807,-2.48905975883225,-0.904051000871134,-1.09115689915364,-2.78414213069931,1.41209716446072,-2.90099468262419,0.262400116798124,0.189796586012859,3.02422625874523,-3.26670364578994,2.6496809806187,-4.18974516945434,-0.0849760889939911,0.689974932241328,3.14063112112207,1.98399280755763,-1.71762615665857,-2.41915018005752,1.59990664719705,-1.58141349645725,-1.03036838116747,-2.81324775812981,0.946292024178777,-0.363288443450644,-1.18295287089298,-1.36747348766311,0.826698278401067,-0.253037312379734,0.353506576517208,-3.55172275197099,-3.26679200083755,-1.54849822442788,2.20545194335279,-1.78524728057822,-6.5840955186477,-3.9472844483735,3.46344970250239,-3.60000846347707,-1.69499558571516,-0.0354082956409576,-0.587648173082957,2.07801781909114,-3.19162588742564,-2.7835489153365,-2.97850759461474,0.625001753745835,1.35422801876784,-2.54844237689335,-1.97391893202339,-2.43856988601482,-0.856017910887188,0.0227806652112896,-1.13938527616465,-2.02844326840542,0.0727355908361289,0.456369520863604,-2.06871132697649,3.40471822885742,-2.92662843327391,-2.45014400317742,2.14686753959429,-4.88180398416526,-0.0840231013296775,-4.06399535991259,-2.06416898970546,-1.53444838327415,-1.58380125312298,-1.43596528200947,-3.59168327741047,-0.238634885459355,1.00311175048187,-5.00425997727409,-1.28639945829523,-3.82480598650549,1.61851860076083,0.431694385367444,0.394099378398506,-0.338315910781042,1.35438283123056,-2.01133439356531,-2.28546821240874,-3.18139796784597,1.91992338244284,-0.203748030635108,-0.379173227655093,0.222718791546262,0.288583890367081,-1.14279284594084,1.47118585344804,-1.91976026514888,0.70656450429574,-2.15852908784149,-1.60020577645563,-2.0810753089237,-2.01953710245527,2.86208039864807,1.6446096463964,-1.03476527474787,-1.54764302258722,0.872464414774947,1.10587907563549,1.7430953251711,-1.837729540928,-0.26266417578403,-0.985496362514271,-3.59835974226209,-2.69599265543154,0.232140752314714,-1.92072958079883,-8.58068482267002,0.383913081818971,0.124438503171047,2.64075616924365,-0.0375731577001366,-0.743930153729918,2.43546638825462,-2.10706567002577,0.355563038528578,-1.86730794462903,4.10420907383101,0.490581947944663,1.58220597168474,-2.26332880206683,-0.704332805829407,1.41475646938529,-3.62132681600619,-2.92885615794624,-1.52501553963636,-1.8071879645052,-4.97230433416211,2.19266227060365,-2.84748380068822,4.5660350671733,-0.0692594748397302,1.36717406178186,4.53482576860433,1.17809294385046,-3.51987095829673,1.01834742889647,-1.7938393607848,0.979483509688992,-2.33488711021436,-2.45655785357992,-3.01836767690342,2.05214007737062,1.25956437527308,-3.91158680349858,-3.31802735508632,1.56544725141853,0.790695662833301,1.47987572633177,-2.68422352981575,0.264400350364351,1.3633591970438,0.194009500738241,-2.84586209220622,-0.741895365124977,-0.764096905194595,1.99915905861564,-3.69636818002974,1.27564583026857,3.15728307997513,-2.92221756010248,-4.53812790238327,0.0181759576617202,0.538560990367246,-4.00486773075005,3.0974235857892,1.26821891932098,-0.761801689309473,-0.513406698019131,1.64479293675209,-0.860396387209593,-0.40935096369485,-0.213240950198453,-6.12013196801783,1.55778569521844,-1.76068798951794,2.30929018654889,0.0839114182448391,-1.89637296799083,-0.182542651480133,-1.02918104819252,-4.49688521135325,-1.97999273945896,-2.51708087840316,2.04882315007574,-0.824174648105949,-1.84125178694821,-3.93874893971578,0.751008773526078,-1.21282959227034,0.0403315956092998,-3.19963703313965,-1.92427068795285,-3.42581814262534,0.767264527140205,-1.19193437401444,-3.08899328168501,-4.0165155524583,-0.19040611432635,-0.774356104106591,-0.77531146356083,-3.55235200517838,-0.522875391921427,-0.353483882344719,-1.38494109796202,-2.60656490306979,-0.960003589103176,0.6219106077423,0.206891639418761,-3.1904047395995,-0.329242348325462,1.34566775903276,-5.05360412230625,4.90168483559812,-3.36562923491916,-0.495411121281852,-1.60588963311594,-4.49944679596377,1.57662947119229,-0.0449837850158176,0.162312732416641,2.02304305723322,-4.24656100698761,-0.667848170493605,-1.08142001701672,-4.07395502065168,-2.43556369348598,0.478559040033338,-2.15404946380777,3.44042255890921,-0.629218568773379,-1.03317391139817,-4.4276521256369,-3.5549902928109,-0.196040672897362,-2.73917669968623,-4.01220836879432,-1.03793662436281,1.00375664233144,-3.9622795579788,-2.07419312787733,-1.35896725011996,0.265276191545749,-0.529179652754979,0.4387350717777,-2.618350868732,0.0803197136265983,0.775327019498001,2.92354186601416,1.59270742449761,-0.968037579205685,1.90468288737028,-1.19196434803698,1.09837107755097,-3.64606321329591,-0.519660826144098,-3.46486766988845,-3.93500355608562
"44",4.42985337456576,0.150406677284364,4.20607320733598,2.43384851648203,1.83954198476424,-0.393937710180092,4.77879336952375,2.25206353588296,-0.51697467032788,1.45322053515378,1.82285443318421,4.11711034988634,1.1432551334262,0.43572852022709,3.00854874730767,2.52954597683255,4.94593426508401,2.49104851960006,5.18856546148732,1.12567817702769,2.07886224047493,4.22810421409276,1.43759617529366,5.94826954819582,3.7067216440883,2.64438720647047,6.27243518682854,2.55351825400703,2.91531942144162,3.15531909807101,0.273887350351178,2.86871786592297,3.3581642497799,2.98234419277404,2.01510227626823,5.29630677372115,2.82631294198459,0.32903265105831,3.65777522473192,2.36982293644893,4.4821686760353,2.45761868639636,2.15935487730013,3.51544464236019,0.644371698260277,1.32512762074135,1.86258171631194,8.35011797592233,5.57710259834636,1.7880302110565,5.09077911448976,5.21321908885028,2.59905370905229,0.684561425497824,2.84850519173511,3.95609113867594,-0.0432626989859677,4.04753504348514,4.16906711390545,4.40462535498836,1.75320561280272,1.7984923314501,4.05224692368282,3.42134200351063,3.81729141838322,0.599615555585009,3.60146541817304,-1.34741151653616,0.0486752978393588,1.71161716387534,3.75868146306309,1.00192347770334,3.78641773782598,1.54300341756858,1.37396462918838,0.797403549972086,2.80141583378672,-0.816267869619068,2.1302621859744,1.55493279795301,1.02333173057547,4.41123035897055,1.55045124207612,3.89736430024581,5.54468616573653,4.98409238272211,0.635361974043129,6.04952742921939,3.31595850704399,0.102419347012745,6.56090165560195,5.78755190399116,2.11633712523931,1.55646682881926,4.78811363413748,2.57134589449801,3.35228138679867,4.14079752631639,1.77101349330317,2.24089749551925,6.55131025613019,3.81944348583963,5.07313098723732,0.732864472753748,4.39484419310334,5.74125349203474,5.54199099224708,6.81638892149645,2.20235008357934,1.36453236338985,-0.183487000769089,1.83395091791937,2.99279511325026,6.78020128076798,2.1207675058343,3.34852885381164,3.26892391508369,3.30540356864928,3.67721976630025,2.18904351285796,1.51564546995344,3.20409114725117,4.26854276324634,-1.05346293335811,1.86551439664291,7.01906479992145,1.83004489508043,6.40652395044743,3.64070129883236,4.85912067942666,2.53161231171192,3.06107637251843,-0.736028567203997,4.17473655786569,0.638709051981899,3.78408870713057,1.18914910662083,1.47382614359831,3.56715932592777,4.30409665204607,4.3354988062392,1.27698679646529,1.2596001305431,2.7154323155484,6.31876140417717,7.09817791261229,-0.293646294731605,0.0313877917899785,3.9350043108252,0.380415831299301,2.24125251427139,3.10876869475885,0.00850650749151649,2.61967636200486,1.60181959514471,2.32967719689387,0.718038353420718,3.20301635315841,3.82692098225483,3.69592084264481,3.41072379648234,2.58318502403431,-5.05851743446014,1.0639705679034,0.412033241567583,-1.31606327805491,-2.47944187548833,-1.8031526208675,-0.977564078416003,1.6423023348705,-0.0104218484357051,0.55187838120334,-0.712214185204811,0.824635142280249,-1.965693068818,1.20417658757143,-0.44582268211613,-1.48453390373729,-0.954786414738288,-2.69879014482222,-6.69349772212096,-1.53894733970052,-1.08127323603587,2.47006887807339,0.327334397586356,-0.832015348808249,-1.15410705180276,0.699847023708855,0.920108907146095,-3.23657299924235,-0.78269251696043,-2.63304689220412,-1.06998472071094,-1.07351047998342,-0.298250594831418,-1.24240059806726,-4.75181322877628,0.246213798245883,-6.05976088955874,2.81077459664787,-1.2293023725209,0.150689501293902,0.514556116149754,-0.00846044671052337,-5.98717430132302,-1.68013065246674,0.67908095477446,0.142662469715459,0.364463121326884,-0.68195300368186,-1.81846420297202,-1.60903124486374,1.02862277452434,-0.861872587566465,-1.78767532484085,1.95258065252737,-0.893507415480186,-0.0641391833406342,-2.47694815213687,-4.78751802447859,-1.75968251315205,3.37595241596761,-0.0150313407408613,-0.232034132287038,-2.81955258031324,0.266625960607515,-1.33837380739636,-3.17023022136384,-1.62961982024697,0.657368801182939,4.01517635202502,-1.59023304318585,-0.759008520081763,0.620840838736364,-3.76200705038056,-1.90458466348936,-1.72426652065807,-2.92458299296325,-2.43685919730827,-2.58611520841014,-1.01276711423927,-0.335351633496741,-3.55622541936908,-2.34252027837393,-1.65446031279536,-0.848580970990613,-1.15548508393116,1.65193117230304,-2.97488771670025,-0.585446553841463,-2.73191471270527,-3.95818880392186,-0.826477792913528,-4.43844114158317,-0.807036600915835,0.917440130919578,-0.0751393302045131,-0.18994203118866,2.86174604427396,-1.73432004698972,-0.803943418680142,-2.12111681040368,-1.04857521009032,4.04539054345439,-1.64303041988939,-2.53254811125526,-3.06291848650943,-2.92355475860487,-0.98759338408286,-1.43319747002133,-2.2408144786704,-0.500163687939546,-1.5515489559778,-0.922082756703336,0.863058641784414,-0.898929949803045,-2.27666999129534,3.37158918443489,-1.96566319879234,2.1095625687366,-4.10675163218409,-3.44955509606728,0.654276582553622,-5.62600671542932,-4.00361354701551,-1.02949055690704,-2.36498567725438,-3.56638312093188,-1.97747823059771,-1.38045616092082,-0.983449511565478,-2.43402044608471,-0.496022619194533,-2.46040858833464,1.82533639347297,0.910730948539243,2.08214260798312,-4.22246922352917,-5.60987591002325,-0.394930877808217,-0.200932456049726,-1.30310811985302,-4.94157798951147,-4.42881828057939,2.08134530371472,1.66433190461806,-1.05667868125795,-0.374486234348965,-0.396775524120419,0.267855822627324,-6.33052565017667,-0.57251655622077,-2.8165493921276,-2.64267537075538,-3.40471060819686,-0.177215692299085,0.72652739383432,-4.17820962024326,-0.368737832141196,0.229699362412164,1.84702054131976,0.739763195549105,-2.16462108021158,-3.42532047862701,2.05117942769358,-2.06202402252257,-0.617280323914195,-2.71331034682394,2.31543725179414,0.869836632085955,-1.70329917092979,-0.38534337501261,-3.79360160778803,-2.94164014473273,1.48538254782333,1.25122685728509,-3.17901884988061,0.143654272871728,-1.82896815827719,3.75612412096224,-0.477757522556156,0.197122751947974,-3.04660608152983,0.482080306899469,-0.811964013766991,0.318566892378047,-0.374181511282727,-2.50661026351272,-1.3663304591327,-3.01173988636822,-1.8961003311978,-2.87396483810479,-2.49197881042334,-0.441616080107825,-2.91795454576298,-5.02416663168566,-0.218791229003051,-1.05339122618132,-5.35391749480106,0.249214851713363,-0.0992756847311963,-3.2054619555704,-3.63299826759292,-0.683891968383489,-3.08855360439634,-0.752799865580025,0.599108403139211,2.08337076374787,0.586237609536089,-2.63122829504954,-1.71103592394232,-2.22937325402977,-1.55403784875791,-0.348701055754846,-0.151875920971494,-2.57614966533941,-3.36330590310435,1.05118783485706,-5.14925840913024,-0.744212613928382,-3.14627415154693,-0.991290518821164,-4.29167070927245,-1.34660833060786,-0.570536940616716,-5.17198303158657,1.73352760440314,-0.319761051090326,-1.7017573761872,-2.3398002315216,-2.71580342623343,-2.47167416625092,0.128274537576447,-0.188072853880312,1.7494562946332,-0.612646061016751,-0.661714466230943,1.43325736333328,-3.93469715924136,-1.46152759064923,-1.14089563584212,-3.14764798151025,0.489108338676583,-2.25301226857606,0.267533004595643,2.20246847376416,1.05908361317934,1.19845597667805,1.03512630387948,-1.9528431767325,1.27344786041479,0.943371280542797,0.0576942693851032,-1.45054243099625,-1.68732685107923,-0.148205127710706,-1.73810294012492,-2.23448935785191,-3.0387320564504,-3.12232554316753,1.78239961513905,1.74474585223552,-3.68637666767574,1.0537384279569,0.764521970189067,-1.51241046452173,2.23515591816918,-3.0371474534635,-0.73050944570076,-1.83048163847367,-0.142388086289941,1.64472287665872,-1.37171821526798,-1.63367988930183,-5.23397638483637,-3.41185427036587,-3.30996703496078,-4.42775036302901,-4.17381251080313,-2.64957851951461,-0.273256577394326,-2.19613443750087,-1.22342497479836,-3.1909696949757,-3.87313855632585,-1.50685360932807,-0.525421271415432,0.684640713371219,1.04896132124249,3.00529824442375,-2.719079719021,0.0830896147484796,-0.650703947977349,1.21673026404881,-0.178975976856161,-2.56574780935318,-2.34730454374896,-1.32027887601991,0.0249038732480444,-1.73486487321509,-1.37623538369198,-1.16998210031637,0.366817436169897,-2.05624288560839,-3.72715791970616,-0.860775657416072,-0.167665862091396,-1.8068861293956,-0.573720109257486,0.281457463263396,-1.24226850329216,-1.60091066787599,-2.89841344889445,-0.626560443074578,-0.735211817456295,0.0507937288487548,-1.40144951138041,-2.75444963377531,-1.71290281389212,-1.70864479341103,-0.571892471240144,-1.35752660160242,0.859793076664148,-0.126057510042131,0.836405139612066,-4.87497534828141,-0.830502605431613,0.248357485987975,0.169164041847997,-4.1690392531893,-4.46112902659306,-0.567015524084995,-2.94483132046601,-1.64109450868343,-3.45434111680669,-1.83230228547603,-0.469293866356614,0.681050854151158,-1.40072616755108,-6.04359129827121,0.861418253503617,-2.71941115792008,-3.51371997621732,-1.9362630563433,-1.29639919244986,-2.30814329365593,-0.171244535544423,-1.38065407223568,-0.248760107928404,-3.55416472352629,-1.69125024454038,-3.84585937154794,-1.48373337272897,-2.80252199051936,0.444582324483529,-3.85759088769767,-0.214470339680828,-0.935281756490574,-1.61840145078597,-5.06754323825114,1.64513998779163,2.29613177162596,1.3633225566803,0.600554562060294,-0.812655994068535,1.23065810233292,-1.5894854109734,1.17154287900996,-2.64514059761467,-2.11053322654432,-1.49190889370665,-1.0134299691678,0.381308251773982,-1.86101863035487,-3.75433501215288,0.637345451964577,-0.344194659723957,-2.48806130396533,0.740116831029262,-2.80018492884978,-3.81796023262398,-3.90501272763599,-2.37461062145875,-3.18083951531943,-1.61008371546802,0.521048197755563,1.15702637827978,-1.73513526683792,0.667863908644142,-1.78507337175228,0.349804853797329,2.08814146618142,0.900786908130298,1.83720965044101,1.09369254270849,-2.99593065401128,-4.07853015547411,-1.92457668367049,0.738214836456471,-2.17325489223986,2.4198825453986,-2.121642254859,-0.0727328132746646,-2.20450726042567,-1.54491065130376,0.427874537922533,1.99624016433134,-4.24940075623799,-3.68920471249352,1.58333047270581,-1.60192283868119,-3.84399915705608,-0.498463678061861,-3.15902849936729,-1.11897971438719,-2.27108261345853,1.21442727380532,-1.83267380678357,1.4098875754981,0.523297243539359,-0.239041073563525,-1.99890459292958,1.46431634723099,0.0462906172930451,-0.00802032887005366,1.07166118934419,-0.361653684258294,-1.24660583418635,3.62477041845899,-2.681687388161,-3.50235854361859,-1.72574440455844,-1.27407201431228,-0.245786013990382,-1.11430091892283,-1.39060803594844,0.811636335398536,-1.64352276469463,-3.90335051832216,3.15674020922327,-3.22806740963702,0.0577859477595717,-1.32923313445684,-0.894648645013593,-1.07257691931057,-0.779814432617279,-0.0589865782031502,2.69293976924672,-5.60077627672841,-6.71549088923467,-4.22592678547765,2.48029149630279,-2.83280813949557,-0.887968655538167,-1.49686535277558,-1.92646863823201,0.256183421770487,0.614205414610141,-3.47035661502011,1.94820903780299,-3.59181089544875,-0.0171000459715688,-0.636623646022382,-2.02975704099829,-1.16429239521037,-2.63930859747133,0.0786216344778505,0.202256347252577,-2.1677426066956,-2.67965800618053,0.404655055699584,-0.546631568292879,-1.31336474412982,-0.633704639608681,-0.144273504148169,-4.17576309510585,-2.74237737943172,-1.21138989641546,-0.721147657567803,-1.63028735785941,-3.67460058367692,0.894822239999526,2.65473863761607,1.07000679720043,1.98985048624797,-2.65763291499364,1.19384933395121,-3.1914881870977,2.40275535496826,-0.991560867819669,-0.826258697699808,-5.61769874775139,0.256146429449833,-2.41283400046067,2.19630742864812,4.16174058186382,-0.546699188311083,-1.39195434007736,-1.74366229681102,-2.80741304846502,-0.850237025122418,-1.83770652376502,-2.29678082116996,-1.7806377404715,-3.03232708506599,1.18202907712036,-0.635643765252915,8.66730841201738,0.498188078193091,-2.00151531096733,2.85418266129807,0.862117630116812,-1.80895173420706,-2.41272556663614,-0.159088073080207,-3.21077869181475,-3.82064058263459,-4.94530772417587,1.23016265318014,-0.415640833204054,-1.15943310265606,1.33452498685661,-0.627183812833242,-0.370171900262011,0.967704296085197,0.661089254570249,-1.18906394257182,-0.967912506118096,0.136848967741473,-0.0872960174484692,1.05087680903477,-2.90389285844918,0.464963726285438,-2.08495661547724,4.06972128457371,0.792994670780079,-1.18996774846149,0.117258206883665,-3.24676292422137,-5.8399365750018,-0.397991639357148,2.53675965622843,-1.88595565305937,1.54227447208188,0.200995725193791,-0.531436189648715,0.399338190135683,-1.67173703773328,-1.74509899888117,-2.97760378658247,-1.39096905347727,-1.26332108598778,-3.15158249243188,-0.299986368210543,-1.76354711048553,1.36893634529293,-2.64175936847135,-2.08218331861034,0.0987764585419109,-4.16758329638374
"45",5.4439032582593,5.17914049846631,-0.669846577926769,-0.857028384982356,5.00177485313408,1.97325425378795,-0.329936182321945,-0.963425252129712,6.29993936748104,3.00181776061523,4.32536857329645,4.00427330526612,4.10720121323591,6.72927395525522,6.14262539912486,3.78375639767396,3.4808526853741,0.738311594462108,4.79175083841824,3.18091957954472,5.02591665106646,-2.11924471984415,5.10324343208453,1.25266321683929,3.89407942560575,5.14072601142459,4.17491166779113,3.90618926328543,1.63427852256608,2.49845699858602,1.85654728115375,4.30606636642923,-0.938168462276544,2.95001181855275,5.10304916224562,4.83735276538372,5.16629918784006,3.73525003820106,1.70976161537672,1.96762235252587,3.58380382545262,2.01519344821599,1.25467653015853,3.1510863432207,2.4463310415175,4.30480299409639,-0.526694383372784,3.86993936844406,5.93940857147849,4.03089632669696,2.89461948460371,5.24286816082767,1.9477211917201,1.10360257437726,4.12308333151614,5.91811553175873,1.47300134182821,7.43750970569803,1.8073446677125,5.05530030477313,2.65731642061251,1.65304963815656,5.38539106848802,5.17126612000095,7.24206504227351,3.23045551481172,6.88424482861943,4.60010801046035,4.17276173470701,3.60216543460634,1.3193454000531,6.19496115969597,3.85290352399999,0.430297581057912,1.59151187871685,2.7471342988041,2.81479436033765,4.64142002300586,6.01499743113175,4.10535558541339,0.828149398520733,3.79753778696596,3.87576002888067,1.11598754900356,0.994708654537493,4.16261999104145,3.74171571535018,4.22284669225172,4.88752157868274,-1.09539276431106,7.75962575550783,4.32804430075061,1.81933978744898,2.85453712671482,2.52288416408733,2.11242249359147,0.141640172804896,2.32451264628103,5.25624721212817,4.0983931868093,5.00546019684513,0.176473405736701,3.28169676783181,1.16028450748876,1.48214045759731,4.086976619201,2.73662829649426,1.23675952160607,0.41195321057533,3.05386363375485,5.59721775564395,-1.26512211258643,2.3490620136195,4.22940807787668,4.6864595466246,4.89976658077646,3.81943645438906,4.40376540823244,3.69869196619973,5.57713925049342,4.55766555148692,1.43327815557278,1.20546389452435,1.13468217193698,3.04890517687401,5.99605199370413,1.52446440456626,1.03719301326696,2.78475562355145,3.86438592364064,2.10124773404835,-0.458225818206484,1.96072236729199,4.09441743202767,-0.214772447924513,0.110597061682343,1.43335900033728,4.61661108933672,2.7414526740273,2.48975035260998,-0.470421501001121,4.3150688858503,4.4128330404063,2.17471326206328,2.30081041650158,0.105876348534168,-1.61286521996348,2.83083678690614,0.696223893534522,2.38339673033839,5.44503184450456,0.451866954999569,4.75422454737005,2.39531669663604,4.59425494611543,3.56087860315331,5.22630943010977,2.57812857295526,2.32263936798761,3.6295420731572,3.42829516109711,5.33068598808998,5.32908617381234,5.1230272564979,5.01374616831285,4.56586695050602,5.23392320681854,3.7752138250545,-0.98623748111991,6.94015926343648,4.76840107374146,3.07321905911099,6.72795936359385,4.95903336081206,0.694286689517817,3.53504008231083,0.652422796746146,7.35874538244597,5.14156031558838,2.31668371713352,4.65173617686868,0.123063806149541,3.5597113774079,1.42301459047515,2.17601767229206,2.79541647120979,5.25171235484656,6.09054758272295,4.66473578386765,2.4954136556908,5.20671534116913,1.06556015655745,7.37515263019179,5.37367964351079,4.4037631721563,1.43100079355559,2.71297667117599,5.23409931068713,5.26022965488148,3.56157426700288,1.64345740331884,6.11781929068158,4.61595670668233,7.15328902651904,5.18850598300545,0.618899344005412,1.26827810457278,5.50587067519073,4.881645942798,6.10560752071564,0.911349016251529,0.0998091888851733,2.65194588440225,4.161868029872,2.84764263875544,3.49975373168896,2.14161048755292,3.49679640060511,3.20369563820244,1.38763056033186,0.641948856937851,2.04766102101471,5.47493585088186,3.35927102540766,-1.44772984273605,3.78077374231851,3.49021660077942,2.88297307739395,6.18075326513167,0.585475167516209,6.12252418195555,1.65442622650395,0.573009253777689,3.3767160195417,5.99862967409571,4.69907412984008,1.99310165650086,2.49514182567003,2.23161253178264,1.52636623108275,-0.501483461925554,1.96058506637251,3.94202366555668,3.06011842963891,0.591076509408111,4.58690590929678,6.22226758626825,-1.35797207133528,3.9800152160093,4.96909100177904,4.60511851071108,0.133207723933635,2.26569703994431,1.98352909281492,-0.303937731524378,-0.906001773250099,3.53897676803794,-4.07506020235992,3.59286155900218,4.11581707643432,3.36069100449069,0.97326015683327,3.21988337245754,4.34519147089948,2.70955984476774,1.79861437095158,2.62357921636118,1.80571158243454,4.64685608226092,3.68259913012337,4.88710899588675,2.69813422317413,1.38172581135575,-0.652740898251118,3.17543508935063,3.23373586811532,3.24875670250978,-0.080140280104446,3.4632435088685,4.54931210930105,2.66554743711452,0.625476540037219,-0.961234260967059,0.492952909945794,3.12649512130201,0.442142775682374,3.2182536855336,2.3827099409596,-0.157736658227305,5.97060161301662,6.04161908531699,4.56288059468046,2.99342327807792,0.945831634192979,4.9966946479039,2.35129532029476,4.43487810948643,5.94596309471266,2.53345742568616,4.44016703202622,5.11353892353862,3.52967891496853,2.08938710914139,3.01319263835305,4.87542568334663,7.08452433441285,8.42946519793753,0.786902356642615,1.52043085771886,1.07504197054598,1.0532176085652,4.81853554270373,3.389364423234,4.24350338322307,3.80773235621262,0.143894160247213,6.36173065462607,-2.72632701844877,4.41586202823448,2.15500214335901,4.53684891428,2.26166283526043,0.45320913636353,6.42104317204731,5.18764757673059,-2.07182988900336,5.68307094233254,0.814854769529266,3.2352039613898,3.17519862342734,2.86481048263555,0.884828480498992,3.34036292829138,3.11364480434034,1.35463287325316,0.529061755657103,4.2109459162399,5.23095260222433,2.12124284817615,0.548231712271568,1.59818636351426,4.43171434664889,1.15748233673689,2.17060856970946,5.11384441492067,5.36647737407523,0.331949869267085,2.34661857759504,6.51750103826333,2.10426652006858,3.9623448709225,3.54663568642143,3.40687770237148,2.2484327750226,3.64934172870318,1.98197943939044,3.16720288074804,0.971616919809037,3.18828955106221,5.17617773850019,2.48535396053571,0.0422455617515793,-0.920730899986414,-2.47625505122719,-3.38909204079395,0.827705764682188,-2.10763334063998,-2.26359084815146,-0.743518973003012,0.0882313901672727,0.288334137568968,-3.25586561232424,-2.19072474485856,-1.83177085011106,2.77672014639709,-2.83570805597272,-4.84663527816481,-0.640694010572197,-0.103157091118522,-2.12375034069817,-2.08989269192318,-4.81955462308454,-1.33069878082054,-0.379500689000987,-3.92112908113496,1.96316843225904,-1.9399390143751,1.619281605941,1.76053260527312,2.77060046646044,-2.80013846376727,-2.08726666243557,-2.1604945362154,-3.73116558323541,0.817648457414407,1.37412767313663,0.465096432944536,-2.63971484089471,-3.36363771751273,2.49784603029316,0.263075904905095,0.955120495402493,-0.39936406308645,-2.7513854715792,-0.239304708871004,-0.549815959293641,0.0421802644086295,-2.47124928850033,-0.106165828273485,1.3796201953284,-3.35332908761282,-4.77400539654165,-1.15239401027889,-1.03919239878232,1.18948782110614,-2.51912904064813,0.568026202858515,0.441291909093688,-1.58747790956689,-0.07324933014483,2.79486813351907,-1.21901746683888,-0.598295542593885,-1.822501829662,-3.8540561894424,1.54813309444693,-1.00323004597563,0.570062876044915,-4.56087108338854,-0.433915246403521,-1.62235302407831,-4.91897261505911,-2.76757478695156,2.89682138934025,-2.5217638120131,-2.41886517070218,-2.12215235119145,1.7686756221895,0.637939818167409,-0.667746867163388,-2.37160798356423,-0.193267383940164,-1.26520566590317,1.37282039819521,0.666909821184837,-0.995411961818746,-0.875035078442034,-1.35534651776985,-0.123297496540862,-1.30738771781204,-1.04597535457076,-4.76844342788784,-2.17711330468261,-0.750617973821836,-2.40687032882395,-3.04101970796278,-2.29655793912211,-0.487141835432637,-1.65415329982938,-0.925393810252322,-0.612720107136218,-4.14551379584903,0.342687563008108,-1.81325467532665,-3.99955542821501,-1.02849944440357,-5.12305658206037,-0.705873612702154,0.0542848475342228,-2.43033178372883,-1.84548710070309,-3.6131100613963,-4.21590953539758,1.05658756905314,-2.7568288728689,0.659605973545301,-1.81027683516131,-0.606539192580084,0.70574786830559,-1.71928111690267,1.43623174401084,-1.13943737084359,-0.0725020488916747,-2.175455523766,1.95092161649681,-4.05894522912494,1.45580528029384,-0.0982283588299481,-3.27850457908776,1.6140877915564,1.11677376702112,0.577755014251766,-0.180637143153676,2.45079044374111,-1.33296841757746,0.194081267532998,-0.799851624183031,-3.36327179396422,-1.64138935584768,-0.935325186069448,-3.29311625214737,-1.9290945379487,-1.8509420688233,-4.07635710722993,-2.50852137730864,-2.44586596983121,-0.216251215450795,-5.37750331201404,-3.34601784594699,1.05116209813696,-0.688150126833646,-4.5908944802309,-3.44832208180022,-0.218173461885656,-5.19642258774178,0.284734989617613,-0.645226325868957,-2.51788188847255,-2.39691678165802,-0.710864579648993,0.845113799578266,-0.439194811274065,2.85512455083811,-2.09009374763621,1.91905494352526,0.851460787119148,1.9233044753042,1.34155982915156,-4.86098679670541,-4.4303317756481,-1.43279442688443,-2.86271750383783,0.976901461559843,-1.02701850756297,0.881343377062987,3.14174943926297,-0.825739973385366,-0.942212033292743,-3.3840853976964,-3.85524533453609,0.514295890302274,0.465440679718124,0.505474003009067,-1.65496125093984,-6.04051118142204,-1.30184583659303,0.353578609799537,-0.872963506962429,-2.46129901198651,1.68528479187668,-1.70743941418552,1.32351153517741,0.839666779041571,-0.917373076818384,-4.0045792935208,1.04449524511438,-1.09255294693515,0.285814221783262,-0.821349875209957,0.476889533301606,-5.60997862321566,1.0333556154106,-0.901386835765555,-0.859733945404283,-1.80378334008358,-2.79792388707327,-0.0465129418268662,-1.25763151410156,-0.478468270563522,-0.306317856498326,-0.863239126798197,-4.54698977022658,0.70723434529722,0.812010548639139,-1.62649783137192,2.86810601068866,-5.71812266018549,-1.54439461685738,2.46627472177594,-0.3756211498333,-1.86761025696625,-2.85360186363584,1.91502058438269,1.61964093318075,-1.64640530260806,-0.61776660089378,-0.6547225277548,-3.55407069556969,-4.48254230193351,-2.47282885466904,1.10786871910923,-1.23286410843579,-1.53840726682116,0.236495384562849,-1.70605832641407,-1.39316006679141,-1.53869758900148,-3.46153924249388,1.29260195266001,-1.96565441323724,1.46873518778253,1.66648422622926,0.774320921377986,-3.21537017714633,-0.171524219446934,-2.59179406620993,-2.61307149597794,-1.1048634455034,-1.67993540590921,0.137139700071923,2.23011592338613,-0.899433692114023,2.16620598977913,-1.84023509243994,-2.56692232280567,0.299166145030508,1.44286416884706,1.95238630650073,-3.71758200348085,-0.418185191410283,-2.8443257940534,-2.66902803698278,-1.45731997918888,-1.77246492712403,-3.08106076142653,1.08882708349011,-0.795808418736323,-1.05689355667535,-1.58948453455305,-0.313418056917136,-1.18091715843797,-0.586364448976297,-2.89857138029339,-1.64905070799631,-0.530557291218266,-0.92359171940875,-1.19963607451099,-5.66259723391752,0.045225047161193,0.418951311580925,-1.63066762872823,-0.622304644105547,-1.04356654072023,-1.72571633115677,-3.5375997464401,-0.529415785989505,-2.84218588351136,0.152459506782932,1.49536122578811,1.21498887772962,-1.33651086176511,-6.12049389671201,-0.442053803039205,0.952919221816742,-5.37618536382293,-2.44037574974433,1.93631375807196,1.33831647329387,-3.53162633033503,0.280091197548778,2.53835841714452,-0.604233992296726,1.05096235568066,-1.04703207530256,-2.90994530009352,-0.530058078062749,-4.28550095755177,-0.796159598262916,-2.30103623343549,-3.3860625784716,-4.22961012011968,-0.147186368686679,-1.44928369140452,-1.52600595383191,-2.79275343523925,0.454788697123039,-0.166876408786999,-0.255285133467126,-1.89443469838916,-1.19280433239147,-2.63174461802387,-2.18743555597674,-3.83893400679599,-1.9103424145697,1.39796283997497,-0.537842938279464,-0.250208984712887,-0.980553452744194,-0.924081318256534,1.0458770457271,-3.50032208788816,0.301884768546336,0.40788416026515,1.55063571700969,-1.19959601624186,-4.84222378864092,-4.64642779571275,0.691225457137097,-0.149341332843737,-3.95196784034731,-4.39708491936002,0.0109217011740546,-1.77521252298812,-1.2841919465711,-3.30674584075062,-2.0722196432149,-2.43029078845354,-1.69303606801934,-1.86564673062848,-0.694780133373835,-6.26685476983549,-1.45434855863925,-1.53909804892202,-1.65436300211582,0.599250225082027,0.995363898067047,-3.249429644452,-1.80315389764346,-4.78659828403399,0.635247461294292
"46",0.826505950401598,2.90959015026614,1.63149889556471,1.73574739180781,6.37317137836391,4.56321649433806,2.35249748562814,5.98077661900271,5.03706991285089,6.97900471651799,3.28416001829165,6.21588098286671,2.53776956158247,2.62664508925131,2.87881757215148,1.343265310581,3.33582895529098,-0.104060736369005,1.98571666602458,3.27103756170724,2.14308857783596,3.47407048002585,1.44032778104513,5.9577760546264,4.67487133295444,1.19589721893183,2.26283188049455,3.95846517004021,-0.964359981252419,5.7897504383256,7.90211343386008,3.69627334403997,4.44839746604858,1.45507181304153,2.07786011572714,4.6419593634033,6.41128002264026,1.77560930443137,-0.713678089972377,0.753395165651138,4.02552449903544,1.48230555509668,2.16066829279258,4.22320159514088,3.39407401995717,5.01149750824742,2.67185197000552,5.84983496671525,2.87913810532679,1.62105420006526,6.38944567560645,2.17495123057624,7.1987928783493,3.70561848622916,4.88624360636622,2.54204481842929,2.58859269339479,2.76659418144246,5.12639929208096,3.88508786936475,3.64565315896534,2.63951122839177,2.23315177942836,2.05296226490405,6.04802457597979,1.78939274877267,-0.467574481311052,4.33496998803441,3.00253792015265,6.36403813844903,3.84284753649753,4.67556443860784,4.77154399280429,1.01953150334202,4.33178581643326,4.99380606560513,3.39896722810458,2.58965996508675,4.7535791802772,2.88380935832448,3.38623786445523,0.959158539433132,3.28504283144066,1.34278067841487,0.883462425732734,2.69588423313179,2.2624016355275,2.74239523504368,6.83537789050401,3.02637377824393,2.14150718276217,2.29181013582843,5.35183392362311,5.53632768376918,2.52882038914725,5.30212887977818,1.57756549623984,3.14896407722693,1.23611435168761,0.822507962214689,4.53171064668326,-0.201714807329384,4.15225485086177,4.97238749768484,3.85300690436401,5.8026948084378,0.794814258780991,3.99733835160897,4.63959940918444,5.02404162950229,3.01437315809917,2.89322995414885,3.75637330870139,0.0746282089226722,0.710120121380186,5.55705262440466,5.21118941851457,4.80873413579957,6.00196051144653,-1.11212425300534,3.91919451402241,2.52733174247317,4.3674625446578,0.41913376945489,4.40670270717576,1.46111331208406,3.50104889435254,1.79706457227174,2.44519537389648,4.82300625175694,5.8477265372591,4.63974892534109,4.84293859494798,4.95555176480748,2.15332316002713,6.59054740897467,4.12491165816498,3.13763535010149,3.72248427237852,4.14323176204867,2.0056933058554,3.63227722203548,4.16354753446029,6.28080191361979,1.443350102006,-0.121294171914685,4.82130170089362,-0.151434609801345,5.53916457737824,2.48896299947544,3.68124603998431,-0.269976672655372,2.88554943542477,4.97626868463149,-0.588281088381966,2.62226734833354,7.51535019632591,2.10483674319547,2.31106811538155,5.86454660759727,1.76251421936088,2.15068353582081,2.14595673748369,-4.08859365024049,-2.05380493174387,-1.72803121504369,-1.69102020021132,2.16331291024792,-1.04596277032105,-1.84169647321989,-0.723093762859881,-2.25518609216912,-2.92634209230881,-1.46908226913303,1.31798002982754,-2.31353886377033,-3.45884229990062,-2.53548194016311,1.31811026760253,-1.45322743711944,-2.93804953705421,2.87244857167198,0.694180766164165,-0.112641491316182,0.122143395838195,-0.61162779629579,-3.04000053590767,-2.4893527194446,0.15602890835913,-0.149540583824865,-1.19691686247627,-1.57422037687414,1.27149015554651,-2.31237137181151,1.15715249575749,-1.26377400541212,-4.17568088702595,-0.860134984272105,-2.15345364628678,-1.84041154043669,-0.181973995309729,-2.20726246165202,2.42536753711688,-3.67645380401888,-4.96849462562584,-2.45540630925159,-2.79663610402833,-3.69353486432669,-0.489615839867572,1.48176442296918,2.32227099962607,-1.75330863789798,-2.39542777631598,-2.42065432329246,-1.03767981105908,-3.45300203531331,-1.87186000708465,-1.03851882855738,0.35038344310787,0.000933998056218632,-2.32676681363814,1.46983946787878,-5.00805727377644,-3.10962002550896,-4.23236132415541,-1.43630036671549,0.41049158488109,1.85843953814456,-0.360835987111808,1.20040192204292,-1.36953410281236,-0.692250674005259,-0.637876014034153,1.73322677121307,-1.9334194209961,-2.7509174509578,1.38803096422482,0.725817881463339,-0.94968113963312,-0.770387964226012,-4.10219239500191,-5.10945701667732,-2.69673490377383,-0.749466235608279,-2.33673337901717,-0.881578781141674,2.02850928549182,-0.474403395805639,-1.72738817596695,-1.2759068505746,4.63772732473366,-2.5296562550415,2.23490593539154,-0.442565734398885,-2.02346567793121,-3.08398066639411,3.5590528935115,-2.77199173173905,-2.59195689008983,-1.54876524051996,-4.15019212192207,-2.37497522992289,-2.19936644170921,-2.052349849979,0.609791148524307,-1.04160192039665,-2.64353258336757,0.757477751701362,4.28646753233746,-4.35724464918469,1.39583856140987,-2.69787539083102,0.973770508352963,-0.574131587852228,0.159838761501518,0.0393187693842005,-0.911325806101824,1.14329628925376,-0.54003483151889,-2.67681256825073,2.22278876428418,1.81017986377052,-0.675253281299997,-1.37843045590802,-3.38152704456035,2.26886845585876,2.54618981828695,3.81446068552624,-3.98285796093926,-1.54953732278862,-4.78755120133226,-0.105765288604469,0.824476236581476,1.77031535561833,0.462757519866728,-2.45830628702133,-3.51842285168805,-3.11767688356344,-2.76425445667619,-3.06371778950852,-0.115268483613531,-3.1077913322739,1.46844215554915,-0.111397562287612,-0.528514545292893,-1.98297336013064,1.05622580695346,-0.627598307807884,-1.90460321448384,-2.8598473513337,3.46629088087973,-2.87636677440161,-2.74731292659776,4.62781310291577,0.302389087798344,-3.59511512346587,0.0806886445021084,-2.36304587569182,-4.4355201434949,0.613512676650322,-5.07714368736849,-1.71635956517521,-2.93262236212469,0.324418078632881,-3.66382591045974,0.812427585587622,-0.319474816863183,2.16364656195033,0.472127768835481,-4.15183731050686,-0.191282366326167,-2.73484331978865,-1.55161960892436,-0.525225514820465,1.31432355075009,1.64509722215732,-2.98587820542775,-2.4472437784863,-3.76337403706576,-1.23100122301467,3.17341178721555,-4.01325539869683,-0.834286032247526,0.752672739861441,-1.95541673171826,-2.64593286811128,-1.34896764398818,1.58260207415642,-0.359065410619178,-1.84503634042715,-1.44990784416444,0.299380395893591,-1.49250302938261,-4.21906388791799,2.50305479535299,1.82979314517949,-1.43489114922084,-3.6145788024531,-4.86229261689166,-4.99215260368061,-0.434786110829721,-0.424454166613173,-2.88240702952389,-1.14423306290401,-0.887145409502145,-1.28053195012425,-2.8168157521634,-1.95609232105443,-3.01330298376824,-0.522904307261464,2.10131724012744,-2.5773760744393,-0.404869067823361,-0.394082372513911,1.63474885613986,0.757710249176763,-1.02239187735271,-2.49932634478558,-0.543918984309364,-1.38259989696687,-2.007028857534,-1.47321357675151,-3.66479352874688,-0.992543096894241,-4.16258693247102,-0.108475408824597,0.688570425202594,1.89328315797423,-3.95727642624718,-2.41254582551056,-2.2430434292977,-3.26727179643319,-1.3125572660032,1.87228112124874,-1.76895153174873,-3.65968092225695,-5.36815331441684,-1.95103961145122,-1.89278321417495,-1.89727293503833,-1.07137487770404,-1.29790237488767,-0.739701868907405,-4.65247134248844,-1.08634294860835,-0.559720582572101,-2.10832909670496,0.995988247294525,1.27942928385994,1.71219025463426,-1.28672094487321,-0.331736348964602,0.646408039265183,-0.390315885716687,4.47180225383122,-2.32427172027637,-3.75089749517569,-1.03030143688526,0.141652545442953,-1.14875638162609,0.697242482342606,0.907991445134383,-0.852377522563916,1.30171759409551,-0.475848035609934,0.637202515535898,-2.47050950359682,-2.03268819773055,-0.817891759831943,-2.54895616303914,-4.23792600726123,0.5958150093211,-0.875264527709137,-2.68709498470742,-3.05498236066087,1.80344003572521,-2.29768704320494,0.97728340196571,-1.50041232658696,0.0964723418546611,-0.963519052326507,-1.76005381140279,-3.44653135241039,0.706970102442006,-2.01700079314265,-0.362251362832316,-0.328564236111875,-0.00146384710925263,-0.559109495429705,-3.20517319307443,-1.62969145898157,-1.33717112025634,-2.86115265642756,-1.35013299318599,-5.02008835893632,-2.72312629102168,-1.67011647434928,0.156711324339608,-0.326203462776411,0.130921266915153,-1.4243514158789,0.497313708312351,-0.53529806917399,1.23514922169756,-1.57077562537118,-3.38664564377562,1.21423031847666,1.59400312024024,-4.41701394570037,-0.0468711367714091,-6.65677032776569,-1.2616251819002,-0.571169811743065,0.531893384791676,-1.72993897742964,-0.251429953419162,-4.59002645470461,-2.49832859849849,-2.56383679039926,-0.930091906988624,-1.91873210767258,-0.738616938820815,-1.89172877980374,-2.75406643080198,-3.28412231433001,-6.20073256753943,-0.797876776801458,3.52978301653885,-3.18608962088884,-0.712311478230226,0.0912330722251231,-0.188022954579396,2.35557455111205,2.01973602938488,-1.25040805710342,-3.57634187194166,-2.91668556195903,-5.25050229609924,-4.01649441393959,-3.43196319370469,-1.94307740349048,-0.907836648125424,-3.08106415160463,2.08923327505387,0.495056692312351,0.154795003826468,-1.28442758526661,-2.9316723294609,0.047744612149677,0.537970809638447,0.2006575602583,-0.781177029418022,-1.61066030796472,1.00466223927223,0.499611619595991,-4.25888655498053,-3.52487357510478,-6.31694912014623,1.60347353235296,0.112558375174714,-0.849292666777443,0.952993888059227,0.230570765407263,-2.29676261722501,-0.211033508123993,-0.572411320601598,-0.476386739356905,1.75895346801974,-0.86960426666218,-2.72100335931517,-3.85174975347782,-1.16458878472221,-4.34071624571365,-3.91747633570341,-3.39333396107381,-0.266395237213213,-1.56233475246022,-3.2241924455487,-0.0274331876735319,1.05855913869459,-4.31613253399499,-1.28558024574613,-1.19462589811258,-1.4863667750633,-3.23258323806706,-0.0382868364309202,-3.77996473533872,-3.11846250160008,-1.95583393782882,-0.619684734482909,-2.74856403212235,-1.72036512895539,1.26661994940882,-0.721684302634215,-2.81197605771766,-2.58511197637004,-1.96686037081006,-1.03219785108983,-3.34078900209666,-1.25356236795831,-2.58849952712367,0.0900834016275431,-1.0956071650594,0.92206399891722,-2.89458673987396,-1.87637795482202,-0.921006052838363,1.65540224432746,-2.57389095089002,-0.725770285646267,-1.77759995981827,-0.697570829743777,-2.23815893759147,-1.53228998544249,-0.513265737288929,-0.128747431597593,-3.18320662605231,0.602609335769948,2.2163445525728,0.558107740983627,-0.296663047107643,-0.361187188371428,0.573546959935641,0.390779852949773,2.09717177584232,0.974957910160437,2.3659226567037,-1.46257634213605,-0.120136545108525,1.23729520048256,-0.325412250996611,-1.36356005213751,-2.70710510631691,-1.03090056779117,3.05142202522002,-1.3214127273079,-1.16993517749375,-0.631641104606979,-1.4465471756728,0.777515417731139,-2.0782668329312,-0.269755721203055,-3.59927445933303,-2.21293735555667,0.985384699599841,-1.21329035972705,0.212808405565076,-3.2354179549878,0.361516652193931,-2.85988154719023,-1.00458663591968,-3.59749913858727,-3.27608776608686,-3.21718516275777,0.922951461604909,-3.85942770553211,-0.273929901757505,0.226759795246165,-2.10367899218827,-1.70951159741155,0.468610618627442,1.6913577240426,0.317671358922962,2.66315771780585,-1.66853067412689,0.809458853739478,-0.381089289436303,-0.895345463831685,0.288929275190582,-0.687104179319078,4.02327812550705,-0.112767163298308,0.274546381885455,-0.497176955793382,1.1696513565917,-1.85241534542495,1.37720246841296,1.31266628224887,-2.44218886008496,0.399151894803301,-3.75758717108461,-1.55421682344968,0.702192010168771,-1.34247502363813,-0.547604393463058,-1.50008712095221,0.24537988011197,-1.68548448960095,-1.12263637430532,-1.35048334739741,0.85064853993724,-1.76532585860575,-4.97130192339345,-1.29725821345011,0.16029055126394,-1.38112024376272,-0.00783081060231328,-5.59298948200656,0.964725837527345,-1.25165890930435,-2.29688858602635,-3.78923736387279,-1.9007849877575,-1.52401163884562,0.117762917526214,-0.638530595425135,3.41723049335222,-0.370318652729404,0.797001556128796,-1.14917931389788,2.81114592453094,-3.80443980418474,-1.05043179327383,1.40181351771454,1.12119242056858,-2.40269069298809,-2.78225391252382,-3.26853410462373,2.4293397123008,-5.50950787721714,0.930669797270432,-2.39240413700507,-1.06317182943837,0.18055051186643,1.19517402694149,-2.32666782239573,-2.80681426175542,-3.43195237723244,-5.16527673281649,-1.29432790188462,0.416308801456414,2.25176619170812,2.35289895779412,-1.54398186387863,-4.29239865501724,-1.5089864906519,-2.52705235721319,1.46023523061964,-4.36596895844888,1.84396461707035,-4.37217265647711,-3.12239873077667,-0.273383824878221,0.907733110328749,-2.27042583415572,-2.57297052487664,-0.893700343598922,-3.50092910681283,-2.86712651494923,-1.50935562274307,-0.873909990879425,2.37296790953652,2.03701359932475,-0.822916788737804,-4.06553088697975,0.453228694831076,2.46704220725508,-5.07941864453028,0.11486145767347,-4.45544210888552
"47",4.13959005358768,1.78920515985891,5.37830110443808,5.11834220815003,4.02606327759429,7.85169164262928,5.22623855863817,1.01400085270646,4.09061683754714,4.42094721613285,3.87668995761805,0.876818196745194,2.6076250587791,0.745151278238687,3.18781333686584,1.05140800501678,0.519029387940519,5.08778849003948,2.90826285983923,2.92446273122652,3.94347489953604,3.50079885813643,2.23163219968832,2.09795667946336,1.2489664374153,2.98547565414308,6.57198227823352,0.747717359590386,4.9450262313701,0.536326104923099,2.18702980424407,2.32883449692162,0.144115465829097,1.9175158345698,7.69924165675851,3.19820945043178,1.60726315041229,5.87133676239056,6.83164054070848,3.52200669792887,2.09985378766699,2.07470692026295,0.313896619700395,4.12254816273056,3.93474881809644,0.259912612554416,3.46040540059356,7.01606894176001,4.2865712178094,5.39704502611958,1.54634047895151,1.46653089982382,5.75703750730432,3.18340446510996,1.98409049537658,2.24813813327157,0.327569214641169,1.50265923452208,3.76969471332006,2.43552152796247,0.960440200314539,0.786111047452977,2.18193747446973,2.16480125424269,3.05142629193666,6.58380535620927,1.59401489923521,-0.0845081422155123,4.89865430699278,2.53497021327756,2.99065998549659,2.26394544632247,3.50081167910784,2.54808219426889,1.29548868624718,2.77286845897704,7.34343439606248,3.12272476504876,6.33808934393389,7.64543737826721,0.694011398880702,2.89569888554985,3.33114462500977,1.15513552635077,1.19329687879639,0.0431644410767631,3.54627935283029,2.15312097517158,1.72409956370273,1.97271876498831,5.08704377184038,2.44225882655381,2.42210869228134,2.97011248422731,1.34586452166604,2.7509732124653,0.719382798261302,3.04584116792453,-0.153908354829936,4.36924131316173,1.07699005629375,1.14580642149856,4.3693539015164,3.51045025443666,4.22071832730549,4.22227935787662,1.0679046545806,4.8873145902847,1.82530369990334,3.85854823937723,0.0728193705259512,3.83728659892928,4.46717091737769,4.23925438930713,3.2936608787796,2.55902354306591,5.6830662104111,1.51034663567685,3.76403955310814,5.40441559783878,2.13443471974729,3.51734615472314,4.07695248582812,3.3229907401307,1.88326544804226,5.50200069917909,4.1612504564894,3.68933679081487,2.88980811768107,3.96276053525674,1.73652485393661,2.88811222304971,-0.730241407012989,3.63158983598769,0.789734409076845,4.20633330073587,3.38627635723332,5.87366013793869,1.74917377827254,1.54332480215779,2.67082975381642,3.70944623700151,1.54938046334663,-3.5378491144909,1.8921588029561,-3.64104486957412,0.628993302423221,2.29778312171855,-3.11669673864752,0.756696037905919,-2.09858560193242,2.59511977767594,1.99428286992948,-0.546150277695271,-1.96741415631306,-1.68347380592335,1.07233011982629,-1.29791438696701,1.48951014811573,-1.19014160347046,-2.14999087191777,0.156749172969274,-4.15812995201461,-3.03999806685229,2.61269205780059,0.976516679427035,-3.32497773880842,-1.55662149290854,-0.980107622913507,-2.17742386866235,0.19778630971285,1.89409059676906,-3.96877217683967,0.0906780783487833,-2.02728441812645,-1.75692296931843,-0.991648502565242,-4.50018445563876,1.35790473884821,-0.838690296863081,0.481258176302274,-1.17644949192885,-5.12819810289736,-0.0335831849190225,-0.26482298884601,-0.256513890442331,-2.01410759953538,-3.49292588031588,-1.51649921304812,0.0746562978636747,0.0354689590477493,-0.657436570448205,-1.29768108538419,1.0646682201606,-3.40353803739663,-0.641807399765634,-3.73985206955583,3.38013604551216,1.25198839703034,1.39375815156438,1.99479781029606,0.860601670570422,-1.76667239103123,-0.865525052272091,1.81469675854694,-1.58140181998039,-2.02285789337127,-1.26182569162008,-3.2868123429451,-0.756021466869664,-1.02775803359538,0.812635069693642,0.742203246262784,-0.436355759660235,0.140463482154016,-1.22636928607288,-1.64648469145221,0.347289615749458,-0.61441313351624,-0.859320965792479,0.293738712645715,-0.041632383397386,2.0964823818725,-0.75209284202118,-0.226752252433334,-0.0500454813331285,0.666471738366654,-2.58042209528268,-1.35362311472684,3.061153638655,-3.45230690115903,-3.65497311741262,0.568700114275428,-0.957743220001799,-1.79703885785891,1.76170354680308,-4.35789913521311,-0.504218935620133,2.71347487515998,2.727969397781,-0.142979234785699,-1.32256574641488,-2.43429530266108,-2.68285105227923,-0.795414625054873,3.09153518570171,-2.55965103221671,-2.25435224291556,2.63215755658869,-2.89360759620956,-0.0221719663176966,-2.89806096923034,-4.90136284895264,0.066271871401004,0.0561241816107934,3.75410083734286,2.23758407382228,-0.957222839630676,0.986397447873527,-2.1362914629552,-3.75921652131857,3.04082669637416,1.58279004622254,-1.73954164081545,-0.698850280963578,0.323129694475808,0.126764839403422,0.967345617173958,-0.703138584044691,-2.44231544307079,2.12058670853016,-3.79020027596922,-1.23518777574406,-1.79493525184843,-5.18358399042546,-0.529104127051217,0.749131845435795,0.969716773645229,-2.37730230095596,-0.52220871135752,0.872123469469876,1.01461071063057,-0.758944944532642,-3.40884820766387,0.953349450478893,1.42587884548952,-0.59321221527238,-0.0805836665896476,0.135256020977192,-2.40021178364569,-1.52023165447414,-1.54165369580122,-0.972501137837458,-0.181730576246597,-2.24948543285272,0.63964365386898,-2.41598916759932,-3.48759181158121,-2.79392930545975,-5.18804009154272,-0.174945712670818,0.850729535568547,-2.76169886394481,-0.407321538968551,-0.889258162673445,-0.603273139837216,1.65969727974191,0.674897372998602,-3.36381653377719,-4.46418532449443,-4.14658823404007,2.94732510501093,-0.00637111174371585,-3.14942684467383,1.8186821377739,-1.83442455817558,0.92635762351033,-2.29400953709271,0.674990992534121,1.5549006741348,-1.99110751768946,1.5997053725351,-0.0837166730694424,-2.3659068042647,1.66002340229684,1.98691349677522,1.83532259540471,-2.15148147449165,-0.405940902176888,-0.0120878919884484,-3.75713042406423,-2.94360485498882,-4.82500899877782,-2.75014223532459,-2.09405997321479,-2.7244077483059,3.0698349383942,-2.34499114893148,-0.287361856747693,-0.147682907796133,-0.627267340915803,-2.17103524858664,0.407252309202278,-3.53127780020694,-0.535639997830707,1.6327717646332,-1.41407618283972,-1.40514956554535,-2.21683353385449,0.210908833982777,-2.38896919726053,-0.834106532996238,1.82137867551077,-1.11386015278604,-2.06326563557186,-0.771328896986633,-1.81663987832746,-2.11255877394034,-1.03502077298671,-0.686235263115632,-3.46457215586907,-3.69211282546977,-2.15320271418442,-3.31418238645983,5.67554204501673,-0.364450727051227,2.06926005621711,-1.18556215571942,-0.651396151921514,2.31884913080705,0.876249861388402,-1.54437286580969,-0.413951486431792,-3.30268933434025,1.42706989630043,-1.30849268630843,1.47413148302994,-2.02579425808876,0.479008782191793,-2.72443329689049,0.795360317159486,0.594437905763215,-1.63865078204747,-0.554445000695316,0.844344391658319,1.57139064850503,-3.26324643074922,0.469484128597983,-0.173024392915974,0.51721939318999,-0.403342289696709,0.770525390978414,0.821436845702275,-3.8462707193838,1.61858864982857,0.945488372904072,-2.09982192858516,-0.969039868050858,-1.09465678144138,-1.78567447673428,-0.581339573627607,2.28601528438954,2.34514341388807,-1.02911812819519,-1.78127743771741,-1.53468509088077,-0.620042072850356,-0.607105806596033,-2.00492475715638,-4.67539826103168,-2.00735333665805,-6.4865415810071,-1.3683082770574,-7.07393040680579,-2.09860050190427,-0.00811145747928077,-0.860765608182789,0.719189588121701,4.48173891483162,-3.59782127552143,-3.04918332315385,-2.53689926021005,-0.972218353626034,-1.76618090380444,1.53046686085109,-0.693856667929537,-3.5635069098047,-1.57460316284956,-2.63320957960293,-2.84970835337884,-1.66962596512673,-2.48486520411932,-3.5691970411741,-2.41575348134864,-1.37542602703191,1.37780387552756,0.819403629776664,-2.90506468994149,-1.56542551278483,-0.872059624834621,0.201230028952388,-1.05849395649246,1.32315688853228,-0.718512897462398,1.62406085056242,-3.05683422061759,-1.59232699560571,2.11026811434809,-3.45101497025164,-3.47615211158231,-2.81008818437941,-4.2351368032295,-0.822717566940476,0.378347378808512,1.20880978058049,0.806649407099352,0.328485884223604,-4.54531224396692,-1.12879248827988,-4.00131480503967,1.61423262951807,3.55431904319686,1.00797600421519,-4.84401792151383,0.469538516119203,-1.67637521048976,-2.91616216693944,2.2186966202511,-0.192306608316504,-5.1394745204738,-3.98884737678238,-0.601732570710985,0.852936776080491,0.399259791373338,-0.691554317640735,-0.110018495317042,-2.4598417953711,-2.27857940822994,-0.00804719272466325,-1.44487605009652,-2.91574057592492,0.474472918179597,-2.71704886329732,-4.63055115789527,-0.667846039407146,-1.12534084988983,-0.316245465615007,-3.29288366230443,-2.44867622143927,-3.36075550478504,-2.5670029029231,0.889985652045903,-1.24390899074703,0.765278054581426,-1.4747880255357,1.76778346091786,-5.46091820454644,-0.41153387562892,-4.44011616668648,-2.50100440450138,-1.71170798975997,-0.431825902985187,3.35228927346556,0.85061308595597,-2.40365465216392,-0.673890775002102,-1.90779472033127,-0.804053060312375,-1.27542710694237,-1.35808861098946,-1.88053643801072,1.50516526626423,1.62016311149152,-2.21894321137004,0.863495074155275,1.75712830924793,-2.92756337465766,0.305784142242651,-1.41720006903391,0.530053107307934,-1.40816961220788,-2.3836009507516,-4.33461354065459,-1.65082643939334,1.28450295065836,0.369025156019479,-1.3485629318369,0.690821479822986,-2.12196429139372,-3.60786218156622,-1.53497058534471,2.79869764711107,1.03943968887182,-1.57527531583549,0.136994650267175,-0.325435170007906,-3.35421790746057,-1.79978386356057,-2.65951166293912,1.14744805387119,1.35578677346828,-2.72269778754378,-0.641122475909582,-3.1512654116564,-2.99792914786031,-5.12109818367642,-3.04852697644051,2.84765024410562,2.81850876540304,0.24754757036049,-1.48316220482022,-0.809459292355206,-3.27866249582943,-3.26036653401717,1.04259254811939,-0.419844951192304,1.58772784934452,-0.00386108064447732,-4.72284576497469,-4.29078194304156,-0.640739212326594,1.11038956156833,1.15057064844291,-1.65230431718365,-1.27754252495548,-4.86385774664696,-3.46593785854019,1.29426420935156,2.20990632475544,-3.67249272536292,-2.51784777336356,-0.900674295654948,-2.02161209925325,-1.23422102625348,0.961876387560228,1.34560978325298,0.863726933018235,-1.83807816959941,-0.0417374861105864,-4.35459591985404,-2.17014830791797,-0.370328387761206,-1.58685091207128,-1.3409732076169,1.32777154967872,0.0327869792709585,0.546540297731869,-2.1165276410833,-0.405232501645989,-4.98042102006294,-0.484913564776329,-2.45805796242787,1.52745559127498,4.07606314459937,-5.38216295128296,-3.2306266611565,-3.26211978605556,-2.19782040252518,0.776270749336149,-2.09274897592559,-0.642736430946038,0.462714716205192,-0.0591793881440025,-1.08199525118449,2.2457940448886,-0.624494938553144,-5.25522093418655,1.05384608183303,-2.31691106653328,-1.60071004255533,-1.07429462863735,-1.43443982705314,-2.40106476256755,-2.06986493882686,2.76354905580146,1.96830785220287,-1.5536869089934,-1.52791099108241,-0.296186760333014,-0.707212265515679,-1.50358037031883,-0.473848637366283,-2.81230177482095,-1.17383586357993,3.64517782486474,-1.84096910301398,1.27328579081144,-1.28688126223375,0.0551626038494233,1.04685105243706,-0.743273114648737,0.199648541650687,2.30689368036891,-0.364982812437083,-0.228365167094927,-2.63617238606551,-0.842957151849773,-1.92403158328393,0.385252925833089,-0.36413360333016,1.03185269289147,-1.00971969840961,-1.003911359114,-1.17311555042033,-1.29710542521324,-1.72666423315517,1.06826704561973,-1.31728144833251,-2.61386358639614,-3.24494519584664,-0.137079564133333,-0.625056426930471,-3.72398950029366,-2.81517538417148,-3.02251633328516,-1.91161435670409,-2.58461188534867,-4.39485472149449,0.327474180845005,-0.342203839821035,-0.897713927229389,0.668738278231751,-0.0826463952524443,4.21107532528869,1.91124651580789,-1.269015784747,1.57290247724301,-2.38157871447662,1.67438304877296,-1.54594255334171,-1.36580661300117,-3.95079129554368,-2.90736733697318,-3.23881884113754,1.02910310514729,-2.98163554177286,-1.60340671157125,3.13472595363922,0.17937848130417,0.0401598862466566,-3.42001422268298,0.144119385719659,-6.40553841883107,1.73031957866999,-2.48485388308353,-1.60483575905811,-2.33432463190147,-1.46482434468861,-2.53957815738126,0.552758745816853,-2.33454868206036,1.41027646310668,-1.56422077000995,1.43534305939119,-1.79328805768813,-1.51846018962242,-0.03493816185726,0.313490304433239,-5.02437625818401,-2.61113636589765,-1.70461372929785,1.58221397906342,0.974254287324823,0.0738610284415451,-2.93921182265218,0.104876352242774,-1.50538756479956,-2.00648704403578,2.41035632625315,-1.77196586151225,-3.61010835157274,-0.295133102146285,-0.368090876983352,0.963452974039552,0.4371138978598,-2.2094779732685,1.21949828833203,-4.18664773417122,-0.591170924047444,1.00843592603487
"48",1.08560067885918,1.17062850638674,3.77182423298864,7.57025949546824,-1.08709080336856,1.6254311258353,1.23035720127115,1.81166635389417,2.84303071123955,2.6726049644031,6.74850141547611,3.13306352845137,1.6806149656132,0.193610729802082,1.25098065267694,4.13638040164999,2.84249813294273,2.95838530847425,1.14010646688884,0.875099056680203,5.11741762097899,6.78642489153151,0.0332445791719196,2.27987220348401,5.67317154907871,4.42415565148277,6.55908630593868,3.59057476395743,-0.476828819365961,1.99342095580466,3.94056516876092,2.02917865919984,4.27969669381913,4.88100338987676,6.52845828831147,4.96024663164199,-0.105604738222058,1.48934446688338,4.19842826825209,2.60450369621286,4.82445189531894,6.9770638154879,4.87336652703237,2.90202774665508,0.0527229820523805,1.6150041528618,2.23343169011704,0.587853416308955,2.90086445158148,3.57770357948608,1.14908852220669,4.9575763021322,1.82739314445976,3.70287714426082,3.63001476989223,0.807317064319212,2.91272449678903,1.63199258129703,3.13682576684505,0.539041001324789,3.05781082085766,0.962087702967258,3.68109352642189,3.70196616827353,3.82628869234403,6.30047441632539,1.08328236195364,1.71652010958106,7.27355111029138,3.31227637863912,5.17007484357885,0.17666725734782,5.65916193774916,1.70747763841216,2.34077191497972,3.94115699588239,4.0747417780071,2.6707970752053,4.08582447585405,3.6962857146346,0.340539165819183,4.00936089434795,-0.911394904660781,4.9843058062898,2.50784553133125,-0.756830839006524,0.319683353405487,5.23706438712264,3.00654626502714,4.55018188214653,5.01214508651634,5.87543569719369,2.7843408148307,4.96368563877618,3.58869852031811,-1.17233998132497,4.33552485844262,4.92129343190374,4.01307938479528,-0.192251682490444,4.7672186101065,-0.661717807563613,2.96573876127079,4.94880051818778,1.97498882096924,1.97008913258657,0.532845824653655,-0.0953481979544799,6.94655119348572,6.41551854121412,3.87881673016578,2.4140748935887,2.93730784860854,1.06784928068569,4.782191402984,6.05615027214422,-0.363558201691712,4.63571830397211,2.66578144772108,0.444444469963596,2.51644461000179,3.56788890084612,4.36544450299698,1.31844910703538,3.73039816686732,0.734642301922408,5.72823043007477,3.63974989507097,6.25298283119858,3.14057481134708,2.39295437138183,3.27416775794285,4.00693483283884,2.37756879520562,5.51861661395842,0.39142525091856,3.99496599634907,5.35174445556802,4.56528787079212,1.5730844214469,4.53824773349174,1.00780932127079,3.86157786478437,4.66763830291382,3.78993322991768,2.35448083234789,3.49273947787948,3.00370749489485,0.902729450716701,1.35521895449508,2.44717928881004,3.21917545255146,0.154727135560651,5.10861829859754,-0.885104493690076,1.21178220631426,1.70408481948917,8.07493710386749,2.49272472479766,3.05956775849938,6.86364575936411,-0.0332558301008135,2.28922644887488,2.329545466278,4.80004574768201,1.15967598201689,3.06407610368965,1.25948362482736,4.39072446989553,0.292898420928704,4.33619065374306,3.54272707160541,3.18689100148698,7.42883114711018,3.71273516120608,5.2394083851841,2.10014727208139,2.7510087621772,2.22944999040289,0.839916790318429,1.80361244125915,4.21948940238203,2.61276049215081,4.95523303104953,4.44531552206946,-0.889188662568541,4.95887683191314,3.50108250393515,1.48513117362469,7.66492458043391,3.03144447837504,5.39254418762478,3.02525126723115,0.392203008953932,3.71994318469875,2.23001370092082,2.37837302100846,1.99658514126776,1.37943515570981,5.21839552888565,6.49294640271473,2.56440706250193,7.02254711802296,3.39847276604302,-0.871465929796761,3.55329779953568,1.46475568944998,1.81224492850923,2.65103526339229,6.38209103981667,1.64646742966111,4.4539194499409,1.37894262333003,3.27068207972743,3.99712225818683,-2.64226975042037,1.38374020173383,5.05589773451992,3.36792812334109,5.13799542899204,2.97218887565604,0.420775709748224,0.655119905426408,2.78820782034116,0.770116077001164,3.35343287136491,2.78618259408215,3.78084255980035,4.01394969236002,4.65895224694155,1.73410382979559,4.33515801099469,2.74918921693542,1.48558721590327,2.84099718897678,4.24957130478426,5.60332347724076,-0.686661572747663,1.61864445375858,0.488937100608095,2.377102519728,2.94397034927573,0.00171430084332203,4.14335988248923,3.23254113999159,0.517990025444933,1.76719447065455,3.36376047237896,4.24056546482958,2.72162699358999,-0.302594147584179,5.2128079671558,1.01105227454332,3.91014204643013,4.53328868445917,2.69800881798532,1.18815435351891,5.72615567842077,3.89284128737436,3.18981295516743,5.15720587432765,4.39341956352259,3.86408275880237,3.49339368299345,0.55149665530988,4.82384969006505,4.51198662862681,3.8083807623696,4.02079772275375,5.47695134934216,2.73727520641836,4.52627947529027,0.725217324993147,5.34410661517899,0.891600520737172,2.11370718343739,3.31157894794862,-0.134633648314118,1.59940077018834,3.15564519351679,4.55133730735332,5.59531080967701,1.31556874651382,1.1461619702296,0.865659241213598,3.35478587913147,5.08360697054309,0.737722838818745,2.82762924805429,4.62100907441374,1.38583686464707,1.62353681863221,0.473619238340052,3.06389493783677,1.21237103644071,2.04786085296969,4.6553499499897,1.44032947163661,3.09115918445256,0.514549575787348,3.47994314435809,4.94600185173809,0.0563715306730388,1.94438458039491,3.55591839546889,2.74959473556071,2.54946728615421,2.97109117060595,0.914420439260967,-0.731797166839313,4.25935102566175,8.56638769858105,5.90477081943325,5.46368954122843,2.64901221445427,0.356649089008647,4.11173249056444,3.08894234114295,5.4742091011086,5.68941718940855,4.59428125793041,3.25721431652916,6.41665239579482,2.16678406999151,0.753185860510669,1.34181105726397,-0.760139725616587,3.74793369400753,6.46361572922517,4.75621792064252,2.95127489904186,3.1255780883732,2.29917460868354,4.05719806893658,4.18016486726027,3.17288260811367,4.34118244648853,1.94125591941662,0.555786239690673,6.06585117830769,3.55553032944925,2.338341963355,2.53396471679239,3.17326022069917,7.27782303272104,4.36636875015878,3.18565496005266,2.49577268524198,-1.32374633420286,1.64505654418933,2.61094414326695,2.63856797722309,3.222640938832,3.21639121815406,6.92044745972787,3.47185569330863,3.18489691784563,4.93183148209546,5.38465663259613,1.88572016363499,3.48124839301371,3.46385311212569,2.2256379309458,4.13670757566774,-0.187159663555201,5.64854810369339,1.47407377238205,2.38557750376497,-1.80371970422,2.40602670841276,5.71883584265434,0.94959665289855,4.9282425129176,-1.39088104518465,2.69611343838526,4.78256004210572,2.66153008725328,3.59891132482782,3.88607775158666,3.95676650318047,3.85035893303805,-0.434221946487187,3.36524149867012,4.52225707796733,1.78294648340096,4.63942518872829,-0.952890440003277,2.37005585037666,4.05624271051462,4.07398325103473,3.95800883455126,3.07068657609871,2.84294042132074,4.44269000845776,2.61128934550304,3.26249672792717,3.84120761038695,3.32505326814353,3.69315456351197,2.60172742394355,2.8173081155984,3.59169561212155,3.40495788557772,2.76236248032565,3.78930935198555,3.21364312273122,-2.13593113166686,7.21130741469423,-0.00675939166432871,1.71191688477876,0.473480525685658,1.19633457103383,4.39920080571711,5.90741589603891,0.638472611563627,6.26588261765948,4.18384678990474,-0.324636693704046,1.73425926568924,2.75146719074024,5.72999856561919,3.28456812563358,2.35553662117614,4.67746736393144,3.75648362568456,4.47175893838521,2.7987467285555,5.40060826736574,3.66038392794502,4.67178808301472,3.34891838001919,6.22711742281293,3.14635833548222,3.6986477319339,3.43980830485552,3.14671175170335,2.07291300606053,3.50885289929151,2.45941557497568,3.23287168279828,4.5395448152957,1.6485270718403,3.76626774370065,3.79770576194934,-3.81612946461983,-0.419567916981695,2.16022053411232,-0.033526755338999,-3.10115331171555,-3.3541689221849,3.58516163486635,-1.97771847863121,-4.34253991654122,2.76038971932465,-1.51873388426886,0.711240927632387,-2.84992105097396,0.346874327459536,-1.20874389960606,2.03522424498755,-0.965142770729271,0.392024374684695,-2.31511754256048,0.541688144884616,0.426375051293034,-0.321169445971881,-3.53198501787532,-3.33253028868107,0.151767314427833,0.119799232591526,-2.13443126152485,0.869772920754231,-1.4262588074668,-0.289292997029868,0.377941830411169,0.25149084188256,-1.24730341703815,-2.02207313941097,-2.82670674716515,-3.02413907770408,-1.42291454550442,2.14420934393213,-2.20329384357846,-3.3395352703877,0.219358008354936,1.38601068530975,-3.58815949472309,0.867012841833792,2.54008030437599,-1.84437372792926,0.185628332160211,-1.59179614069163,-0.276626491435492,-5.39386731454523,-1.78339604247297,1.81179101953801,-1.76533751799975,-5.95408470331416,-2.73474681599382,-4.40670862308048,0.0459712623350739,0.127445628671155,-1.83642915872573,-1.4105518544271,-3.29844161228291,-0.358738442996484,2.01090092206986,3.13047443791303,-1.41058158256971,-0.244212221555436,-1.40385275173182,0.432333201598516,-3.67879771290056,-4.18740739167377,-1.81599244313293,-2.39090029029319,-2.63508039043575,-5.31467796913301,0.0495133515995145,0.947863827324229,-2.05354034603252,1.5637167628713,0.405954960614,0.503536644976267,-4.90919463080132,-5.17883139248511,1.10364954217118,-1.08858119791979,1.14222634964076,-2.81180245027302,-1.21846385209272,-1.93024847183929,-1.73312890552306,-0.883321043256578,-1.55881935311706,-3.97847832995972,-1.16950855465382,-3.30185416988448,-1.24414048779393,-3.98586880405229,-1.23547000255877,-2.70727590964966,0.176691769477587,-6.43950166095682,-0.0492116676361343,-2.86338199210587,1.96638242324824,-0.476318109882022,-0.0982519874994028,0.359486452621081,0.0863465401221906,-0.737284966082045,-2.14166547653782,-2.57412845944604,-0.788878750882548,-2.11991098962315,-3.17495893278174,-1.6719695826508,-3.74105252844579,-3.41692824732634,-0.341422375245789,-1.24100681178154,-0.333595980961864,1.78621817658031,3.442149368297,1.64964653114346,-2.03139981289821,3.61925005885574,1.2514225287969,-1.09345711394519,0.932774075713501,-0.546867086183497,-1.24820469798497,-0.939749399310065,0.990701422054593,-1.63244047296169,-4.01393930250082,3.76917429372197,-4.92394639246798,0.103890032294258,0.374262889063994,-0.753688513265875,3.54672299309982,-1.2979857970073,-0.491615916397262,-0.589286316359204,-2.76348522024707,0.927927591163107,-0.938712240167168,1.23382106693224,1.83667200945285,-1.35613925465868,-1.99679610035753,0.859082053556593,-0.137914417585887,-2.59887405507829,0.703654141270408,0.842953595480614,-1.83169206890252,-1.51320865366658,-0.107521317538477,0.0184540409566374,1.25479159940275,-1.10798432472552,0.503479117293987,-0.698483320758096,-2.32143549133877,0.796385483827062,1.6836556281846,2.51037925395402,-0.565181933639593,-3.33028222546924,1.2305842360037,-1.86518567636963,-0.045713669500051,-1.80548572585682,-4.57329810114885,2.15646214866321,1.45896605380864,2.35324452572335,-0.662124557051218,0.797066747040436,2.41050981467669,-1.1266714500669,2.10836952721207,-1.67171465167672,-2.46563192070609,-2.4978663322358,0.297081710438514,-1.28598866119764,-4.16883178119119,1.21047609151521,-1.24217280425539,0.0525287480122363,-2.37470667945907,-0.109005982405432,-1.87353476093264,-1.34700829884853,-3.74741613072782,-1.38393934263212,0.524277343272151,-1.69701992442414,1.47823003285404,-3.51464673078049,-3.82246469870231,3.06098900816329,-0.410851112611488,0.556310896558707,-3.1844369201773,0.0936490247549215,-1.72827545241689,-5.74943590001684,-1.87878455421618,-3.68820486533295,-2.78636621306213,-0.503945240092596,-1.37106422428731,1.76301777466644,0.814560523846332,-1.15777450719975,-2.6026745645649,0.889249393091552,-4.09334738729924,-0.55735944337022,0.721917906578488,-1.47492509565527,-1.91525354795151,1.28836528742502,-0.0511203468589909,-0.971388888502417,-1.04493366325715,1.78908999222533,0.664075707418597,-2.94262106185643,4.29691375226607,-0.438055082901298,2.59028562130052,-0.048014846211905,2.74267772293771,1.26498755921601,1.43466182607912,-2.18053824893757,-1.7771598410694,-5.08317074737062,-0.513748251568114,0.484321549868484,-2.05831794067061,-2.87661924515823,-2.82947478642777,-2.63754738357791,1.67785871355479,-3.50340810447554,1.96844340245543,1.76055238211859,-1.43401392806984,0.216656529004839,-1.06247908760079,0.0973125319808414,-1.91066283612375,0.497880527528782,1.12488229829794,-2.27708787834253,-4.69251156212679,0.494676461964007,2.16535551330834,-0.227124031519705,-1.2998045615839,-1.21912825339645,-2.20693011944847,-1.41548436048491,2.06754285389245,-0.701332028234823,-4.78979250749294,-4.45358451806248,2.73988442565758,-1.15604726298492,0.323579934872494,0.25564619901559,-2.39179400273382,1.13443969106878
"49",1.09864361470624,-0.869460518144775,6.22118810857127,-0.501837762860229,3.39530368927884,4.5135244641738,-0.745438687326065,2.071694635543,2.68675642498487,7.83978940612268,5.55046617925031,0.0103399064190501,1.76407824321121,4.49595820310949,0.0901303141729253,1.4533195143245,3.30984246693423,4.39226878633374,1.36609533239912,2.12909340733754,3.9868957262254,-0.115615789291192,0.734970751188161,4.53921518960972,4.32324345246144,1.46781768654326,2.78205227761627,5.66273964640998,1.31953107309846,4.45670395166961,2.24348785108705,5.25472532050592,4.89742212939284,2.29244580621281,3.70446686811483,5.1988070039409,1.01186474697018,5.33637008174144,3.71439049414196,2.76974871893904,1.9818270827173,6.77394070073518,1.73575306966893,2.46870853183446,4.10619960894709,6.06602616788725,6.1780701753648,3.76851294217101,5.09669028329397,2.33332631051142,3.06396356587719,3.5061311400507,-0.0484140739718142,4.36499817379325,3.46663361840416,1.70284852554487,-0.174706383132481,1.84088660222059,2.49037561045518,4.13455223352947,1.73251064675074,1.29945942279246,5.37201130126792,3.41256387431261,3.69065840207185,5.20602795157231,3.4816497029018,3.86611673930957,1.80794051874455,3.14525227347585,2.70977041214158,4.02695461086227,2.07571602875264,-0.613203353744794,-0.0934077222854346,1.57295839018308,2.93393310319571,2.03351032841549,1.98937790495339,2.26610749840904,1.72970654820295,1.92650729025208,2.83176739865841,0.948121759818502,5.29940824508197,2.13397089644994,2.09285347543347,2.66540205822518,3.8580194378828,5.41446221456729,3.92646413849382,2.96641320489474,3.08856237510007,3.17055080466338,3.86873808982015,2.47595080432864,2.04270742446555,1.03603040842425,3.86918032674096,4.90047936106906,3.78603152234169,3.47442343233068,2.31177651509133,5.87559958341091,1.92793681367216,-0.617260551117427,1.64737195065656,2.33557509165932,6.34473406951791,5.35890913692453,2.3259706459275,1.18005660893404,4.87725927380085,2.83625503588217,5.72852276210188,2.95744529630237,3.88373998480875,5.57763271044115,3.27287591930241,7.55019725335719,1.8612119836673,2.49647197352837,5.38650069349528,4.0636757977546,2.66116010279361,4.68212452839611,1.33083774958053,2.29378136225636,3.61196863140558,3.48196255161706,-1.51155660385105,0.683220218478941,5.37013454537224,3.97177730842472,5.82731438815,5.91521054832381,4.39726450103658,3.72569654628817,2.42418012304175,4.91329290260361,3.49668541730576,7.13360516537075,4.28666932381782,3.0369737865859,5.03978697107668,6.60758484866347,3.77490173759511,3.16657102364207,2.81864660067635,3.47722492349292,3.97728662554999,1.5891324074783,4.4722388250143,6.09823866043613,-0.431685348259986,-2.83421680005553,-0.280068744890802,-0.612660694754626,-1.66524018730238,-1.01578664071941,-0.259723330151431,-0.173496156574831,-5.07331859627654,-0.650074936522105,-4.07501319828466,-3.9830968424531,-3.17818588303954,-1.53415796194044,-0.403058381885302,-5.13147697248776,1.78171931156149,1.02436376941949,-2.17116174738031,-3.14895648576021,1.79606906768489,0.170218348758295,-2.31036875868173,1.74668465467632,0.00321712605479196,-1.59454066518483,0.148119744898477,1.37346540909486,-1.9175898744123,-4.94158625915683,-1.64576607474064,-1.19834286264976,-0.843683976570119,-4.26441517690141,1.86143252051489,-1.57583980027,0.003908677553627,-0.80564398642877,0.679628214090158,-4.47514965215513,-3.32685040011455,-0.551931746502659,1.86332986909339,0.237746773572453,-2.1182470236264,-0.903601308512475,-1.41231661154979,-1.62253678824574,-2.65651309037028,-2.825388985543,-0.999092453284566,-3.03647087847644,1.12917529265972,0.281417962335501,0.995818442896691,-4.43802059560805,-0.371088736402866,-0.179757392939678,-2.58182495864167,-0.669255390802265,-1.63674557178603,-0.0972464871982855,3.68868437679556,1.25586245846504,-3.5932823281727,1.87661247353256,-2.80048482012401,-2.67852058113323,-2.02561986312292,0.0770496859969729,-3.94910390410521,2.65549110379331,-0.64995352495012,-1.62535806364147,0.385431653845689,-1.40931967661787,-1.79053673332457,-2.28931138187169,-3.20009592868578,-0.886836350821002,-4.17740957716808,-2.41710989498584,-3.56201844635572,2.57553197158487,2.61100812768223,0.060821241789675,-0.538458145422213,-0.187459989661886,-1.23232263006577,-6.29264471623717,0.216174991160431,3.07088020997825,-2.15509124632451,-2.46742914170521,1.09903542945151,-2.44576487083488,0.329962068848348,-1.62266493925786,-0.0435896366524395,-0.0496143171112641,-0.616634661039557,-3.12384611820434,-3.93242432272415,-3.40448224383479,-1.91672355654891,-1.97552930070515,-1.13548813369137,-1.93674175832635,0.249838429731093,-1.32282792757964,-1.33489328773927,-0.966272208223198,-0.459761072066737,-0.151943384763498,1.98790857459066,-4.70227125539573,0.673150677553615,0.561966564309208,0.895461101185831,0.308408249538853,0.812011570761405,-1.81764245390062,-1.56354347679124,-0.0607322321234814,0.213875880727253,-1.48060746797582,-0.878781685581554,-0.043106135115013,-3.55040802618687,0.856869338016225,-0.828079866443891,-1.69131033017905,-3.38585945526763,-2.68300890291062,-2.18147620449379,-2.04968331725286,-3.5552247492327,1.58020650572222,0.859557767648795,1.59966658462264,-1.97861831508458,-0.882463205630489,1.31346974183467,0.590684290509113,4.67967933160969,-2.24007231129213,-2.71134115366509,3.00842684348601,-1.38394241633523,-2.41229574168098,-1.70856290694947,-1.0060564593894,0.713646755595366,-0.60829456522687,-1.02334876484029,-1.58590807997721,-2.90081623350221,0.617811880876737,-3.60156355334403,-1.60890995593384,-1.62555813804887,0.348567224258336,-1.68418936647784,-1.66488892024854,0.987176210825496,-5.24030161324331,-0.481506536402454,-1.8260325283567,0.867645828229971,0.224462322634628,-0.346981710576974,-2.25201561328199,-4.34089438940668,-2.85091394733543,2.78715437327088,-1.87418562371585,1.16891490884858,0.0501938312235186,-2.45584229228988,-1.59793427609201,-1.91783902320523,1.07721505931857,-0.0100120312032536,-1.45526360246204,-1.25774960245324,-2.73919402597383,-1.26817597927879,-1.19917645155438,0.965966973284562,-0.55443299602068,0.353887504115492,0.506433282775854,-3.82819529358622,-0.318226500609226,-0.513888601695263,-0.552746101189742,-0.159003879610901,-0.614686414349948,-0.571730481387077,-1.67941614050167,1.77827511062214,-1.10462138933233,-0.595487746504273,0.294151365967574,-4.33308954919794,2.45372777259201,-1.19794574901994,2.79373253036226,-2.92024225391516,-1.26884085807805,-0.696452596769116,-3.67593277351335,-1.81265606503264,-0.446495840345753,-1.16850849175831,-0.68698011244846,-2.27840243915167,-1.94145062036394,-1.80460845568978,-0.331548265792474,-2.31317873951905,0.34284263292485,-1.52250170797078,2.03313575883871,-4.190889152365,-0.379109154337045,0.282737363433634,-2.66782409985471,-2.90984436006967,-0.0366126560440844,-1.78431998300136,-2.86895657021017,0.513243085185033,-2.79177713346497,-1.2158311488595,-0.386917867568767,2.79419371662902,2.7928122294355,3.03571425028212,0.292678352967135,-0.392918341027651,0.954685846889297,-2.82240141082107,-2.56823146989031,-3.85227734728652,-2.88024900755958,-5.3975848304666,-0.466248666144379,-1.83655381038121,-0.893418434331931,-3.75865772877553,1.22342394059313,-3.90638018404124,-2.80410624212047,-3.92647723812956,-2.70670984320041,-1.25808978629567,-1.73057800005578,0.163769924616256,-3.75004043897147,-2.19241175886699,-1.80599183989699,-2.12063768009886,-3.48143152383013,-1.92157727822765,-1.12465723081165,-2.92197047580753,-4.01303970314769,-0.821569273534768,-0.469470391949488,0.769460283525766,-2.61485553718256,-1.5804039169584,-2.28592671414395,3.67003375723474,-5.84687546363054,-6.47985337613199,-1.57401029866932,2.46049600947556,-6.4094621199705,-0.90810455207337,0.665604086792182,-0.0276706485849972,-5.96509402562905,1.93617646729986,-2.97353592022147,-1.15075164609978,-1.62280163181197,3.01607042125826,-0.51124060947152,-0.520794943194427,-0.335287963120266,0.24181541917066,-1.1493175141202,-3.84006600062544,-3.8818897084374,-1.94356641342682,-2.77690375811447,-5.17988680495825,-1.86530439897443,-3.07774809454569,-1.5298238920882,-2.24501852782925,-3.77214786871311,-1.92818952553492,-1.61561135109567,0.000220314938774724,-1.59820068337509,-0.0261216746109143,-0.0727077555479155,1.14518835396184,-0.811890449399408,-0.598328154487455,1.7051933744905,-1.29911089454186,-0.0847579876378257,0.96839875647685,-2.58890381766389,-0.409959540632169,-1.657976588632,1.43120529825887,3.1359186161738,-1.19000301899778,-1.6120699023959,-0.788615761139824,-1.60320548109084,1.40876829903779,-3.87908491513628,-2.95705118642296,-1.37760612734639,5.0879361485361,-0.479158672208548,-1.19416244164679,1.760754729126,-0.201532173091516,-1.08328080793112,0.282350913271882,-0.763234842649362,0.456189286607509,1.49054771173495,-3.08688450464883,1.93236001702876,-2.18661608175647,0.584480621232237,1.24740958976963,0.190006262841442,-0.388648124626392,2.85693640693746,-1.89310016370973,0.881081414665336,1.71853037802536,1.11678088785031,3.04441001767839,-2.04182873764624,-1.63819697076156,-4.56272137952738,0.429136625671517,2.35261985774493,1.48694415878251,-0.911631517071594,0.709678787763494,0.18051077358814,-0.0242764986912549,-1.90579576036462,-0.693729903154039,-1.29845534721898,0.594608832934045,-1.47102567392859,1.29964628019723,0.956566926161293,-0.533379008211885,3.67711395168331,0.903050876561698,-2.37809399908057,-0.189351735746071,-0.0437519790764246,2.80197120757103,-4.46817339305191,-1.13927537898067,-7.41050867276225,3.84709419256861,0.856601599563976,-4.76946536042827,-1.0376024932826,1.3932531588524,-2.85903619349116,-5.93974135075682,-0.432994336413724,-1.09913133222953,-3.30077324154972,-2.58110980401528,-6.09503969988588,-3.25425175461191,-1.86942685974394,-2.94769007827116,-1.93071611926091,-2.19567167702284,-1.70628153679111,-0.102887532849018,-3.37597118243584,-0.774107813550091,-3.32054603681525,-4.82489512838268,-0.162973627001123,-2.74756621640553,-3.45353567968497,-1.66392858562488,-1.24564864994166,-3.2631548645689,1.52740200074492,-4.38030055360354,-1.82254679191466,-2.91769981404114,-0.887711767094203,-0.506862613632182,-3.73356012939283,-0.0732693225755299,0.61209971157021,-1.90769287661508,0.793556691323346,1.53813893136308,-0.265032830172433,-2.22205183165476,0.3050238236939,-0.630893927261387,1.60833312381134,0.903015792361617,-1.74364205931549,0.969309176937977,-2.60645540519447,-2.15942318100747,-1.29932965667944,-3.09390254370296,-0.268896371033511,-0.556379740207323,2.31329306883627,-1.5124599528947,-0.180624639630487,-1.05160469804458,-4.79194731532381,-2.70706442447623,3.48378950454916,-3.41393730580732,-1.24885199504835,0.426318770806667,-1.41624322578076,-0.419932396280368,-2.67742617385818,0.507375319310729,-3.27171407353655,-1.84304125666441,-0.557679406948699,-3.74122532048089,-0.397306523985537,1.02118072026086,-1.10809480833726,-3.06004337553117,-1.73701841696346,-1.46497405019009,-1.1288363206811,0.38765131246036,2.60357137633479,0.625118601465767,1.01660467030076,-2.80800156598572,0.740034790021249,-2.20057592543624,0.405690156492465,-3.61307474745706,-2.17397492844901,-2.3813860261874,1.45553465088786,-2.33515781213054,1.71525922999349,-1.35122560358744,-2.11787093412628,-2.60724960014549,-1.11536866747316,-0.740700122083348,-1.73344436470776,-1.13053655640635,-4.12241889760041,-1.76965256927148,-2.53501076338021,-3.1800279725749,-2.0648223815545,-3.56253182338028,-3.0702760851109,1.77446136913214,1.51907458637218,0.121704323872829,-1.79384069712307,-1.03088016571648,-1.07983993252054,-4.51881475682479,-2.46083579725066,2.17872443009128,-1.6072415040934,0.615413674804415,-2.30822263541627,-1.60516132701592,0.605150017656186,-2.51227299073419,1.04629886931319,1.05903766413027,-2.70018786116238,-0.584117081400717,0.755171097388778,2.01138209066055,-1.8996442215442,-2.91966395034646,-5.25826508964231,-0.878667663260056,-3.34029879277312,-1.18078933001193,0.808177542043037,-3.13530647883499,-1.37742441961051,-3.23552770404392,-3.54065730009668,-3.47955532397944,1.26631043890004,1.37897122389245,0.981608127752797,-3.5221060886781,-4.51933732593047,0.0812599940790277,-0.195303022268279,-2.20270952301009,0.109782172344104,-1.30629930068634,-1.47170905041861,-2.0584382173268,-0.502119742487546,-4.24993253832937,2.35564564448814,-0.314266717070192,-2.30012302544535,-1.1159367517528,-0.723457712000885,-2.61021729603145,-0.757650370048688,-1.79787603209299,-2.82323298526333,-0.692196595889748,-3.79845595333176,0.355222956858363,-4.2577431940224,-0.926841410894208,-2.11229644433933,-3.01034269240714,0.0175087299306984,-2.04574504835891,4.2214663195414,0.182558815853217,-0.930616432274742,-0.0633796757648416,0.678586904468837,-2.44737543272276,0.805002163912587,-2.19417804225531,0.560553844658161,2.35501852892892,2.69970929525829,-0.420004497920431,-5.53157318064115
"50",1.42559478839836,6.57741319952915,0.773669068392126,10.4367370419446,3.10338572014488,2.10012445078299,4.26016983971298,1.89776661262375,5.22739226025669,-2.43796513229137,3.31386036807452,1.33216378470027,0.469855787106408,4.28290535849069,3.15661241049502,5.47232198396568,3.60013885499114,1.61105275972813,0.165120799533508,4.9721390387809,5.21964255654603,6.25189753015769,1.68913682986453,2.47481379196588,-0.143896867052085,3.00407668555704,3.35321596699751,8.17090501744241,7.06008562623766,2.64285931524888,3.21559044959127,0.941059552749541,1.4411790541325,1.89981794576379,3.39454270444025,5.6285109919319,3.30819252108728,2.58311681847776,5.86508432487884,2.08040104428879,0.947103020809891,1.70220366070875,1.9876758108851,3.02499495653468,2.57807038615513,0.871079878532682,4.61290180686745,-0.941716352595641,-2.58112202321431,2.17451523439152,1.47410608841502,2.481629165982,3.53953936349002,-2.05672834114439,2.93002359617399,2.52877659832105,2.10159115928024,6.04429828722315,3.47552790241481,1.97320097225132,3.32641420243792,5.08065634640964,3.85787358747134,-0.810887909983234,5.91069526271777,3.01798248870213,-0.347660652039863,4.51299182923409,6.38142437457721,5.08656407654731,5.11132600012938,-1.61713028959565,3.24551536981977,3.27206170679548,3.483475297152,2.54662131145077,4.68490687591155,3.76518367606115,5.47705975204842,2.580007897475,5.50686221661518,4.71481687473496,3.47412626377896,1.2531451043775,4.21175850898822,4.96228145744319,4.23714700722404,3.64523904276641,5.41586564910802,1.02562471542218,0.798470324052971,1.48274765565767,3.19578148548621,6.06388778774547,6.40690500845382,-0.471254777745284,1.54288111454332,6.31711557221416,5.37986526672806,4.17531823080194,1.73064439721375,4.056902972723,4.87366308536632,5.72475486793219,6.04489827853483,4.32906639852869,5.43226110628095,3.9996048885937,2.40943300701298,2.17210348633537,0.903014751216126,4.11664562171142,1.11000340649235,-2.7959305826752,2.2040737362004,6.04258992885494,3.5315584994987,3.35166638620559,1.53032510153355,4.96355125267786,5.42345266821163,0.705578208573662,2.83599156849086,5.70136834114649,-0.164060691447524,4.54007702990261,0.137249788202565,4.53698142770233,4.35116609685521,2.8663279975204,7.10549117628262,3.0645741641433,6.7742536536341,3.51184309779322,7.66984223633615,1.96958829412331,1.20943056570097,0.122681953999614,4.84915865305834,4.09195558077537,1.29822858872684,1.92244698661949,2.86518174775437,3.20613020198438,4.08599881873357,3.32004810072147,1.56882578504153,2.22485044510668,2.02552628409187,3.25159602923008,0.970864042340602,3.85597596564207,3.7717897315037,3.27419041366309,0.627608589998272,2.82748832801655,4.87018717882452,0.968051413873078,6.28341650903462,1.39507351235654,2.97637426872509,2.72815642353402,-0.130108886038508,4.26019590607194,1.47310361249078,5.39023790651724,5.11062895711508,3.41575034267279,2.57190043635346,5.2203021593608,2.12882047532801,2.09490441595344,5.32474230178034,1.55760548151093,0.765829619297675,5.68622423843338,6.63224521172329,-0.136135634918598,-1.67407862487443,-2.21998732329881,-0.853817870067582,-1.99237814601211,-0.041036397785095,0.418317848013399,-1.69456333155736,-4.2364866048228,0.649643447643648,-0.604357407932401,-1.82031031402834,-1.80844443607707,-1.33026125724009,-0.809614791252398,-4.66835370504772,0.315513600569189,1.34235031733829,-2.07872622856971,-1.64833891456772,-2.11576088785758,-2.94933363232191,-0.119010535720227,-1.97469132090744,-1.34719445995908,0.499387091478715,-0.17782786737078,-2.99579521673972,-4.44962078719361,0.84975380033877,1.8212403446222,-0.307221276656113,-5.52983309958321,1.85204734108707,-3.56565188568409,1.18279093980078,-2.1761375016841,-3.76699919682576,-4.4813284120691,-2.5971994111226,0.805323497111651,0.263137867717614,-0.666086919489971,1.71295644496636,1.62932162966792,-2.61189017561519,-1.95233005988358,0.880412490046086,-2.39385041399581,-1.09453217396011,-0.298859798791045,-2.60501443847898,0.0123344678421413,-2.86654110630804,-3.45373164159495,0.971055970031235,-1.96863988945141,-0.0950084917312084,1.87600861129939,-2.97975482035071,-2.37163069683507,-1.98187276182771,-1.5986165561625,1.80894150371134,0.594802052997937,0.274735327122854,-1.01355438981472,-2.22301980818082,-0.401000859940099,-0.2216567825302,-2.31880873504025,0.835822678015959,-1.50651090071858,-5.02949566036263,-3.78039699066567,0.660866606604329,-0.725819199727558,-3.45168349765961,-3.7093481225081,-1.14452888235211,-1.57104471794804,0.521866759531231,0.879199840989358,-3.4332815169369,0.489050115383185,-0.625206653573528,-2.11102102306111,-0.633610166235028,0.0909582051748516,-3.98303942542203,-0.799981302577744,-0.0939724560111954,-3.04818460346075,-1.08769636192674,-1.82244948950981,0.59335164684434,-1.7713401998196,-5.48024838961258,1.55522006308905,-1.19999338357166,-0.789292369905263,-2.76434551557087,1.40799067208881,1.59961894398616,-1.2049408253682,-3.06597823544963,0.138614803463166,-0.281409206544323,-4.81861276361192,-5.74389385970361,-2.47897780150761,-3.23187634884034,-2.65323213821709,-0.818031792315109,3.28408558980944,-2.04780596567718,-2.49839449247901,1.20589239857229,-0.123163770675952,0.502500724773175,-2.42572799647705,0.7966516708677,1.22468102537328,0.294901300929259,-4.59536651050393,-1.48914324779804,-3.38018238756037,1.12770277085783,-3.16017962173085,-1.18432056903748,-3.83421286609347,2.22581007946072,-1.74729648038118,-2.42004957400003,-2.12192498965753,-3.1051187794427,0.902482366901492,-0.0466568874446929,2.89593926069344,-1.65817130487164,2.609710871095,-0.835644637866603,-2.35941040019534,0.538503148874394,-3.36964614458018,-2.64301295643328,-0.624241864581315,-0.988484443159478,-1.63660231304144,-0.795843216075523,-0.93682435868685,2.87935839285211,-1.79603933696042,0.659232945493472,-0.856234173063023,-0.00636138563351718,-0.178543426870738,-2.98537711695777,0.61414705172845,-4.31333524533668,1.9574092490645,-3.31919970866951,-0.782452325504376,-2.96969395870503,2.19239725582535,-3.93717228058873,-2.00579097783127,-1.46723342776089,-3.00512187944708,-1.2406108280379,-0.258442980770872,-0.189684555615923,-0.620565428148807,0.563039344002892,-2.63954141853253,-4.45011237799325,-1.02940467964127,-0.653568829310159,0.108977499140088,-2.56985953008744,-1.96443311449278,1.16067823357732,-2.89384066546334,3.55685268887675,0.853515006965362,-2.83916170768786,-2.63356111082514,-2.85030441336946,0.880046092056291,-1.94973189648398,2.36721683607159,2.528144060867,-3.22432458232847,-1.48422746128944,-1.29031942405482,0.475572134324355,-2.65296714004799,-1.17874534758676,0.28600903632636,-1.37806274804819,-1.00323634531145,0.922741979882413,-4.69568416530129,0.386588167069192,0.0611157757984755,-8.23333071209439,-2.06864712774281,-0.618356358050744,-2.65963628029925,1.9829081049943,-2.44761611582478,-1.66691909019769,1.1539829926507,-1.40962461766627,-0.332966605689716,-2.08297612083497,-1.75636665477714,0.623163136126747,1.28097765436873,0.864594159705775,-1.91674838234895,1.188673718954,-2.28024504060264,-2.41053788173803,-1.14715021455218,-4.78562762490711,-2.24435742573155,-1.17572509647454,1.00331797037484,-1.21175324400493,0.010367525164491,0.141426464499137,-3.3332658432816,0.132934262241497,0.518763556699286,-0.225935965152854,-3.82723520706424,0.151636280740968,-0.244230151818177,-1.13762652870718,3.14209287855367,-2.04985537709072,-0.45037539985135,-2.50283361384742,-0.0359176073606431,-1.61556860554667,-0.342504405118699,0.985133796099031,-0.553816940872879,0.250650406522651,2.42431649432634,1.71475397941849,-1.47803813551632,2.02742070588701,-1.73333961116095,0.965864123159496,-3.62951997342385,-1.61172213188757,-2.62617299164806,-0.57309074155866,1.04838658351474,-3.1343795710959,2.50378116811459,-1.54830683237348,-0.656309820742895,-2.10227226988696,-1.15928141806,-0.117708099537952,3.15902957951395,-2.29167563235429,3.33195739422122,0.61916018380888,0.121601599405667,-1.34641552051661,-2.45445335766372,-1.54946735701108,1.31507979329816,-0.0712866739424091,0.812279712197543,0.113379450982397,-1.43518014939184,-3.94830662371659,0.872662558697162,1.40009816609116,-0.888889480522383,2.75045161586385,-0.411641693752749,-3.53465093732328,-3.85010819500802,0.813430606087119,-0.554255485073356,-1.44433972824968,-3.02492055543897,-0.945704509372628,-0.554071819140119,0.157555207360923,-2.56324842418578,-1.48837901676113,0.0329694571401171,-2.37390809466106,2.1193701412661,-2.92694818997846,0.236240680946948,-3.06082210754229,-0.466762992083323,-1.29940099746843,3.79733721240803,-4.21763952980284,-1.6063542947448,3.68029481846148,-1.93121629503862,-2.1005264362657,2.2677647037697,-2.17022897854453,-3.22077607232745,-0.424338130325893,-2.08150268748123,-1.83962237923403,-2.43436347026165,0.720069876056403,1.22790812946605,-1.38157688372981,-3.7816647048289,-1.86943656922758,-0.130277961704339,-0.0511295132451637,-0.917338485112023,-2.2893278141073,-0.855006840833612,-0.330083572817103,-0.54674150897174,-0.242411591283933,2.0644183555966,0.995361750459071,0.298539101190117,1.41673241191117,-2.21842559318314,-4.57459846208975,1.48872097470331,-0.300793883836234,3.7712690436405,-0.603190620625521,1.81167781920578,2.18682021043719,-2.19579741672106,0.491172254226146,-2.17130443683129,-3.36286783842567,-3.90091283723581,-3.04781012787208,-0.298166534750681,-2.38669168716432,-1.4315599874395,-3.64613037933878,0.580218342512592,-6.90998350078356,-0.715331016615287,0.841924187149182,1.38091736372849,-1.07223969650081,-2.390374598995,0.262031769402163,-0.274859078663293,-2.53513639626727,-3.01037894722313,-2.94324329449152,-3.70071871626532,-2.27902089187006,-3.69117191047799,3.7397971082911,-1.47905789096913,0.542777757853146,-1.34137314785075,-3.97595698865604,0.850992116068678,-3.38736283993145,-1.63455901276971,0.823560709506543,-3.2303111435229,-1.50712965151317,-8.19791261607209,-3.70258442549223,0.651941414765555,-3.57468797170918,0.718153189530498,0.0379712022729133,2.88491047034441,-0.657083298581276,2.30691241204873,-0.291726064007292,-0.0200293605508924,-3.25709576877395,-1.74247381748103,-2.13922032317247,1.08392087459334,-0.97878227529436,-0.124845592548537,-0.161303391802243,-4.03068989001761,2.70443365771358,-3.58112530801861,-2.11243647895323,-1.83677674015577,1.13484104450637,-3.96354180595235,0.87920819892814,-1.91446017620056,0.0209326843268451,-1.41261976038185,-2.37558935189546,1.20347584970707,-3.07614491317206,-3.99310359932701,-1.73575586294318,-3.38555668904835,-2.93704245246604,-0.671624723730235,-0.396317688467132,-0.286135182536904,-0.23185732377322,-4.59496905183441,-4.50134185098518,-2.59944353687851,0.0856971082264295,-2.09829893075938,-0.222743102642374,-0.685346863299344,0.106313216640596,0.0951753646273246,0.932690704650352,0.390700289973191,-1.39653230735797,0.129360159476208,-3.3277373327135,-2.67326271429042,0.417129728622295,-1.05701075227641,-2.72036192680594,-1.39566996595618,-1.19448368378989,-1.98468947501397,-4.63538969818402,1.51964116791931,-1.16502748632699,-0.94013297246103,-2.61377885003131,-3.06139718703001,-2.41038474665073,-1.00704735621689,-0.32122497794488,-0.643875261011929,-1.33459473178056,-0.417629719955657,0.700458052203293,-2.0529444836998,-1.92011482484301,0.90800209404327,-2.36472855140457,-0.940425092646691,0.427932539621818,-0.467977394330383,1.47119378546731,-0.957854806511226,-0.878424683803788,-1.5809055168086,-0.902581558376709,-3.0769341468494,4.33789034225754,0.136821557129599,1.60576294741089,0.880323461758108,-1.66207211930924,0.676864793341919,-4.95440368559496,2.31147867077151,-0.942955882717614,0.407509548957615,-1.24897262812433,-0.108103220143137,0.172903714128869,-4.27601060178952,-1.34823795105352,-1.53281777968935,-0.703252520836649,1.73848992147028,-0.589637951451102,-6.41643686431006,-3.01788437494611,1.50044088614141,-3.42367787172465,-1.6005857832869,-2.98941806429821,-1.47173099789171,2.06286481538635,1.3682142983147,-0.110327495925849,0.86782249097383,-0.484025405154415,1.2807857183632,-1.88198220853771,-2.24503503605185,-2.01924815739258,0.953758164958219,-0.0596084818325758,-1.83230601543251,-0.359444105174246,0.187243886175582,-1.95971821037782,0.0508451298456978,0.93181151013552,0.214002272745224,-4.45841953819237,0.338875443681892,-3.06498312867175,-0.618605409766638,-4.09860383933536,-2.06947372868672,-0.581990912586823,1.69974429481198,-2.9546347198928,-3.58476911881592,1.14924411468877,-0.00413736929117536,2.5973495260989,-0.759196882907814,-2.99702751057637,0.61374843030266,-3.02795435774422,2.02386717336882,-0.176107026361157,-2.79942050357748,0.858263140363946,-1.01879079438973,0.283963051772387,-1.27489188788428,-3.10370366852046,0.431264176908405,-2.46632156023105,0.757207803117791,-4.83227016807089,-2.34534441492645,-1.96826241389924,-2.33741063034954
"51",3.57286220536587,0.539344405073716,2.76366547191167,-0.71930394943793,1.25823071261746,1.63170460506108,1.49497338595298,0.470196953118856,1.90496474064393,6.97430097791989,3.49007696739972,2.99991494684702,6.55587575903854,3.45904558803118,1.08069679391375,4.38452248936311,4.25734971971274,4.77639895908065,1.0284428083982,7.17975322901539,2.22462769771411,0.267565820671332,2.37559837502317,1.65710985671239,4.4041418403253,4.58143968862423,2.67853189778678,0.963990955979603,4.13461236983657,0.768444394753838,2.54182430247844,3.96600837483329,4.29017505572669,0.46880418557173,-0.152283610169633,1.46204162723639,5.77460184440728,5.10356621787721,2.68035182007749,4.82733360328031,3.81929615391059,6.264789597954,-0.693212114173149,2.97273798247112,3.24606038908724,3.46693517110203,3.31962888242546,3.21478549788462,3.45164286106198,-0.460168050361921,1.78238418756179,4.06954466008952,3.64592044097266,2.19641293293986,3.89696190968459,1.13020928574889,-0.847136350550807,4.76215837535581,1.51632670979658,4.78053395593101,-1.21136328407295,0.40136458629284,7.03064751980144,3.43023959379167,7.34861661858382,3.34708415117932,3.61578609337699,4.97233514411472,1.98255102001723,2.87932168826348,1.28594607452798,3.11396076491671,3.63759754841017,5.84372983996533,4.91844329125907,3.83324740836845,5.48416591631112,0.945805950860102,3.99592455718766,-0.456878458003114,5.0481532809322,1.7507965061881,3.89210848569877,3.2102254774876,2.48521839110671,-2.2690673944503,1.4427487383321,2.93011075681317,4.40841572982103,3.77948236404381,1.63919496858354,0.811649201834431,3.38652526484717,4.67339479005521,2.5065332408246,5.08621401447283,2.04727231951316,2.48805416106298,3.8435325506222,6.58176985146372,4.81819711691794,5.38381760221759,0.334146275898896,6.08126245233955,3.95808128049819,5.83255976509404,2.05862488814913,6.29164238760872,3.44009637101947,4.98222652108695,3.08129412069149,3.01127730184093,2.97740269979197,1.30398354891072,4.00859423209334,3.49160629421582,2.23616784407635,3.0909421560629,5.70764547238749,0.944721674553707,2.84130385542362,-0.965030102261682,3.91156110925223,1.61176332182487,5.91809295137241,3.15114493950733,3.27216949945443,6.29293661248235,4.9914696373971,3.23669604884101,3.09625505359891,2.68304233212646,0.316401392258232,2.81330655476796,3.6882151438961,4.52040229692624,3.73194028830852,2.52803048668833,-0.1938113097487,1.95999640612103,2.01814267988788,1.15586348319639,-0.422171575329388,1.08468897342318,5.22529286784742,5.24102419181887,4.85701923214084,3.74511252220406,1.62662827824863,1.24273451909371,6.92340587714814,2.10548028619354,4.15862600335198,1.59543496630941,0.250837166944478,3.89440019416751,3.73985100169961,2.03078327076822,0.744470948334712,2.52299105393078,9.15514940740588,2.97950231878804,6.33690084942535,2.69814134525558,2.01335299666809,6.36448372671166,2.39183842846643,4.20829385511283,4.0799409556165,2.15617820375392,0.654388739279243,5.51972414723688,4.8956876752465,4.481957962531,2.86863960831324,2.05287294245052,3.22401807277866,-0.0541345545812533,2.48485757789064,1.18777569199589,-0.113411820967514,7.1352743928585,3.46830666119162,4.39036866103933,3.3210117168557,4.47597680242852,3.39780475613658,3.43234163062098,4.82941960870262,2.72611197701633,4.24213772291811,4.18135537365485,3.69011743072527,4.2700169373703,3.6479670723492,2.25220059737807,2.45440460355225,1.625268143296,2.93877167464353,1.78135694431837,5.88621682538219,3.57792575908261,2.52228398969737,1.34275948383912,0.850503807405407,5.40201544579364,2.81695675518242,2.56058354446201,2.7391666628682,2.8584369743822,1.3813197421444,2.19924345514384,4.92371966253638,3.97529192509303,1.05422169620062,1.71560893983373,0.0118150252185862,4.09364801399652,0.331180000653721,3.11036598375045,2.39979823518014,3.38601570389298,2.3442785835061,7.6446904247697,1.21335504468024,1.28484186710648,2.28543789346153,4.51968042472877,7.8376881210447,0.278750547847594,3.08250497753993,-0.185556937355636,1.68991838274257,2.49806673013621,2.96875213028708,1.23495337593041,3.8268640642294,3.59402781519319,6.67224168733755,2.30088297446607,2.2228836539701,4.25992756351622,0.695933443123824,2.11783886823109,0.338782983144162,3.30359878325966,3.94836173777304,4.9637113212302,2.19854035758324,5.39074596493823,0.569919692009006,0.358755987019716,2.78052936636964,0.965594960434518,2.67581196048056,4.76948133609561,0.875017084963923,7.74604351691865,5.06487509260842,2.65616283047978,3.10541190358279,3.45742333730356,0.910725767316499,3.82830048292824,2.72789354480852,3.48357718735416,1.9899726575044,2.88780464749207,5.84223236393557,4.66299446500767,1.67473681184687,2.70228737623076,2.66781540637599,3.75273145392325,4.58734030880761,3.34607308537515,2.52182045946912,0.693682100756466,5.25475510323541,4.51088841753277,1.86535646023727,-0.301065004092583,-0.364370171326045,3.04061000005609,6.93533337126079,1.98144345298217,2.85405829612157,3.79308441161958,4.5458589921322,2.94754044866627,3.08073212797888,4.40129231866776,5.31347231112706,1.89001883010548,0.980546149180463,-0.0623573100836152,1.70076381880012,3.66011290751958,0.409202326014511,5.07184053443561,5.86187428550637,-0.1549810050948,2.78421234248753,0.712024327722499,2.600005437282,3.27879166112695,5.20290191091442,3.39187783655054,4.37581428737907,2.49207586448228,2.81268893566522,3.25468985203566,5.9737122213904,4.88709671312769,4.36638426791333,5.61541535106982,4.10450165711826,3.76604190841843,4.12556441086657,2.58322795978262,1.34247384439781,0.877091193916767,2.29413826589657,2.72822534259571,3.04458701657269,0.729208780565682,0.086360463412857,2.06024763311692,0.267076257786705,5.11334029312365,3.33150820450268,4.17772313973649,7.5872571445143,1.79714343121141,5.84124911663999,3.6308577788748,2.23649030409216,2.66394331235301,3.18121679071664,3.82941477714591,1.58334057256369,2.7882352498924,2.52946508581836,3.56109618903477,3.20423898650882,7.2541626193283,4.45509312161345,1.98960861395698,4.67168110154188,0.273040021056655,-2.01383640930075,5.18538219781318,1.70909508257281,8.0297022992972,2.5777470784952,-1.39705252066629,2.36149423469502,2.86588835034565,5.88918974539167,1.39702514317115,3.50127529448051,5.67843230709,2.25787734850774,3.05076593263333,4.78519992952869,3.80800438117663,4.02425111655535,4.52305549893915,3.38120876599491,3.74049317176261,1.02653983013272,2.81872003749781,6.95225546606336,2.71560267431043,0.305348488815019,0.372190306346061,3.65116670259853,0.512504996913895,-1.64878508434725,2.80633611610486,3.87706850969456,3.20952527430634,4.70372519878242,3.76119412736827,2.89687627120114,3.87567318512658,7.03825441088114,1.47674527658334,3.70236103884879,3.71478933453755,1.00296053221372,4.70377318203349,4.35362266259656,1.42348649154615,7.10736281819987,4.93103694255044,1.09385470937832,3.33226666347769,2.59976531697938,0.347209339923809,5.42591559041273,3.68108420624646,1.9233535156499,1.89011814825007,5.21327809371866,1.25537511960761,-0.282218517603579,5.43168931557426,4.09463215216149,1.43170133248212,0.829908453925412,-1.21638233747419,3.5545984381345,1.62297852761924,1.26999471616428,5.71994741820295,4.48621263834661,5.57119826350362,8.98981835657615,2.89251108710476,0.657088505070001,3.0724376457705,2.95023673518838,2.4258517697571,4.10205902978305,4.07756924334753,4.89357442919567,5.15267237028839,1.59259921766644,4.55529566524044,2.63073507692414,1.12172924344109,1.82993188351256,2.84400569901617,1.81033255648397,2.40599511584631,2.59180376079537,2.68371962821335,-1.84707201659731,1.01790228425664,4.40094441942106,4.5112790484198,5.30327987991714,1.15649303732482,6.82974871200518,3.01092899557101,3.63822323013571,2.16095802398562,0.436230254775459,3.41295017872979,0.247908568794659,3.13618322987096,0.816312893280628,4.15799564252667,2.11285118958033,2.13321319642403,5.94862348737492,3.12299119344242,5.81127923075954,3.49521260843063,0.891103184235083,1.94155429251055,2.1656691297173,5.21067683028564,3.18313499564505,1.65703339966837,5.90066667128874,5.22454741389811,1.44639888886773,4.78530323526938,6.875520942083,4.09203782059227,0.787693516061763,1.22247270183221,5.62307410625875,1.86767698843572,8.23531020647501,5.00138360987835,5.44156173529153,4.76639764561027,0.644144731306253,2.58455109500355,5.55336199536647,0.979086567575222,5.03845693220928,7.19123233778829,4.5998453080982,2.2417737266894,4.55500015418311,3.0852502442366,8.11804779837855,3.18685428323271,4.72948439087178,5.56863593578665,1.03143260602417,4.10326248455485,3.91915083587594,7.76068215601509,6.26946316174888,-1.9493553296209,2.89915633115997,0.791122524192306,0.42311782383946,2.69584540717999,2.17282541103243,1.90005813517815,4.94048886840661,5.44246922321507,0.0286105893568536,-1.09906394696899,0.237516940633951,-3.05458211053971,2.08401756525532,-2.39680930250211,-0.252596883043265,-4.19490188289089,0.321176265860316,1.49492984143518,-0.243927516005253,-2.28323648166837,-2.59265528874431,-2.20030470696241,0.988860160680254,-1.71735155893226,-1.41140109120235,-1.22249402893381,-3.69769235852446,0.523933070707837,0.110508548509732,-0.873688481433575,-0.277724630676364,-0.206995843057395,0.0958755345218241,-0.148209889216342,-0.904475339986919,-2.80841529683452,3.62987497635775,-0.203015405265455,0.147649794484568,-0.097202449112504,-5.59879496375246,1.53908130701695,1.01905020188407,-0.0845025777907265,-2.81756495255888,-3.65653131199221,-3.26675719676666,-1.79024934666885,-4.71064418030784,0.779047541408467,-0.335558285027737,2.01535913901689,-1.66559269680998,-1.93341272530717,0.193009670261083,-5.23356541850661,-7.07674415442759,0.232953043109256,-1.5093672550646,-1.51856570295164,-0.55184240234042,0.675306775035982,-4.77865934601903,-3.36815728665469,1.36028604238449,4.00686270658844,-0.81722426948517,-2.84399953004145,0.179683952031648,-3.42187440202687,-3.89930414324094,-1.15807010491481,0.5593768369903,-0.728106042001561,0.201333908129041,-3.08079792321133,-1.14690759558483,-1.0521509987306,-2.60149435492964,-2.49449087071919,1.85429558480668,-1.44813686855378,0.552220566225979,-0.346259432686471,1.33608471858322,-1.690934164241,-1.59369529867114,-1.48534533611134,0.515401457626424,-2.54617526911187,1.30044345973639,0.310757994807832,0.0571401381875838,-1.95576946186459,-4.75948221342873,0.568005742822267,-1.35447216250495,-0.284215007970379,1.26705524533081,2.65060610175343,-1.58687549729061,-1.42560017958019,0.451100967795561,-0.0155042877199932,1.64009972956097,1.30445288154215,-2.76069970576738,0.219263375017851,0.0557729698176694,-3.44217119744368,-2.6206085861896,1.42685940008895,-0.520017401093843,1.35186040193812,1.94024774129347,-3.1370598612793,-2.7755827196987,-0.631694275140714,-0.193588626190868,0.28098351326624,-3.47351078376234,-0.557022552050571,-2.54603364928005,-2.48587000168361,0.886615292697644,-1.79559094207622,-0.916049130210989,-2.27748215719256,1.35490820527578,-1.33089112987991,-4.19602647715773,-2.09117178006077,-1.74251635624585,1.19655322700403,-0.972922764130488,-2.39269609155735,-0.419939562623544,-1.94376364841509,-0.382117963967031,-5.71480869110106,1.04758807935802,-1.22625141837628,0.792001542588709,-2.63796834976587,-3.91408648261979,-2.34553364497657,-1.12190603732781,-1.15980158023785,0.419817248759268,1.01144387041097,-0.630024706665268,-1.60701699780512,1.78294125908363,2.51804264184468,-4.83594685464907,-2.01217068599629,-4.16230507720459,1.47975417914459,-2.31517630769682,-1.34284227899533,1.12639568151686,-4.41089533518796,2.95976983070451,-2.43317069760622,-1.86208744292555,1.73248522739452,1.35073350924448,-2.06547263306558,1.38970001797353,-2.95559302823926,-3.23247802949556,-3.10527162136138,-1.94376736613518,-2.67775111602353,1.37648663545313,-7.06030269377019,1.0543163421116,-1.46434591180208,-0.992079363122504,-2.05277332728551,1.63468792895943,-0.934140088576681,-1.1347180129487,-0.824799838002301,-3.61510143233304,-2.05372114843925,1.19184697976252,-0.879150144845791,-2.40289309548642,-2.0889857376559,-1.20331330326649,-2.93262414651814,-0.349081714810515,-3.58883860272468,0.152809176403808,0.766990432131091,0.191210807068009,-1.71926730583753,0.75567319547448,-1.26082414030297,-1.56940403145853,-0.174552327234283,-3.03543875678815,-4.29769612000134,-1.28878150571398,-1.85044132277159,1.2475705328219,0.253330187206103,-2.0605406559662,-2.51975769000315,-0.123617301433714,1.91513179022073,-2.24591907569358,0.118683892322706,1.18754199072324,-4.50530265977558,-2.73627203627016,-2.28991372085781,-4.61791960384587,-1.09567689586877
"52",2.66326207613637,7.33971014855785,0.439256987556225,3.08676598834608,-1.18173475448858,4.18243500517258,3.48995122561436,1.48129667153481,3.14241319402106,3.36386579507886,2.78637226666086,3.03956729063351,1.86815066964846,2.58727705415603,0.462183010760398,7.09288824961166,4.50557316435217,1.5991503050095,3.5188034226216,2.03013891063865,3.94006499819225,1.77780396582372,-1.13903434958584,2.80187760422061,6.03324970644596,4.18469387797723,4.71497583630694,3.86567212345118,-2.14116942366433,3.32610958093334,2.42148305332496,8.50459447493412,-0.367488584336708,3.51658813121822,5.38672994584387,1.66320333246508,3.30506801785403,5.18013290155481,4.1540376931569,1.58742056164994,1.6058238549284,4.23558470370625,4.80427740954294,0.50685213234662,1.67247875950354,1.92224657431495,0.531361266708499,-0.753426986871923,5.87334241883694,3.93458433017858,-1.31153214416182,2.93917570021479,0.11128125735116,8.2356353842368,1.38862859170344,5.09028789836015,-0.846366702155977,1.96695122276003,4.21408593587387,3.76362406552981,4.07673251714604,1.35546829907509,5.16393906880359,1.73877643387375,5.03915358579213,5.20019172460986,0.435203803921812,3.30066382989381,-0.702366385235255,1.4123551461818,3.00872908926788,-1.01817947872592,0.708089745646925,4.67582360002871,3.47203534909238,1.79082763932728,2.24976166156683,4.21104842320139,4.74285788653479,1.90624894156722,2.2266521405754,5.61764568465297,2.93306370165205,1.6972271424157,3.48636511090563,6.49585943315261,0.613759652866224,6.45383437801999,4.35744071028337,4.10405831941709,2.09369217526987,3.20035998123816,-2.36860631063274,6.44008821745875,-0.872082538768337,5.60319736980044,2.90874023540126,5.49780739591886,5.43814404658056,2.66672571048916,3.41200508065152,1.21808996693485,1.54615296444563,-0.6106084896496,2.94067405455456,4.63459515404719,7.79920233206131,2.83363933545811,0.849906602026118,4.6220057676915,3.79702611138025,0.484583818397673,4.76580301654543,2.19238427098743,0.395304687104597,3.6786443754061,-0.771108252170668,4.10816293040881,3.20178304312257,1.77851536702801,-0.384805510461868,3.4553594488074,-0.0757367352678484,0.275918350288433,3.83228025022448,4.73854516870426,4.82514815102738,0.776333215817086,5.20242011420252,2.72801131111932,4.23459881315942,2.8655003320571,3.80352933499464,0.676205534204695,4.33209466029032,4.65634447386137,3.9749388492191,1.89222443050318,5.87717366779833,2.05504643600723,4.95712843152273,6.10841492516582,2.57383639038847,-2.08081827380861,1.29297880942039,4.43389183909715,3.44344135413881,-1.66648563900899,2.22334449216994,1.92297247605652,2.70367900282872,4.21839278946803,0.528887360255453,0.505264061619197,-3.70856908976991,-2.29473431187684,-0.139706512220576,-2.24478908812446,-1.51028410788481,-0.392590270511773,0.596105401318891,-1.52372632993047,-0.375890709217472,-3.14540487561672,-1.89098731907011,1.35338204446519,-4.44221494722257,-6.23608970643503,-1.00686047611457,-1.87643514853678,0.379801811575129,3.77911925986991,0.188585493736418,-3.23681594822577,1.36204035835616,-0.328626053104409,-1.11062153249867,-0.145572809884663,-3.85072641296059,-1.61812803912133,-2.80248087010521,-4.1921230001854,-0.793024974924353,-6.86442996951966,2.59070906659856,-1.69805586598675,-0.0564328911829821,0.984667576664282,0.80660908688145,-3.488638649261,-4.88319607877344,-1.37417955525525,0.716919906747425,0.779840072458435,-2.40441172347533,0.71328553141008,-0.844617788522358,-1.52800955690024,0.107666963049063,1.39946853550095,0.801867831815031,-2.56829600427567,0.822785585211732,-0.241456604963943,0.311741409204415,1.13010977481631,0.238642561543189,-0.188964212549118,-1.15825607112518,-1.03633355382687,-0.0997713748216432,-0.542650560108874,-1.25657760193316,-4.27795029341966,1.53875868060359,0.885292751894701,-0.200997875357507,-1.50567772710501,1.16089976812504,-0.63047552461802,1.73249067718788,0.53697554463563,-2.18800678856003,-0.0102398640492695,3.20877477980592,2.55827922052862,4.36308354622002,1.14678197637827,1.24322514263054,-2.80402351492086,-3.82756348711525,-1.65039773500231,-0.631936887599844,-2.24119671509767,0.373819278922372,-2.16633592135866,0.29378849089432,-4.06327857946694,-1.26466237984803,-1.98799004649469,-0.553775691946221,-0.504533967433355,-1.17403254244467,-3.38216827595514,-3.5438729356667,-1.60555153758016,-3.76543586083261,0.152697492248853,0.0744177192341173,-0.101823128951905,-1.15340370806203,4.81776563752758,-0.342582101482202,-1.96835535943259,-0.111057625965446,-2.24340044821315,-2.14698908392243,-2.96568205897715,-4.1859723915618,-1.00896933881213,1.80767939077701,-0.395703343333094,-0.156778414352676,-1.17789188328747,0.493136052960502,-2.07658656946165,-3.55336176056581,-0.913552736364994,-1.23465003914351,-4.39339970764209,-1.10295817104933,-0.835432826223876,-0.171212529155771,-0.300901993531506,-2.62498863431786,4.59246080164073,-1.81034203917911,-1.23617866873049,-1.01409462182303,0.748186478066917,-0.241426290903195,-0.296310234720865,-2.32922593911331,-1.40296510073941,-0.354490449650627,-2.44122619207508,2.25052471135791,-2.71699903705924,-2.42308026936909,-1.44773435420609,-0.728740887042724,-4.56154648716601,-1.27074876189684,-6.04693343102908,-1.23651235729649,-1.589674080472,-1.02211197631486,2.91927360956606,-0.477336800304368,-2.20923356967041,-1.48180774680516,-0.177732464732201,-4.55499089547188,-2.75692305227215,0.155928165582685,-0.580345224483328,-0.906384739114611,-1.33443305494393,-1.80019251425533,1.96657434597029,-2.92603307903936,-5.58270390890986,-1.20015583781089,-1.31479424026225,-1.70841919747908,-1.59814666662034,-2.07440169399804,-2.79091970833328,-4.22511777172207,0.853278096721459,-0.0930458519154661,-0.923796361000964,1.27116550588318,-1.98382285731801,-2.5334626220405,-2.31688217233551,-0.289340358560387,2.66885000704218,1.58143528279318,-1.21135703086373,0.934395871054541,-0.21688627830557,-5.25965535253984,-3.74942797682475,0.378358727142127,-1.27686007336778,1.95402738321838,-4.01306871601833,-2.45303093760121,1.91237514832098,3.25936266525914,-0.32911929702812,2.93956311086735,-2.30845961376013,-1.62888920148491,-3.34445745325306,-1.95180777376742,-0.583192542421073,0.741969196595294,-4.68792807669822,1.46876710276434,-0.322802362178834,-2.73351583371221,-2.34296441130529,-2.08272457650159,-2.37827201004643,-4.04186209954448,-1.42812821760812,-2.14822813177082,-0.0385110842417263,-1.9200259455955,-0.741066442508847,0.388942546612131,-1.54483394486951,0.309435252463595,-1.33305550626438,3.72520087292009,-3.06589672407886,1.6936294778591,-0.680388658972279,-0.211577327418758,-4.0263847929934,-4.26288142949268,-1.17819859071034,0.0249267036666214,3.77002068557033,1.32586988623073,0.393279258107543,-0.40443907988351,1.97234319227528,-5.6630102271448,-3.70915855407178,-0.538643469297189,-1.12647542702769,-1.89608198681251,0.105735045846586,-2.23932199952605,-3.0013957999991,0.174833898082936,-1.91581569784194,-3.91035853609773,-0.764202299910353,-0.484874009623324,2.00931437865029,-0.967557551184017,0.429175181773203,-4.75069964576891,0.168328648025549,2.5551000073283,-1.72533552180611,-1.49884502423152,0.42846065253089,-1.69307460377999,-1.3774550807576,-1.94732485810113,-0.397407506643203,-5.96175181810211,-1.71085018657902,-0.518113740929494,-3.8302307563326,-0.754825626240786,-1.56740082688883,0.581747283227568,1.05479712565942,0.433633530608468,-5.10829297817182,1.20183410450015,-0.130895960380528,1.57653013835976,-2.42246993929072,-2.39132032115176,0.298933488804136,0.0107439879839082,-2.78628419169813,-2.02328636078358,-1.06284668075602,-0.751793858395486,1.18181879161772,0.512848731240547,-0.279793121275641,-4.90590614220571,1.53248269475665,-3.19601390335889,-1.88054748071885,-1.37544606787518,-1.00412887955172,-1.40513470664582,-1.98269103461777,-2.29596751453099,0.302754352195347,-0.858493886347419,-0.756863865568239,-0.885353456115257,-0.772790803781023,-2.53299110874223,-3.91586602583225,-2.62944646896934,0.896653540653759,-1.21695807825633,-2.30402235579783,1.02640586598319,-1.97893593162114,-1.12311105257372,-0.569096196770669,-1.10624363863584,-3.96250936825926,-2.59143058195553,-0.101053572046657,-2.99007695370795,-2.2535830827491,-2.86338361846246,0.517095968307045,-1.61828464922366,-1.17688280225843,2.91443662557386,-1.57955037897171,1.77399850091969,-1.71531307462122,-4.8866433722967,2.25678411349766,-1.20833302752177,-0.0881339127031213,0.398711142019681,-3.64070954995317,-4.82509251821895,2.6729815770911,-1.90688618388174,-1.03400954593861,-1.85069698192075,-0.88965002903195,-0.08422731140182,-4.41389818523801,-0.433089497663479,-1.56721060730612,-0.957293822025917,0.46714264918232,-2.22186151486797,-5.30434536546472,2.78463426532443,-3.97900883674077,-1.17565319582714,-1.16503701479281,-5.08707019383924,-1.83812386816296,0.0294976367854758,1.08577635089717,0.0712738119755041,2.54717998099699,-0.871549839351256,1.96762260989426,-2.34428132284831,-1.89785914054139,-3.94162571129597,-3.67379449407365,-1.2718498820159,0.195408388482906,-2.24726192512532,-4.33985244697042,-2.31291342258387,1.26134428483063,-1.11113316021816,-0.268693912917386,-0.513015372649107,-3.02280046554367,-5.11970414909682,-2.56605738154513,2.37387478744615,-4.43576927018991,0.286208588191429,-2.63883136997082,-2.70291768311242,0.482971150272945,-1.58785574031742,-3.77704018045572,-1.41020581158568,0.0401096526357141,-2.14696700600426,2.14672666365741,-3.71042090882755,-1.30885345958119,2.10838432727157,-0.613346120581983,2.32284287592105,-3.66455187723123,-1.5428311487601,2.85194212454851,-3.03183265371833,1.67530561264944,-0.495618767282314,-2.36075393570092,0.53352811972014,-3.84597990763795,-1.46481697631051,-4.09063918423147,-1.95980663016052,0.536403921515072,-0.916878774727162,-1.42999199580659,0.0774372109355415,-5.02083976846302,-6.22116837502152,-1.4255620154715,0.865497498195893,0.596608013339123,-1.38289021702775,-0.0271604810887995,1.97631388169338,-0.969544844731222,-0.797680432067127,1.86655225726307,3.35543662526114,0.0927976141366376,-3.11624695371311,-2.7944723711398,-1.77440304216183,-1.32213627236156,0.605756958172483,-1.82528146392033,-1.58198518758785,-5.17198750335361,-3.14476649602833,-4.68908066598076,1.90652802367067,-3.03946977643355,-0.0418377626831312,-2.32544087363782,0.314673530378173,-2.24771312835946,-3.41843871152479,-0.0577735371003391,0.35291091891126,2.0851074414919,-2.55915158316579,-1.72329269587933,1.80350149551068,0.208626221576418,-3.18274546943758,-0.756710083612118,0.788127804244833,-1.4166637503141,0.904184172211627,-0.795996237057718,-1.55955678014024,1.78075794343595,-0.735620611299657,1.39757054958929,0.683934149234283,-0.163764545751923,-0.92828179424153,-4.81610264738507,-1.73962998853401,-5.19460582645391,-1.19587849673719,-0.469805407526526,2.82616340380223,-3.10126645693968,-1.03301569663903,-5.19249660388749,-3.65651909661364,2.62632567040905,-2.08293696483473,2.34679524758618,0.51731765608256,0.00034042872368989,0.257192528833676,-2.8116911171925,2.08443252370323,2.25139828242402,-1.06753974897418,0.437429314638345,-2.29969183161657,0.291592107751606,1.48323073974359,0.246680350815085,-2.69759044938859,-1.38065209290111,-1.5785586896904,-1.47253077523332,-1.43248478863697,0.0045356201820963,1.25597909253077,-0.796049568936507,-4.72065915402918,-1.15995035252337,2.03535093143561,1.83325968155802,-1.43033343963348,1.15015961338504,-3.69845429586587,1.96543404316525,-7.44097587134616,0.405779475989012,0.23281146016741,2.43440323052416,3.03596476916633,-3.46793662467264,1.66876656585963,-4.06985334292917,-0.499468141771613,0.506732665998214,0.624555868889355,0.456398031144532,-2.85857665602361,-0.840974218155278,-0.622627435652495,-5.72436625718559,0.387789009175789,-1.04879908434691,-0.377108212339082,-0.441506230883085,-0.903237194594094,-1.60168806499024,-2.14813441699755,1.13372870451817,3.43170554253532,-1.72922111716577,-1.57991886847503,1.70371435137406,-4.21866254077467,-4.19932483606489,-1.95460975369817,1.58675013906679,-1.51028106016718,-0.244517350551527,-3.49220938240369,-1.79112980387586,-2.33050249154487,-1.23922091882999,0.539180584784952,-0.0998419576126265,-3.58752891036393,0.21389134323641,-0.0991941198646954,-4.9416494646445,-3.12769900107329,0.414084498569723,-1.7356180914616,-1.40438857674199,2.42569906724552,-0.513403783653753,2.59036067523827,-0.168327342836544,-4.46094444019188,3.25909615590668,-1.17104871604975,-2.38782542391548,-0.698884825388789,0.622441565519705,0.941833156264291,0.698248201983088,-1.16995261652514,-3.79478946964841,-2.78678194600622,-1.95409895057148,-0.710760349827404,-0.478699391160506,-1.40449226637156,0.0743491000176986,-4.65227483831873,-0.234069120055836,5.69611367131302,-2.33873063530793,-2.61227007771929,-1.46302766003861,0.737809920883114,0.0864803104504992,2.22112231836516,1.90996379961971,-0.831143909622147,-1.99817420290475
"53",2.83830430281694,0.708193713226596,4.37915351092739,4.49696986690454,4.15129674658399,3.33592572582128,-0.724713750052007,7.13874470323023,4.21750918589421,4.41545231253923,2.37436117756944,2.57777933360234,4.71840212106492,1.06995517439877,3.58328007738718,6.32631480555619,4.23199886427044,3.75467617454943,2.99120766313186,0.306509371870671,-0.317505321098543,0.511517122775754,4.15904837595217,4.88458065493258,3.12378740761834,1.18498642960736,1.43112299839062,3.25390624358097,4.26778859094529,1.73064147608167,0.792346208728667,5.21888246025251,-0.973459341666297,0.711295506907399,4.13130172600392,1.98136294678658,5.50726545831495,3.40942768438591,1.97865543301291,3.93866914621613,2.85015736199375,-0.149369892718786,3.29525597334419,3.55876298307344,1.68006645306091,0.537502677244536,1.43227809893526,4.48996134478162,2.45989743063633,1.65009043239407,3.03268985811381,3.69483909693043,2.60650307608246,4.02239990748469,2.72981185668651,6.77153708751915,5.68645222766568,0.500679275031304,6.74886007771496,5.76611943726279,5.24894773641375,5.94658815165331,3.36979100142698,3.68259434964582,2.57007884932942,1.7771924429601,3.59517556752383,0.46157950094318,4.51337368946998,2.11694488115409,1.72875322061789,2.71075547079452,3.30404904057624,2.60698906288719,6.40074754779839,2.2425254490105,1.26754402042202,-2.13456903105674,3.98621913723141,3.70638959418495,0.953998922155189,4.24058678870573,1.07691759319024,1.50670565207037,3.35429255490628,6.29406240483351,-0.225418504763263,3.62876345643979,4.61960495080558,-2.10634399485767,3.82692292818335,4.90103239841474,4.53210869670378,5.14392745109626,4.95045868797498,3.58812624596359,3.650526042668,0.0410352165803158,1.21622068507156,2.05999367214571,2.33332889580409,6.83575085153502,-0.728768568149036,2.87548787197962,6.17700064605819,5.12863359409076,3.74487788943151,5.33686124178709,5.80643865505082,3.42872158229371,7.66600885263479,0.0302364805019448,5.28729826549389,3.99172851614339,2.0367712088498,3.0498671578999,6.49604532596345,5.19564283557122,4.75226805513208,0.246669732460383,2.86005335562062,4.88223052352206,4.32752966898601,4.9566042590855,5.20600679524668,4.48102555643595,6.00771835817932,0.345769761540096,3.13012577709124,3.18247036191718,1.11624089623767,2.63144452971616,0.904777843027763,2.85032864407927,4.47547274827874,0.467074079881684,0.370108063640924,3.57951532420197,3.80811463049737,4.37255044270334,4.81859740805469,1.9671600308984,3.07335842094502,4.17476756958562,2.75520054550603,2.8521099629118,1.47751269776187,2.33579016747823,3.36245672592452,4.33221611341894,2.66658459808884,2.17052814850213,-1.61301898750232,4.50175719235559,2.86170366655886,3.91497340634383,-1.85588771761663,2.48255997389385,6.4029579876948,3.17946885373309,0.453318515767732,2.34531186793393,3.94169399013846,1.75664702463664,2.34668196298133,5.4769919316592,4.56133758361094,3.85266057305135,7.51634870094824,4.47430283487012,4.86262070227811,5.06247906316325,4.54001449890724,1.58282926517767,3.12739863148532,2.54757554797661,3.5408827322054,2.85978411603715,1.96184932777334,1.92360776229509,2.87295131556437,4.38024700790962,2.94606942973962,0.936944476110586,3.51183880115149,6.6734517800137,-0.0164806624450304,6.00417654077233,3.34304411780848,3.76075741699444,3.24290583803129,5.51466970506889,1.74895663676077,2.20932466675855,-0.253175477753619,6.13633285183728,3.25064672759115,0.798052919920986,4.31507810702285,5.30916223551427,4.62534641421671,0.910319788927442,5.75095141445188,2.86309876192493,5.81692190929758,-0.744897900632541,3.79657944083303,0.166832410206836,1.52155675469188,1.16328308896626,6.19512572629805,3.47075559829175,5.35695094491563,2.74600436030689,3.6396080802104,7.18400233339273,-0.149026919009214,3.91486759260482,2.02702338305895,2.39047569839654,1.57642082690036,1.35601871018768,1.81886576334272,3.46826197887236,6.02138361706167,6.0436696236524,3.78920828808613,3.67908324009667,5.04684176810838,4.96683841824713,2.36978161602567,3.00468694003065,3.77998647724261,2.95381849304145,3.15159515032476,2.30341093726763,0.91770684887267,-0.416846343642318,3.76100484167396,-1.26996982466809,2.04982603045125,3.93508619432643,0.765474747753409,3.8478261805495,2.7164731423445,1.197981735297,2.94909289502133,1.46985267461461,3.99328081585546,6.15800846288536,3.55102580888948,-1.15049410529737,-4.72076263501859,-2.97821826218069,-0.135064318821205,1.53777326706673,-0.979673752150255,1.0071806714511,-1.38958835234644,-1.18325893417731,-1.36157519497481,-4.22300328850905,-1.83649130522836,-1.20743682368344,2.81991479194042,-4.32633212246623,0.862994779193161,-0.645780943173179,3.66367014318788,0.545127191150895,1.24056563430296,-5.79814098828097,-5.33544730361753,0.375132837027373,-0.230611370906113,-0.866630389030091,0.841089831562372,-1.22225074668722,-1.38035936305001,0.308029661529526,-0.997871622709779,-1.01766425038332,-1.1975353454061,-0.664557259075117,1.92289869759875,0.00036721084672009,-1.61536317194762,-2.9808013754212,-0.85659986222323,-2.79772891189653,-0.746720129903064,-2.28266968835307,-3.65558139717407,-1.95852533119825,-1.74986380488796,0.965815823056028,-1.5629741373535,-5.82262753538328,-1.69311707546744,-0.506122989482365,-3.29943651224859,1.26624267750592,-2.07452900021986,-0.0890401151771105,2.00250541475113,-1.72985160781026,-1.62769057901174,-1.25642394613802,2.12649056648172,0.986557331743785,-2.6751564158776,-0.873151371401869,3.08421239839171,-1.86241914532366,-0.0898646875796618,1.1112582855815,-1.18101963393316,-3.57572179411468,0.715133611021848,-1.82837888935342,-4.67735440621021,-1.65134099626381,1.93893512614157,-2.7800491168863,-2.44513205898791,-1.74881082104982,0.0312787084918593,-2.65847758220005,0.441129365187286,-1.44046622165834,-0.857439071302129,-2.00934418808212,-2.01899622675925,-0.137588565530051,-2.78761668428803,-1.77015618641367,2.26658132646572,1.53803405143212,-0.891238671718765,0.612135492618123,0.5520199424515,1.10982169533311,-1.74778664944964,0.439308602438736,-1.92789788290108,-0.151983280823051,0.276815709639955,-0.405405443609547,-2.88556531616346,1.10368480088757,-0.265307996053985,-2.36877377304995,-2.84542111587104,-0.353771462980475,-0.367139449805182,2.1123227258288,-1.79154881373302,-1.00037720469474,-1.66817780083023,-3.27443249302164,-0.31403658269915,-4.21986922978498,-1.75517101674437,-1.53963906714442,-3.12014285252652,0.636988586104294,-1.87272307312699,-3.24007350473574,-0.187531159410491,-1.38431176849872,1.5960941104251,1.46004148269131,-2.29776835023711,1.54206994054307,-1.69658906819921,-3.01375301056789,5.11296286456544,-0.773964028089831,-1.65500259212306,-2.86790537452441,0.213607436383219,-3.02647017766415,-3.86770510366886,-0.864450926023437,-2.62267631082186,0.308306759556345,-1.87542437614803,-3.59452483546789,-1.51373723647276,-1.34615789182387,-3.47729390525609,-2.48087938246714,-3.209521692618,1.20023890199256,0.389935435177312,-0.808185802763385,3.1606724597241,-4.89095236621936,-4.72295644219494,-2.32820634821946,1.45876110790538,-3.97922127419858,-3.02436912906663,-2.69332532430415,-4.76752392056784,-3.24498438553035,-3.28546747801157,-0.613528726769648,-1.54532734363787,1.78297138928201,-2.93468866121193,-0.743519065229718,-2.23919981920582,-3.32944254246007,-1.21860760155109,-4.17451251021374,-1.48995445278831,-3.56130323415531,-0.251116736566659,-2.48296575227981,-1.16306644189691,-1.20307990379104,-1.09393373770985,1.29793122792316,2.84422442013164,-2.92541392542178,0.410678010962034,-1.08235958443524,-2.65691551237686,-3.4807396160325,0.339844195933625,-2.11922375582835,-3.23411759924635,-3.32563700592896,-4.47352859403751,1.19728890907082,1.20566254665014,-0.827630708399403,-2.83407029246005,1.42211477305338,1.80529291506072,-0.22595330220308,-1.48959196673936,2.8196581957719,-3.25118532549259,-2.62812031299427,-2.89181202686546,-1.75976710723757,1.27929532860759,-2.84223130429359,-0.460775247823917,-0.772012939775801,-0.556266222580583,0.833233419389953,-0.944673891430148,-0.879525351364735,-0.469993225634383,0.241878815378132,-1.18422760105103,-2.2326882951566,-4.15836371174365,-0.343674398890016,2.46773283144513,1.35158328836356,-1.923684965841,-1.50711214916872,-1.92312244385449,2.98077633796286,0.964408490719523,-2.10173094583398,0.978263862296116,1.53777626012609,-1.34540926238156,-0.630916347176908,-0.833605668965282,0.394102444446601,2.96640015989957,-1.67879129359225,-3.70248107943048,-1.1297420735225,-4.0023068036667,-0.73418735715977,-0.917394646105402,-3.18509243231748,-2.33613764402896,-2.76260344757772,-1.30251332465191,-3.14238038888615,-2.92932260769602,2.45529664007154,-0.911444304049863,0.80380615374672,-1.05337513732399,-2.09816035568074,-0.109918006351628,-1.38643659337017,-1.68630105396166,-2.07686083318524,-2.84750691398136,0.372685389201654,1.42958469261947,1.74643569470103,-3.57840391103415,-2.49806583052396,-1.37506641886738,-0.023143195149068,-1.57577342422137,-3.83887592188773,-0.647915854019768,0.769509748869652,-0.332672763326072,2.14940396338693,-4.65862367866045,-3.34450681991183,-1.27084836391795,-1.73921124222568,-2.42527281352575,3.18927859468651,0.561031757767292,-3.22800266314304,-2.93255337934416,-1.27751190096315,1.36643773516631,-1.24076309686046,-0.0420943699580405,-3.10991284437626,-2.40480351178748,-0.909091610584635,-0.606821266086974,-1.60263216924937,0.28481240383812,-0.200983015022643,-1.23154328458188,0.0051488002950526,-2.25440245126731,0.397958841243555,0.429027743931452,-1.75897828911829,-2.35245539827618,-0.494842007387209,-0.520700690202031,0.173988214341203,0.00219718894202114,-1.06304007489219,-2.30309221164815,-0.734970036248171,1.75027479336939,-1.14026587314054,0.366822454167586,-0.916028427210145,-3.730761383424,2.33435025808751,-3.08576690711984,0.557823782220652,0.743869205769363,1.03288960582021,-1.66869443357836,-1.71174141519468,0.109352503080459,-1.18470794559018,-1.56298458669704,-1.39640118097805,-3.98209322420086,-5.43059451981102,-2.11049874788731,-2.33695686941359,-0.376713401504413,-0.147903799309342,-1.44941871314211,-1.08126789535035,1.10143652695094,-2.96921760468543,-1.9511131843698,-2.2814332858715,1.39335115108406,-3.18256333432091,2.68855350577693,-1.73758336956205,-3.00550138168499,1.52219529273423,-1.50267670174301,-2.13142359127821,-0.68973596821951,-0.048726283200709,0.274274575930288,-3.43899040826361,0.265299728613099,-0.226868379906805,-4.03413034365444,-3.52953203272448,0.104875194312881,1.01412075918569,-3.10526906384549,-0.89876335099093,-4.57898966591275,0.939254096644119,-0.065095051001279,-1.2282559819457,-1.98037086999067,-1.47037615295783,-1.49330565856979,-0.87876518136192,-0.254428883495563,-0.82808039920016,-1.45582162585098,-4.3619376339498,2.44327656885437,-4.02470798391453,4.2639699685577,-2.82327973128527,-1.00777489953566,2.10277525689814,-1.37486041269353,0.291638393696723,0.921188107295003,1.36682704658147,1.90716704198665,-2.34676572720574,-3.27127508834606,-1.64432653771256,-0.872437327998093,-0.452809596113026,-0.341123597516688,0.226630383596968,-1.78428680319189,0.927213624732044,-3.23622536316613,-1.59096932235961,-2.71108407587402,0.188569920138527,-1.87921501618162,1.55475961290663,-2.52564936331565,0.413051282133082,1.51930618658047,-0.754147462854001,-2.99054957018218,0.382617703071913,1.39363505159737,-2.81385074701516,0.633890610763137,-3.33137196272179,-3.90565953309174,2.32213989496533,-2.74204077594622,-2.60623861583894,-3.48878414159917,-4.31341185792828,1.82262245555499,-3.26052139986363,-0.596273951161005,0.933973075174576,1.61348642289844,0.39888311300813,-2.01557681824004,-0.0128822092955373,0.843544605660074,-2.23139806152263,-2.56595366270986,-0.314553383375646,-1.84321041081388,0.820605447354912,-0.0983149328180908,0.0754744639143594,1.54472406251331,-2.38663240507297,1.02567914004368,-3.01973178448322,-2.87987774716342,-3.64666914510888,-2.63439254150537,-1.2542840885645,-3.65682433079857,-0.441097456321872,-3.29666322955707,0.541241953150158,-3.4174794876362,0.703705937301271,-3.38668341191676,-0.725341612336502,-0.547757183443978,1.42005914027531,0.0880879463111055,-3.80996035265045,1.70865666629187,3.1559856866414,0.968700590895992,-0.440508530684448,-2.04264752835693,-2.82650718373062,-1.46663882535637,-2.29207625689973,0.210255479560619,2.68307293155275,-4.23917566044947,-2.21359640233433,-1.45333219831695,-0.0860767982353293,-5.93307753261211,-1.9594741422947,1.93593236946017,-0.57911868064519,0.0338233588377501,-1.31336753651069,0.732930505241425,-1.22787867961876,-2.9291544604919,-1.04878046062629,-6.46275237539388,-1.85354985428053,-1.0000098591759,-1.5476077103095,-4.21352642162644,-0.0224093728005719,1.59348256567867,1.17550135896216,-0.380604855519526,-0.647317490346354,-3.03060730378512,-0.954735077008161
"54",5.80279075912348,3.39600113454265,0.329996759070494,1.47605562048049,2.82818121084312,4.6721441275359,7.96225186858306,3.5645719259573,0.431032048658426,3.74619553589441,3.0289163650377,1.48994210280925,1.97843293470219,0.845414607371671,3.42054628265425,2.40189031346642,2.25725700590768,3.69092372475867,2.20660433855344,1.22480343377024,2.88333364057387,1.72270850232281,2.17619899535547,2.772061508305,2.8040729285639,2.19540241059781,3.13284484131436,4.43560692695404,0.396132538839367,3.40440876185308,4.39985601475139,2.60938690879174,2.7968162616012,2.36309904159288,5.76665580017247,3.58381170383506,1.5965473868919,3.83175134917438,2.09781267785769,4.97821426499795,2.89494801256967,0.744417706444713,1.57915675152447,3.74517616011521,3.08330448676196,3.13763268364835,1.08314592478681,8.21156683399934,0.696885428083029,5.59344369835574,5.14051635768654,8.77879350607326,4.85344990815086,3.05418466937751,6.71895333473818,2.19570856084401,1.78917254319382,2.99367049794534,1.12976697124102,4.29518676122857,5.47681403783054,4.31975796479166,3.21192287245507,-0.594327795094379,1.11099889679975,3.16419245998852,5.18078707783115,2.60369048782487,1.95951896310996,2.78383744142978,0.00328960217335483,2.92616715035612,4.18845736179427,2.92967319646979,4.20128160980988,3.21186215721594,4.94739184721549,3.56105267891077,-0.442618592190263,3.15629357130472,2.61669273331363,4.36699334362574,3.99875210265342,2.41993422316618,3.23711585122608,0.443235920029726,8.3258935659573,2.00332537315332,6.30839264037028,3.96348987831653,0.438067387611349,7.20189549144615,-0.33702925124037,1.84930192686221,4.29017281532218,8.065998657936,3.44831930023759,-1.4472887108639,4.270032282073,3.70280132734478,5.30291781876463,2.45617906467001,2.51984491691362,4.22822477938825,0.972331106717035,2.73290100750781,6.50707399724302,-1.38569312689673,4.09037784919222,2.22648871518923,3.29586898009924,4.54836851312352,-0.228494585539491,1.84825560783819,4.75536327064559,2.13619298725774,5.10348051424146,4.82472156442971,3.57582036107836,3.88054020796459,4.45226978038386,5.38347831762835,1.1753359698755,3.42187856993451,1.83914342622343,0.340273774741835,2.72510240229696,3.8548311830936,2.6035190973036,1.76583871475896,-0.678851196447868,3.33109951726694,4.76588218058724,4.33445313769277,1.10823671327607,1.19335977481139,0.938553849932609,0.635822834740384,4.09960046974722,4.67962091448778,1.726973720569,3.67597548630856,2.72375155989983,1.40689261490304,3.41060155745539,4.19759321125337,2.44037479483932,1.80590692081418,6.31887418550112,4.94765751575692,4.61076283635633,-0.290064150030326,4.73622441273374,0.108950605448932,1.96638223583406,1.7843987303892,2.83723907507763,2.52307115335632,8.01284850106682,2.50495795560838,5.04370054459596,6.45837259057121,3.51399912571202,1.13798538408175,4.2989978396255,5.27280664444442,2.85903763938778,0.767203174655466,4.35130151958053,3.90128778364943,3.83073111817471,1.42133274540146,1.76795834876729,3.49649857020061,4.42373219825818,3.02830867039186,7.86685207199095,2.40948399013112,6.12110859002287,0.151870650714509,-1.64091169584697,3.20094512622885,4.67473067522308,4.26151485256503,0.958798176395406,4.08452955686874,-0.0416874782304513,3.71552838748718,1.73749090098047,0.493568504394478,1.80731767353725,5.93838148388132,7.3985587456531,6.991817455584,0.141009335110539,2.01167716039231,3.67937274280137,7.11322904261916,0.68869319209962,-0.344504978803699,4.72200279744896,4.96210695257364,4.22496565898491,6.39818951126753,4.47568399888994,-0.766878794210974,4.50671880175555,2.65865134129475,1.87288638938181,3.17289538531746,3.29421025725758,6.4901684414359,2.8658814583266,-0.421573506934475,3.78460851295216,4.40365773417919,6.86815780287715,1.64661370908577,8.67793269829322,0.329676874061885,3.26778683701547,2.40046203463287,3.48232681184279,3.70810987206921,2.37960554285265,3.83313228962425,3.17024900131128,-0.0627657839415789,1.5251064277114,1.31915581623555,6.55514025337726,6.02937704942265,2.23594208995052,5.82648719169471,-0.800112435269132,3.4155020610641,3.1273186650107,4.02873719737791,3.19226370965164,3.33256901948649,2.52414755467608,5.35436625783367,2.27729966049838,1.80624023188324,1.83067763424813,4.02600567155043,5.80800341361726,2.27496843692833,4.50033890222249,5.20601453921049,0.568025266733766,5.71888107450721,5.77479877056301,3.80090432817335,2.96045845010954,1.82377980096214,2.15605872249874,5.71347635153124,1.83702612044394,7.65617766243658,4.17464755895116,4.22475675425858,0.378773505132618,4.31685565085189,4.65953936645637,5.85133714732521,0.854095818504386,4.08259486115488,3.76130503255431,1.81992841897074,1.43759852472024,3.04763341705818,3.12155609572777,4.01606347958357,4.48924617482889,3.8382827919057,0.0336652962123378,2.65564112248425,5.2103557238417,2.73684072877166,2.16789053345005,3.85760836864976,2.60323389865698,1.28595700385256,3.65808171940472,3.4683416377726,3.64850814434732,5.86895359069614,5.73645995730517,2.37719550474064,4.10233605086864,2.31085208596959,3.5682690560609,-0.0639657699495078,3.18658947225112,6.27078881404687,-0.23621371742319,3.49076535012819,4.85558738775015,2.57789818336377,3.06847712600673,1.86140637505273,1.79256661520214,-0.135700626869482,0.70677954784789,2.42465958078028,4.10262498438271,4.02317215023546,1.75299877631145,2.41148537476428,4.06392738466905,3.1812581873986,4.38812298238615,3.3486398395511,4.78892797770243,2.53723753631816,4.70605430018692,2.20844075684438,-0.413072749253799,0.666592499762157,-0.62783536101858,1.2571836439807,-1.1969637582999,-1.08769755677187,1.99003407538269,2.9838542399221,2.32794212241005,-0.278422037901412,0.35335702359379,2.14449170703287,5.08648731506278,3.99474588704158,3.09692839483242,5.46966967225871,2.65049199668666,5.71156074841344,2.03377123988339,1.26038967245878,2.892523755503,3.38037264884402,4.36868159252985,4.7043516856934,1.27664469043011,0.646233237623806,0.736216719197114,-0.335652839410069,2.10053971860255,2.50330214996284,3.78685083072521,1.52235366752824,1.71167314980435,3.57367398437448,6.45167718717491,1.9766047418429,3.51050495109616,5.4157782684246,0.867114706270903,1.33083453827066,1.6260336107171,6.14295708346216,1.54500758906095,2.26843216604398,4.43893505187309,0.112763535198099,4.12191372672069,3.64349580113372,2.74200659561739,0.997147331516442,3.43115686508684,-0.0195899769031129,4.71065217589016,7.04332686063705,-0.732234357501885,5.77176555164484,5.23016386091157,1.26575503563294,2.72067523221149,2.36971387079542,3.11119006652993,1.11496080158934,3.37537244657847,4.70513632537449,1.95978487828633,4.04434618366992,-0.187759289993496,3.51733449200666,2.71250076760379,3.20390709824863,7.05019031058009,4.77733291997174,3.27482499021793,4.30694627283003,4.96628780719622,8.3103034753906,4.59302549467423,0.995624466109628,1.78269585131611,4.40771189687119,1.24209601374571,3.24017949037688,6.29594904228429,4.93896894942863,2.67848478870649,4.37065875765156,1.41374934454857,4.86942111583502,6.56413296386487,5.8412380787556,0.119283235849701,2.11522816279748,1.3086506992738,3.39150388544559,2.56139228419257,-0.380988293169152,3.40448954389503,2.67637333860681,3.31119601563877,1.7942753775506,0.906092520642752,5.08429872742001,4.05569991757116,3.73796140420936,5.19952157662722,4.08217669528625,3.6424913180471,3.35039762098852,1.25135840426311,1.49738746919667,5.540635622841,1.15938104255961,2.47679073989844,3.14737545761253,4.43473858566398,4.60592229916078,1.212067499952,5.65084143717884,-1.05845375023514,7.58453378518079,3.77796189829,4.54844295148632,5.49507456906105,3.8139285506097,2.4357213365282,2.45872517186744,6.90212371253982,-0.1071310696786,-0.57059416813963,4.55159397779573,0.65013416422439,2.37398218834559,1.97493636448431,-0.54476479116892,-4.12305188679406,-2.83854816073386,-3.80876530903698,2.54153715627756,-2.05378393980512,-1.19935522138159,-0.631211746359432,-0.988398868411042,2.26829896177529,-0.949350075913263,-2.77750831102921,-1.45605924373336,-2.75272684903863,-0.552882977536971,-2.48578284728585,-0.411637357399688,-3.57227560646915,-2.65779728217248,-1.20528005030314,0.858196361547323,-1.02420363981885,-2.23047809244894,-0.28824970706756,-2.04466215568824,2.8093891942984,1.16107156764594,-1.13559475820028,-2.42296484447302,-4.20698765624085,0.13626272504067,-1.32939124890935,-1.98278868595486,-4.48077230806107,-1.80441871093844,-4.12139508907015,1.16379002518391,0.803831303137836,-2.92311953204757,-2.79780992706793,0.982542009076103,-5.05098187492998,-4.28602161287462,-4.60204001052084,1.48868344208597,-1.62748726528639,-5.69478979256606,-1.15312110989008,1.58944979844598,-0.242739429373589,-3.36717254840338,-3.00821017870275,-2.39834693324925,0.0332215640596645,-0.955963263438595,-2.92883929383675,2.60583516237598,-0.965575303188245,-3.89852494259666,-0.709902901229927,-2.51481725526983,1.97039217007349,-5.00140521014169,-4.20639766380511,-1.06903001440496,0.065288533070615,0.349361174176655,-1.93164971913225,-1.6081343814569,-1.65182156507323,2.13923816321454,-0.443669912322458,1.54204584655894,-2.3149929378479,1.10862457380363,-0.653502990125665,-2.55173467526387,0.0981594695900869,0.79629158775411,-0.0911306763742771,-4.06441291000246,0.68522363939507,-3.54506821446952,1.61406722381821,-0.844424811299859,0.593542256535322,3.00977302137915,-0.539156934944272,0.68887588332534,-3.5987182851634,-3.62964549733497,-0.945747076737001,-0.0386448066058117,-3.88711797266412,-1.35293910411409,0.336438597719114,0.772423477146422,2.9999440730159,-1.47315623098358,1.59524261531023,-0.047786456596043,-2.71331310774731,2.84392800466858,-1.56573510595952,0.567447898897706,0.992185005236252,-0.815908437626063,-1.22373927013667,0.829040557454792,0.293904103243576,2.69602355765772,-4.20724823208654,-2.91522159307917,-1.40150499441423,1.09671630851504,-2.52686479969712,1.27392992992086,-4.06243558807649,-3.87518319863762,-2.21539662508376,-3.64203780175577,0.0896528824662222,-2.03768969052255,4.41112905299136,2.03146571107717,-3.31051052183752,-2.59324704131771,-2.19153792477989,-2.4035626119423,-4.21688891876854,0.490723843263933,-0.385205460836478,3.4521621649644,0.520862949202251,-1.27173057824331,-0.936620970128172,-3.19650839303197,1.02009472741035,-3.96933422659235,-1.65981732457603,-0.500584100266672,-3.29081384664964,-1.28672564052203,-3.36242084087834,2.06863426481241,-5.4342900125288,-1.6394846768749,2.44850452529125,-1.37952390601191,-0.744394684337271,2.4534451162836,-0.0704201969610604,-1.59511180807779,-4.26322327548875,-5.9380245099773,-3.96575520119258,-3.95478015337034,-1.38359948410079,-1.73468747501532,-0.813962035283678,-3.28172944945118,-3.64414761621378,-0.851822254647661,0.588429504419369,-0.950886199361965,-2.20136070966426,-1.09930456325197,-1.12414941024913,-3.72955327262557,-3.17999829078574,-2.05714927780345,-1.86189566831039,-5.62058071907597,-3.47505375054772,-2.51993874128302,3.75069181546088,2.32138292272799,0.567178029180548,-1.18335851955568,-1.19285987796028,0.145453205871848,0.883782276576601,0.259956310420861,4.53175711636713,0.807294003639849,-1.53867312438271,-1.53214380066003,1.18552320894715,-0.870606520046515,-1.52405730853719,-0.671882654334893,2.46131649044345,-2.18744369104597,-3.63456814027765,-3.91008642146241,-1.33361849499495,-2.39495926020418,-1.9267406897585,-1.00956636580737,0.657215416227918,-1.36759543873898,0.493968564382015,-1.91884823319371,-0.0565795953325409,-1.83495921198151,-1.50235914178531,-1.19779058116368,-1.21068827401845,-0.364917934331187,1.55922097221849,-0.514656869402706,-4.6342593138355,-0.993105505269301,-1.06332431396333,-0.804943714539931,-4.35672589003722,0.824911309241835,-1.00292014096686,-1.28982019161601,-2.11887118278091,0.389861693356258,0.127496844550314,1.85562300331181,0.275276445760947,-1.31418234436343,-0.226428139849455,-0.591704586502057,-1.87880495617614,-1.36662502258743,-2.26450887651919,-0.756482482046047,0.770566951089837,-2.57279980615572,-2.1656049613098,-0.288788160206486,-0.948961255600334,0.725165562000996,3.51136494072558,-2.37592044922462,1.32960860138159,-3.23733152360653,1.03659326224236,0.632118347558091,-1.54316642883582,-4.02586186925042,1.74854255103905,-1.83991111994524,-3.6288307369946,1.4329757942318,-0.282001485980862,-2.78857510869503,-1.44964308776079,-0.504730083270361,-1.41134049874194,-1.75878986742687,-5.74840728210792,-1.75586445297544,0.629933098658288,-4.62453283276943,-1.45307459019255,2.36102507426354,-1.1447017695093,-3.69830020549941,0.432026061885265,-0.0451055563347181,-0.80808388878858,1.36298961828846,-3.49693248373717,-2.51517690035411
"55",-1.35508532503614,0.107043596376933,2.79929061958756,-0.698463966735467,0.951491136791735,-0.760818880166076,-3.7573452103595,0.572740014144308,-2.58261846750433,-1.58077167442397,1.71304446637269,-1.91728525900418,1.36875857213533,-0.516702612333232,0.376010008856156,-1.44666281601606,-1.41585967949429,-4.26634882680608,-0.639414991989599,0.402210813454552,-0.136990212533319,1.31035243736558,-3.40014275167816,1.28636388880343,0.195286568132823,-3.81810585078647,-0.719941692094324,-5.52453232267798,-0.0653619338780815,-0.713225850016912,0.429467983207495,-0.972911442260788,-1.45852898634132,-1.60403678062357,-2.72408111169866,0.840563407084569,1.54141635404131,0.0656630526636959,-2.08575022637876,-2.20204072186984,-0.776253334432816,-3.80695977486002,-1.5466408653095,0.877806111459117,-2.30593290286491,-1.47513434077724,1.49680735311835,0.00698884412313694,-1.11201808143931,-2.70692599883214,0.636963770566157,0.639770915335898,-1.81254437852714,1.1407448219582,-0.334910107665257,-0.874706155864502,-0.00251995853147469,-0.184896816144987,-2.74881548874063,-1.83199862638707,2.91540324074971,1.07249565370491,-0.690674034177021,-0.820728256654726,-1.69390967130463,0.202123886816339,-2.33470896721539,-0.35849580220346,-0.834829857391709,-5.65076583577727,-1.52729421402881,-2.72715653318612,-4.28505073073749,-0.843250742254622,2.82711975533457,-3.74743967896637,0.851710968737826,-2.75738801842649,-3.90273241179256,-4.74644303102291,1.21593291594818,0.681597176225433,-0.304743134397222,-2.47428056525412,-2.07538436812194,-0.62213065762763,0.0219653574541625,-0.0856760816666464,5.6883680614679,-4.156555208709,-3.27109063126477,0.513513572947483,-2.92734127885043,0.426135005677167,-4.87143346756489,-3.60386185444026,2.65577125291571,-1.41680203525034,1.96621312211109,0.862014861412628,-3.33197148740528,-2.25822148959716,1.94551514050161,-2.60969531736872,-1.35705953652208,-2.0699256695078,-4.55374405051431,0.466435708602046,-0.748120359156946,2.34998533935444,-3.8027580050369,-0.138323594686657,-0.670081331389274,-3.29127508021648,-0.351178737703064,0.24908980450636,0.295964698432721,-0.653837947861624,-0.899490709609035,-0.691923069680609,-4.6950986122444,-0.774071779155442,0.00356663572347182,0.515042501718282,-0.329491532212803,-4.65830402090685,-3.89108555797158,0.713474655991083,0.582952161612937,1.95429097816705,2.1968864657902,-5.94970859274738,-2.9380869766322,-1.68840430909571,-1.02034213671959,-0.328811185217954,-4.36979974150771,-0.0154269619219823,-2.50236887999244,1.58330296682797,-3.31938474166046,-2.23258123599358,-0.449646706715807,-0.112014643723445,-2.60746492326283,0.883788599582009,0.26534188983246,-1.54920466027285,-0.576249664350818,0.0815014414693649,-2.18007013684365,-2.56716330048997,-3.96452715631314,-0.183209575537736,1.23450764072556,2.74317465684034,-0.909690912635766,1.76893751609801,2.22518018860287,-1.82368721739234,0.376439132649068,-2.75295204384846,-0.761593236010179,-2.76506180590571,-3.50590511535727,-2.67940246348402,0.415908690317833,-1.43361477297064,0.913742208759103,-4.99869685489731,-1.27290387890862,-0.989462101649288,0.479313944474681,0.652284049731748,-3.07771588920019,-0.32076243393719,2.60444160899243,-0.137708874026622,-0.805441443571646,0.146836888935604,-1.44873886778643,0.0468319630900809,-3.20042683777078,1.9603220340988,-0.882989836000224,-1.06389116866562,0.821125081446892,-3.65013810961737,0.0163406857456663,-1.48760339383643,-2.34627310605143,-0.311474972271403,0.359026671493539,-1.81908902809723,-3.02169490438936,-1.896225129493,-1.69301603086298,-0.552821541262464,-4.22984053784187,-2.09495435290381,-0.740005919835308,-1.44763824844744,-4.96555952112467,2.42313827844521,2.92567356390506,1.07409667012342,-1.00785234468863,-1.50552107403699,0.738570002737628,-2.83245686382574,-2.23263331423224,0.066909841692959,-0.605161509007839,-0.27156703738354,0.468636791113148,-2.37043817652085,-1.3616909038262,-0.323499804816461,0.993976676441856,-0.392124161700879,-2.61793622586118,-3.00153981721369,-0.28189638288793,0.906152714554878,0.343909190367727,2.34894596204326,2.45565687350929,-3.52593342404337,-1.78376813782302,-3.52136916831329,-5.40396901173727,1.22491391193894,-1.84813700739641,-4.01305526444855,0.779321639042093,-1.44296406066243,0.00686342297514742,0.93855971287775,-0.996552904829119,1.79023209367186,-0.230846819238669,2.49153852817818,-0.860305813108174,1.42050942298887,-1.80341250304717,0.260130463071256,-2.77931466257186,3.54602042799258,0.983198650289674,-2.35743750190322,1.24523206907479,0.408938325631534,-3.94634001928079,-2.20687605390667,1.06515400592789,-0.882052770321375,-0.800400210662119,-0.913034648185889,2.72394703486701,-3.75944793161764,2.75680162848234,-2.810046213296,-0.903637663073179,-2.04536388297209,-0.56361565942508,-0.458550535886448,-2.6479059388856,-1.52847878050178,2.71469209156916,-1.15495871990898,-3.54447047221493,4.30734306183926,-0.185028335183762,-1.33378978888516,-0.472484231604113,-2.85311358096425,-0.853422711386374,-0.593683910318075,0.444367002135154,1.9926858595067,0.196595566458887,-3.01837386377932,2.30998866622304,-1.26110136446578,0.722536517898326,-0.807187746119145,-2.17793199029659,-2.5574973608649,-0.485112607312089,-5.24736304442191,-1.82223188868322,-3.35776317081108,-1.66731089595613,-3.0595793629718,-0.611023936331831,-0.238403427494547,1.20207194953495,-2.54292241932376,-0.597853767648524,-8.30731230303814,0.920907928399461,-0.751597495717656,1.15211605025329,-1.5390665294922,-2.18265680800145,0.0504637511193826,-1.11124082695875,1.36393634098289,-1.1415727814837,-1.94793514445192,-2.58104536747439,-0.437854385476088,-2.01255498608295,-2.43263570066582,-1.3376406657371,4.10307444288534,-1.63036027415378,-2.07240402152075,-3.30329600691826,-3.04191113230165,-0.233088291954568,1.50981261959713,-1.13388274554231,-0.697923179135463,-0.167402383216572,-1.73306211016818,-1.76858754190421,-2.63944993785465,-0.355135847375238,1.78060801697637,-1.56225895352165,-3.20901122061934,-0.0393879756024247,-1.69476958535912,-1.05790030909002,0.269069609441009,-1.41784545600543,-1.76013172316454,1.93019026685049,1.36256685145104,-0.404064739412788,-0.251871500169197,-3.51318501562307,-0.303105444266408,-3.77790020991029,-3.77711049751042,0.138691957692093,0.594918705564359,0.961738830509243,-1.92922979456786,-3.30026549921174,-2.13409468210834,-0.847335697631822,-2.66646530706783,-2.46243654873754,-4.00051218758248,0.20771235489177,-2.58807998788674,-2.69410643164191,-1.36024868548517,0.969535334210651,-4.17796096628355,-4.16101991903647,-0.367670604098083,-0.897316096505908,-0.651149770305384,-3.90324897946799,1.64500393928145,2.17517138744805,2.59824258916149,2.10058646844144,0.857637210966663,-3.57866452447846,-4.27667866600236,0.496653733404797,-1.01700481021148,-3.69740756611624,0.580497328290712,-0.786280558511471,-4.80996646433609,-0.455441475250933,-0.335069353448436,-1.65217077074531,-4.98844458551959,0.860939819641627,1.19797001756253,-7.19230997033898,-1.15345504540419,-0.814715311981372,-3.31865781577987,-0.821370216125099,-3.10527156239703,-5.05829629532515,-3.9072065429444,-0.733869186797699,-0.466081830139824,-0.646646342907193,-2.60804121043469,-3.55468130758054,-0.51127837729745,-2.11080565171523,-3.61700788587692,-2.87341451452171,-2.00042242397887,1.03231493235146,0.86598007229424,-1.0168002229964,-0.999488329643253,-3.43656934910324,-3.20702222511623,-0.284294172687413,0.313353991555213,-1.61449315397222,-2.43288526159789,-0.984637008957765,-0.0934817546713872,-3.73733022626563,-2.61617032584,-2.03637324000685,-1.26819165119691,-2.0846309003046,0.44591861033862,2.8543878274122,1.89130403124431,-5.44735484511382,-3.27940007746244,0.810329405129188,-1.01750645701309,0.347593051495749,-2.04774363528078,0.53191603304573,-2.61319379913975,-2.187304130613,-4.10462577042542,-0.249398670966414,-0.616994506963195,2.86246492323938,-1.46198388441331,-2.25881671287223,-2.04488677251403,2.68353086679193,-2.21806985773124,-1.09774187266885,-1.82024249326369,1.4207481127775,-0.962511483501344,-3.5985217374448,-1.69952560138689,0.679927813833398,-3.44052507396492,-2.65313662782062,-2.90120126747594,-0.954095182781734,-4.55156020411183,-3.74015639566939,-2.29505384224777,-0.54949392296045,-0.0369714247455986,-0.99434708258492,-2.06191167967621,0.0730023650686336,-1.79903246816029,2.07707475559082,-1.16366835294771,-3.47863072955022,-0.448986870349236,0.503493008423667,-1.11026638934748,3.65414328452455,-0.0222335941056695,0.841991359417954,-2.15554046276291,-0.230234570799443,-3.19035930026695,-3.67239765987753,-1.78581815867862,-2.42135534424281,0.786861174557527,0.29073847756135,-0.708419025642712,-5.10822389946121,5.14811460797631,1.68998548144315,-3.17699332072183,-0.50127603738536,0.566202862844348,-2.88857866271403,-4.23314797469384,-3.79046059810403,-1.28545794367138,-2.00910733001755,-1.55413576773322,1.73123635304404,-1.93442651919531,1.03998077504773,0.429727706677591,-3.08464036744446,-1.07524692246328,-2.14725040329191,-1.30616284874793,-1.50722329889935,-3.54975631075377,0.580058020754734,0.600225116912864,0.604602788680107,1.00028750226494,-3.06532697035699,-1.55360203441492,-1.43834628877225,1.94427876669699,-1.48558799671657,-0.495638850652459,-2.90081018893521,0.330155721140047,-3.0467867509151,0.300992274874766,1.98064669158384,-4.58164802857621,-0.274404565047978,1.81379172176466,-1.90587104292636,-0.194004458622878,-0.859887631932054,1.13087068872038,-0.0852671856652852,0.928240719784214,-2.89526458604072,0.869090652104523,-1.65505530557452,0.467214092693671,-3.7530977094965,-2.48825392224029,-1.89450341837593,0.0494174075211677,-1.04751566449473,-1.87553095886486,-2.07841385614378,1.31145231066538,2.1508820982116,2.91107404357614,1.04530521269681,-0.579809408445743,0.0620904694156645,-2.57469245484931,-4.02459514876377,-5.24477904840673,1.09664058601471,-1.45072209602193,0.454459538022566,-0.669675582017422,-2.1988443379148,-3.29193917927196,-3.58297310309688,1.36934170907072,-3.0528404061939,1.00947136663459,-1.28829408523838,-0.889556738238043,-4.29542907613073,-2.24091028481908,-2.23844300233009,-0.892823638550186,-3.94197316211218,-0.865484458292362,0.342027870948773,0.137001601808797,3.16802236839598,-0.543143865525096,1.58047301769475,3.35720445113568,0.614575762471644,2.8645654665748,-2.42192583759669,2.27569987719114,1.03209575783749,-0.259328391883357,-4.03597443456604,-2.45854142317653,-2.67775334283235,-0.90135333696945,-1.79457212844594,-2.07438160805554,0.493290811072843,-1.27920122794626,-0.881032806930798,-0.826283531968982,-2.46484639606483,-2.34855490528559,-2.07652807207734,-2.57005876807605,0.981267947566146,-1.2952005907201,-1.19142032850659,-3.42762718529404,-1.16012284696914,0.193376046945499,-2.13180519213274,0.66304279949859,1.06703509052585,-0.058635104744879,1.04813656320919,-3.23769984528538,-2.94480583422608,2.51548232496889,-4.28823337153932,-2.64341028724718,-0.73353924893142,0.309885696481287,-1.32777851517471,-1.9771930922102,-1.49960688199709,-4.53638088807411,-1.34134657787514,5.13682001967674,-1.42010340881468,-0.699369372207682,-1.19805735595093,-1.89475709579461,-2.53169081329645,2.2547200868167,1.73815203379896,-1.72963480759657,-1.24418888103591,-3.96060641107887,1.67315026922023,1.86046588582879,1.29440608664597,-0.913603760108176,-3.02167261821931,-2.41340946734218,-0.14344880927791,-2.62289481296653,-4.91553429826884,0.870986456372032,-2.23914392663174,1.98883268563372,-0.164474548845349,-0.16937306899953,1.10652827625397,-2.19507082221898,2.04751844917143,0.126747772881772,0.634267940116098,-4.11616169173501,-0.741787323786603,-2.09522834463173,0.397870218593201,-1.55867905318992,-0.789118591892519,-0.302755277774966,-2.1052441373668,-1.08094174586993,-3.57117720642808,-1.56104131028899,-1.10864392497138,-1.8692247331853,-2.39115022481281,2.58602260059857,-1.34367721106044,-1.2433041979902,-2.03930908116432,0.31843658962573,-3.9076325110434,-3.06651911748091,-2.75112078370602,-0.652539578199295,-2.574624397532,-2.82158190898076,-1.28450768748247,0.072972527450343,-0.476697521980239,0.473621306871252,-2.00966336642401,-0.501419762756599,-2.68062903735872,-1.97051495568917,0.775663076606588,-2.60696905213747,-1.55663475816299,-2.2606934367622,2.23489887598704,-0.625490399375128,-3.67176004602897,-0.138438945111011,-3.54691691046799,-2.10766130972104,1.23988669001474,-2.59487957466237,0.92875254642051,-0.296850485129976,-3.16393382067157,0.298325880007581,0.22622839957868,-0.383609637008056,1.77842931600502,2.02824166232566,0.000907842909153134,0.419790221742452,0.0283126679127497,0.0155780405124966,-1.73518570785171,-1.55043350401543,-2.49019189867522,-7.09266346582867,2.62202122486437,1.23616622300773,1.19669656891626,-0.232947392500554,-3.22579378811161,-0.95079719294167,-0.727133994418542,-1.78792338949465,2.77183275497682,-3.24285252682233,-0.362703457942131,0.775441329181214,-1.90183890953488,0.287600885633866,-0.680005615848523,-0.319464054898362
"56",3.43780660814627,-0.292762252414355,-0.316150675442089,1.28209872133077,1.59538078526676,3.58728398064224,3.85582070987148,0.671933681222221,2.9888830043241,3.62620417382726,3.11496843347453,5.56740075354749,2.25902307906328,1.39176022587578,0.587226867227513,5.94726735622341,2.53231797534721,5.10391524680096,2.72399781369119,3.85246059644293,3.75795099540376,8.30313625011594,4.33928117267412,1.75172243220714,4.45506565629304,2.62148416500086,4.70708841491037,4.42827050005037,2.49981889242686,2.85509221021736,5.93851622624561,7.56035646132246,5.10919358148275,3.78316347480489,2.59996283828666,-0.178973965482613,3.1642878319205,1.31675059066696,-0.842375005515457,1.58385125191072,2.39355077609316,-0.0241833384568739,1.48813924767918,3.61222837047186,2.22476759951848,4.04851441214965,0.830097100223516,3.84056367967583,3.00250311428444,2.58197124011418,2.15230661059242,-0.127831207025206,3.99011947465591,4.73384800334162,2.04203366351481,0.764313590825638,3.77354415836612,1.20611789288033,4.30431074985384,0.189374877303333,-0.25149749785925,4.27206073398647,4.02679276407565,3.13532672152073,4.04167151577778,7.24147322535149,3.06294211512759,2.34052569090334,5.97525076278422,3.11905946403373,1.45365819941272,0.964895875388664,0.432796341597731,4.26581622271614,5.89097483696269,3.97599304393343,-2.89856636747603,0.826635154997517,0.348041147107943,2.5123218895539,4.30998200335891,4.71440572597659,3.65845450887531,1.74439524362937,3.74505858610494,0.731645685354307,5.04613291115541,3.05765170538706,3.66750435561316,3.00973004780025,5.036982154962,1.56509955328135,0.325437040945803,2.46324602087158,1.26267957687397,1.58676128574537,3.42309741319883,4.49726783499838,1.5437342578552,3.911412670044,3.16963781376653,4.07737229950635,4.10178116737115,2.74024176813316,4.21994886116219,2.55474800889139,0.821803531457179,4.49992343624627,3.27305161489357,5.75128841190821,3.02198664231639,2.50334314913737,7.20869778643405,0.317486963361921,-0.443665639743589,2.77054654058348,2.25440985767728,4.56200820349453,0.318088643159239,2.9528591759786,6.04218584677987,1.16157653477199,3.62797807748039,0.754370917288301,0.27382054632476,2.26196662060443,3.60177589026952,4.32182581369739,2.5173303559017,1.63888219153907,1.79766504315783,4.14239732125004,5.69600135659705,2.42401902578358,2.43347990168938,4.63801324608855,3.26234624058016,7.49415130320962,-0.0831176098728195,1.83011178855714,2.18637128866032,7.40139628480056,3.49038660874493,4.2839588616259,1.47483059216653,3.0867724982104,3.25117509920878,1.13832345606983,2.79779601903169,2.30767822031081,4.79739083509594,6.2885814024945,2.30535841072443,7.36154914751563,1.76368078954841,1.83715481794514,2.26543964196235,1.8572358494127,1.16830341831476,2.7328222192668,2.13021651872207,0.731973210246268,4.01403628455557,1.63584476407758,4.10892309542906,2.8063812237692,4.7574180301092,3.93432510037986,3.59019671360289,1.88588133758089,5.88790008078688,4.87485384856633,2.78680807687629,0.699970758667634,0.733970006731591,0.636217997083946,4.81862639884192,2.9025978836609,9.17932677876242,3.96160217100154,2.60809848568279,1.73335813723393,4.04396311859526,3.13920073412966,-0.792571371592149,5.31034196138394,0.703220044807412,5.20281398655844,5.13248507841352,2.76569241937619,2.42522535264631,2.95370463047245,6.18367501261309,-0.115476085039923,1.20667993030422,6.0766511816786,4.05052468229827,2.39024636175401,6.05571978158763,1.46050051035845,5.17319619919411,-1.8214545083806,5.90667553239218,0.15703808913059,6.78361868387715,5.65566376130548,2.43762088858704,4.86946835220333,2.72927626417744,1.38918971965488,3.51903568222256,-1.88137663041664,1.91177364567814,1.91885034213937,3.93739504366205,0.857055465878377,3.98784372377573,2.25133894886459,0.372734969144986,6.87935293427527,5.25966789059409,2.58399550111557,2.35820488965234,1.32539973154082,3.85330132307622,2.39901837351273,2.73333904422686,2.43199765521892,-1.86529454036641,2.25718715412267,2.35948108931873,-0.0476803646128801,3.71239819123923,0.788816403708731,6.43804280180343,2.70264387320461,3.49844726376693,5.42215178155386,5.49937058229588,-1.70538062280273,5.12413073366863,2.99047249776355,1.78513116574076,3.09716324840151,4.20746739643191,3.48860197378882,-1.1862643425669,3.8248242339023,5.2885294826406,1.88938367006559,0.682958834408529,0.985131347766572,3.07233935900682,4.50447052791064,0.976473790759364,3.1880232496345,6.94345785269046,4.18135505244074,2.18022160444192,6.06751447772926,1.88550234441114,3.63977129918403,1.68670588805217,4.83908825418395,0.0475104372538713,1.97500132463302,3.70852575657747,1.67687609949631,3.5136355857067,4.94290739018038,-0.382371745669337,1.83746046137811,-0.357827597975459,3.67486086353422,5.52201689327287,4.24541661976907,2.3115040988693,1.19473051199864,-3.25967185320952,-2.74982450215136,-0.568104892998686,1.18479807097768,0.975344747421343,-1.04476876029464,-0.57399671833668,-2.07484292480676,-4.00313776030263,-3.00183164036816,-0.606130127210495,-3.58249682897286,-1.3659463518618,-2.48692149627093,-1.74738286931288,2.48680201082688,1.50449119363409,-1.88086733087815,-5.87345014283494,-0.488729072170746,-3.51455785826563,-0.775152164175506,4.21451292994901,-5.20211819509268,-3.74616803173354,-3.24167144671948,3.20063626787646,0.798684847453886,2.91534057787872,0.514391632627247,3.269409998847,2.27305417737585,-1.52635938908525,-4.06506920440414,-3.81391442225447,-1.46893026740624,-2.29869852406929,-3.21248917556977,-1.03389964118814,0.674100923196832,-0.685148327843908,1.32783179098551,-3.60558873045891,-1.07943932442643,-1.73124754833921,-4.67342822763975,-2.71527585998577,-0.517054745165279,-3.95762805139775,-2.3200632849467,0.527463071622058,3.44128060718259,-3.10089948053835,-2.53666299589056,0.336818500601038,-1.60485039012228,-2.92971248724237,1.14820772277902,-2.46608862134705,-1.19994475277205,0.367421297480864,0.499235605284013,-3.49814249322337,1.10629424896705,-2.47879620468811,-2.60779161953161,-2.13857589253779,-0.337221240604024,-2.75733365123821,2.66793491928222,-1.42671752611684,1.02697781110641,-2.64839737678415,-4.35872993875538,-1.259872655886,2.98020710579463,-2.64987624858097,-2.69654581591884,-2.88849058819055,-2.37229197691433,1.01102188235741,-0.299705435562136,-1.05696876249834,0.563744924675931,-0.494944181052477,-2.37191300069874,1.36497956481297,0.562783196283257,-0.947313994521877,-1.18409591782938,0.034001169678074,1.70833665754183,-3.26136509756538,0.0453185760343449,-0.713821909393063,-1.84696774038993,-2.41809902230609,-1.13753376366555,-4.05768588671053,-2.57519755977348,-4.18297256086978,-2.70910228493077,-0.939101993221666,0.157433847988593,-0.536143264134803,2.5347215817678,1.18619545234238,0.125317972145006,-4.24550411258481,-2.80526974460378,0.481351169634527,-2.07454464004669,2.4474938101845,-1.0667348981662,2.08479497853611,-0.676120911598422,-1.46087230308344,-1.27338199867577,-2.4854624289905,-0.592540727371241,-2.12770411846816,-0.726789337306755,-2.82988898332628,-4.00508339281954,-1.05450534966252,-2.57883701708393,-0.669464772753697,2.23951304551766,1.20849048682992,-0.0264036874968032,-3.09097171875085,2.90131407061214,0.726320321651577,-0.505527968690103,2.14561138565238,-0.131930091962899,-4.81745754294586,-0.20635673587331,-0.0919552119065667,-0.33720192888135,-1.8086450201255,-3.43226615638507,-1.4189165499788,0.782703863202775,-1.10447695578286,-0.452028698234518,1.88401763001179,-0.304345822390442,-2.81752373116162,0.974661365609037,-1.06769995769076,-0.0829642594582342,-2.73362841833474,-1.92812046436864,-3.04416819903762,-5.60731234726285,-4.48135590651599,-0.755112456827539,-2.25934060565771,-2.75144037144337,-2.01957502544038,2.88050018468751,-0.760216824502309,-0.481522311153628,-2.13848865877665,-0.876121045461098,0.18891927535615,-2.1973379090455,-1.90226477271553,-3.45626675422248,-4.10592851467774,-1.72918837072422,3.60321768695629,-3.71206163569166,2.96478103009197,-2.40174552840025,-0.758917319559503,-0.845946840335699,0.703918582881844,-0.725637511780677,0.0287114307209211,-0.751165199204369,-1.47148378896379,-0.239937711174319,2.11081682246705,-1.50506975641313,-2.7759966397095,0.738743182738395,2.1607080664332,-3.91049651619524,-3.66906163730926,3.74532478326451,-3.8763135831833,-2.35167244051627,-1.11301939664053,-0.0348853218714189,-2.24452859311666,-3.18254572492684,2.11267262640877,-2.06555020726196,-1.14466569880944,-1.1927590375569,-1.79081788561578,1.11441903325349,-1.16159212712957,-1.92645106100108,1.17640424103717,0.470406632558151,2.12461254485914,-2.67926808109874,3.29577991587901,-2.53133430730513,-0.152559286283675,-0.849680991502046,-3.39218438211717,-2.70315397892395,0.146122590715125,0.364214888721449,1.70306792428901,-1.02875029298453,-2.04488038719913,-2.61577570353869,1.38589779667453,1.72856891997749,-3.40675717198928,0.0411791891407494,-3.87146914094136,0.384920843395022,-3.87130108261248,-0.795871319863826,-0.932436862961429,-1.00890422021791,-2.27563176220803,0.242253718500483,-3.00529694624941,0.761249116101799,-0.10089555317022,-4.45726665425276,0.0267292606220464,-1.33261709725117,-4.99385033962832,0.878329937256352,0.920249354746046,-0.974304113241221,-0.45385804786905,-1.06528391423808,-1.74426223895893,-2.38103183828688,-2.04058271134941,1.94463128886293,-2.6621437219666,-0.798702751660152,-1.15705136111999,-5.62574888339262,-1.41348293196146,-1.73762756174473,1.06112136310223,-1.30306781047477,-2.29021741844475,-2.3864973592795,0.422111866828072,-2.90368723700362,-1.04402719894406,-5.67907703426349,-3.47500067236157,1.83254220077191,0.698918722038727,0.789301726254229,2.94634915309327,-5.4996053471454,1.83217750724764,-4.53245432593539,-3.06393052368343,-0.441013121827908,-0.823655395564903,-1.95228438662545,-1.21285457150463,-0.635964572659327,2.31340732045965,1.63938746331172,-0.692390342805029,-1.72029288291959,0.56375053934188,-2.32922709343963,0.44553292000637,-3.75786709929819,1.93271492913953,-0.335568201753777,-0.995615675214928,3.68745899107064,-0.919448788871446,0.94383471929625,-4.50576852393741,-3.69920035814213,2.02397332559336,0.407189219543349,-4.26692320368599,0.269016213049348,0.56566065483503,-1.94592170627094,-2.54712561742836,-0.199846795531266,1.31550802877175,0.893174215165169,0.885779605792681,-4.9490828977034,-4.17673061530004,-4.16270304604627,-1.70315158519509,-2.90111927142149,-3.94226555603313,2.29788646960085,-1.11051316768882,-2.78846500721737,-2.17403090177602,-0.387898483805112,-0.725601600193981,-1.64479838037156,0.0277484113855599,0.386392929381077,0.641344999186447,-1.07791251089333,-3.13159069533184,0.201450336304063,0.666329390210505,0.534998950534789,0.356065040882021,-1.4665060004511,-7.43587141056354,-0.458040092852914,-1.43899535243214,-1.30398559089291,2.03055240551073,1.0227824951272,0.534830916037623,-0.348224650364728,2.380299184473,-0.295676988052209,-2.78344641114512,-1.83818300892902,-5.77687617176727,-2.66154853156516,1.07851846862462,1.06762786786267,-0.697239409163023,-0.97760206718665,0.0733430422615049,1.58539163559174,-2.75839176427728,-3.09604048140776,-0.140629663339481,-1.48555319680007,0.902678270201678,-1.23409487915965,0.383520392533391,-1.1942563583571,-4.27261858054659,0.0910093509841967,0.573417210258237,-5.22691915308121,-4.1570392752009,0.586718924632712,-1.42453428003121,-2.57455057479889,-2.47186386973691,-1.79035034959448,-0.74299749835048,2.36837570203773,-3.91130313405602,-2.52182260533869,-2.22948669416342,0.161560936351075,-1.24097539638211,-0.365950124398407,0.0596127565662634,3.04696513122613,0.0305948400159159,1.22726632791917,-2.27311342868686,-1.05375301117464,2.07738483670956,-3.42441266210079,-2.12185561181768,-0.693469709877535,-1.68522664797609,-2.4301033027767,0.765813680480957,-2.34431755335272,-0.228194980302408,0.320734326441332,1.466384408259,-2.82027751271785,-0.174710120621278,-1.09397139746791,-2.60489889954125,0.298083590258652,1.08145001531595,-2.99671814580963,-5.48681167408815,0.545926644841864,4.1861753175938,1.14863260166271,-1.4798453291517,-2.02541774316323,-3.91842364163548,-1.84544553847924,1.19131143148589,0.479763267841608,-2.66201055941751,-0.126513989198012,-2.51289669974656,-2.24016356433198,3.35974471953013,-1.556428978774,-0.732135683124424,-3.50100899267627,1.06137086212967,-1.24011665684157,0.172958762343165,0.284433704115728,-4.22917496047197,-1.62573777900246,0.402140872251346,1.5154979960812,4.13645026229625,2.3758199904696,-4.03048760986063,-0.298957270295314,-0.906398587743003,0.961243490851636,-1.04116878248468,-1.07610872770883,0.20210174391837,-3.15976483861155,0.102357407303953,-3.94793487618991,-1.02268455540154,2.33243718727438,-2.70460713949749,-1.89448278516756,-1.37402783395957,1.29187334059482
"57",4.56963293495948,3.48873204090902,2.77695716787711,5.69121510671369,1.24918646990425,6.09826190244983,1.46593637658422,0.0772468126249586,4.84595550329882,2.5663269282402,5.63288308212619,2.30482454628451,1.94080257362471,4.56133183321303,4.0344368130177,4.96212832592437,1.60606444125753,3.17763400413579,4.12193348061347,2.76158710056356,-0.560814393830332,2.4143387465238,5.17769318017597,5.86129106358187,-2.04835032546959,0.724415454649086,4.69969051771607,2.92545354082504,6.3878009067068,2.17921975187972,2.99444317886944,5.363705674278,1.84112410435095,5.96253514489986,1.75041888549621,2.2857653958675,2.8344853448441,1.48947034403106,4.96604265163705,1.06867027809938,2.79474070006695,1.61881350111288,1.16699064146701,5.96672648245142,1.49423403283323,3.21734462889223,3.69247924090761,-1.50829696356169,8.03975965511424,5.04742406665652,2.86911852659162,6.06109502715068,3.9874247643338,2.72684312761005,2.28722649840024,4.73646203470227,5.36826677075575,2.43876787210144,4.93811832395971,1.84643237420187,1.27246850835538,5.98876779715561,3.38726233501231,5.50260903969515,4.60222325294218,1.09203781898436,5.36306836593647,0.0981190915992416,5.43374600245254,3.00320746657166,0.732421315495996,4.00253604972664,0.642409933159857,2.03615698058334,4.52353571100644,4.64366873023941,5.43040415730151,-3.20715409330938,1.48732359071808,6.77095194608873,2.7060234686993,4.42025925356283,0.525813609430263,4.44030806817368,2.73825424743127,4.10242595532406,6.80786543082207,7.10982949929949,3.2285859056812,3.43685031658501,5.80990997245632,1.05612789574845,0.384718823492335,4.12130940975091,0.94893884132035,5.84369098315134,1.65498954492727,0.721239395234984,4.53256309447468,1.45849519361461,3.65232395808358,1.81407097671033,4.01758730454647,2.66149650686933,1.2179402162415,3.40479016949461,7.0101298709491,1.48169187190805,2.0505398668738,4.13191294295513,3.85746436854265,8.41377133209483,0.995596846356932,3.80206630303305,4.10460976968234,3.05155659785413,4.10357581378808,3.03367455062875,4.93354880297816,1.27049814552717,2.80892755436945,2.05511466199187,3.71488173758485,-2.01396918269411,2.86868995241493,6.68658408028735,-0.0485649340602312,0.865905560532712,1.63209385140353,1.88753417421375,4.09132176917235,4.5780812130502,4.30578373578817,4.3925288708534,1.22518254775648,3.57344224075936,3.95672843160081,-1.8989314714462,5.95254351028668,2.86168897844859,2.20855498209345,-1.3376362314699,3.92141393001667,4.63384170346901,6.71538010087809,4.21968455961067,1.6573407887915,1.62728760533792,3.82321037780151,1.62675617520565,5.14155996613337,5.80701785155105,4.26270724498315,5.63298640501335,4.69276762953986,4.15200738090188,1.19913343337967,4.87550330740095,1.42248433454856,4.59276799401316,3.02726995077745,3.49960809555277,3.16095033548661,4.44504334882264,1.99088122415964,5.75277900520087,0.637543978715416,1.46679316546487,2.00082220843419,3.17114331855676,4.56647601155663,5.21556964517103,5.01637333785238,4.71670997554308,3.98621395165292,5.23414894026511,3.06119244781429,5.64293784581103,3.01794331097018,2.80318380250728,1.97918546370879,-0.447866046038502,2.42728807373127,3.57290637610353,3.96213286331693,-1.0904572336268,0.0776401301327811,2.96208645434578,4.77836028553115,5.18137478498651,5.8601270749193,1.84021504243548,2.14346406362447,1.84793626398841,3.93468477904759,4.16990646899707,1.22265985661597,7.08500668883803,3.80498717334457,5.77385005293267,1.78273221761282,3.17579125112139,3.25131508324511,3.10512563704793,-0.218043195316687,0.364316389356198,5.06803953345242,4.58708888606841,7.44564082713124,3.05904075735175,0.670835630225849,0.071794393823557,2.20760663503095,1.25659123239724,2.61693180612742,0.187584042635292,1.95336481685625,3.12370713788972,1.01661728564876,0.786808995299405,1.89047584931832,4.86806035803355,-0.760897823255839,2.85133054650493,3.48813225784288,2.46217778643553,4.95678074666533,-2.29645888146324,4.56482000029776,1.45993295722449,3.62870714574727,3.40867485474078,1.11197588025111,5.92328323860753,5.3095166790653,3.02558304326964,2.09720029646166,2.93384335943261,1.90866020902727,2.3559703600294,7.10527549255336,1.98878567448145,2.51838463895711,0.710329574979066,1.40469696691269,5.54198378795351,1.39605167944793,1.89121193974597,2.54207929962793,0.279631798268505,0.992447474393352,6.67234487683109,5.82515223546713,2.04457856468443,4.53032320766662,2.31343594184611,0.0706517327559102,-2.33392836614595,-2.66148832741917,-3.00238253568555,1.19468348650181,-0.150734266510486,-1.7756627756409,-5.38756508840834,1.68493216152406,1.65591823504678,0.211253130246059,0.766199046183309,0.311880178948394,1.96160274060051,-2.50783878023352,0.528497610390949,-0.974686322574088,-4.45590080093381,1.38924159762756,-1.71292323629834,-3.26892559664797,0.0929762644606447,0.361149868128613,-0.088806582437746,0.387005502246369,-0.00675589011838662,-0.0687391282464132,-1.69483165899941,-2.80135396602113,1.07263886304087,-1.00718168045997,-1.15993826831666,-3.00115848951168,-4.7914933699922,-5.1793571503438,0.278471181604134,-1.5290599263094,2.19692492787389,0.827994855401103,2.44381360992927,-6.72883406444508,-2.38183814743555,2.79820581329735,-1.73161141119334,-1.08834016584394,-5.29579044892326,-1.87092471208771,-0.210011037397292,-1.85728890935577,-0.490602057770419,-1.43899522760849,-0.777949057100407,-2.38816648229799,0.374669404529754,-1.26280368846572,-1.0913044255523,-4.14153112525133,0.330936336952583,-1.85759726802626,-1.50197508977733,-1.75675721614249,0.65773676166743,1.47479762900743,-0.233891983638466,-2.37804812601261,0.0916614123984134,-0.250334631475879,-2.83873243784204,1.7954774342518,-3.73650552384037,2.62146151969607,-2.38220746024471,-0.805593422011182,-0.236752959092242,-2.70237735195943,0.533631525582309,-1.90765189079691,0.13424104844003,0.151921570258116,-1.48341892315435,-1.9373420353817,-3.26709345068387,-1.78460395805422,0.34545500533144,-0.229590879798335,1.53310737770515,-1.06926083136231,-1.7745366831214,-0.647189037451404,-0.062785508832774,-0.328005726008193,0.0682468193596577,-1.13250411201874,-0.98409532809897,-2.42826392187417,-4.1758928854614,-5.25352402111694,0.611312891159769,2.24662279437572,-0.769465649460919,-2.07474416805749,-1.79985057690135,2.70380269387358,-1.31582368318852,-2.16864440423783,-2.6126017829926,-2.42862928082718,-1.35904140695563,-0.947286850097667,-0.402891793617651,-0.680842362834038,-0.635946477350154,-0.261749163481116,-2.88066347588607,-3.78893793985613,-2.89413084758314,0.119784209722563,-3.00235178710499,1.74332558648373,-1.06511164988096,-1.91708994410926,0.0718580301774099,-1.07101969762752,-0.428842409747655,-3.87198339333633,-2.42799033163663,3.27590387676883,-0.825737239993337,-0.843647807064609,-0.816774825320118,0.128260995184071,-0.911090736853689,-3.18519640137915,0.12117920038709,-0.1562852868649,-4.95005907218712,-1.50006488742911,0.819455692484631,0.0210126784341114,3.1778677673487,-1.60983032424168,-2.00522627495962,0.197737378905098,-1.83462318492089,-2.38219142427618,-2.13736991210916,0.940699516070285,-2.55941177368646,-2.56080689987179,-1.24300756393691,0.722911442251815,0.302420001483019,-4.45992667861738,1.23579545329441,-1.28758212507483,0.0480715922013419,-0.265431637922244,-0.938405202856935,-1.82462476700465,-0.834530944662167,0.142257992661976,-3.50235278777302,-1.76318670576366,-1.19974691096731,-5.22399237386715,-2.28747507507339,-2.16645045548847,-2.08809276372322,-0.664101034344639,-1.59143714793704,-2.74954603610803,-3.00924548598727,-1.5280241702121,0.726152751979726,1.06259250284939,-1.50614576583211,1.57352541653064,3.22810166955951,3.75851937360435,3.34369514471155,-4.1811981144699,-0.651830901977256,-0.671926366566289,-0.814360355241091,2.79308647365454,0.209571356338885,-4.99742470547766,0.467210633050113,3.27176741290524,0.818940948834194,-0.0594124254193992,-1.24235284302342,1.86408395191525,-2.2615397595312,0.447824818207317,1.82605578538835,-4.64112839311273,-0.366395605000265,4.76042595836752,-3.99349789975968,0.0352690143173011,-2.13053978140002,-0.637918150547093,-4.06102223616969,3.57739442207127,1.83316148663605,-1.11698185808868,-2.26832411801974,-0.981326910119531,-2.75516637258724,-0.64698763627446,-3.03719324090356,-2.23069720424069,-1.17026317727818,0.928818493308813,-1.92621274019719,-3.60168748900939,2.72030209511103,-2.37634461736107,-0.567746202814641,-0.739511473722535,1.77360380881728,-4.78518383624809,0.623810133196947,-0.293500486780175,-0.877506366788297,0.981563694932693,-3.17373151432431,-0.754847033278941,1.11335478952037,4.4605044763742,-1.2491763066685,-4.43063838382095,-0.73763887580095,0.137274579576028,1.55783175252784,-1.26420081070093,0.888393641606104,2.28119155717796,-1.90758511888261,-3.27657573896485,1.20952421680363,0.449948877139166,-0.140788476058861,-3.20832536065756,0.822295229006154,0.221951866519634,-1.77067537081827,-2.55559863658592,-0.511290441097678,0.727341087353149,-4.2636214553072,-0.0209687463119891,-3.17513876350081,0.396772056251966,0.177306469864272,-1.79606972387682,-4.03798692907171,-2.09171317716194,1.2009724785026,-1.0531638635155,-0.773281348844984,0.50498965157684,1.37034313245863,1.04886755313209,-2.3752041697159,1.81430566617083,3.67440863647584,1.44513028040072,-0.0518175874473711,-2.31237992931436,-0.228249777881025,-1.67083951917505,1.79060273162751,1.91394334170054,-4.06117478502801,-1.11277934705422,-5.32502160658405,1.58874850587682,-5.5179823103524,1.56259806586231,-3.83572133931785,-0.927325796742351,0.786366855273297,-4.94459103770026,-1.33927796999155,1.4089453707168,0.195980589532774,-2.2047444688407,0.644628203123342,-0.0813879859675262,-2.73448805535494,-4.70124857216426,2.84127877024998,-3.53030706125875,-0.655476269946196,-2.9414107102319,-0.498759510764461,1.10870441662211,-0.986855002600053,-3.29371513591751,-0.594981529826917,-0.142652029917502,-3.83566623694909,-1.61604848163374,-3.07736524128763,-0.359916911729009,3.45255168161565,0.910957121539335,-1.95082909593166,-1.16296810643014,-2.47233246343532,-0.841748774301261,-3.43338423811947,0.901731974910656,-0.17051745067472,-0.468953468601759,-2.54286427707555,0.61939812976363,-0.739806761418565,-0.369455860960347,-1.32409264699476,-0.214451333440628,-1.85119207706705,-3.17995103821052,-2.5618745653821,-3.6174959903588,-4.08063248432857,-1.54508146915729,-1.80255979600478,1.73343441295284,-1.01095315404193,-1.76966349305082,-3.13572914794115,-1.07980038299287,-1.26592226269719,-0.657554575917578,0.73702466032756,-1.62752076143264,-5.27203383389236,1.09507718725211,-2.36815497942046,-3.24337385535217,-5.46197448244488,-1.81576770739042,-0.198646986124576,-2.80311593266219,0.228673836734235,1.15493835254208,-3.23772084826377,-5.00392000083656,-0.972735286630689,-0.497370061512783,-0.922688885941905,-4.43700900151003,1.92201908002807,0.665060319549813,1.26555090995526,-2.26752552410614,-1.85698120019285,-0.107791888422968,-2.78330251015019,2.03412895958929,3.70527845949584,-1.6037128224281,-1.71415307058208,-0.753943285119438,-1.87211693168947,-5.39098808995084,-3.16024133875899,-2.15623488583682,0.613112707653943,-2.64970110310373,-2.14244643291924,0.175117496448284,1.83154976128631,-3.94467707073946,-2.06858724006645,0.90689364500649,-2.16606000369787,-4.1000102933553,-0.602251640244867,-2.08768492289798,-2.02401196008637,-3.14596883572188,1.61590690364603,-1.2663470420462,0.0846379366013008,-1.92370424757413,1.19820776492284,-3.27497050753312,-1.13601535108675,-2.50028380938577,-1.12338539751173,-0.25596464268978,-3.00087253338672,-0.761665930466261,-0.204980114754456,-0.372622609879036,-3.19154719138692,-0.850716054510994,3.39024402215497,1.3707466431824,-3.68396342945502,3.76503485725416,-1.12488417723563,-0.592552554310415,-1.4984618989222,-1.25766330495217,-6.32136870416522,1.09257778283772,-1.86438869318906,-1.08638118743613,-0.399171944876012,0.202012833083438,-2.1491947690075,-0.897123642524684,0.372990864736755,-3.39199729608524,0.138663631718675,-6.47450172001205,-1.02151592555873,-3.92203487513517,-1.16555898424092,-2.61089269416869,-3.78066384357954,-4.01659336942384,-0.991702697148652,2.52956388974893,-3.88690181664096,-0.223768389328226,1.85787310150088,-4.11466037576309,-0.462491257510184,2.04679388881886,-1.18087361494964,-3.53547966209496,-3.98560494414315,-2.6886846480996,0.259660443831087,-2.16771717900671,-5.0780448626927,-3.01030061146417,-2.8128167889526,-0.536056761701553,0.224600978265835,-4.94691652128184,-1.54412653688399,0.829810608716186,-1.94800544279914,-1.16522969239301,-3.49837027254131,-6.32592753195079,-3.34152395275941,-2.2363903599795,-3.75567862608902,-4.22547665426155,2.50780577539818,-3.01001731163412,-1.17988927083479,-1.44608247538765,1.10590764087149,-2.04682076321673,-1.38762962165209
"58",3.9672857695578,1.64229508520191,4.60822367842535,2.65112571974958,-0.381553570865834,1.01126878469701,2.56046602937551,4.84940982581174,-2.79376450721813,4.57869429907677,0.571305075213602,-2.84077565504103,2.79463955059598,-0.804554230839204,3.06464041113456,2.17604014140286,1.18566714034643,6.59018994036049,2.66080867584638,-0.96526449889572,3.18234906535605,4.58742463320988,2.43344700945894,2.22944467684533,4.3334821903919,-0.278686898028665,3.13046493476271,6.4539560557745,0.876436503759727,-0.218734347440373,4.24325270449244,2.30355143081145,0.717091045846317,3.84813363610805,4.83914159986752,3.5544955095994,3.38426185237506,-0.717815946510004,0.638735926167645,2.86518116418719,2.81763512942887,1.08633881960862,0.493800979634012,1.95533753870638,5.35946427677602,1.99873151615981,1.15987725292498,1.08056163036301,2.70627976789185,2.85276377608651,4.04790866427798,2.28255169349983,4.05089310372037,-0.635539769801162,4.61941399292432,1.43794316582808,3.46724651886851,2.70537071600654,2.79805818729751,0.970586044964992,2.05660879772499,3.62916331723135,6.01468032865504,6.41106924757301,8.71061358438726,1.91300973719813,1.70762680641581,4.26016750907769,1.65598341365766,4.48068196383265,0.465980364127796,5.32236663976883,-0.0888270748180902,2.83894970991578,1.81030152999036,3.1812724145183,4.39665019898511,5.04814356061096,2.83028317694901,4.56522336926485,0.723938859981252,0.547216622473701,3.17277663705697,3.33949338515407,0.726876849966974,8.17273050500319,4.46226826550534,1.67720046925988,3.54572166062253,1.79752865827991,6.03383091692401,1.81781114548457,2.03449772535913,4.19706360542183,4.3747712091467,2.19085978865865,1.31803641393163,1.15655699003684,5.74086379877729,3.8753163100049,6.90848400263649,4.41494420959422,2.9803801346909,2.35430475991066,0.374638010936667,1.34345978829937,5.16164332763361,1.60467174572492,6.97845283684577,1.61753895962828,3.02195706313676,2.94171250403424,2.60881027310436,4.04202086422024,1.95806138278128,-2.01330447395759,2.14363730160595,0.161684255423462,2.41288917767789,1.45413964489979,3.21929604945294,0.65410422737085,2.10245934078907,1.3860776301244,6.10764950457463,3.6683313127934,2.03786754483391,4.08521012013394,3.11310690149795,-1.40430685327982,-3.13966776482724,-1.16489285230787,-1.87350414720789,-0.857378815099101,-0.813400520454363,0.290559749118506,-1.68592485172024,0.582208327454543,1.26489283339098,0.270181484480335,-1.49484056516054,0.836211980059941,1.15513161264732,1.45801122748955,0.382357576092687,0.200401239424975,-0.781423037704368,-1.58503567859684,-4.8081778572803,-0.685599376919775,-1.52350910979081,-1.32631997589019,-1.91457722695483,-2.32268472751819,-0.00167553294766221,-1.42956494178437,2.49075033986063,-1.2882342110731,0.253381475147779,-4.30595224264331,0.609692189015693,2.33559574080358,-0.612944508551764,0.162227773755512,-1.90067682605687,-4.20272696922738,-1.40947758111432,0.624270434322134,3.52784298344726,-1.97588522899021,0.120619484398851,-3.15081700963309,3.80366166380976,-5.0480286529808,-0.547580287848287,-1.01236952957166,-0.941202313546012,-3.50521405871934,-2.23615925432674,-1.5354215335922,-3.03709931418252,2.35516597287643,-0.444045065130485,-3.38704334292686,0.265561612738925,-6.89743500771614,-4.04732746570389,-2.95487300262529,0.0925939474564383,-3.13694919967641,-0.960041066202097,-1.46746816749057,2.5788959479305,-3.80454689428811,-3.45057009689111,-3.63775210558973,-3.61389426753348,-2.61123618802106,-1.83148622057194,-2.50686679004776,0.0205113959155596,-2.43203563477462,-3.12120568484246,-0.452713772690276,-1.79533380682907,0.278151115634741,-0.465434854450608,0.902099280569375,-1.15265536497557,-4.62573180735024,-4.64689563882623,-0.263804168660812,-0.845266114831737,-0.365669748277588,-0.794533770922607,-0.310066783326821,-2.72476928635916,-1.12494458514025,1.00046497575962,-2.79750185707257,2.77208430253745,-1.3036701867529,-0.0912639087729805,-0.0843650253943333,0.338497682341881,-4.56042446865215,0.55477896328277,-1.57008512368169,0.776218769176964,-2.04749982314654,-3.72168787378853,-0.775609035253307,0.106977406871291,0.611181937583559,-3.00803858979053,-2.04291303402595,-1.65182982168519,-0.369013977282698,0.827902806340721,-4.2981893313693,-2.0688361219448,-0.79967373856755,2.61009855521571,-0.166338650297894,-1.26802321384891,-1.8665558270387,-0.19124213444788,-3.31723817223672,-2.89721365310975,1.44586133089098,-0.702616653621167,-2.22523929653818,-0.0145741023211471,-3.36758149555545,-2.04222726664108,-3.15182437783753,-1.64628308315617,-4.38593349156346,-0.787051186209937,-1.39020216259487,-3.06368814486218,-3.11665209416099,-1.68511131774385,-1.17028432844655,-0.152310479131656,-3.05069753262076,-1.89538655661297,-3.74474378526848,-1.15511372085343,-2.31676738525971,2.40359769319526,-2.3890794215894,-1.83365007410377,1.24790062356791,-1.45773267991575,-0.79049798222001,-2.07083169761769,-5.18199843782834,-1.04096498543122,-2.34953096638864,-1.92078597574119,0.216324954701954,-4.36031638706559,0.109677016593925,-2.20194484910726,2.8090659470515,-1.60898264078447,0.291971516145919,1.97215655701247,0.840498978791419,-0.895447726270001,-1.5375598445056,-2.83335685291272,1.4570711407978,0.347073358225367,-1.21724820529523,-1.7614675814965,-3.66425151496279,-3.01278023365958,-1.47541666613211,-0.0508837534357318,-4.91578733751287,1.74758628344367,-5.34182917986354,-3.03027380830838,2.5914570838586,-1.03594254197004,-2.18731018287881,-1.06158064986348,0.499830511401751,0.759124707128216,1.49813946690361,-1.299598640194,-4.6394919030338,-1.07646233728182,-1.79705584118323,0.459932843888024,-4.40591711755634,0.219816807951943,-2.16913779839028,-4.10254589157772,3.12676193468116,-0.14128456756412,-1.52426324138405,1.1283437996108,-1.30453549650158,0.304286252312719,-3.76126104951209,-2.01201769513058,0.110558000594354,-2.07773660044131,-1.4080178816709,-2.6351612839853,2.70217735039322,-1.35817528485854,-3.08856577289145,3.39650837203314,-1.61134019238649,-1.79177479698259,-0.736823683708896,-0.515292742435478,-1.86376329836619,-1.34860222971032,-3.20844819563322,-0.671685362739491,0.833681227393643,0.687141282188376,-3.25482585339286,-2.35420480199465,1.95306808395343,0.786305034164094,0.289073527140399,-2.32958403396486,-0.408259446179862,-2.27828524794122,0.333234045190643,0.699572437193789,-3.39763690676015,3.45128922523143,4.3559121201415,0.59919918043456,0.802978373535375,-1.07713038997713,-1.26000116307901,-1.33592372987974,-0.886554978782833,-1.69259693799817,-3.0650491749836,0.109850758672171,-0.498700742152611,-3.2576422312507,-1.23779674402243,-1.77695290766201,-0.323570048957395,-2.80419209363095,-0.95845940026291,-1.09729666009111,-4.28051036194043,-0.508151554734612,-1.73054365000349,0.120963403416702,0.880481010136435,-0.707126271174444,2.53003765924956,1.26603246102727,0.387892425716284,1.01383422113277,-0.595066704531049,0.880227812836373,-2.9481687587805,-2.19569186288177,-0.355428905498679,-3.76950188019107,-0.321883967142386,-4.54314143186299,-2.74078469124808,0.870544742243175,0.577131788632478,-1.17168669840593,3.55629046456905,-2.7359679934894,-0.0353949662481476,-0.639821222562141,0.439121845094203,1.73629478832574,0.268987382236787,2.07669047916791,0.476110942198055,-1.42129653738154,-3.32123002209984,0.534087560748669,1.22556429842119,1.21573350942176,-1.36583867220073,-5.18453401611099,-0.0119270897049486,-0.947824586404207,-3.69823000925184,0.187612294323218,-2.63421468029463,-2.05450548512601,-2.45005596466547,-3.65670052300361,-4.61269829520011,-2.16162966722211,-1.88954343695335,0.213660018917139,-1.96267194254458,0.259650947173525,1.53090264659659,0.742658430575542,-0.219328598921674,1.62142816775434,-3.00237225539416,-2.46146046529719,-4.49823972337609,-0.607298094604406,1.12809154317586,-1.99169219290725,-2.25310494316576,1.84707773011714,-1.87930967748344,-0.55132926511066,-1.70586361389031,-3.92889231131417,-1.05223160616156,2.08626502300613,0.800580495726693,-3.78577166795802,-2.83249773330117,-0.0130228476846358,1.97313547700102,2.27482986988737,-3.27841379151601,0.876213817691105,-0.525927105267346,-3.20030409595338,1.53619830392941,-0.727387991779617,-0.284465578944979,-3.08125140853619,-0.22153727336044,-1.61004705578689,0.575307100166002,-2.26574653100926,-0.508413037920104,-2.72667025190008,-1.51005227461338,-1.73545153577802,-2.523624560417,-2.09275457663476,-1.10458971555891,-1.26714903122682,-0.180767333396994,1.39378649539444,-2.7831943251418,-1.48606315498434,-0.114700387348121,1.20735526322767,-1.46008700243383,-3.18745231207019,-2.27083859158021,-2.06016996735938,-0.422611705564085,1.25919897112519,0.478860836572455,0.834862145507958,1.94177456543835,-0.05465601482965,-3.13603478587768,-1.11969663398934,-1.40374682117264,-2.23949365690972,-4.93283098929541,0.817615849283059,-2.4681159149956,-1.30944877499119,-0.557613794234422,-3.69218615153108,5.38496830819628,0.752604270848413,-3.13303614242152,-5.61984091938324,1.45909535705411,-1.41311354742292,3.37364407688717,-1.70435542969646,-1.80883235856191,-0.831477281018104,-1.7124734341214,-3.08735334992212,1.21973632092946,-0.21240046132774,-0.0938128184252738,0.696587422513629,-1.51942443639389,-1.79976707074717,-1.51993640921943,-1.76686485334245,4.37164548584581,-3.21410133992295,-1.33514356151991,-0.138647005089944,-0.977898019772492,-4.47380444352082,1.25649300061577,-4.08857275132315,0.190126445116735,-3.5191050730005,0.941736427378614,-0.896780468896558,-3.13534597560259,-2.83463126735239,2.61431188285258,0.0722929450742515,0.872176898441209,-0.916587010436663,-0.643614317762554,-1.3968661523062,0.54220186924189,0.0637632403870676,-2.2921661277546,-0.771664711975306,1.38199519701152,-0.13340643125599,-3.64138910851897,-2.77943164471608,0.0913409162881791,-0.0738824225559747,-3.56237525764904,-0.723929122849883,-3.14428850764374,1.25937385599761,0.532706785832,-0.766623468790075,0.0850466151304505,-1.23789643761651,-1.00461985102637,-0.760304878582811,-4.80599903491692,0.0321913981207815,-3.16207319485965,-0.534823731698848,-1.54000587759476,-6.11325451372264,0.629824090536476,-0.971426571267156,-1.18745621016019,-1.25251998669766,-2.43771746008755,-2.69343168475447,-4.51107384528032,-1.52498739524008,0.559702752579335,3.43970866344283,-5.01021912669638,1.86044943878016,-4.33375277171635,0.85294863157968,1.88457544196157,-1.81281500561066,1.74288627729547,-1.83362713671568,2.82778822547897,-2.49078655282082,-1.19525807526788,-2.76169866653868,-4.49237910657634,-1.66102209646432,1.20139912055304,0.146285161927034,-1.11653615713342,-0.99863108727944,1.11532855188124,-2.8925008029158,-3.19254860802163,-0.507894875875679,-3.48906548468121,-0.307299506553089,-0.237873546532575,-1.56910532949184,0.770601178759204,-3.33087558631036,-0.443997620737647,-1.44947393784278,-2.02507837244585,2.96294219056969,-1.91967619195286,-1.92414082744874,0.399596969110301,-2.33440549899537,0.609605534887134,-0.438623494997163,0.755403929451291,1.48726103078404,-4.52929464366825,-1.71961538782609,-1.39595726930448,0.822727692459218,-3.83614687528895,-2.15531740209313,-0.373666755683519,2.37900173092337,-2.76917134883857,1.39501400212234,-3.45224890554033,0.745848490355672,-1.0856575504045,0.917323661352839,0.532585402886429,0.749961837315092,-2.52460179465728,-2.97694826713273,0.25689160713907,-2.49398333371656,-1.66334509370778,-1.62146401525956,-1.46296690557159,-2.29905136006575,-1.45428159906234,1.66307206993743,0.149507411332282,0.0599820228610843,0.00937824942457266,-2.72838237076755,0.643584901706511,-0.944182316377377,-3.26097403020404,-6.21934643012948,-3.71138642418138,0.442234342693829,-2.5582402764378,-3.74392708555992,-0.496976596980244,0.533257221272599,-2.49745372008618,-0.526151849571219,-3.10924758159599,-3.95076653166317,0.459206838189185,1.68447849612879,-4.15789835958013,-1.33202713523821,3.31321508787224,2.70870121953217,-2.77033360182359,0.0187575226217571,-4.27453968312923,2.85320588360968,-0.562318215286807,3.63773700604623,1.40574528703705,-2.41908443264048,-2.79965801600455,-4.20288201019564,-1.36792207313693,-3.2011064082299,-2.0254113095586,-1.75852056371253,1.3788620041698,-3.91116362936931,0.174040309559267,1.78197509894831,1.75912566667977,-1.55162755222855,-1.40028484636281,-3.11715432241444,-2.53510439492612,-1.88970237404519,0.479449090516255,2.68273733977527,2.28520400821998,1.45499516460077,-2.07830773717663,-1.35049992708125,-0.654108467387735,-0.106790863945092,2.04347890815722,1.77027746289561,-1.03048355724551,-1.96887227160973,-2.93583509473151,1.11070141434039,-1.45374132371375,-0.165454513110697,-1.02526704903898,-0.642449399020861,0.189354324467961,0.841652766063669,-1.5667116954314,0.0875859441438387,-0.741266213834645,0.75811906402748,-1.23398327825004,-1.11918490216169,-5.31598464985198,-2.57672210688078,-1.65265168443317,-2.10802008753677,-3.3912619671599
"59",4.49042294071858,-1.97120545677982,0.0756158495352337,-4.08781994689756,-2.04557559890385,-4.16635207094513,-0.651105575606275,-2.29807511523799,2.06403408189488,0.0864153942547148,1.24552744498405,-1.36822816376327,-1.08108862420382,-0.375489034871515,-4.12848424240097,-0.76019825513725,-3.80685846157583,2.75004321517779,-4.62909316547693,-4.96670279079289,-1.67768547689104,-4.50412979405666,-2.20684129376018,-1.4106729307991,-1.62734927118232,-4.65530060057662,0.992235178136341,-2.5621711398386,0.277086955115299,-0.989265267791569,-2.25101157494633,-0.831887831490036,-2.43853092433413,-4.07065471352503,-1.47746664701092,-1.0912925032165,0.515382923909987,-2.79011890846608,-1.01084278472962,-7.48358602064402,-0.574285280990101,-4.35568219965663,0.235411612394821,-4.36407846909545,-4.06397035052756,-1.76466114515752,1.16902310376022,2.07317482071879,-2.47735422167017,-2.91186755216741,-0.586687002795204,-1.11416086042776,-6.19722927204045,-0.170356833696123,-1.62743260024414,0.226061006332667,-3.7607204545948,-2.5880854283634,1.38141795951275,-0.682355362280489,-3.19014913196816,-0.556188966049765,3.64961930918575,2.30774304884279,-0.11124991404605,-1.81495320923996,0.661098521602016,1.23704639519308,-1.07724401833316,1.88434756109679,-4.19233783193546,1.46159014137097,-1.80177416811235,-2.46762933848339,-4.3964253681539,1.09642154068231,-3.99613644959253,1.03406805393555,-1.38764140412175,0.85399301344097,-5.18055847027411,0.302415848516588,-0.155378257357537,-3.56988371649766,0.748394731431723,0.0641406903989754,0.635146212064052,0.695256331969158,1.86693066721124,2.33760193711596,0.727688442633286,-2.99207683324016,-1.46454172919671,2.03222561008036,-3.2674652428943,-0.231268142663014,0.314780891942472,3.09714855562419,-3.37616397722454,-4.32039728807351,-0.638961024836091,-1.84575248122598,-1.4922121717661,-4.75470799512021,-1.4332551101986,1.31896295443142,0.698040068446365,0.429392753835862,-2.03271450353774,2.48583209875074,1.0147145427555,0.123232391059117,-0.547165160774151,-0.609157794480804,0.168660866757054,1.50887850478402,-2.21790936438421,-0.728236569021142,-0.540477795886955,-1.57242501427993,-0.46780735052909,-1.1527203357113,0.527053664572197,-0.645802760238569,3.02904533275954,0.567540620507514,-6.92967528076426,0.0271883299158744,-2.73489469131677,-2.04059958426473,-0.817808953447991,2.65093347605739,0.902829469933913,2.0404935119396,0.262564835358465,-1.27624002400741,-0.407434612169167,-0.416091138399282,0.342530953624712,-1.39375479929269,-1.52948865874377,3.02530188558539,2.92335289178151,-1.70683376715524,-2.7072405174407,-0.417462511150565,-2.55096988487777,-1.58179927608384,-3.11990209892998,1.775345503555,2.48873750263535,-1.83250722900496,-2.57354025425579,-3.01289423711262,-0.12321134492846,1.14226641897423,-2.20441815060925,-2.17100117334503,-0.425961575301087,-4.2023665956293,-4.57478043467309,-2.36982660222017,2.09429157602466,0.785807895039916,-0.368876106180845,0.0624958974736258,3.22194149968034,-2.78275939311893,-1.40454715221296,-0.874636946184789,-0.651630456548101,-1.61789872213277,-3.24449892391087,-4.55193576832897,-0.804436401778699,-2.99241315173452,-3.46865224777692,-0.72311379338094,1.68212152013689,1.12609125641028,1.84504347242227,-5.97166143017206,-0.581562428141564,1.73190886866427,-1.41587133092384,-2.11189077188316,-0.300299247718437,-1.80560745338672,0.867735455466258,0.960132093835038,-2.76288795044958,-2.90242848164203,-1.35866278408345,-2.0795826226213,0.0704450607197658,0.310999857580359,3.19204335442674,-2.8785400557648,-2.82159494605669,2.6700615896523,-4.14516657609074,-2.49847262102316,2.68540303912677,-0.200168946771651,-2.19859664683061,-2.05065928157446,-1.86225539150462,-1.73686422865845,0.315616013744946,-1.36548513957272,0.192353573858961,2.34816201332915,-2.90945556928247,-1.94186604472932,-3.28619592518792,-1.56162213170823,-0.221957057155301,-3.6725265475656,0.633069833817107,-2.53185298969196,-1.21557099602309,-1.67429900730249,-1.45520199204124,-0.555143255636268,4.29116380316874,2.32995786318647,-0.181298333730923,-0.107845256568056,-0.0649067211011808,-0.274989974928293,0.425363216727622,-3.15553032162834,-1.16637886135274,-2.02677866839559,-4.4659974033739,0.0992480329808294,1.83454654326347,-1.68073092840312,-1.41681140944868,-1.1250124282818,-3.60739197619771,0.98342348857132,-3.4896119448474,-2.22376330372319,-1.77954431020359,-0.934619374065318,1.72994679525727,-3.38045568102107,-2.85191185128833,-0.122698812576448,-1.94556854975485,2.27860545391358,1.25632746084338,-2.54856727688343,-0.200401630394097,0.29040915896095,-2.00808835522967,-4.96720910150729,-1.33678436468994,-0.596925960442206,-2.97462013646598,0.332546394198148,-3.25955678104413,-0.184473578746856,-1.17187559715863,-1.21729253079541,-2.326384463462,2.70845228693476,0.349255296576795,0.787912630901789,0.635035521017508,0.0818014287410989,-0.915268597297146,-1.01754917651259,2.69694660816997,-4.62706201638598,-1.31125939485006,-2.54288738056818,0.211857550509858,0.436664001726185,-3.20933608815058,-1.38899804724813,2.34057138130826,5.97915332634735,0.995618923269753,-4.33500021181602,3.41949241086835,1.89535756202709,-0.848742902913993,-1.41243996358921,-4.43146056782877,-1.7836543784668,1.28389508564623,-0.633939861905938,-5.15178000867791,-3.62376951923456,-2.22951949953982,0.0649479715605732,-3.32467057991602,0.891937174785242,-5.3779540112581,-0.00194212955801754,2.48616570184795,1.11828896343418,0.774771625223923,-2.00289636946008,-2.45202546148915,-0.718579548309565,-0.928764444883253,-3.58266054438185,-1.16065044625679,-3.29718541511246,-0.712379265112559,-2.20971525254388,-2.00403044801418,2.82469519565891,-4.21129952828973,-4.6502141191578,-4.85762480523914,1.06137092750119,-0.280719313848497,0.202387458574617,4.27400810064557,-3.72259386705268,-6.28456518736875,-0.0957982432179668,0.849914179512117,0.461959215906209,3.02973120557439,-4.53606071693524,-0.466301779624447,-1.19833464175617,0.825356392030344,-2.34298718052256,-1.2360737222069,-0.41914633703767,-3.78864441639401,-0.508605729487371,-1.17987288091583,-3.06172596663317,-1.38170177316182,2.45432147177883,0.771308028302394,-2.94779500477893,-1.55060792277902,1.05936722362181,-1.07414596652548,-0.129517811699588,-2.80639757129603,-0.976878457476157,-1.33684003386598,0.257693451162625,0.95460956660605,0.207606399125908,-4.22936113897336,-3.23418754468842,-2.35899907576499,-2.42869811886455,0.941069937035988,-0.96971690642804,4.11015754878479,-0.403060719570022,4.96917044408861,0.587175000481277,-1.30265885750806,0.658765256438674,0.733740815393064,-3.69172641267464,-1.44748977641494,-0.0635891777185585,-0.890957277751314,-5.22041851195122,0.202375942235617,-0.329002136208649,-2.59214727541831,-1.54836055507942,-1.96241439183123,4.10392354991387,0.628363654750937,-4.44879373072401,0.0674898044022476,-1.33056814709203,-0.056876057073589,-3.68259242384551,-0.592035525982578,-1.15025757644763,0.0419268258537657,-0.479725972870823,-2.24396213392242,-1.34462268301776,0.917790915080445,-3.91386832055678,-3.2195638714247,-5.85755740951898,-0.686740722571283,2.63507198341186,-1.16938869756884,-0.996858758692754,-3.14181027047985,1.02703898134773,-0.589505726856834,-2.4051209233856,1.03148229746982,-1.75394637446954,-2.12033481760108,-2.36140495810058,-3.24613672928134,0.223814297751574,-1.31140612520645,-4.12213671907931,0.147731123799714,-0.914246026567891,-0.875688907607482,0.235044881424717,-0.594343190833781,-3.04448159493876,1.82877279208927,2.58188442103602,-2.77898243466847,-1.08757509773658,0.516184907145028,-3.05186150199728,-1.46440548109512,-0.372218204671842,-1.9587407240617,-0.535784163910783,-4.14132409832601,-5.40570694918566,-1.35735856126862,-0.777418107118616,0.127902944934214,-4.4886569756425,-2.63190188958631,-1.1491653034641,-4.65265875212006,-0.111491677272524,-3.23413477232753,-2.34460397207258,-3.42387769557612,-1.55159180621134,-1.70892988862283,-3.7627809020419,-1.88077445497392,-0.778358231746444,-2.86187059875106,-3.0356197556096,-4.54404585838099,0.714854188848711,2.17840071880209,-1.80941180352158,-0.750956933198677,1.80857489911778,-2.1255511975398,0.54407158702865,-0.448539552836493,-2.56666616803427,-3.29378970037171,0.959902806526023,-2.57255633834161,-0.485266521574403,0.282481589754769,-2.41912736447849,-2.28602638144283,-1.50550036302144,1.50702233304534,-4.96130655296925,-0.344943775723841,2.13252701644016,1.15528728244889,0.47807905274004,-4.03330827279869,-1.19948228825149,0.371450416918511,-1.08962033175559,-4.11282719385441,0.998354657341031,-0.553597199738184,0.0826654501396789,-4.50314870191424,-3.56020011705391,-2.21864378615501,-3.47599706703017,0.585412992083236,-2.23795380823932,2.99860855570564,-2.29115978779803,3.70261988889931,-1.95744396052167,3.37583671424453,0.914870110043127,-0.88552454398493,1.24742083154223,-2.26892638687198,-1.17928918100132,-4.0845584195064,-1.17146589893581,2.9229258354241,-3.23875364223454,-2.43525778780406,-1.46474669382026,-3.65198693599738,-2.18348630831939,-1.87977142296636,0.550452181033795,-0.507881919458804,-0.94604173756667,-1.80591453565563,1.53008318814441,-2.70516844690836,-2.62917220601172,0.213056055335411,-0.866633470230436,-1.31332313819994,-0.831500576853704,1.85154075079996,-3.12110343367612,-0.209165766287817,-0.67288035193822,-1.10959246166713,0.111350285724096,1.5771494475582,-3.89067403527253,0.0655174467189459,-0.18928262532718,1.84503842032113,-0.221244139079401,-0.936782557570299,0.155793802066973,1.12241700398675,-1.23792082965208,-1.99040349660264,-4.07863262052101,0.41505174349442,-4.27571627901388,-0.111167670719656,1.16421834726619,-2.0163758700558,-0.314041299336816,-3.29986748789409,-1.18041375730138,-1.79229950061075,-1.6451965218665,-0.740081543491223,-0.730234792987791,-5.8808614955085,-0.0749460798854562,-0.691608499467738,-3.51904936846891,-0.551038914580635,-1.76837502338718,-0.577288846113678,-2.58902613597544,-0.221911566136735,-2.3846227776945,3.20917382768756,-2.93522377646719,-4.15060182397624,0.36886387914539,-2.56725540422016,-2.99174711263719,1.50047368934335,-3.53910902959131,-2.09354295502313,-0.896826787421274,-3.34327089438902,1.5307452632554,-0.536755822478989,0.293899757563116,-0.954002872706835,0.644181577499947,1.51460492263584,-3.7410265647142,0.267284047497295,-1.26853476970846,-1.63741256015397,-1.96923724052365,-1.02532271862964,-6.24523885752967,0.0420954959638626,0.761708557341931,-0.0891541579156531,-2.17029823300597,-2.80590071333282,-0.834800407644458,-1.38058861935581,-4.18001583967905,-1.34602940454042,3.29910765934476,-1.68913171843321,-2.46389726412449,0.713568963612825,-4.42484324559733,-2.73032532344793,-0.830532739876484,0.141630405353494,-3.07866968087298,-0.694525908321057,-2.08286492504168,-1.71729667016835,-1.78554827886712,-0.0103983168456793,-1.83635788598145,-0.5064474175666,-0.712237650987704,-0.708465079577826,-2.71049803180028,-0.856317619193579,-0.309610826403962,-0.36630927377764,-5.24198162731837,0.436231524782366,-0.521611345501086,-4.13754486968891,-2.23332642280399,-1.1163017880445,-1.61124652715147,1.35614677596256,-1.1609427861154,-4.26741874220856,-2.51397062262736,2.42139254120627,-0.287508479782522,-2.61077986635954,-0.219260407747836,-3.26180059805563,-1.54614498203506,-0.267995063889872,0.502633680974152,0.80492995510873,0.681737289978876,-0.865928755914922,-1.02212144769862,-0.127531029830715,-7.83644434038566,-1.47260781163476,-5.90389748539635,-1.54819947921822,-0.828953312508003,-5.59430378576562,-0.0907012253707903,-4.43568258775013,-1.89336305843717,-2.59920676557535,-2.19888880234496,1.71686148291228,-4.83601727131053,-3.68270249505144,-0.0936760503307146,0.368869138228456,-1.68711590626159,-1.23715992720522,0.972869109139829,-0.235835562963647,-0.241042565316547,1.40410792154068,-2.49986342780221,-1.87810803114211,-1.76479726607743,0.88618528554675,1.56867681503572,-1.77363725975601,1.28560981240076,-2.21426677422851,-1.22785368141563,0.348117355439699,-2.33775466464133,-3.87434014450001,-3.74026250198265,1.09319376375982,1.06524263784636,2.98812653625399,-5.73813140085268,-3.96425830761265,-1.74784623248993,0.485100211242255,-5.34651635369897,0.234810253790637,-0.2640342437034,5.27875544829208,-0.339902044969469,-1.16668097427268,-1.35535020167452,0.658954488872695,-0.616546752346973,1.94478670973078,-1.18418132902202,-4.22873398278213,-0.76814647499744,-2.15729176162085,2.56505319650094,-3.89287364391409,-4.54714897751824,-4.102762034233,0.570880214692994,-3.22527470896881,-1.71401917616142,0.0881463000011453,-0.728314468638083,-1.95894379484576,-3.62067389003778,-0.626820300827564,1.50222415411014,-5.93365290398274,2.65385575529732,0.0642868119864328,-0.759284198172684,-4.54438621300503,-0.487999047802087,-1.6836962383921,-3.06403365822425,-1.18680491754771,-2.58184282391548,-0.686564954275218,1.22935342263088,-0.726842190380251,-2.31276159894434,-4.13675714456381,-4.61072274718019,0.384540066123445,0.298340879734671
"60",4.67046873717382,4.12791981500591,2.17227372128501,0.410704233028276,-2.47520462536113,6.3752473615097,0.8396450692122,2.79338070504963,4.71128727455303,1.80226031233887,1.18049070311012,3.0358686292939,2.16348165514427,4.03666736113952,2.55301828060024,1.21990232207992,2.40680724863715,-1.26252141432115,0.165470185150584,3.87729468099121,4.57342193664259,2.5013501844526,6.71967433460317,3.10507776406296,2.97742370342809,4.21604827959083,3.13337969135935,4.78050085356849,0.968199108474234,4.86392581419518,2.47234852501786,0.945671214386062,-0.549154791352922,2.2933979672256,2.01083925242437,3.41995172122695,4.24682742645313,1.66159127317536,0.382399942656754,4.7503565297551,6.25728087704872,1.96484601214993,3.34620764607867,4.03205481314986,2.94795764951148,4.0209823893134,4.67515422581917,2.83456068891178,0.722155316382279,-1.95259815024108,3.19892748449723,0.755021564423223,-0.48927839736098,4.63384448406158,4.16710979244061,3.37649667496097,2.01050007588893,2.6771560084949,-0.565625966510631,3.33687606288837,5.04567386052722,1.22563174302048,0.951798389015153,2.5518756590998,2.29576941206487,0.98413930380003,8.98844526965327,2.425181980152,2.44407657222782,2.23510144645741,3.59081547463398,4.72467798915964,2.6294212958832,2.01756197975703,7.24242385461082,2.84239519002281,-1.43305236296202,2.81267331535018,5.46062166755862,1.65557725181243,3.90727262591797,2.82905781272515,4.36234022061837,5.40092413019123,3.71823063623237,4.25708364400881,2.67104395144467,1.93948177373509,1.25549954120571,2.43379623064146,3.00398548312867,0.402319844551021,3.99753914238816,2.12887323078177,4.82657900421659,1.88842746870646,1.42918970423412,2.23316915879292,-0.259719428530879,4.79927038232944,3.68850616050144,4.30296109409318,1.34227209423749,0.794248533036769,1.64668877943137,0.924231606071591,4.87198403311324,2.92475937093689,0.906964441027555,3.41757525079247,3.61486866187409,3.89597513351243,2.86474930524967,1.54349418447737,4.48310481185347,-0.581749588205548,2.39567352770062,1.52578936794116,1.72269029932754,4.00903709586163,2.83518990636522,-0.346122448995007,3.11987290784094,4.78496175138575,8.40773040793816,2.29206246851362,4.67584383600154,9.13123430318323,3.332538205729,2.3629901158912,6.90157405591257,3.86506876981296,3.0568538275852,3.20213469608479,6.42529564178183,0.520843412045681,3.54453802067609,2.82287047915345,1.65157413241605,3.18116540175722,1.1225918254612,-0.126851839355212,1.3586834547676,1.19786802830914,4.54716351036055,4.47212392369308,-0.201089799973363,1.76156987157262,4.95575509930144,2.28289608946883,3.29784777823214,0.394315554042098,2.90460965784412,7.21342206312576,2.9937229147594,0.383621915654225,0.371753279832022,3.96895211607588,7.15934774692697,3.88754935179675,2.08311469806699,4.28523988718001,3.50922752297207,4.69816317673335,2.6722151578203,4.42544839755774,-0.405611086253002,5.98876460049423,3.49359345173524,1.52760785982195,2.82674391114127,1.94014011267903,1.91140303603312,4.7746930137473,1.68331739533719,8.70565228397825,3.11306503300595,6.32067478113167,3.34603851992006,1.7275840755402,-1.93768396580694,2.41316899783367,0.26552811484514,-1.19250420298988,3.27981217926773,1.09416076033786,0.464399736221297,0.0559537174728675,5.70043673128185,2.78145067125734,0.100010787458677,2.65966339243831,1.67372031797448,1.93454752508936,5.17836972370027,1.9004308338944,1.95487772425305,3.60319467028297,-0.894034244159321,4.65738534279529,5.87324952263551,5.21502763200998,3.32716145687646,0.397406746445377,3.81955001727663,5.8146369959247,3.86744538961879,5.38950464805922,0.985650864979609,3.33831685552179,4.1571913716956,2.82261837830549,2.6442690218034,5.14542996099647,-0.286931826914059,6.98191115426512,3.18075148291646,3.99058166807795,2.82085476896122,-2.17079379870941,2.63037763931433,4.87965843676997,3.38663503107445,1.29019133432039,3.20113427750577,0.87603487452784,0.940352645821505,5.40399150716254,4.5623922781319,4.22273410959106,3.48186919627439,3.35796647687515,3.48112024072378,5.70819179553931,4.95249797757315,3.59078909314199,1.14098081782256,3.39014953681299,3.69322468396,3.99768373629565,2.72790016189265,3.54817613600804,7.14536438572806,4.05496814146036,3.1512132946514,5.77799107851073,3.79323615919612,4.900872027265,2.28747813395037,2.95293172465286,2.40921789655196,1.69054936143848,5.78408705438689,4.60554315072839,-1.37440836127395,5.42447002201409,3.9232262748278,5.96728759213543,0.406322341131124,3.48007522681381,3.39630858813708,4.04002195083333,-1.14668791119619,3.58334829799624,8.14443554266577,7.16205164446591,5.14519403491075,3.94907380673666,3.86680897949396,6.43961532376318,1.86086768059247,2.86835622299326,2.97985628703575,0.873578722303238,2.96016446048121,1.4857534898467,3.8596645825923,2.87079575357621,3.66480919386518,4.6924805027189,1.86039453851381,3.54535199834413,0.824503082146101,3.92166587996444,5.74570893175014,3.59043232754726,5.58158449080701,2.57514499450922,3.11585070446399,0.644465901432887,1.90984719077336,1.06555504001681,3.3167151814179,1.92627459209228,4.74350719062865,4.5998580697843,3.63139753536933,-0.225254855871686,4.25497161589955,3.00235909551705,4.2649630965958,1.44175016890259,3.52728030034325,3.19701265885332,6.28331917419079,2.57619214042135,2.73463830155087,5.31664025222763,1.34259605006112,0.214637115094038,3.51251402700691,1.95672762042496,2.48505703296262,-1.61666873802921,3.48438886804725,0.962758731817544,4.43158711458281,4.18553687973958,1.38287308104624,4.66397478351702,0.31470639947828,0.240867242250639,3.93062666807198,3.12363990380649,6.30177638577977,1.03491261391023,3.30754844306572,4.21923027604812,3.0747872705305,2.57742902614677,1.6234306751127,4.02958213674561,0.441150379138675,4.16517157360539,-0.316755151363201,3.11835498538023,-1.08998228286511,4.40388920016472,1.25376506233399,4.13455762216045,1.83534052275692,4.21458846246982,0.0316345244177048,5.24628855889646,-0.149060863852177,3.68369280588785,1.30882950150592,1.36366290824331,2.43232229035891,3.49834165985016,5.24057732507922,6.21562079271252,4.21271867342578,0.461506157605828,5.54139251273774,4.31333596927239,1.09027348640834,6.56089133375859,4.50061706363,5.16619207956293,4.01773126574308,3.01895049319187,5.54919973493899,2.42276280354188,1.2109443190518,0.374137451171165,6.4635784193525,2.75652068822479,7.31432085840723,3.63445087035541,5.62017516276579,4.13556164119613,3.56904414839449,4.73037713449416,4.50459392246418,1.86914127715913,1.19459434520104,4.30363879283245,4.66583388704004,6.30318049315186,4.17540759389687,2.03876672267616,4.02307023087719,1.21982953119013,2.27805667505549,2.7013336353052,4.35944352846236,2.27189313351327,2.71045455132839,0.468188945033356,3.12961477530191,4.9551699471083,3.56276153660375,5.94860170829363,4.24632703256636,2.74238755203972,1.54887007487955,6.70267127112181,1.68233871425054,1.9735402127236,1.71853718933461,2.91792381386051,1.31279377331115,-1.68085920987286,5.41508650009599,4.18131997949093,2.20970271140485,2.31672794425705,1.71031829077781,1.56224757936496,7.08124815509809,-0.88048099775552,0.401494801386446,-0.816807075745672,7.82546433408457,5.85721324042406,2.56346566053034,5.73328802029542,4.61647431247111,2.91453512761044,0.758061095842785,2.80395457131998,2.10729548073029,3.63709325352246,1.33587896648243,3.00438113909195,3.10627328413948,4.74487319380483,2.25763832041514,4.94627880303131,1.11553765218901,0.283122784775065,5.0227867053223,0.725499354765612,0.817209865311864,0.188530792646382,4.37435773302278,3.9527123206556,3.59370875024921,4.12435833940531,1.26402284427266,-2.52179148136797,2.61502140308154,4.71317678768431,0.666946780744162,3.79910166318312,6.64525046902172,1.51064340065319,3.80670737537476,2.91947363992297,0.164178560970815,5.28525622000998,2.43116311937501,2.7260568606529,-0.876816203981683,-0.163553969566958,-2.36938314119252,0.358970826377675,-1.18740332348177,-0.553921832870883,-1.07432931086152,-2.54234008753856,-0.545966856352925,-4.93266561570524,1.09380048763207,-0.00770095930147596,1.78828076281114,1.16491867615243,-0.272813302250695,-2.08725128155592,-3.12729152948214,0.766097053019053,-4.24932321536826,-2.07995153532723,-1.09608704291124,-1.5915451531541,-1.70766542607778,-3.77393701351933,-6.6353077884751,-6.86703813234132,-0.62628360205648,0.216009620830308,1.18301055444159,-0.970783881318953,1.58695316760964,-0.72528187668016,-5.73170483411405,-0.552727570481371,-3.59698164109627,-5.62238119153869,-0.622075548530179,-2.42573461438553,-0.495392007338195,-1.46732514105675,-0.746823251739838,-2.25533764111617,-1.43396171616456,-1.74428114306035,-5.69041905941543,-0.69317838477599,0.75444845673268,-0.424643574160414,-2.13925159101366,2.31644662083529,-0.714964487134553,-3.78177135949193,-0.300284527306492,-1.68191373440348,-1.90577339053005,-3.14950203089745,-0.693032774351021,0.34694746266164,0.633626176548082,-0.408108855294306,-2.03898240142197,-2.04911520115399,-2.25034358184717,-4.17306703445196,-1.72527969553149,1.21253022873925,3.35840081674974,-1.20565499027024,-2.63309422645379,-1.63982891760205,-5.02104615013232,-2.0651775623672,-3.31914203576116,1.92995732034754,-2.69714251057584,-1.043597715791,-1.51333029037685,0.370302244244781,3.36249888537117,-2.2542026977161,-1.92246786808174,1.9242050146272,-2.69154638797562,-0.512780845194352,-2.30608753448974,-0.28437274648525,0.484179719157686,3.96612991366557,-1.26592058450146,-3.32187623449019,-2.91355189630718,-0.359676451466623,2.41773000387032,-2.40464646603052,-1.72436296260237,-0.995430535325624,-2.6706254911451,0.729381709790536,-0.315890122830344,-3.71083483243885,-3.62998416260709,-0.659521663803522,1.27812990007233,0.259767799780526,1.79402833632614,1.07494763485628,-1.19985750348824,-0.665195740441099,-0.501858300756298,4.81426079832919,-2.43938910391501,-2.58258324461635,-0.623804790248131,-2.07181369555815,-4.16043323635623,-0.73307040497815,-2.470032144848,1.25590189742844,-1.30516766637242,-2.79395278806428,-1.66946948794927,1.43189782472277,-0.412684380899733,0.265040626703949,-4.57771349998483,-0.89134044655794,-5.23439908241539,-0.583255133779462,2.05806629670287,-0.377781013630773,-1.94621607978609,2.46234172462832,0.0852472468459915,-1.75177388912555,-1.30557272898037,-2.05990677798037,-1.24992127672693,0.704372090491224,-1.63358489673216,-2.33439027313636,-1.92399636076227,-3.18721385458016,0.692901546564245,-0.176342009759901,-0.395960227876117,-1.17602678911051,-0.913182509871569,-0.680782586277936,-1.10767799007128,-1.42419123101714,-1.59814798358542,1.79833687113024,-1.42062358462937,-3.29762165181832,1.53550658624377,-2.56323613575374,-0.554912837633554,-2.02058418462447,-4.73339661540681,-2.2797367209064,-1.16290568349266,-1.36991473312991,0.280896774193653,-2.37551692860404,-1.44697750774354,-1.65957709434135,0.949592130715083,-1.9343418112048,-2.44226760119345,3.57302524704929,-2.5062943912402,-0.876436098459534,-2.07188441775871,-0.652367574115748,-1.84382217184721,0.713984041732442,-0.703648207421756,3.20987978241739,0.171547051804101,-1.27650189199392,-0.560779570907348,-0.20873909124214,-3.72677856236689,2.04818703027825,-1.3090388642179,-2.53584228994537,-1.79369461903137,0.844869148902468,3.25845111319155,1.55619671937702,0.568718521696539,0.579753153177059,-0.334550621149601,-2.96948465983616,-1.11899539243289,-0.113172016755021,0.640249125688312,3.60217330093813,5.35011210040493,-3.29294838745656,1.57140211328464,0.228296408604864,-1.7697732281703,-3.3921372629115,-2.99098927093199,-2.70325337551977,-4.47531190164963,-0.296551876493464,-0.0788541933739756,-1.65706381050673,-3.84110165932185,0.870439865662507,-1.14097628818262,-5.02577805948195,2.51376533288102,0.822682990082987,-1.15738971400517,-0.624859538682688,3.71142625827255,-2.79482079894861,-3.13270021256892,0.856510100764859,-1.90947585969753,-3.05921943514903,0.227235425903114,-1.869246525972,0.0977143541627186,-1.50319738998154,-1.1394351000247,-1.51031767520681,0.137521045478548,-0.126851596024393,-1.12749897014337,-1.07870525403462,-3.55332485506559,3.14141616787465,-5.28941015421201,-3.50728571925202,-3.34070872115134,-1.21286423325209,1.35147891428473,-0.570130423355814,-4.51543145103924,-1.3166377212413,-3.040813715782,-1.46447404642992,-1.00572514280195,-0.387707429593087,-0.54650134475312,1.22318525441223,-0.321807697951116,-1.11676587554313,-2.88869510121187,-2.28185574044597,3.01934785288022,-0.49069432508328,0.351148541770119,-2.88142807241651,-0.683216626019863,1.03600699514893,-2.474675958058,0.426297627566068,-1.39538604493499,-0.982652612118358,-1.21452015736996,-0.314684240810476
"61",2.10249156051604,3.9177327354748,4.04442099190118,4.39044674487866,4.88778505416895,3.91013594322246,4.04652070690631,1.36403570310757,2.69310971219799,1.48641876427309,2.08879779418084,3.95236551936881,2.23661972708608,6.53075877566867,7.36190861534915,2.52134289389557,2.95060784258282,2.88469595105459,4.59571946146767,1.88981880106794,1.38678827211492,1.49638279065495,4.23015448973434,1.84766733096293,0.675460408247606,2.22795388754504,2.82785175764788,3.6360006833217,3.99646845050482,1.20246022469778,1.03805857526003,4.15606399583598,6.6095405057232,4.72533413834195,2.82856777740834,-0.589241548286035,3.18362378335262,4.01249842841313,2.23121295042275,2.16080763445489,3.72831590730724,4.17149334443169,-0.727914660020009,6.84648114818522,1.61489350666756,3.05982413597598,5.51490620265355,3.2815018489031,2.80934431382635,3.6670127229958,0.135227430509293,3.60936726937833,3.6700357020112,3.09680497108988,4.26217398173703,3.97347195380669,2.34141520744023,4.49213674472689,4.65709575152204,-0.744966935285031,6.37956476643746,3.82730858892044,4.10835560271281,1.91741772244781,4.76371737504828,3.99202291007734,1.87969584398839,2.45108272380488,4.41958038472953,5.21684300356869,4.58509975597539,2.24596661570969,3.82413123007402,0.857821115528481,3.84870051135818,1.8176675594302,4.29635464890195,3.15383097920332,4.21892975659282,1.99541950351242,1.8627053327753,0.985005539293459,0.603878559004351,0.552309669494858,3.14108078157572,0.576734095789773,3.03305367912738,4.14504696391232,3.59859288122006,2.29507409675145,5.56896034203618,0.612067388637202,3.28692382992372,3.18606724936926,2.11450482102923,4.90900718848787,4.4201593319244,3.42477344890053,-1.09146242929446,2.00950199368131,4.14443938573172,3.54662797264377,7.29453938140935,2.84164656410828,0.118826573933863,-0.512293251678879,4.44854322139814,3.38972139192388,2.84343229116904,5.4869663238155,2.56037175390353,3.6483130367412,4.34868379976225,-0.283858475369469,2.30235763580419,1.961142044344,2.53836802796819,0.809212251856314,3.9644718504352,3.41643832465273,4.06200005087188,2.88350221280366,3.53038222047349,2.80401684483403,1.91875412888556,6.35371885029618,2.7994339981505,3.05635281551558,1.74183803850747,2.93136367338274,5.77032368856871,2.2450661378109,3.5474820038247,5.32803892530065,2.74770340411221,2.5056451275864,3.79626457986747,4.8717337249343,5.5507789311333,5.14454665902005,1.43978632520858,3.11456963523747,6.965048926297,2.92244362745181,0.424854662427525,5.76927429815947,-0.228628331693866,1.88078231218282,2.48921276305252,4.42322892220958,1.27489754336779,4.38125533999125,2.2563804922114,2.07297431511075,5.6573392993406,3.95702122505315,3.20381932051408,2.65584927119069,8.48630962807332,2.76025834842611,4.04888850133442,1.34958180766685,2.90593170425891,3.36754119712816,5.04292180939815,2.05501849325668,3.73719548339596,5.00055316920495,1.12415606472227,1.34495769669644,3.11721544976387,3.51625221556816,2.84500120227184,6.63144195552204,3.16732884910631,2.31771255032041,2.33301063038427,1.65496351693352,1.8184241561524,2.46379362119071,2.81857845316034,5.34081573040041,0.596611781740615,5.74224235266788,0.110376775892499,2.18792491086815,1.35778113286469,5.04028020696422,3.5287456934537,3.85706648340713,5.16095477288385,0.602510752417174,4.79317893236555,4.92108540401608,2.44335602822637,1.41720075698269,1.30464464088039,0.814436589968166,2.95786707277715,4.61213338556605,3.15360641227411,3.78796174368666,4.80859478443318,4.24761469633031,2.40600352311996,3.08904722429572,1.317633516689,4.49920066092779,3.06050918212919,6.68555307341472,5.33339348996796,2.62607719873569,3.77067222254635,1.14588528327266,0.429179427654152,4.37349028586857,4.92996776001862,3.49947393569986,0.650000954099541,4.00461989919735,0.0980860551709415,-2.19278752200049,4.22648991421984,6.50972790823309,2.34942132297641,5.01658963212475,0.809038698174523,4.09419907448171,-2.06332988755723,-2.01038986007956,3.39359943590971,3.61483917682766,1.46094471421173,2.96070812158305,0.0385645329208693,5.50175441750824,0.665235298113291,1.9770381100763,1.55180626485176,2.09991177245574,4.68688752077399,5.94024252766717,0.161855449353304,3.5498638101798,3.49783523792736,5.19336495944092,1.28980880599894,0.741790251640845,2.70343276631211,3.41478980227583,1.21135531329108,3.35893237243915,3.27064437103351,6.33230551495851,2.16811410816128,3.69798221982566,1.46397870817495,0.540536087591398,4.18771699816201,4.79995904430793,0.991669756765764,2.66196186672837,3.85358155504198,4.00757856555735,-2.1066243660468,0.21839329400699,5.74665039953025,1.38948935293638,3.44576189425203,5.03116342557034,2.32449873578929,2.6759944776221,5.59339114941378,5.50227755988938,3.51598995543373,7.33273164580479,-0.552460441729474,3.24097527685418,3.25699942383814,3.44683410191654,3.30105759391089,4.15312840726003,4.08473519019406,2.47181585067653,4.0994610405729,1.17648238461528,2.57924404899188,4.52094632501973,0.758240411762204,3.23254855057404,2.54080082272148,-1.13952689418796,4.43234848831681,2.97063047593408,1.0632804769458,0.526510034210056,1.38470100719087,4.77375453636515,2.44426966066042,4.07738286035945,2.32556240662216,0.857170453948103,2.97909141975464,8.11804046926713,2.73356185633605,3.92272102564277,2.06650624832768,-2.02676721706862,5.32003080582825,6.17834839422388,5.08080487176579,3.74639702575894,7.36063780428884,-2.03912643479499,1.80870685098878,4.06921289524041,2.77808172748242,1.85463654859323,-0.193514047524627,6.8147751699173,2.90317517307496,3.22488345993396,2.11859314377882,2.50071768348054,3.98017537656927,1.42378835053198,4.18886815636662,5.81869512851329,2.10085723176007,3.72162864625445,2.24092217673909,3.94103716926123,1.06925838701981,4.7220769617079,0.209118101189036,0.779306711401068,0.762721666442396,0.249602875838146,2.974710526136,-0.475619615932334,-0.429851741599819,4.13108524924157,2.20728378573025,6.39451825726246,0.807612616154163,4.5251223915597,3.87066494724356,0.641573697453149,2.84404499152387,1.9780874367168,4.29818493407355,2.87204520740814,4.99144281946294,7.2362276421588,3.38968622572298,0.759181610604098,0.959502263599248,-0.871259057591124,0.20812681868459,0.148119702869544,0.252009623405941,-3.6576353053272,-0.710454488581602,1.99885679102391,3.75857374869008,-1.34692753811542,-0.76794435248318,-4.09284064471639,-2.95267825141686,-0.938086696189362,2.0065107020431,-6.32970739321928,-2.411279958792,1.44856416250167,0.242526154126779,-4.51995028360819,-4.1469718187355,0.11435916262578,-5.5253927532273,1.41509621465787,-3.11427119253377,-3.00215316028022,-6.43087342839461,-3.12662419069117,-4.86932873073552,1.16281558633878,-1.01749399942113,0.990983307935144,-2.1464173617012,-0.311384232484427,0.377231596796006,1.69569625288741,-2.76254784549358,-0.838281653862204,-2.73523021180965,-0.384336151431045,-2.59898128052308,0.942286955606927,0.168464837355987,-5.01233019824995,-1.32888429455569,-2.22123652230407,-3.39230581765758,-0.239182697819155,0.761968002228544,0.489035312344847,-0.117633382969161,-0.485965984107908,-1.32646475635183,-2.01795503867076,0.447873168653962,-0.530246758905283,-1.22175332992963,-0.41140901983968,-2.66382451424916,-0.0691025043693412,-1.86559131735127,-1.36301316239019,-1.70670149970332,0.494051687227529,1.15211391525876,-1.16302639925622,-1.18274703614177,-3.23164814779514,-3.43158067676361,-0.69541631763425,-2.54084020397633,-0.0287278132475643,-2.31632398244571,-1.26652480932516,3.40041376947246,0.675558918236793,0.0673067541296142,-0.750598969379468,-2.40812994761919,-5.25996997670898,2.83478275546892,-1.59801848295285,-2.12244429358764,-0.74368289734213,-4.68791510651273,0.417025747039913,0.58686192056443,-0.603235549247958,0.285891664289501,-1.89057387493179,-0.851273334761672,0.568852830056643,-1.84199199695438,4.92745008154703,-6.66970939905793,-1.55068747698464,1.29628782333354,-3.32317488420448,-5.40905733618684,-0.849371673961384,0.283599023782261,-4.95047474567793,-0.392562838673899,-3.75827547484015,-0.790462899405437,-1.93173569688361,-0.779524791400868,1.11465657821075,-0.103379113007943,-2.79985497268147,-2.25469596681204,0.013465851419538,-0.0975786808303506,-2.44586496999779,0.851632546998417,-2.41039861967553,-1.25188201112231,-2.91088905949985,-0.239822077709343,-2.17833812433705,2.19728356449712,0.00141102725099729,-1.87859647652051,0.0702067125444641,-2.44982376493872,2.27036514748994,-1.22639429374597,-2.36662803977879,-1.36170361629222,-0.724886431995202,0.588563277075144,-1.06259607807682,2.12389866842531,-2.37370052412359,1.85763241801773,-2.26137903925335,-2.58006094287179,-2.65700064774065,-1.7668391140032,-2.14019929524148,-4.76416420405702,-0.00626952782575141,-0.0891819245000517,-0.688326553131815,0.254090660715407,-3.18058529790918,-0.54404714935471,-2.22017228063634,-0.519573714393188,-1.2772491947161,2.43950527904226,-1.06699581641334,-5.00004511813766,0.535991685083183,0.330914836769449,-2.23131016291017,0.631032521148618,-1.71753254693333,-3.17638375389353,1.3772859104627,-0.95678762426481,0.251541714928027,1.38766572627041,-1.19317781327793,-2.16621186689334,1.95360903741258,0.523359934683092,-0.69607429975507,-1.60551832104568,-1.51947059911779,1.20505319455733,-0.580114808496035,-5.63568857845316,-0.876671031942741,-0.937545532326447,-1.68167593923795,-0.312985985589178,-2.91769468292146,0.964035573833658,2.84662318073898,2.06842647636931,-3.51500962671795,-1.18750337362217,-1.16002236466026,-4.76337183296715,-0.251497998962667,3.18618347375248,-1.96817530761842,1.88689550404562,0.148509923297268,1.50806480406771,-0.470293783684018,-3.59738530190182,-1.71778956616592,0.217580469091452,2.39037582721211,-0.590417760770737,-0.672640007974438,-4.32843447989484,3.19175203953467,-2.62999027876821,-2.05366957753489,0.457496998557482,-0.97390866973167,0.180962104710918,-3.49918945964535,-3.25719185738288,-0.339608673460118,-2.57249007411051,-0.171416119518347,0.186715135965436,0.209242463848383,1.65573605024289,-0.974562140801518,-1.78052022200064,1.71849808843097,-1.82584511737271,2.08937542977674,-0.875456908237017,-0.0503169850868986,-0.843898447437196,-1.05142190389392,-6.14294725202271,1.80123380153464,-3.63944203000367,-4.74915630162163,2.87280916413515,-2.31428526339294,-3.15552190242051,-1.80554572270102,-3.21137812225642,-1.48875324228777,-1.47423986040359,-0.331374127053698,1.38903636075569,-3.25254920392609,-2.91627664869305,-2.41554591685087,-0.537831008232696,0.432673214863734,-0.897631846736467,2.0082205026956,-2.61607196315106,1.2041335913435,-0.640401956180439,-0.267458136366411,0.224848896210396,-1.03897086814639,-1.40781169759392,-3.50996401647753,-1.37210194861627,-3.67923805544714,-1.28125956496574,0.0720386154371979,-4.12611560734253,-0.808648214159685,-1.54137782817215,2.74714610926484,-2.2617318336951,-1.30755431588831,-2.71324146411669,-1.32628617733174,-4.47641495312353,0.477339967284097,-2.15965002579668,-2.25555162591832,-1.54365234975927,2.5032848045421,-0.338517204958838,-2.62349472457096,-4.39900459501371,-6.7774016189676,-0.227331412254057,0.248330101785724,-2.99819166744557,-1.30065209980474,-3.70986008106597,-1.01938314161053,0.596844237661337,-1.7937465967704,3.08079987954443,1.48244649067239,-2.40142459519043,-1.33783800893824,2.12585751441163,-1.57784857763625,-0.485214008238258,-4.21542964251613,0.271585048853085,0.867426211846259,-0.036596363921977,-0.491781709470006,-3.25651127902724,0.798388365707274,0.24417411102053,-0.560168484394101,-0.835570871697612,-2.68661055019929,-2.4444310186461,-3.3442325211227,-2.64224634537679,-3.58750826054453,-4.32024523686465,-0.465078947292201,0.140519083077519,0.754531059836695,-0.0434723913430007,-0.180702505052811,-2.4507544268153,-1.69636620067725,-2.32916297346314,0.604549959028194,3.31412647909608,1.09019653727233,-2.06974104230711,-4.38245883879008,-0.904274903881393,-2.66243729714226,-3.67131697240948,-1.37482818635644,0.462100256456197,-0.744873875003622,-0.572454521283544,-0.766767538083915,-3.36695462469039,-0.735378314044081,-2.07379181286314,-4.74965564502146,-1.62266406886889,2.092293475762,-3.69216388011902,-0.791298756809642,-0.619778550664349,1.93025441317168,-1.13917870836334,-0.606016242443814,0.201416060407944,-3.70674483842138,-1.84450527739174,-3.89352086181288,-1.15574142724341,-3.20348240890715,-5.12762225037383,-0.0628285791074209,-0.62191596246686,-2.50334491348783,-0.0921085126421138,-0.460703998052509,-3.61884289071627,-1.68190158477968,-2.05117309324539,0.673204130394612,-3.47490957518233,0.0554150984083215,1.29907400333024,1.8231181501957,-0.230582587515083,0.557788414847778,0.404520898757146,0.294535172347175,1.5703486936725,-3.67383302247235,-0.512166351597065,-3.70925882011917
"62",1.0311652837715,3.35232743116775,2.87092194186477,8.10427602685819,2.75770661880935,0.322958739990673,-0.5584407410723,5.2415188183339,0.867090060419097,4.16893698135223,2.44285886796293,1.65590529507871,2.24558051072319,5.13461036811619,2.96922216258214,4.05066309438579,-0.168767306860416,3.70686055041133,6.1597347534914,3.43492402356512,-0.604672958701598,3.59098901910346,4.01049704020905,4.31489974059416,3.57998547696329,2.48700521555637,5.40203570262685,4.42783466954729,3.21277401450323,2.43473572451258,3.56880331461975,2.30930485530667,3.04320634871475,5.03256653933353,3.53552640412434,3.98615698947602,2.15513479460727,2.83522462111417,1.7092662923006,4.20874805559802,3.18370696432754,2.82688784557264,3.87791869923493,2.15883628271368,3.02255985378041,1.93817738225118,3.69031715221672,3.32360746407677,1.18839668497869,1.60735011072541,5.26799437313637,3.67366312833022,6.4140192855979,3.91571835064466,2.11733420055289,3.93845147332717,1.74682952299018,4.05031426222269,2.51710590884727,4.84954513228678,3.13458855171002,0.819880620609263,4.74679414456411,3.95683792775775,3.17488981319508,7.93037514423813,-0.0307958261563268,0.40961728339059,2.61934062581818,3.78615042634639,-1.99252896269529,5.17589750466641,4.59302863211165,-2.09051202023228,4.0009499403703,1.39667445574913,5.90909549309659,4.98431001018095,-2.01250192649224,1.11799926056444,0.864744046389626,1.27180059727272,2.17983487215647,1.26249685917335,2.02183558004919,1.77120705020886,6.01865226169854,1.57259052476333,1.97965731038697,-1.41967207262671,1.77908022535977,2.61418170199638,4.46915436013643,1.46973369916593,5.14657688171393,1.06278889984688,4.8860009333142,5.27005918841448,1.8851271630336,0.421849270334915,5.19399817073275,2.62728436516703,3.11244212872385,4.26389003562778,0.787951729194508,2.6634621711584,1.89137413603005,6.28569303969669,4.91714549952232,4.00097200272709,0.0983951618894214,4.4840633062543,1.68455030508808,1.73188639462093,0.97587769926957,4.96666222442599,1.4048265873662,7.4408738966228,2.43144299452519,2.69716681248774,4.91037084907252,4.07113221485104,3.73344087340862,0.722477940350244,3.02967853103348,3.67164861333548,1.41101984639445,4.80855268406286,2.72561580204347,1.86645374734522,1.58772409657622,1.23590071161911,5.91219765279459,2.55586910599241,3.89468576970468,4.35384033816237,4.01428171786639,3.10109542458239,2.77571322979519,6.16171946257041,-1.58739345212248,3.4233146490294,3.45514919338514,6.23938412940423,2.42206631799334,1.44031312920646,1.4477881655774,0.675835457771137,1.99630251222028,3.98674869493238,5.18384530552536,4.42488059959552,3.50261882783922,3.89144448389191,0.239435209735993,3.29286540832526,5.02401984914461,1.69163251373931,1.25843626740563,1.82464414495678,2.95867131648762,0.656753422956201,3.02733644708557,2.22893539625627,5.88115868185823,4.69941812597591,0.790896541820942,5.03805096251177,4.24491735255304,2.76222398843254,3.19494377608604,4.55627190797821,6.47081255712172,2.55416679821836,2.26124692369892,3.82825561386146,3.76759604953264,3.26861036961889,5.52600179672889,4.66950684796035,0.0596949697658147,1.1078868964886,2.77507370151315,-0.8556244733597,2.10042961762956,3.87030030661656,-0.0241382606481118,3.65407247363551,4.74931936830041,2.37227698505848,2.05177170466813,5.65400091115256,7.77194741595683,2.5029118489891,-0.187783765532811,6.54455272251485,2.94923051195729,3.65667335468722,-0.133485449451333,-0.834423829806192,6.22014450127929,4.67199266432244,1.62447306770633,3.88477285262881,6.90070864533828,5.27478781086231,1.0305905718915,4.08029543407362,1.460338212747,2.78195137130203,1.61794184905579,2.233435785881,4.04958177292382,2.54354772276766,2.07759435211181,4.72956244511943,5.20509030502603,2.65341264466255,4.10545060632866,3.41407442603666,-0.0706649250848352,-0.756418268893385,1.11124023599838,4.46389553929379,1.76040433060073,7.57084461934565,2.56322111069846,4.39622705951337,4.46761615149697,5.97966126418644,1.90019262787208,3.65728031067041,-1.99441700079681,4.37403681401936,2.68315911090606,0.948251630612203,3.11077649716274,4.34406506284523,6.52830088795768,1.98831828334112,2.55385739314271,5.88210528032114,2.40060804912963,0.621172617991265,4.72858284036772,0.812645841661919,0.0752047693864979,2.79287182227877,1.70692163130491,2.19012628631921,4.42242379371339,2.63800288256884,5.65797057193,3.47264963995798,5.58035610035154,2.16623833412164,3.890832254666,3.13420208679143,1.68338322204537,2.86951301571982,-0.0901007146559394,5.15078435893421,5.07532909526596,3.14229920238466,4.76245095880289,1.15355388777614,2.28115272423794,0.752387371600311,1.88746990847586,-0.232820521306151,3.44756253712516,1.07689642467248,0.819975546839312,3.33797984730263,1.00969413947516,3.64733168481172,3.23452154506414,-0.661538632428492,3.43819957218672,1.97083272928223,0.341099104735065,1.84502575684801,2.50459089222871,3.31424484329533,2.66441905765046,3.03181855472702,1.91686686308952,2.20195817487556,8.57253098336005,1.63334518820111,3.12148035422569,3.17343313697864,6.79499805136757,1.90872586706528,2.54621652021716,4.179495424295,1.23197965487509,2.69383469713769,1.6788268886884,5.72009014089426,1.45724314186446,4.00450756934586,7.85077498803215,1.79523076945535,3.02799843439976,5.94905562753114,2.06673533813578,6.03233202106607,2.10939911567567,3.49727916905014,3.40838632682911,0.143714802339188,4.37859432182097,4.1047534056925,1.93656481063547,-0.0202152135180267,3.79088769990854,4.09294724810788,2.51194436188983,1.34584808946762,2.62769198201946,1.21174440097631,3.69479980251861,0.104253718204042,4.6764121657695,2.81185656452332,3.24480607779826,1.31968433034982,2.21707324973821,7.3367505904295,1.06846530497042,5.50607875649966,1.58859501100287,2.73511369822479,-0.718750980893583,0.158439207469343,3.63276344327792,4.88963069764841,2.9141078766487,2.32145786452083,4.67352009231341,4.29766501025312,2.59757568738964,5.11437759601472,2.88408252528397,2.53995784642254,4.12339444804552,3.32799869215263,5.1741246055334,5.78765186965208,1.75495030076443,4.56987028612828,4.81976057824879,1.27791027802692,0.282975508336291,3.18863237891839,2.24253628446324,2.5293081652384,5.94377835044425,1.36032788770719,2.41826516777147,3.40953886562422,3.2443740947654,2.39443559028365,3.36640231874538,1.13115602797306,-4.20656402838235,1.2922161300209,0.689654021919875,-3.1599765301704,-3.69455401273762,-6.83917586038091,0.767409966874398,-1.04368613509329,-2.20025317830888,1.80869764437279,-1.68030775244579,-1.47151159137322,2.13534312730298,-0.382352424793081,-0.655371818423983,-0.0446546267143116,-1.08733378099083,-1.10224712303751,1.02694043899453,-2.10176056596904,2.44640147189547,-3.02871136335187,-2.39110484677721,-2.30612620148169,-1.05363324308186,0.30876893307475,0.420934499718222,-1.1412369219601,-1.5257599358861,0.419404478492872,0.711069608756461,-3.15852818518894,-0.861034088023011,-1.59005151400936,-0.308505471004497,-2.40840821221991,1.21612409749313,1.14154572526728,-2.12142237819395,-0.547356247244042,-2.37128157070947,0.634617548663577,-0.408612022584358,0.747165760945902,3.07746699907684,-2.82588148231062,-3.04071158097214,-0.39803913098503,-2.96294095038592,-1.87515862291818,-2.39300670686109,0.266910389571764,-1.47794230710222,-0.728135681272924,1.67751028431922,-1.26216332443108,-1.71913096386566,-0.107104308032699,-4.10627945979622,-0.195642481461738,3.22734294658661,0.573209673571343,1.68152524121194,-0.187245219650304,0.641839674377898,0.387965274076069,-1.97430764921316,0.196467122296843,-4.81841386401122,-0.852116416333688,2.34751211734663,0.407325822186108,-1.39447498112775,-2.16332847951113,-3.02603567657047,-4.83532796272189,0.125628297421558,-1.24097109874277,-3.51054590532748,-3.55903585883063,0.111083686152754,0.24945951955242,-2.7998509440663,-2.98910905330206,2.77464563435169,-1.11318127349347,-3.09988212026135,2.94218760073372,-0.451414942761521,1.48725352287847,-2.76478095090269,-0.560593251422999,-3.24801187665656,1.40257111805277,-0.735943881008203,-1.96821124233207,2.96224360965768,-2.53628676872337,-1.35577013580534,0.403119809081201,2.29380137752757,-1.61079549531485,-2.48810918202203,0.862045351839662,0.984935016144219,-2.26778652499582,0.139819718061073,1.33719113951216,0.612141325716328,0.496689871175271,-0.0706448335480359,0.561856441952381,-1.40932036055634,1.789694175469,-2.44912386491172,0.812285054225346,-5.19220784294553,-2.07140004847867,-1.65362244018285,-2.76308014240454,-4.11677629423656,2.7188665296942,-0.952034178187022,-2.53966887322584,-2.72314302650795,1.45733665376857,0.0962466314716655,-1.49562572515658,-4.71242556808407,-1.63145909134946,-3.4918159512357,-0.529286128861182,-2.38070005663022,-0.69812222320447,-0.992586350567348,1.61332540085291,-0.836937366608056,1.05691730615539,-0.127910475815676,-0.767346690989842,-1.52355951466115,-1.73052085772993,-0.0754536545968745,-0.3757390557311,-1.48062910062475,-3.17742793712989,-0.935891259880316,2.71256037761959,1.98550439227008,1.37181127063644,-1.49179383844566,-2.93859921223235,-2.02988071276973,-2.64079340378064,-1.97092739217065,2.01767161965392,-0.129205947298177,-1.36846751075701,3.08846081616347,0.153061727116685,1.32918317962413,0.0179717471476804,1.77922742274992,-0.488129010692261,-2.71514063654653,-0.244154939645944,-2.49742074156415,-3.5431081395994,-2.70355719291476,-1.83884717770703,2.14034924068583,-1.77371947286609,-0.453158100188946,1.4761123511087,-2.93949146427494,0.802556893318558,-0.335714542853912,1.19205878421292,-1.84882410230069,-0.28287073498633,-4.95820094255795,-3.05719294162548,0.64944232953123,-1.58869672339464,-0.538515420113396,-2.18442599292712,0.274437562936785,-2.743803624297,-3.91572127022427,0.187038278502953,0.611296701639194,-2.6984033584254,0.351767361460972,1.13822641204495,1.25724986636657,-3.31572436395712,0.560554466191641,-1.77984813610109,-0.544001038657307,-3.24650160433916,-3.15591350689901,-2.54103221505466,0.968129151253915,1.01822263821185,-0.922479913992232,-0.977872109659136,-1.00139989984785,-1.37778974012207,-3.22559484961414,1.40776574201931,-0.83457645105429,-0.406899624749759,-0.80836039377325,-3.61890538926292,-3.06870071641591,-0.547803848137013,0.386579746949729,-1.15915960796659,-3.59894282079337,-5.19476441358512,-2.85218017993352,0.81094706005543,-1.71354247749183,1.34844035913897,0.603384021878614,-1.1812497935036,-0.411869937479399,-2.32228859293133,-0.651660057014881,-7.67147244037101,-1.69770652042945,-1.24897009657967,1.04013610332493,-5.7543632454443,-3.21061545444044,-1.71799357174933,0.367946149249548,-1.25193907428777,-1.92818292352255,-1.02074141899212,-3.31497480957864,-0.589580960042529,-1.11081645853073,0.0317259414662645,-2.10499909594368,2.09891129259377,-0.633444289255253,-2.83553678713727,-2.4795363034503,0.927930424533811,1.29586916115243,-0.142580803559595,-0.0776269311284117,-2.26982236561867,0.00183857052221592,-2.23604864163951,-1.47981623839715,-4.82064434476361,-2.39059397013047,0.0614304708656168,2.51932537193134,0.578451028873509,4.01316446930993,-0.637667059169229,-1.03464152019495,0.429501235732276,0.489929688367552,-0.654288762695688,-1.89421671146197,-3.41163260892495,1.63814424747433,0.512803440693245,-2.61709475684074,-2.72535805742828,-3.1759335579689,0.437484152332384,-2.25656859555774,-2.05846447354458,-3.63107185605642,-0.812000322962771,-2.77646193931161,-2.81001117799312,0.0884420199688551,-6.71265719460588,0.290532404868579,-1.60460911101222,-3.41030667330291,-0.779783030403359,-2.46713634549288,0.741637629577684,0.895978982662298,-1.25822855223551,1.15017692872721,-5.06057830739284,-3.03080159723968,4.11162019645734,-0.327444983513021,-1.24381830942636,-0.999982343524054,3.13451770186421,-5.2482854671115,-6.99019218319613,-4.6080868537056,-0.61026155146581,-1.91280619944995,3.56357532624352,-2.24722537894707,-0.666025561834932,-2.6772699710924,3.95623702771626,0.32830792896359,-0.568498688378634,-0.318998891763556,-0.227974188975632,-0.169178127444722,0.681616109152188,1.31699037225068,-3.88345957213769,1.19550808655845,-1.17624851977389,1.22073275261639,1.66397611269659,-0.358573444711429,-1.06349749557264,-1.87971133535493,-2.50716390339419,2.25446200658802,-2.04442773479561,3.27438581966853,3.83243422533454,-3.64964371530849,-2.89971066734556,-1.59262472442932,-3.89628394813895,-1.9755335654389,-4.91501004466952,-3.14860758435382,-0.455199811830608,-1.38896652041686,-1.0640346739739,1.66339219814414,-1.59515515377625,-1.13547198270717,2.54848834040088,-0.0374726561820841,0.759557856154764,-1.77628992669451,-2.23472821113018,0.142143733171948,-1.49305873848304,-0.451089154288597,-3.440245633747,0.0362220345739794,0.242531371482356
"63",2.41735330468234,3.95417414737989,4.73171545134177,1.87551205964649,-1.57307584630206,5.07196402468969,0.198859047791897,3.27962034504715,3.29037271286097,1.62532372639759,4.72335466152575,3.73197825807441,4.65505891013575,2.95783922375683,5.33284274969654,3.50049633016846,7.28469169207311,3.32545889606596,2.05530633202438,3.99951906385702,4.81029347883679,5.27585338033058,6.98579420508192,1.97097679228156,2.20517628463173,3.12054661770777,2.66469462048285,3.30993596305588,5.0963812621905,3.67796464487086,4.27316638484615,0.709399159426507,-2.69768251208682,5.54769471659663,2.17407912892122,6.05519685288024,0.15220379506216,4.27491194191743,4.06639685929386,2.22491049083433,1.14139669280434,-3.0454957461971,-0.561446399885423,4.91779457767868,6.72750605084623,1.72444939665895,3.52589129261703,4.88369876689553,3.91581753107744,2.22585641384545,3.25809723563954,2.38172506386688,0.121566867729903,4.08128114802293,3.49494723834827,4.9410737434017,2.56587883759395,1.05094556623419,2.49697079860297,3.33681833706141,7.40297142077902,0.825130280023747,2.42090816179479,0.276886845726893,8.70343181217647,2.2568766167918,5.40220772973801,3.0974656094934,2.03540485035174,4.42609298825419,2.66277294448395,1.14394084889529,2.8071732806166,-0.339876911324274,1.65298376731305,0.449148861489266,0.920926670827668,1.60547747648836,4.16107709384242,3.49869314240372,5.25157924464273,1.85357467076273,5.22555348471639,4.05455543374278,3.25053658813074,2.82066123425242,2.33527737267503,3.96203968266309,2.79335782574184,0.774116111212225,3.7293764805535,0.852484703769353,4.61406362844192,3.27889570925236,3.16152915201979,2.61651189967189,2.59116459043767,4.2378903696482,-0.744037443205678,4.80942687816662,6.7380219392899,1.80422658621767,3.03433630437226,5.96625191162024,1.97455749977943,4.59929866079921,-0.254079958563084,3.34638688050798,0.152267743292335,4.62282984932908,2.04696634185303,4.10155517399765,7.21433917549373,1.28201292353025,2.62596155592559,3.42829817110969,5.4723074373074,-0.854558678712386,2.53298867387951,3.64941767947786,3.86779996322404,3.81090531796614,-0.923423298342533,2.80991209329607,1.6605754627307,4.97004871731427,1.62008288953,2.68076713845852,4.66201313039917,6.18806989927341,3.54539373014861,4.14955647758784,4.47477387363395,4.77221359739071,1.73074415516535,0.285687469815919,0.0982547536143579,2.96804939771579,4.6264573419025,-1.12999086276261,3.66037710837996,4.19371108529708,7.05841742172538,-1.18855037342416,-2.67085118656867,-1.8600195576013,0.0327607129897347,-3.91696760761955,0.64032176065183,-0.0105984701209437,1.44240831324336,-0.355842902946331,2.15664616967465,-0.474142849025662,-1.33979117166143,0.480961413770708,0.711361952851888,-2.84042791299937,-0.264177942102438,1.99290691587339,-1.79263406761171,-1.52879867354511,-1.0089571472461,-2.49130198101915,-0.902515449666264,-2.754193746873,-0.548234743033886,3.98232252861967,-2.17664087473936,-2.09180518336491,-0.240128656142275,-3.31940133496008,0.528827923459716,0.397731414655333,0.939682170145483,0.131425489410553,-0.641468507003348,1.02155417230669,-3.03954779396086,0.335906952493672,-1.92120655845267,-4.1675976808568,-1.84608006419183,-2.18775493426626,-2.35149688729977,0.0526917066960504,0.135143879011447,0.375032569051487,-2.7777531197841,-0.41791602388685,-3.65241412151787,1.06601602836195,3.07772271876458,2.2480886185368,-1.10370363740211,-0.915090753344978,0.722226147921918,-0.949104957879362,-2.49049985841045,-0.946161973896052,-4.06242612993585,1.66469739404578,0.537553084306525,-1.78206054583847,-0.761760567287137,-3.15566200686074,-1.51957926493203,0.0578917772710232,-0.0187033132875172,-0.999034301686922,-1.90198299229073,-1.78420852794747,-1.78367476336363,-1.22119781903811,0.62915866191863,-1.25605441026193,-2.91701022571201,-2.06859967556691,-1.40287380368454,-1.06715896157526,2.5633913103275,-1.06599796317272,-3.44096184102827,-2.13027985223298,-0.626883556670637,-1.60656246228147,0.263747521156253,-0.0622744038442501,-2.33526674681107,0.329875496160925,-0.847979276839571,0.463651385579193,1.60496562126698,-0.578234526026915,0.560002821714196,-5.22244918797458,-0.433514516957412,-0.0745658489732791,-2.58663523352754,-1.47244111781588,0.575064746557304,1.19309019674492,-0.681903466521704,-3.63632229158807,-3.39327319083145,-2.89462976918425,0.0673661429263399,2.44572984026836,-1.35817822614157,1.51156508531923,1.88131203354211,0.214632979613296,-2.53268596059307,-1.56487522031063,-2.19715196020663,-0.581169879299334,-2.71685952009903,-2.21351749740241,-2.19653534211815,1.72744574607757,-0.816152120262102,3.68108052892986,-3.80800589220219,-3.85943368029619,0.714155286607538,2.49525020264272,-2.71124003585533,-1.4956541244635,0.957349019447945,-2.00759286197117,0.772301970376168,2.07112354337054,-1.02767769257569,-2.3356100613537,-0.611700912570663,-3.77018354575924,-3.78900438812186,-1.12124093145587,-0.21576911942503,-4.3658142338408,-1.14072161306689,-3.50881564750833,1.76437802443536,-4.10325088144959,-0.27800687842978,-0.397121088893152,2.74193140590047,-3.68723663229545,0.529494645066739,-3.13857375950491,1.2975318677579,-2.26263931714779,-0.450016324678186,1.08587898558375,-0.344638147968886,0.0488573357404247,0.57722542376492,0.421255940329556,-3.36998731296338,-0.565074712071206,0.786087041427158,2.42616363402728,0.579343812373,-2.01536670361497,1.50666953879748,0.62864958394494,-0.00457178741188147,1.39129544304491,1.77734429001724,-0.32442262340319,-2.27446714111482,-0.584483364028694,-0.596677767409997,-3.74876678717726,-0.568349373095892,-0.739605109668521,-3.39145953002212,2.4834691152695,2.21775687052912,0.242486389663614,-2.05057392254009,0.773277689852877,-1.86204787023391,-3.66012697230461,-1.13783466860185,0.349154152256504,0.369364621870227,-2.6185738608781,0.316145462907222,-3.60166033503292,-3.16242783853827,-3.51398374102589,1.48378761668918,-2.62545762011601,-0.716021899593739,-1.41095444632506,-2.50327545437369,-1.4238313947223,-1.91525389581436,-0.311336197733828,-4.44607269546319,3.29968439631187,-0.642665595851333,-1.02567344969444,-2.81534435291704,-6.21951584549857,-0.614542374130306,-2.0869993605034,-1.23789622417519,-0.251533287300458,-0.759991605623519,-0.81932516687817,-0.242831465275488,-3.39359010452132,-1.21792190121782,-0.391556166072947,-0.532379500373146,1.13141885030498,0.0474812926187689,-5.67200020721422,-1.09434723271057,-1.65048700176346,-0.973644882961729,-4.82438694264404,-1.89700413373908,0.617517280023752,-2.52289047198108,-0.830451255931758,-0.822045632171326,-1.37370638478923,0.951399721093517,-0.924437817820077,-1.97447438943361,0.0958084388056857,-1.16501222616441,-2.84529723333728,-1.44024249744866,0.33706300184167,1.51757269621144,1.93437853024066,1.14790480466782,1.07475702372027,-0.913298335654827,1.33781159353203,-1.55664147454787,-0.555511835775209,0.105183131840581,-2.42383148653318,-2.00165852274039,2.92559328196136,0.250258906645481,-1.68491522713593,0.33501797418963,-4.5764950055714,-1.55135060556889,-4.15471502919172,-0.650433160665753,0.61612391628338,-2.60851452490788,-2.0473233799634,-1.95337751438715,3.20268387264067,-1.44794199970044,0.307500151798821,-3.20596045992334,1.78286657656253,-0.891225764365371,-2.23108020668427,0.675084488643824,-2.34310001863631,-3.14505764914095,0.249661082344724,0.328602530277044,3.52902531328414,-2.24426143506779,-0.0911322698615563,-0.993492685513573,0.942748418810965,-1.60355410261582,1.36477217401003,0.288741293596652,0.0172772430491941,2.47765562688094,0.299677392164632,-0.951712318466555,-3.16191080726059,-2.87465190630522,1.15160353741356,-1.74074896939627,-2.10226112034618,-2.09014084701558,-0.527459940659858,-2.24382823176637,0.737141630243336,-5.11166118659683,2.50363565682198,-2.32968109183472,-1.93056472565132,1.09004186192775,-0.588012188592809,0.0226820655346753,-1.80936224085703,-0.0614546639959749,-1.46531117179205,-2.49951491704242,0.469378371962211,-4.6677352445859,1.5736566994097,0.791119104707593,-1.1792456523494,-0.134800356394613,1.90788192485794,-3.5798502820851,0.986821363695882,-4.13991639756853,0.679767706900873,1.26980895584846,-0.807775449641778,-1.41918620895848,3.60693121216486,-0.727369759281901,-2.97273633601078,0.46889265829317,-2.3356115537916,-2.17160208893878,-0.525716402876429,-5.16676717533126,0.0614958133873333,3.77241671051303,1.02164610560035,2.27675283142033,-3.44132975831799,0.702012990806993,-4.32295283082338,-0.0561536400023279,-0.154961885667594,0.427679686599264,0.363617253696479,3.22217641687085,1.23458493770599,-0.0805181432567407,1.80422438789177,1.34200813839711,-3.8670909553946,-1.10439011398947,1.33218298601611,-2.32931598767474,2.03540278011098,0.363649631104212,0.205523611622138,1.68531691318095,3.51535516733823,-0.0652981286655343,2.2880880173324,5.08896709957155,-4.18640189495903,0.152679716619107,-3.89935823072027,-1.47625127849383,-0.880960532913432,0.697066528064409,0.826141308451989,-2.17327694624876,-3.11410853743278,-4.26993924229587,-4.27577739448833,0.38169635076976,-5.24784446916162,0.561687676781761,-1.13333756954279,-3.05341203971509,-2.91077694108428,-5.46505950857625,-3.40493024370616,-0.781467144564611,-1.33830783232889,1.0572567283842,-3.3971794418672,-3.29539634775682,-3.7456963109076,2.69811288131162,-2.8490079375632,-0.945096218287305,1.76032592760704,-0.932465103601125,1.11520118337081,0.428946493189499,0.0251636082215601,-0.599455776116356,-2.49309692919597,-2.18635762826389,-0.673522019673462,1.08177997628681,-0.847152342461998,-0.841439176308231,-3.34608156061049,-2.3590635682092,0.0912958606596264,4.51442556777842,0.603406092554706,1.29289221694893,-1.8859529033529,-0.0829421639817148,4.0379112714824,-0.467831468740326,-3.04688673591277,0.59259793580905,-2.71947893691362,-2.79651644232176,-0.935128333453189,-2.36269705551247,0.275188424099686,-0.193642306763374,-1.8698819653847,-5.45117516139177,0.294698264849343,-3.10797803456903,-3.74491921323672,1.38948617202189,1.80083541512381,1.74910022055823,-1.33223796603631,-0.687566860298201,-1.12179278887194,-1.9511380968093,1.22891476647206,-1.11827102583383,-0.511503857907371,-1.34565405894914,0.107857689112341,-1.03394827192136,0.829678373372761,-4.72589432518816,-1.6469357414431,1.0181775262209,4.35060305697156,0.150357601673748,-0.291247600782845,-0.49322933264059,-2.9170969621607,0.441823412699353,-4.16748398038382,0.857948940555013,3.00655039304487,3.67533932642409,-0.0216561610805743,-1.09312085115203,-3.03899488258394,-5.36950002766973,-3.2469631729576,-1.99454767389522,-1.36256180864301,-0.888218021209988,0.684142160108624,-5.54240898037719,4.05548831762461,-1.47164567022844,0.927743898573093,-2.06149662488829,-2.69373159217873,-1.32558676580595,2.90648183754119,-0.719831674208687,-0.290475382889157,-0.957690792110405,-3.50841848553508,1.9275269956666,-0.339307728971538,0.550657470511849,-2.85760282484321,0.859047128985162,0.327228451583469,-2.46315452429567,-3.22664969048227,1.30708683669028,-2.60657916991839,-4.85594120022061,-1.64453011583899,0.412384543339663,0.655098104337869,0.217764917235541,-1.61645849029928,-4.08294198920135,-1.81372597835154,-1.73736351723429,0.109656620445993,2.59780618087547,-1.78783424685568,-0.527905734885692,2.27890340208832,-2.30408801110695,0.149144663113985,-1.42314446188272,-0.733040857806664,-0.421123366088951,0.337208728844582,-0.361547469969244,-1.00229268589221,-4.97521198606142,-2.98872830395092,-2.99268051018962,-1.58704540603916,-2.84750351231618,2.86458602039962,0.490030300563456,-1.73543266237084,2.16760160905967,-0.987832924430987,0.485637961945237,-2.62566754502531,-2.43091251475154,-1.15129603119458,-3.80481043947343,1.25929896004604,-2.29088645744613,-3.15181516123347,0.753124311241226,-1.31098402130781,-3.1952229397657,0.341166424367567,-1.10694875808524,-0.690352494667275,2.12526602261426,-1.41107050394269,1.81521683405119,-4.94939540504269,-2.0980934464776,-1.33928570510149,-1.91948653371814,-4.01268641221855,0.709640704982878,-1.24974623562083,0.365452340431336,3.23807665083513,-0.303428346595475,-1.97533832275669,-3.82102018234547,0.0481409251588669,-0.404873807623962,1.32870901954197,-0.913877450537737,-1.08142214211343,-5.71877678344753,-2.18982761934465,-2.48903031510197,-0.452296055260552,0.363563097781938,-2.4491303248784,-4.88936964845844,-0.492059402582546,1.48237043320699,-4.14353611002207,-3.80412435836528,-4.36747149507366,-1.24410344448013,-3.02954495654538,-2.63723741786643,1.75443704383961,-3.1278318212602,-1.92005029407539,-1.06735214621917,-2.74286525983846,-0.101320526804098,2.25685446170493,2.9242088825714,0.24040901380186,-0.251045097795729,-2.35925781302495,-0.437833307812403,-1.34074474039349,1.82304455287111,-1.64581583544878,-5.14052195917593,-0.980691188698965,-0.0848042711157295,-2.28283011519758,3.50667701309485,-0.579308203109743,2.01051374825043,-2.40563752974033
"64",4.01684265053597,5.056550483688,2.69217053914355,6.65526941386715,-0.798821995528333,3.59859738572091,3.85422121773546,4.97191891226629,2.26828085018162,1.88436093300859,7.72104369408788,3.53528324833754,4.87608597406682,1.82010300668619,3.48532491199458,3.22485400578487,3.68862469538318,-0.0387739181760236,3.04142644040262,2.31070185367188,1.87364864061577,4.15486392804609,2.00891559195476,2.67854391834532,2.41251840652015,3.21207373828785,-0.0594362667486088,2.11475218799276,1.92658114835693,4.27296662808526,3.48515032264011,3.87921644277618,4.13837914867331,2.66576282388649,2.57060830774073,6.71556402963466,3.66264995236931,2.34023863786438,4.54831425520362,3.91899472276912,1.60037939940285,3.3130608783028,2.82770973256177,2.94300565652816,4.41171776282428,2.68915017462558,3.38730146104981,3.85861689112106,3.10309246237998,5.37460626760388,5.93503817855539,2.27374768876426,2.7758975483654,4.51701570910416,4.91948084307717,3.27761124648428,0.0475592066262402,4.55420727875885,2.72266183783425,4.21429408807117,3.40997650600895,3.45756898455321,1.66281115606626,4.23538948056605,4.95624108015706,7.72172097767351,2.68112923699293,5.48244207148182,2.2456258249872,5.37749807135549,5.54276609533662,1.01998709788786,1.98011366794648,2.85250083069101,3.22786419865353,0.365633558202811,2.83201029293646,2.38432055950164,1.59273967731938,0.639640185378965,4.21873972407989,1.16014382360298,-1.07708437604561,2.51910332537029,0.744986659809356,5.99746201585442,7.55191980672408,3.18634914097534,2.92503842767269,1.8141218579906,2.46044118842053,2.37500275429275,-3.46693345545479,1.17559401379014,4.31323068473282,0.954946818590951,1.24258562018078,4.41410019626626,3.68250785659421,0.0342923463814819,1.31665627323655,2.32383149957543,0.794638749823973,6.54054365890492,0.262824790561106,4.47389294409699,4.02524671120872,4.71275789653404,1.03657046606569,3.38508570641613,5.68624459657024,1.03460604412668,3.45464938601692,4.32632986722019,4.5897223944986,-0.916281203478347,0.11538871902651,0.930546589563511,5.51095973587057,3.05745253307866,3.21155540921466,5.19486507922234,4.68752100910036,-2.0253144183217,-0.466342614032159,1.04863416223499,2.13904380165164,5.03836181018796,5.0063457945467,3.36886359374256,2.99341005204028,3.59255891941623,2.61765587974277,7.29326522169492,3.5061587972184,2.47911802366501,5.3864032588968,1.5616251929699,1.42684648334289,2.25951918935454,2.68622472168526,5.27816195805785,3.11275079073499,3.65112697366071,2.66560361044044,3.29583647368907,4.336243519564,6.23320786289048,2.45249440463558,2.71308521359958,4.25615392053615,5.97204128055855,4.74686498881269,4.39473559019462,3.24302860637371,0.849184076069873,5.89712623543385,1.94447120815191,5.41999979968982,3.0818915484989,3.73918138010825,2.41990774713139,3.40653517100951,7.67399575292531,5.83969781704909,5.53605428802547,4.07256076624224,3.25052446336409,4.56637261930327,3.60597399631148,5.39584857990146,6.26090550812363,4.41131944487169,-1.68941263495911,3.02858287256896,1.7512352993441,-0.409345605589292,2.69745068427215,1.94166221278117,4.12895987993733,2.02973352954004,2.20242680038047,4.17591047606521,1.92859706505526,1.81099311990454,3.48396880408174,1.90271117067835,3.84239367446999,1.87527728056302,5.5404437089992,3.43542599034185,2.21357523729779,1.05484066349817,1.39576435409653,-0.29539546719509,7.02718483191049,6.52810797933735,5.11501741980522,4.24698745217585,2.77739955276299,3.35236829419067,-0.264956497086895,2.66247465667718,6.04644905732509,2.1944759590496,2.47101311873141,0.382129331349232,3.1314205469971,4.0370871685088,3.02581901854353,3.47483504556197,6.25906300615659,3.54636506977535,4.13416897227764,0.0353468923148919,-0.417150768590274,-0.659782665876654,2.10486426258965,3.76538335444282,4.28833651980162,2.93342689984234,2.80174530625186,2.58832021631379,3.57247572375777,2.89272275884236,3.30911707320359,1.27362069202316,4.86037975827085,2.00157533481133,2.06796132961481,0.53464250263054,2.31230169534804,3.66285691641482,-1.05435045496747,3.0369024735618,-0.169024918191269,6.42203864527724,4.12215822110602,0.573534650545585,0.412584342808992,1.35674096128143,3.82828521957494,1.82731109267769,0.986921144304829,-0.392392860888984,4.28370552025912,2.40291628657788,3.0013335299513,1.33719841148068,4.49398757688903,-0.435856564597812,2.76458011240545,2.57443288067191,5.26161660311537,3.5311405031962,1.9749808840513,0.666894704980362,1.00654752629041,2.39528656483596,3.24443653754593,4.62652018632085,2.03108399278755,3.61332117329158,2.84813710509155,2.34707181141567,-1.81380308125449,2.42684359452969,2.08638537649423,0.618744456512596,2.39538453251626,2.74072753813836,4.75705445005408,2.40710647909822,5.63438273525236,-0.113778856617644,1.67944551844402,6.3872760978048,3.80818674625082,1.94210740597721,5.15355536220351,1.53078308361415,0.624536410437165,2.15436563986058,1.33762762466328,4.8990163111211,6.11357307010729,0.0190326344633402,-2.20542758354532,2.34346817539662,5.4088010916008,4.97493379117214,2.58178438241465,6.85483755951464,4.83235445921381,1.89673912245078,4.98989820449884,1.60191351672374,5.60199240325477,2.60125895218489,1.7807983393177,2.69846756932285,4.80134542092783,0.861746298401121,3.46957531776957,3.58313829105545,3.6262369316578,1.10374385236677,3.25702617697131,1.81651967608124,4.19409810300834,4.05568785365264,-1.99689405999862,2.59945068920563,2.86860042342792,-1.6177251848935,2.47770495684256,0.638793535557168,2.46979349478499,0.631634845571203,1.98280679766927,4.45533569247618,4.67406936627327,4.33262408557116,1.05142096391289,3.00995833693846,5.46399031601553,1.18120245518487,4.43111377449732,4.24691537734349,1.27005504578441,5.55708711461364,-0.0790995188617023,4.55750398246791,4.24176013203739,5.58146674083664,-1.82961699905824,0.817067737897881,0.567573103547241,8.59979565344496,0.494450626234678,0.797735490331337,1.16369103282301,0.287675347464706,4.56329405278234,5.59747152599886,0.0511915166878709,1.95689231698143,0.664938019185173,5.04389399840425,4.22182864425187,4.48613490360597,0.0820749083016978,3.27383263596282,2.33318098717953,3.21337670260265,4.78742866268067,1.14660738690553,1.76120717078362,2.20235964615109,2.40490216407287,2.84003196821323,-0.108289650947748,2.2245146409037,3.7543160920838,0.482328198680904,0.160616817318656,-2.40611692133431,-0.891977497533887,-0.950516219019077,-1.53637547652618,-1.81886116056331,-2.81378535727553,-0.694333894762991,-3.18530281692775,-2.1768908813438,2.60390426093621,-3.12865369403851,0.37390244445379,-0.404526494763767,-0.745788636240786,-6.21601387903994,0.0400819692821024,1.70175490977259,0.776149896377525,-3.2571732360566,1.37952405694395,-2.12019515065482,-4.29191797099268,2.00501752945774,-0.818007333364978,-1.60622542918662,0.145383201615993,0.168891084467877,-3.26732325805334,-3.10682243479917,1.31756833075383,-4.2735521062362,-2.30471058583012,-0.505374878632113,0.0811392056058979,1.6611379707476,-0.544085296588865,-0.338534639717485,-2.49854211377353,-0.291053102358829,2.67867239618965,-0.898753941911881,-0.730693733210297,-4.90021831940846,-1.88927159540298,-2.0535497314521,-1.36143422729979,-2.84580309818859,-0.494641455238592,-2.3657577215759,-0.227256353111741,-6.23736753929168,-3.14845502845731,-1.15798492690192,-2.1174011107,0.158023172002181,-0.381368192406215,0.607889842503193,-1.94870734558793,-1.68233099917671,2.30410972314135,-4.23602526340605,-0.223152153685205,-1.14043768483887,-3.46322458808524,-0.523600612035809,-0.689335057009445,-1.1624329431098,-4.7806705157286,0.709042849181098,-7.01905694979401,2.84358102748186,2.09996088577932,-4.71694587926305,0.225338890416998,0.0381925574514002,1.64777174896397,0.0726050256916586,-1.65827042666949,-2.54366963875077,-1.8918026180555,-0.77537875468688,-1.40354554668352,-0.194463294625746,-3.70874470481905,-2.81147056809998,-1.14324438186822,1.40615410967281,1.43192455540665,1.5198730451189,-4.17780709918698,-0.807110321567202,0.220959656376478,-2.61856883602561,-4.3379314075384,-0.183726942083667,1.19906877950243,0.711495017478097,-1.04504150937695,-1.1911365533109,0.0455087463218595,-0.858454251486382,-0.873866840531158,-1.40866159591645,0.340538386261309,1.83579856191013,-1.30434378802115,-1.97012671993542,0.497232282408739,0.956648042069431,-0.691422786130077,3.32136542746338,-3.84476892118927,2.20194150917341,-2.96119188605642,0.884988483583918,0.932768780870213,-2.07485190477331,-1.53935857317203,-3.04470874722656,-0.195053985019849,-0.943527367860398,-1.11834987804577,-0.564681505074543,1.6696399004172,0.0313649153372382,-2.49512943674617,-2.69368121708875,0.315627823738442,-1.34313338205999,-2.3223862825293,-2.94224841833196,2.70956643688818,-0.42685968372625,-0.568566309677057,-1.99190636695049,0.240757646492055,-0.660356107662616,0.819451804159654,-4.32343662593328,-0.0158971988472038,-2.6183299589549,0.143041078297827,-0.187430753587462,0.543976074644701,-2.02555175203557,-2.51295996199779,-3.090659758153,-2.31725821813589,-0.879343399498796,-4.27626494666312,-2.40607574784441,-0.457121463037333,-2.6177415725442,-0.842307354250679,-2.1448253993204,-3.96374663168178,-2.33227701532265,-0.688293359552695,1.64512440023263,0.376013434366749,-3.06575737019855,-2.84826325582645,-3.01547615139992,-0.652014640827118,1.03001150736405,-2.39113946775069,-0.637840770320049,2.1229081583279,-2.34159798523265,-4.16286466450607,0.490365846460211,-0.612248777583008,-2.68821851889214,-1.3107249812582,-1.17756656960027,-4.95407284490189,-2.06865091209789,-2.16971693411618,-3.81237281673919,4.05737829901422,-0.0229159391273334,1.21757503384509,-0.833928290849796,-4.60528240208911,-0.612257133083594,-0.754256087024558,-1.40970115323129,-0.722338348430298,-3.93841263946401,0.817617515046624,-1.14071219720308,1.96975248338556,-4.06576106946016,-1.80875951031142,0.183349186182749,-0.569398150072408,1.09316203121309,-1.70193287629013,-2.8417050703117,2.70613169327198,-0.975467919197095,-1.64962239072746,1.98628056959691,-1.84034030325971,2.66426721433011,-1.48060346936585,-0.554409007845717,-2.02240896647665,0.0849107483538953,-2.0934615591177,-2.1435623937211,-3.48404484117074,-0.803317550615475,0.989224962965651,3.3584677385013,-2.8098325757273,1.32370678234407,-0.17957193352359,1.43542191050437,1.36432374814839,-5.16938496308257,1.82477891837862,-1.36782988764707,-0.94390988147137,-1.37190472105116,3.12106240722109,-0.0807695987433906,1.62791733416641,2.9846536866924,-3.04509505710717,-0.0952115224272796,-2.60758772987084,-3.49697637253245,0.642787182168587,-1.28761759115992,0.681167346673023,0.228445117815667,-3.08032654925248,2.96701854587906,1.02061191784394,-1.45673274868594,1.87504507031581,-4.02452167130702,-0.478760303281737,-1.76259142347133,-3.95311237743067,-0.430619001171698,-6.15308582968771,-1.87765193381793,0.742809824558263,0.778892945580683,0.207630000527235,3.61247188403198,0.499792976457595,-2.77847610973162,-1.33932524330219,0.168072827975651,-2.74085146773308,-0.558631735938104,-3.32015800711454,-2.24116416417426,-2.25584713073751,-1.48001586626597,-1.50006377784139,-2.99354130551388,-0.471726689796046,-1.19883394150643,-0.374966976010852,-2.96470918988648,1.20619977133928,-0.0396150573103156,-2.70932317777898,-0.0551168309142916,0.15427850050176,-3.08384527427982,-0.107325336341321,-4.81933619453464,-4.70093588380212,1.626758485322,-1.48035513669326,-1.06882581017347,-2.01362502715089,0.0198608607840416,0.467607979148699,2.5950817747267,-4.49471707612175,0.97013207723197,-2.98627659663832,-0.417615156988019,-2.46483221457643,-1.01094500633779,-4.91282872141411,0.0288419288935293,-3.12454956443993,-2.58946245232522,-0.775356588664536,2.33629569837815,-1.04509926977495,-2.22267054610331,-3.71409057425412,-2.13439371777236,-1.07306614014408,-1.48424626288649,-2.27514515130879,-1.96963898859996,-2.72345051426032,-3.80435954771944,-1.81065585370789,0.303861334736373,-1.08408088112796,-1.22672262071887,-1.46294032636448,0.789192600844159,-1.28564989146552,-1.09203575977989,-3.33850586474614,0.232026660605407,-0.841302644932759,0.337792820647959,0.254910468344862,2.02607501843597,-3.12182923261356,-2.80344856744229,-0.759858557700147,0.0887350429901428,-2.02834561626762,0.66908771074089,0.0871477462999402,-1.05607805009994,-1.4010290171122,-2.67339333019999,-0.35052014919029,-2.20127196235739,1.36914910174496,-2.33690465017434,1.00177498670843,-3.33051918024142,-1.19179251038711,-0.955779595332633,-4.55716574805934,3.44251189843475,-2.574935404571,-2.87808092134317,-0.906353757786013,-2.97716992480754,-0.886579918715387,-2.89677341103074,-2.06311127250673,-1.13899155168167,-3.39329612500785,-0.471501842698029,1.94139392799258,-0.968793705613068,-5.87790836224608
"65",1.20343269117021,-2.55249492457223,-0.295275230566035,-1.62705588707477,0.226455089143226,-1.50428214712144,1.00214419118196,-2.89764576844155,1.2238758710201,2.06202421887329,0.333716561939069,1.4861787868717,-2.78348004779017,-4.45266650078885,0.0242363963990229,1.72149049439194,-1.28305810094646,-0.980003340232152,-1.35225978139078,-4.59514608845582,-3.6557270212638,-0.643718671593714,-2.81807765695488,-0.887669588653288,1.65572650619407,-2.83871994916361,1.08273625652867,-3.77101173152477,-1.87464440743358,-0.894350619172024,0.254890652685562,2.96671019190414,1.19416984674562,-1.87293165157816,-1.63178626602296,-1.92958522176341,-2.22130555356048,-5.65619134378337,2.12027521364085,-1.53680619879861,-2.53985462032774,2.03209769546485,3.50460510448193,0.674666199792409,-1.97610767749423,-0.366096352669306,-3.94958771807839,-0.736838937256971,-4.74536471849041,-3.26900871127614,0.583911772565038,3.47488200005062,-0.30453621594183,-0.0684730673637376,-2.95957383330281,-2.77968913556239,1.96621971912013,2.01296952457689,-0.673135091045848,-1.27243360976012,-0.34979181291286,1.0680872588356,-2.27279788960486,-0.432877511923695,-1.8735945621399,-2.19119264789123,-0.513020177766603,1.36611310005365,-2.27659979449017,1.24842933418275,2.8947588842834,-1.52441712056878,-0.0179864713704216,0.0774220905942244,1.32802233383163,0.836525408923125,-4.12874221153933,-2.91883285617701,-3.83707644964437,0.953720917654298,-1.29992570414692,0.73890123207658,-0.755712286631729,-3.58132807972151,-3.91569085043331,-0.00923412016262437,-3.24910897947903,-0.609358642229584,-2.24250140395312,-2.35103586946838,1.21471853076553,-1.87264055786038,0.463411391998239,-0.858702048410526,0.298873022773897,-0.911872858680207,-1.67451742384261,-3.76618386432247,0.280513035079889,-3.27308841572466,-2.42895400798083,0.320454511745513,0.439830229490251,-1.0573652681933,-4.92398394275652,-0.325897856951275,-5.41297578238971,-1.82863559784524,-3.68209570791947,-0.396018767493722,-1.69114946875798,-3.33476396739389,1.33602927673361,-0.957779906079831,-3.79317820195055,-1.20312764066725,-2.10074378912823,4.41353368416973,-0.766564365305413,-1.24062846873746,-2.0834849332727,-1.0956525194568,-2.72264498703156,-1.26592643624235,-3.33297595701388,0.147309125093762,-0.122229593413249,-4.08890482477125,-3.09500336486706,1.41721933842579,0.787932312235814,0.0263392281399915,-0.175860180319899,0.649380374914534,-3.22417373759524,-0.486895574233339,-0.887622310493171,-0.658741435739305,-0.949099308966186,-0.116657896609556,-2.54075655291525,0.0486040104808421,-1.34144434084337,-3.74652411159659,0.580521582469743,1.25344463328648,-2.90922654703829,-2.87037117927487,-1.72675022772613,-0.322990661994435,1.97507462063124,-0.979091398397688,-0.547126637699208,-2.92106193468518,-1.34060582654985,-0.0845416823719892,1.62312650956907,-2.96531353650343,2.08553974999084,-3.43115888008648,-4.44922502479833,-4.04008728537232,-1.30726845570462,-4.04551213562117,0.677137706842382,-2.81286149838548,-2.78415462000458,-0.325002582911687,0.120921547361496,-2.11331438150785,-0.213626288204638,-2.28436494500594,0.539431337774625,2.25951854906707,-0.354562014077643,-1.21158511763128,-3.81504684276173,0.847430675851878,-1.84045314107594,-1.88845638572365,2.07987573417991,-0.98969642870817,-1.74830083992732,0.078318474480096,1.00953460330568,-0.469386241355033,-1.61323916872598,0.159055770575394,-1.49156880517976,-4.18310539357078,-2.47307821229555,-0.648243787471667,2.19489159991949,-0.248078677142303,3.72187257345046,-1.008180782574,1.57080403763645,-2.12001132072622,1.6556769929614,-0.270418992044039,-5.14716594435775,0.812701746394933,0.211305682658361,-3.08354217210942,1.18900685594713,-1.22298510045389,-0.761395520193832,5.66701908999492,0.437300109089655,-1.06857424090336,-2.72617748511604,0.721882289397853,-1.97600045131603,-0.674536044725382,0.754066351477406,2.84214417843321,-0.659275525882351,-2.32811434866247,-2.95073361479127,1.58966418315468,-2.23276506315947,-2.71338365429668,-2.41892916975958,-1.18735997720206,-0.611597125158385,2.99431368092349,-2.18337244986808,0.104551961749606,-2.65994217318546,-3.37106808723281,0.748211013305456,-1.3660984934653,-2.0597769527401,-1.99440645346907,0.844568435900633,-0.261209708925302,-4.21307149314473,-1.83246255777553,-0.226267880811387,-1.03047196507153,0.591205495743793,-2.42446015192734,3.08725920897663,-0.169157180201448,-1.39909581763489,-1.0866076633013,2.63817343232774,-1.19800105952142,-0.788587779399321,2.33459723895389,-0.347319510551493,1.15565773386729,-0.392180849567822,-1.94523378088438,2.23071348334841,-2.7207685546816,0.646925585391477,3.4804278709281,-0.528217192480128,-2.70214319543735,-2.36173208395063,1.43152996853452,0.431039324918203,-3.35877047693056,-0.302510474669168,-1.68844171751971,-0.265343705931978,-0.145127414199816,1.51956967315994,0.657938044435766,-0.665001288601088,0.678443934568412,-1.09520484726221,-2.38285066261137,-0.812772348914778,1.85833868150934,-1.29502532122073,0.546437802825125,0.0565406270917082,-0.0968951334872055,-1.4261964156806,3.89930278461318,0.868059164833638,-1.18283027471676,-0.64221934840878,1.32617720781893,-0.630173988982044,-2.82856058012987,-2.236681544146,-1.50749217749612,-1.68294308128446,-2.22076964307501,-3.22787664190159,-0.875363705182534,-2.26460991400696,-3.75478602235128,0.0482988080956555,-3.85184163242685,0.0112686528238233,-0.532767043254549,-0.840913054319632,-0.133230249501272,0.23183003279362,-0.708712284549102,-3.34043430635542,-2.77517776284021,-0.563042812154226,-1.25264851242879,-0.782107114570757,-0.744491568126782,-2.36594884591084,-0.83986750811929,-1.87925322856438,-3.95639567404599,2.51441648048213,-0.527389649645668,-0.931036807767371,-4.64089304736385,0.339145523886989,-1.25684339771846,1.77211189940474,-0.425521199580229,-3.39957826799503,-2.79030146389083,-0.112656110205228,-1.22292308761948,-0.295946654364015,-3.37008469848459,0.197314146456294,-1.53280144016689,0.036420075703776,-1.47274839335389,0.502455172885066,-1.18123634152021,2.4031394888747,-3.86804978744569,-2.61090216279336,-3.91980959536941,1.021525225089,-1.70544022590263,-6.19950524521316,-3.44838226445994,1.4716433421614,-0.0145060211957814,0.63137403777884,-2.95638431791405,1.00516499174891,-1.33887718174705,0.13998229877484,-1.68864557274291,-3.95787780346807,-3.42335452798937,-4.0651491922164,-1.49676347889304,0.315219004228153,-0.613069597008944,-2.83765511144692,3.82699978338268,-0.584144119461209,-2.18667188319738,-4.86254648531553,-4.1293052963376,-6.62573512414828,-1.41916698954443,-1.75413469323725,-2.71365122373715,-3.34864564784256,1.71456679077314,0.621744679449409,0.131261981617948,-2.02984754032323,-2.39905830929193,2.6101683957445,-0.492472826017038,-1.21317797157182,0.406460693582546,-2.07288607337753,-2.47049894646196,-0.43167440742167,-3.89538403788906,-0.184600295294924,-1.87846521306138,-2.19952393561344,0.466709480793266,-2.08572214254545,-0.897722913119249,-2.8975928876113,1.98059501108605,-4.66331017997112,-2.80105836115842,-0.432489800567137,-1.60741678071035,-2.76597690066047,-2.63932470427144,1.74700373784937,-1.16532966090932,-0.536130655408944,-4.97784865723231,-3.5967168494926,-3.69300733868268,-1.62374419609673,-1.30289974603239,-2.84417336561414,0.0741874858887708,0.877594354625098,-3.04929886168315,-1.03151493749781,-1.17605302252972,-1.47096993390174,-1.43914478643682,2.40582540275318,-1.07322900805161,0.528439379678091,-3.77053393807701,0.0356697319391042,1.6201427928145,-3.70752544425679,-3.36330705813598,1.12673013332093,-1.82043805774415,1.70289264095771,-1.79109378482643,1.13644031398123,-0.846043194595574,-2.37144957513513,2.14925085375863,-2.23515014371075,-2.18374599451289,-3.12255581266265,0.274703784576917,-0.830464612831478,-0.902635409823647,-2.09273252592067,1.84382246405282,-1.17920236563799,-1.781243831378,-0.974446403422888,0.448933332655067,-2.08174854501514,-0.70475503405955,-3.06676559008342,1.72727088111598,-2.36027784942693,-2.69936999420574,-1.16108729437736,2.1933329958068,-0.942107950619577,-1.47567880316636,-1.55181913687171,-2.16510571788592,-4.12353370748412,0.334979061933675,-4.27583715171237,-1.3384173142381,-0.909930090148188,-0.438603340701793,-0.921177184351995,-4.18361995488494,0.640174449756165,-4.88666102475872,-1.59368247471713,-0.268201450596016,-1.75094504070456,-0.294711363253088,-3.88037065803648,2.30502794823324,1.80060235629629,1.65102964738574,-2.32107072844455,-3.16779961396912,-2.06253388534711,-1.92929843430404,-1.85351677428168,2.3275002985924,0.494617139248997,-0.333515399424081,-3.86380786429469,2.95021044281298,0.833119110320806,0.369601278978128,-5.30364726385374,-2.04876999734874,-2.73271889974849,4.68817206586377,-1.2606874815422,-1.73181863590002,0.04049329494146,0.518888732746834,2.90737815209107,0.524664722712735,-5.32575516162054,0.61082842232032,-0.64528160024461,0.960363642956564,1.82113369000123,-3.68097941628735,1.72208110934022,-2.32752033632428,-4.30985650593192,2.54835236902082,-4.34666245694847,-2.42909578991292,2.15380215776595,-3.47032509230464,-1.8018267727158,-5.11478294438221,2.65071934095616,1.03596509416151,1.58948112573693,-2.26523468311841,-0.773408404460492,-2.06773256782802,0.983841091099526,-2.42798000498305,-2.40515969623386,3.12030004288742,-2.29970129643282,-0.668967585524195,0.781409314294878,-2.52115213088388,1.14099733220182,-2.17773047328076,-3.05523919036857,-1.14341154784269,-1.23057599628854,2.07587631216348,-7.30015011164897,-1.97232295733395,-3.63564004726319,-1.07113511581103,-4.25383156456816,-0.129614902143103,-3.50236789881653,-0.312570916462468,-0.923445232579556,1.16088366534329,-0.972900940326585,-3.41285970412872,-1.31266692520358,-1.16572104550563,0.559051567233683,-0.871882000195774,0.543449478459496,-0.481233485758082,0.65758287358767,-1.16678129344876,-2.24208428205362,1.58174195424627,-2.35035415280355,-2.83857463946302,0.415187424644436,-1.96597864105886,-1.01570699496986,-0.874349809804506,-1.81444393323758,2.19585672310315,0.304640941586568,-3.27831004494883,-1.62955670039031,-2.38236591502942,-3.21580892735482,-0.648410072077843,0.179342011835671,-3.54532882560923,2.36596338065184,-3.99992714471663,-0.527468133227444,-1.1555226277589,0.69712012350632,-1.04177434467703,0.377183381085304,0.175066941807489,-2.75244702586307,2.4197752965565,0.715032083752925,0.323385889006296,-1.19661332356879,-0.059322181160681,-1.6557024051895,-0.0667366246761881,-1.0253933531516,2.61267742447563,-2.59898924727615,-0.340497999001537,1.82186135222465,2.76229322308385,-1.99625312895319,0.830586744877976,-1.47024108939217,-1.6646170987138,-2.17177177498791,1.84617001704665,-2.26762765208342,1.14808328020216,1.72102693577233,0.941248228660136,0.70525177554005,-2.70073006415059,-2.25461841110732,-1.06024492728917,-1.78613646103285,1.20804587248405,-3.51508428009575,-0.936462567670804,-0.712928837274866,0.892584136445208,-1.78678414105896,-1.70983632605062,-2.77033482000512,-1.50212216495256,-2.27659227538657,-0.569711438172653,2.37285894082277,0.153108225159369,1.81850846955539,-0.810097049215177,-0.558269555253947,-3.44430359695699,0.837943423263657,-1.38108934551694,-5.63741916544974,-3.11276621342188,0.162507259998075,-3.27864332642836,3.06365844443724,-4.24638973532767,-1.60502636746048,1.76389346754397,-1.06441820153859,-3.81801237043516,-4.98725233376966,1.99193230359025,-1.60783493051387,1.36044211818468,0.525112776846931,-3.11835054417016,0.199362231501582,-0.933930189288263,-0.0232745338979238,-2.52473123997879,-1.54074503558003,0.747932084372402,3.52813787272115,-0.745396840614195,-0.971594458997488,-0.603044778804357,-0.252604579717473,-0.00227913481270747,-2.90944251321487,0.278098179909281,2.24380471238803,-0.888678178406275,0.309646784675378,1.93795113364892,-1.72962470512813,-0.862580006742785,-2.42130090630165,0.000252396142463418,0.197540623340042,-2.94415761199868,-1.29489311626852,0.104208372410179,-1.95580515411401,0.700821726557944,4.92824924536305,0.696745934289358,-0.497084346211519,-2.12898923858069,1.2229929545251,-0.124694705028731,-4.66750913781371,-1.26699016601363,-2.23172731661636,1.51033717669105,-1.40302744089948,-1.00153255937383,-5.08401670465965,-2.32030215821819,3.35841144301801,-2.19372793070756,0.118769209009294,-3.89255859057803,-3.83969141991927,-0.0302042469995301,-4.1304308681195,-0.979616780685953,-6.39464974246857,-1.93152853276138,-0.460401537767824,-1.44600968404214,0.641467050020536,-1.03492220259057,-2.71651429598329,-1.10502670125626,-0.838095864852895,-0.484587580869765,0.664680906189219,3.13726318011599,-3.65034873791428,2.08381768504207,0.408570446745279,-0.0698775401334895,-2.72254111074572,-1.55506844797585,0.490784844171409,0.443140240692778,0.634220899509658,0.76566997857638,2.32411677175775,-1.66906686693665,-2.6147892457312,-4.45466024264652,-2.22314032286647,-2.01355137885391,3.67768246178577,3.7991644966504,0.0511088806207129,-0.82023936479043,-2.37337887224766,-0.00844461561537058
"66",4.63266431846424,0.915302034196454,3.45777443547574,-2.07255513651159,3.50083589216989,0.861519809930801,1.52887933979521,4.8847636546461,5.10588562610741,1.88781633439584,1.34396026781667,3.89189572372431,3.46552937759231,3.6991978254063,5.30793143890341,1.10703112093609,4.07737727274599,4.51344519989774,0.243065189588972,2.92838298246588,3.50653482724193,0.740290077895061,3.19994749821324,1.4363971972586,-1.66078273603741,5.32718312367027,1.63113950734925,1.36279247340799,5.10526562254477,0.390992866548384,7.17754374789863,0.176271354619971,2.09668176714021,5.39266985740125,3.07699193095687,-0.469859938250023,0.869409382830291,4.39421608522977,4.99577700350494,5.89931471131548,6.46996735590033,3.21830220209589,4.6553182245196,5.76250084262532,4.47420244298713,3.02214664857356,4.45933227588955,1.19465041029632,4.53971368649874,-0.853237964056739,5.31202906723823,6.80630010757466,0.646977609823073,3.87096728757348,0.15283014275331,0.453907816659164,3.58778122810298,1.25278189864652,3.10004694559778,5.25015425016928,2.85348315994128,1.36712029967651,-0.33657070409863,1.36156209167935,3.51057177467852,4.79148417598424,6.36423587176943,2.16063935347308,2.21319719854217,3.61843639092256,0.459181980225083,2.71088594678763,6.04620920446965,1.91205998206081,1.92753017319795,-0.539854800009766,2.87488638821,4.16622703864638,2.8496744292904,2.78076726515009,-0.537580062758048,2.26051200649184,3.26775959527096,2.85339489579616,3.27990242632474,1.51327144198183,3.06595254523692,1.51117984309844,3.2548676323125,0.44995711463071,0.779041015085852,6.55593016569994,3.86726805248598,6.04245047595599,3.48227739313971,-0.252025261383513,4.22933725993032,2.64138269690939,3.19978109756573,4.28408722705076,1.49962916563633,-0.435545325253553,3.46256654851439,1.87519130981662,5.25806578628612,1.39187280110793,3.04743330104828,1.91714979039893,0.884967090244089,3.57857967653378,1.23932424603957,0.486464176943733,2.2778853763224,2.15742614336405,3.71884244076235,1.88159909452466,1.62316591913371,0.440490433450706,3.61983607862295,3.80200358888635,2.71277896553223,1.24482869670728,2.49737720373118,3.75514050970924,-0.318245102461707,6.08191917777069,1.29257255007512,7.10366020146842,3.51647425182136,1.08366513968096,3.81428536149746,0.803847254360762,3.83875982789347,-1.13399081010143,4.58722886968487,0.372380463329504,-1.38870863483064,2.40567734553451,4.40423165572269,5.10948956211496,1.14475837760327,4.95949904705627,2.99209158644319,6.38738178857982,4.4776140907202,3.67311862716788,1.92131869786348,3.00327486528347,1.85555073904096,-0.131248201953563,0.598046598559715,5.50435608682633,6.36135481940304,4.43781030150629,2.88366381841903,4.38246216807841,2.3096454100802,-1.07958653608595,-0.280071164209335,5.02503228300113,7.42673413389419,5.47249230385847,0.364576732076495,5.1808029349726,1.19161251372656,3.21320243734949,-0.385119085432278,-0.168791201451803,1.17576285366415,1.87239170105484,3.01618621827096,4.69849284218414,-1.32334895534428,4.28386206565704,4.04295025781194,2.912849628323,4.33406724801103,2.64894970065449,1.84007774428205,3.11190081252057,4.18862190304412,4.0359077471269,4.74150194449529,8.29421773238301,5.09430101612979,2.89077935116734,-0.00946752993361377,4.55502645531691,1.55753412632878,3.28685937695284,0.593961322126107,4.93201714722402,2.86300492842985,4.61306681333312,4.4790281758199,2.96828024814839,5.3639285580598,3.88983910635849,2.25534668768693,8.98646916480233,2.49263739319721,1.95615389126417,6.1819948283,4.59111105943638,1.8477487287517,2.88142570217855,3.21351612922697,2.06114647338958,4.27308126554625,4.48061015195024,3.20308385845456,0.84289083543424,-3.27012323495506,2.09503597870327,1.86691782376873,2.31589970037119,5.73528514150149,1.52960925371955,1.15233107967475,1.97893971197951,3.04070800506732,1.4590993285729,5.89290274369021,5.14187441329308,1.62874902224937,4.21816875152614,3.53130142159128,1.87364619610525,0.855211213305769,1.64647864684173,3.86808476041952,-0.315956268391246,2.68466789621277,5.96558200713245,3.2695174149134,6.06435734482023,5.17599417155351,5.7533588753699,1.40551031227799,0.726967991655775,3.59061300485047,6.55041091268588,1.54683790157077,1.04421389042223,2.98249916740708,1.20127158385705,3.44028828152397,2.78435381947041,4.44792730391806,4.5235388707333,-1.33365223122486,0.369756957005991,4.83556205560871,5.88493699794349,-1.52648072982723,1.35117416513853,-0.331255917018148,-1.67579020817894,-4.02154388059079,3.40398375882617,-2.51775835431762,-1.31615447018214,0.819986140445882,0.0781465267667145,-0.985576432034385,-1.12451148128655,-2.70586093834036,2.57323390288546,0.716606838411559,-1.66769067304224,-2.21916884423471,-5.80566291737068,0.537231998673883,-0.185472369327615,-1.81233556412777,0.242658303371916,-0.0950000630447357,-2.20674619129644,-1.9982919654093,2.13302288084276,1.96694719190519,-1.33144170730284,-1.46278796369566,-1.35424781319539,-4.554970839607,-4.92502880226151,-4.48874487980754,-2.65894735217873,-0.571468416113892,0.0188002810559218,-1.66570210933755,0.265317252712775,1.54270012743054,-0.702487712742559,-0.889106387050808,0.914517603750853,-0.513181073000704,0.560748168155746,-0.0527166233237215,0.141279487804281,-1.28178408981241,-3.83353660806295,0.396045301564981,-1.43279014206044,-0.130004011852107,0.394934566178519,1.74562129142558,-1.23644726121406,-2.19491324289516,2.12135756196186,-1.79504064547042,0.329457037221046,-2.58675559860104,4.57349123255377,-0.124385614202153,-1.47954383263154,0.294000925061002,-5.32153572575298,-1.38504252371057,1.02589037663017,-3.1135133990728,-4.04841151258247,1.28402440466607,-2.91245785458034,-1.80360282657007,-0.957644025015773,-0.61136730840191,-4.76716557295428,1.20033493634387,-0.682093560128212,3.85146447735187,-3.14540551213573,-0.526065566412575,-1.7638084822812,-3.29190697338251,-2.46436270220299,-1.98107970787622,0.54717417801605,0.0349982476319415,-2.23856668812526,0.338860957231533,0.527165433551433,-3.03467034275298,-3.01273737088467,-0.305103317514122,-1.1274848173212,1.31285168346374,-2.95020279346555,-0.882471552558243,-0.0560451788715104,-3.3306561925661,-1.1145144772036,-5.42022983493358,-0.804325098239173,0.198052405167095,-2.9224732051479,0.469265174570326,-2.09938210177864,-0.473617368618488,-2.19048770235705,-0.00789392508683018,-0.767486744226271,-1.76469824557583,-1.97614350184419,-1.07743464772585,-0.143874474160705,2.68558485441942,-1.29435856266327,-2.58234157495759,-3.64103696449165,-0.417968638282273,-0.170585753473125,-3.08327789274609,-1.27290576419348,0.0810737018092447,-1.94370504109007,1.79579659637823,-2.30277166548596,-0.820211139833314,-1.16574424643483,-1.95450118356411,-0.844250027744447,-1.21753536770035,-1.733471198557,-0.495711263154561,-2.6062616852419,-2.76817575124228,-2.4577273205467,-1.79044715450246,-4.89479156115344,-0.740906831488978,-1.81053065819361,-1.99212583728439,-5.01807756324555,-1.66785132900787,-0.996484993871714,3.41755935875732,-2.25258659171069,-3.63827716228929,-1.30022715565789,1.10671423468307,-0.275505626006446,1.50760713922286,1.70160035146973,-4.67967010476882,1.1785446467655,-0.800869289892997,1.22421667421672,0.273216350049888,1.36210543452361,-4.54588939776556,-2.38367620012234,0.24893793955612,-1.52138219079355,-5.10527423579401,-2.34049432147169,1.93288243957928,-1.23308124113343,1.01384074658804,-2.39620254818105,-1.55418782618424,-6.12671836770441,-1.65292458180033,-0.53152913068314,-0.36066245310922,-2.85843605057047,-1.46011578266471,-0.484342328327014,-1.88850641106343,-0.678525012843166,-0.166236528150082,-0.594063429511072,-0.360844701869057,1.99687213072671,1.05671453516844,2.71214493088759,-1.02799724885402,1.99246102347265,2.81900128009335,-0.968323882234153,-2.87505953569665,0.532673132634876,-0.594870656662172,-2.81080071970514,1.27327086004546,-2.93174074131119,-2.75637070341473,0.487279553282293,0.703246935226057,2.24910128259627,-2.51269892113342,-1.46228568994081,-1.79171807132797,-2.91086662965977,1.72161012684461,-1.20342179491576,-1.37253466195617,-2.83341456191344,-4.17776448853454,-2.03426087050759,-2.6142987124709,0.689618125586451,0.134305254413789,-5.11036454992394,-3.02550178974934,-1.89193831414084,3.07741187756925,1.25315700519074,0.205654356414861,-3.39017521711677,0.219796578407239,-2.04279815914253,-3.23476014621457,0.398844431921395,-2.94282472992788,0.821780358943689,-0.735633255426653,-2.20676407129337,-3.13311110009119,5.49112065161558,1.57214389710961,-1.56200629202996,1.47061199327082,-2.2662440333289,0.437434016257157,1.71516251666587,1.91862487696146,-7.07166893108221,0.429233625418296,0.359847921274359,-0.0574341467404046,-2.52846998139364,1.85267761580654,-2.83317740166221,-1.06467866485005,-0.896739335474104,-3.15142445939755,-2.14351465876005,-1.81601233938805,-4.27766871543274,-4.23855147693941,-2.55786118531528,-0.0754662721614869,-0.511042074906724,-0.490403430092357,1.931275266784,-2.08411787222531,-1.17288225875353,-3.79256952687816,2.04209032983294,-4.57736006366586,-1.05547535687876,0.81108032842414,1.24961161374476,-2.350150408888,0.979116703584374,-0.206499771657526,0.862762095394714,-2.95294748760427,-0.978473035732043,-3.85327831562986,-0.113560999336826,-4.63254132001576,3.89754968169196,-0.659594279285051,-0.63826281234044,1.49701980218136,0.255018340489825,-3.85411656424568,-4.64503348706187,-4.95663504862443,-2.11942258333881,-5.71137065777702,-1.59870715970291,0.823681623327182,-6.81213571613128,-1.33251679093262,-1.67476151586779,-1.57771091480762,-0.0767666832319862,-2.44090877944174,2.14261879818193,-2.57302829187465,-0.545029830869418,-1.2661367194296,-2.76118926139622,-0.306626011810714,1.01182795408846,-1.41485064295573,-1.36086185820618,-2.95889856427849,-2.96633653485115,-3.36808733749117,1.07844859633814,-5.7503784031739,-3.09723061972777,-0.785146131554028,-1.48123984862465,-2.36089451245856,-0.140774381921192,-3.1278293268718,3.80069773300815,-1.69569106768475,0.423457005218604,-2.72013490560668,-0.468389078027339,-2.58919624200924,-1.16666606100494,1.50815981096346,-0.299467924218587,-0.667434393981516,0.664649673623249,-3.31089342569728,-0.799744090982046,-1.1712598877934,-2.45148510470334,-1.30459535622956,-1.50722342181554,0.257273934579064,0.952845678056107,1.3052465305899,-3.01489302261317,-2.1967134274042,-2.48643634538596,-3.11653976138824,-1.60405137619632,-1.79812580376366,-2.44105417276268,-4.33239208478229,-6.68345850809926,-0.539991305337976,-1.83360352372061,-0.748535631259229,-3.35698274444384,2.15743761040895,-3.21125522779571,1.8530564847344,-1.81391082694885,-3.66847853779387,-3.17176261410388,-2.71600528561684,0.936607901095948,-2.48077059001588,1.33893411881662,-2.17197046302236,2.53902473617222,-0.850621352179008,-3.4855447313774,-1.1148167936042,-0.602699241145675,0.2622272675363,-2.10099597528816,0.921951834973646,-3.03438641395168,-2.59261976330464,-4.4490830897258,-0.485332055407098,4.10010798015377,-4.41878825669003,1.52936894235174,-3.12352296032965,-0.632018239197778,-1.15812319167505,-0.54923014561845,-3.36491213431303,-4.46400858424782,-2.27405817508172,1.18589327268709,0.414326274075979,0.334409709247924,-1.1608679790626,0.721053581138862,-4.11409679478897,-1.22210545136662,3.50567467896086,2.890578793359,-1.52891113830702,3.25679553817541,-2.34042408340804,-0.431146976851935,-1.03984343306259,1.0970060911856,0.605962738806031,-0.317401538496609,-1.34707454550324,-1.96622369876356,0.816771149864328,0.91056264708042,-0.0783542012395558,-1.29073224799304,-0.913190486814104,-0.58598160226812,-4.87516422028933,2.99741056808569,-3.62263925293912,-3.74121506634886,-0.207910931415627,0.0342472458788587,-3.62974905225284,-0.163923873090445,0.284464403608248,-1.30875664038577,-1.67019044335482,-2.57085317634761,-2.1848003127765,-0.887849893285252,0.478563591144625,0.35212251344196,-0.576860163134822,-2.52725302046289,-1.87125032817159,-4.50798523376292,0.756801984003794,-0.415112258750049,-2.88768798049994,-0.510269987989208,-4.21777833446423,0.604463503277978,0.17464682290383,-1.16570844039419,2.42096266285291,-1.16185834621598,-0.493300312062107,-4.26430196103834,-1.10023849241859,-4.01063587002269,-3.9133558122403,-1.32867545034675,3.09475296509742,-3.37062410403522,1.00330776749511,2.50009356242761,-4.25752911114842,2.7955383940217,-0.616438321415515,0.0905039254428968,-1.36709462265343,-0.416182586436809,1.81369549491509,2.72523903491624,-0.690007450538846,-0.595170569803333,-0.274101303877359,-0.166544885543253,0.508035918240163,-2.47496615928178,-1.58358674124833,-1.52999878201159,-0.823085096942303,-1.22762652833322,-2.99494629604413,-2.39903199890711,-2.29545108921159,-0.221581231373942,2.54487743490288,-2.27521785135863,-1.69543886547994,0.71798347534609,0.179676563117232,0.699691874252133
"67",2.24679918584654,6.75395997644534,0.821924333564052,2.95793385159844,2.3764041323523,2.50015397369367,3.88034680515702,5.39427966461137,1.46975563274337,0.566364079119412,2.38004867042795,3.02358809138975,2.63444782472135,3.75801045092364,0.036116637462865,2.70391511962316,2.85856881220871,5.82558182121744,6.1820911805376,2.04688912027813,3.64726121059779,2.51897415355144,2.74532902150221,5.97677716126847,5.30442584204538,5.40241434784471,-1.89402525047431,3.2757449854406,0.85140521751096,-2.63005047003696,0.355119399387477,0.77536715542103,-0.285089334061472,4.00080622013641,5.48818088584369,2.00243361542269,0.884781002293126,0.96086838178019,4.02803167102555,4.01575039596096,2.26347087492521,5.37978117950544,3.10060025289759,4.2449487913525,2.64985832311882,3.8223417689032,1.89380898776609,2.53681651625117,0.920711456266792,2.95235692503049,2.98829533529151,2.22409961875828,1.22891516344877,0.753098957215871,2.56289076164137,3.55033386374858,3.1561938163465,0.231033843142043,1.73057552352757,7.51541324322335,2.22968998045018,0.890243812316569,2.10927558627868,5.19570263338991,6.32247011890019,4.39521368689395,1.29576271360994,0.873377893393624,2.47290089979758,1.41787562963685,-0.16896002701026,5.99196765972922,1.22149984566751,3.19194737957112,5.36396656004187,2.40358929647703,1.82630570888416,4.28215557787554,4.18642340826344,5.83228132230826,4.01072909961098,3.28379946857319,-0.246807850709976,2.32344420288064,3.56786686937237,3.94184593780719,2.50798857709608,3.85024020729821,2.29720477585497,0.803340265707942,4.29987261667206,1.60138773970503,-0.414014678170104,2.53114550665409,1.66986783783654,4.38055873244901,0.591170521162327,1.3521069876623,3.01500435049956,2.60735364933563,-0.144030585416977,4.08363935888355,7.0605084226714,-0.230540622821159,1.29728243852488,5.5934542456376,4.18430175434537,2.74005073478274,5.37354379911722,3.38512874703612,2.99878552602524,1.54948955778547,-2.26357972799269,2.81713505790682,0.486626745827087,-0.193096259880256,5.60860021037337,2.62290082625808,3.57863424796847,1.42290972658704,0.752130149036484,4.18026235038499,3.08928605478583,6.85153851674451,0.625631127419429,4.39147559321102,2.0269348486197,4.18334664707253,1.53997635050256,0.519790249552523,-0.202843303099324,2.70039699983037,2.03353725386046,7.14986002795426,2.16446967996434,2.73739244596594,3.67085740848436,1.9151391780823,6.46327321236858,3.72001458784071,2.6663705415628,2.86226531350166,1.46802260700326,2.55921217318879,4.73786928105593,0.727370807384176,2.84348436649766,1.4857006597272,1.63502223062323,7.00302161768985,0.292031718747099,0.846357643604827,3.96193388011934,3.23994731927083,1.07172912828154,4.06547668391059,1.60652444466985,2.92990074848433,6.26834913043406,5.98254435602103,3.58614865096952,5.391037306111,0.175300460705963,0.243864646957922,3.40037825423472,7.40331428647462,3.67822002736396,0.6824891804358,0.937743750269352,0.283966581317826,2.93823112563662,3.94841403065009,5.57887618406197,5.49266501012485,4.1803769949967,6.56184340001925,2.59420256999195,4.32721280515793,3.04153507926491,-0.699717867329149,5.79949430996271,0.549539318521701,2.001497865113,3.50579552174899,-0.011975386494858,3.47371100092064,3.19063916693254,4.37296802923006,1.99305939588405,5.13390526033652,4.14943835728997,1.12418982251552,1.41845542810704,6.39315380612531,4.46655825259892,0.519489042633872,-0.0797974333925273,2.64092177490141,6.40631334982367,3.0327185702073,2.9213419890054,1.61556451341285,0.736332362876947,0.833669238728588,1.96656587316241,4.06495430302513,3.97286316015168,3.72271981529078,1.6092994804542,0.138307510915808,5.76938565967683,1.20052358179304,4.31415248749385,2.28929915714149,1.71112321619804,0.208335718933859,3.43481824005556,6.22933604058936,2.75716027414561,1.33935194132211,3.40858031800823,3.14671116771397,3.34120201093609,3.05028308580769,1.97118388600426,1.24268859167848,4.63636903177067,3.36577647902777,3.49760865022193,4.44776955655458,2.56990861694166,2.83088407579265,3.47457170551439,-0.0390300803151917,1.40638166292336,-1.15017876314315,0.905703234874098,4.35505611471193,6.210862758938,0.676165396260663,-0.753642029473304,2.87772767846686,5.78038008009424,3.15780780321001,6.03718570904666,1.86835050372523,0.240510705966535,3.11676532142059,5.62612604059521,2.63173168165842,-1.90611673497739,1.29741384720334,1.91112989841766,5.5373878410464,1.16975159890381,5.18967431983399,5.21550966203111,1.21209653244931,3.70006100474406,-0.523716799368515,2.73536497715407,-0.0804118468389343,-0.509319813102129,3.27458283665639,-1.26620110479087,-1.12895991916515,-0.114178789685159,0.585171783620816,-3.88126809759907,-2.68112102154393,-1.46372169279881,-1.53527777392853,-2.23569344700871,-0.495780040952097,0.373743251580407,-1.38472982708274,-1.94016029125877,-2.90106864622584,2.57390312997136,1.33705695881794,-1.15341693832688,1.37780560230702,-2.51871561336736,1.35006695954004,-1.84979343369731,0.905877176691014,-4.1358043131225,-1.64146110931808,-3.23322523541507,-1.67273236656583,0.554101162424399,-1.38656659832757,0.860947867460541,-2.86189982378695,-1.69172200333795,-1.18687486516074,-4.32388816763313,0.600624582839184,0.911911119783229,1.48962825892552,-0.010902676204172,0.778265350415841,1.29549179191414,-5.79356853632115,0.861135534268153,-1.0992009961526,0.121647999083196,-1.95300282548757,-0.874634315634537,-3.07014754565198,-0.977133728641404,-0.977375271551891,1.08238385601026,-4.61753229306903,2.77779938068475,-1.77776287669425,-1.75184732851216,-0.562785444802461,-0.506438560477678,0.310608388700236,1.68172859092196,-0.4592037170904,-0.515918541404698,-1.52182003621887,-3.81901714249566,-2.25952930620379,-4.74327041632972,-0.263772877554072,-1.48935258940236,-1.07970403840675,-3.30045445139919,-3.43487139320078,0.0954169711603945,-1.54835197931133,2.71443914030356,0.160898045963406,-2.25585778443887,-2.59775560333694,-1.22991698704304,-0.701003241610164,0.745828426465996,-1.72532870979298,2.44404854952263,-2.54851976667564,0.90044023640052,0.18389889578284,-0.656686267492912,-2.21325346097234,-0.37985131768214,-3.79076913480347,-2.45520319124054,-3.34708257108139,-0.040630149212626,-5.92490331811765,-1.95036348085898,0.00596947964614802,1.20349982822064,-0.595858717078267,-2.52437059845875,-1.67048571673168,0.428351504946894,1.06082898599428,-0.6441239876324,-3.38540885435754,-3.35799696952751,-0.585667116630572,-0.882470905152806,2.5199103380485,0.20162797805164,-0.625053090646193,-1.05040557563402,-0.683877908923332,-2.86092978482837,-0.432959001369453,-0.708332844979001,-3.41500087873539,-0.677609908059404,-0.159513240778236,-2.92627646062875,-4.41586874579136,0.235921455181886,-0.318533369825105,-2.5248844448229,-1.66186279755629,-3.32822453472186,-1.78928724291089,-4.07552797377693,-0.457755903407417,-2.03095555245844,1.49227515266784,0.461147080841855,-0.932070712824334,-4.01098583736425,1.94460369680406,-0.142256751782403,-5.54206934924751,0.681431376613324,-4.23666129446867,-1.78103925821072,2.8491080462797,2.40003900650903,-2.43333865636598,0.577495407484891,-1.49004463878788,2.93596215220247,-0.0937032779642593,-1.11095193669833,4.72143530602814,0.883604538754966,-1.64553575436007,1.5889407257503,2.61221672821224,1.06674134312247,-3.44385850442176,-0.528994448837834,-1.29390455670796,2.07378272784284,-2.18963133544081,-0.198091847083392,-0.383335888324754,-0.403717558553491,-2.70657899057174,-3.83851222643196,-1.73006923840693,-1.14700145381606,-6.07789618455895,1.90903228134343,0.0856697269345192,-1.87227853667225,-1.35628779378848,-2.35118983638885,-2.83208517270264,-3.500335554053,0.0633760782335684,-0.0154702557729804,-1.98916619031049,0.661373719609506,0.571207064621859,-1.22016400225764,2.7231246809982,-1.69700180440651,0.442301176978928,-0.505640962932551,1.2046425119407,-1.49974097877998,2.29386703849995,-0.586360121034359,-4.85447387021521,-0.0163390848595617,2.74965975868507,0.243261264365419,-0.758765873364689,-0.787762240544761,-1.56718757380763,0.202799420980131,-0.79591993470272,1.51193128891774,-2.2329826052358,-1.41805503080414,-0.343009797833856,-1.71162225346727,-3.10304815354592,0.400969757588741,0.466218714442344,0.515750916423872,2.36139967971051,1.19410820371578,-4.04695026222677,-3.46537330006805,-0.424371819395291,-1.5042081878878,2.06791441338106,-2.84832268747236,0.13206352241283,-3.07461174520666,-3.10811661408348,-3.95241496861024,-1.28427684099849,-0.559306399292733,-1.1929954240348,-0.323872914428816,1.43809508779993,0.552494084989902,-4.93697562780521,-2.55105286617592,-1.50674609221399,-0.00300143007672948,-0.591737826636257,-4.08674183348708,-0.740533606050447,-2.05881328651016,-0.635633187472735,-1.68692152052115,-4.56232744943738,-2.26605206903055,-0.76750968191123,1.4374760106502,-0.856288208562586,-0.399403912850394,0.443426873330181,1.25362697522413,-1.0559782005286,-1.65746481607238,-1.44813930387188,-3.20486645320655,-2.71636548875421,-1.14630526540616,-0.315882801586354,-0.0210124179133476,-3.17093602981522,-0.871525906607218,-0.705030584944171,-0.647927148122383,-3.97589194414835,-0.368055412173294,-0.764095209026892,0.23651110144952,-0.0990700547775271,1.67873587392537,-2.32149115698869,-5.74205911860559,-3.12553668456139,-4.10491546659626,-0.153228599816917,-4.17113567016092,-0.349970714625638,0.283701752009186,-4.42121942011831,-0.0256493191537933,-0.858084143307434,-3.13346617994883,-2.64709047330325,-0.168584735978212,-2.68295985687389,-0.588195636642521,-1.88438997905478,-2.69811814566861,2.12771836350113,-2.86144403987988,-2.39287541700523,-1.51289642149043,0.760221764918313,-1.95765841541717,-1.10482902482432,-1.60382099895702,0.922350263583142,-0.149971050991575,-4.31139405110169,1.84095363068278,-0.93556315081327,-2.9107419981927,0.15474429315125,0.412584900243578,-3.91749156260355,-1.72065539153611,-3.74273694211178,0.866640203316397,-4.46933445117615,-3.95967427613781,-0.876864484813779,-3.17831509752039,1.32377063153872,-3.86529026681214,-2.29226715438838,-2.38410094521613,0.866299494213057,1.47063982672093,-1.1866128177008,-3.45515969704641,1.8271330171568,0.622619732258821,2.56357046949097,2.65651316739949,-3.30398775445772,-1.78008827005958,2.12785602807881,-3.65584871449553,-2.68604576899471,0.345683336614706,-2.41520333727466,-0.677590181072495,-3.5020979969818,6.01029878891276,-1.05192046962079,3.02848486466995,-4.28241335662806,-0.495430389741544,-1.78164081432298,0.434946617728024,-1.41622930669272,1.25762454660391,-0.532133029184789,-1.24349588689067,-4.74745865958008,-1.84460411279692,0.876684644613363,-1.28545507699416,0.0148411947320537,1.84687590931524,-2.50757818112223,1.3131928701309,-1.30437119444698,0.282807179018914,-2.78816586980371,-3.9507165195554,-0.986936599740795,-1.77338762118592,-2.09291166841675,-0.52122605466314,-2.75861843072632,-0.788408281975949,-2.77666640441436,-2.44062254567623,-2.2705769616471,-1.66557978611605,-0.18597086270479,-1.47171619879868,-3.16255491911843,-2.21562812074962,-3.12091105895104,-1.06347387825601,-1.59051071294561,0.206223252512343,1.41040455906513,-1.32517884000275,-0.983459090200896,-3.20809457327388,-0.562347710917498,-1.27785396994061,-4.74884454560578,-1.28169167664087,4.05142242543559,-3.29393811966119,-2.24644237142299,1.93625078906202,-1.88502987406616,0.757964398818795,2.22647213553401,2.16535913580466,-3.18417852214485,2.9149468548405,-3.00573966760782,0.296719558185117,-1.79216983388606,-4.26339674272567,-4.72181268259005,-0.601751559055749,-4.41388311249539,-1.11341295441105,0.11971036457642,0.862134108896806,-0.73540225323212,-0.852795977499611,-2.17212788456846,0.602455799571493,0.467837420120875,-1.83888731111459,0.976383578681932,0.535495397493278,-0.823569890554035,-2.36865259969934,2.48959914170186,-1.03850600673596,-0.58091440196238,-0.451994434935481,-4.22289567610267,-2.56932371694696,-2.95565666752842,-1.33791404631773,-2.25488777643313,-1.9166855927076,1.32042392946206,-2.80177168969788,-1.84175077757813,2.01233948192335,-0.689904856331872,0.130994120706226,-2.17359006971862,-4.67120926248851,1.74353582654943,-4.08632909801035,-1.9622804656223,1.7572845300282,0.861579520708981,-3.1822116308312,0.312866854559857,0.717057793924501,-0.60255898669355,-1.51421778639317,-1.57222117310754,0.648347866795914,-2.12510787766679,-3.76231430444331,-0.906530407105905,-0.524289259100159,-3.2499780982112,2.14427331644276,-2.26771667977251,-1.5151770847492,-1.18788624372629,-0.0781416475585555,-0.95274710497711,1.18398967051448,-1.1195160666577,-1.54511719359749,0.268333245478884,-1.13296870801544,2.22899931164548,0.829827511597811,-2.03398401840541,-2.26451386923115,-3.48814236443593,0.205990537459706,-1.69087943125697,3.24970514559599,-3.06441557869042,-3.31491582449638,-3.63068661013824,2.82024521751997,-4.67178387022467
"68",4.83294480030136,2.05703952199036,1.74173555321965,2.44543445439798,5.81853799476424,2.80461918539353,5.1411169339589,2.04823024097758,2.61876439215812,0.960129876180061,3.49574391128418,2.58452258695905,3.83335515081082,4.47619537531647,1.78674226946312,2.11712063129108,4.63723992632684,5.23408398398311,4.44208604802894,6.13287546179215,0.841756539858096,2.12136287139534,5.77844585592788,3.09712675959608,3.28756135120499,3.40818579116319,4.11298891123327,0.749042126449988,0.223640567103854,2.49756667547276,5.23126938031959,8.13263872308022,4.27622205705779,2.96253590524212,-1.1633549157527,3.90474264751057,4.8953852747542,1.27494091308134,3.13701486241163,3.79216662600766,1.27519661599111,5.39478556424691,6.70165099535467,-0.18521296012721,4.6939888555645,3.51191410022842,2.99797486819673,4.46065851288799,2.32220178785338,4.59106395677868,-2.25671871023757,3.36896407367093,4.82429475060242,0.533922895930291,3.20628294702449,3.04180432886583,3.8993092964368,4.14783013511918,-0.58744023529652,1.77816235768631,3.50355245795004,2.8517528644486,-1.13930791815756,3.9657922302867,3.15308826458837,2.03041288818873,1.54018204960879,3.01979617163341,2.22537618969333,4.93466946284026,4.18123597092478,5.36012312821298,3.95317545479805,4.06157899031659,3.30654081855709,1.34152244075389,2.16283597967042,0.446992568390752,4.50690007219713,4.68273154694167,4.5833143576482,1.80521509425436,5.30867772070763,-0.549429683755013,3.22069271071994,3.38128380343012,1.35783591150862,1.44738794855866,5.79203584952404,0.722841947993794,4.79498493572334,0.817511315512684,-0.864508177655388,1.55048189108791,0.629512491933907,3.17205250378081,-0.615441121425042,3.67543802887728,5.47153761171799,5.28426660297398,3.03177307815493,2.47450572636758,2.39122597168515,-2.78378203779783,0.838945590245374,0.664797873351592,7.77824600101113,2.6251253077204,5.66504137370879,-0.298754712325158,5.3713154707698,5.12349958823069,3.2223482249093,4.56841357123935,3.07172747220289,3.43330515704174,-1.93824103971016,2.31432540413026,3.58701898034409,2.74136196611975,1.75325732199356,5.02285728396349,1.71090460198371,4.20931716171514,3.52438152578055,3.32221450037603,2.77302245199167,-1.28434600650822,1.56485746068168,1.96584530640481,5.68646843241803,2.84892808594026,6.05929101483182,5.37459744653115,1.36772180478632,2.95075929434372,2.46261849374197,0.755843722777809,1.52711616346754,1.46456844730076,-1.80056326591969,5.55898387058147,4.89175082566277,-2.12138668783271,4.46787559934823,2.20290697261734,1.97313113197267,4.13883710119921,4.85131969592014,4.72210934672473,1.86726228951645,2.9206582096597,4.24541426975774,-0.613421702821876,4.95239564383991,-2.71739398882542,7.13460899402616,7.89976680913823,3.64121612895344,5.31541050481647,1.70220190408684,3.63330716269526,1.35651312636184,-0.235701527856971,5.16343265809961,0.707707698647285,4.64919549055814,-0.281020219113861,3.16929760104806,4.06904193806454,0.996578413339782,-0.866877901730782,0.618177057251252,0.835683043420623,2.07674031780571,3.9570988517186,2.52647524136218,3.04577636082392,3.42393575284587,2.80969770519301,3.44626741699462,1.17687039203191,3.56089012277427,3.60936686328392,-0.360447591768356,3.32142403740318,1.36756847761985,1.67177687724738,4.81455422759064,0.170165946960252,6.00564717660209,4.07822264201508,3.79384650035814,0.430902610653318,2.29885422074827,0.324734926037662,3.34938370523476,2.59166641666435,4.16660906301175,1.77157894055489,2.71006608843677,2.05651703166168,2.7247199565658,6.19378463723138,5.76959782621274,5.27662428734375,0.780043922176344,3.36111011334162,6.01754827156538,1.38254032160507,2.69909599983276,-0.481870423479941,3.6460762173758,2.93604251901028,0.848075015809625,-0.185776532135102,2.66470331920208,1.81376056703159,5.25084771158452,1.44694816500987,3.06742496206055,4.09332192279726,6.48720894358864,5.18433659824321,2.48202181331547,3.40138457605856,1.45823107427992,1.0770393867185,1.52763349561078,3.96783087189288,6.22221173343503,1.8562968143013,-1.12436075508985,2.70582510451048,3.99533468799076,2.53544890289142,3.51927384743356,4.32074625995389,2.88391215399243,0.658974740520927,5.04086440450051,0.994942412824274,7.43378313054793,3.70843213289722,3.55259031890076,2.8335310410944,1.67271492932846,1.14966941644001,1.96240002322107,2.34511936631554,3.81195256138195,3.84073736290281,3.18362026334242,3.8419652835263,3.93977397226283,2.53141030018962,2.96685166122462,0.0452725129683502,0.339377065302084,5.08952834541219,1.14155421618158,4.70182706723565,-0.352436602679643,6.2615669336561,4.03781104394014,2.9071518584314,4.16597230152786,5.21248932615004,1.86707173540097,1.59777367673422,5.34068308913691,4.13759105191147,4.4712790338854,7.17616133559948,3.04811098613962,-0.157795446793373,5.78550112322153,3.69307709982597,1.31261330138925,1.96056844330356,3.62141263361787,2.9432405310919,2.79465219895658,0.936648139290438,2.42209144950098,-0.478858330560914,2.63150308629299,2.51986503959697,1.32673575990469,5.96614227050849,1.16226904811497,4.74305246235781,1.49545945085518,4.04505589254066,2.29226096842404,2.08525620601254,4.52016086762413,2.77297465714556,3.61334078574578,3.78450981927742,3.25579429907197,5.69880393899626,4.53624533028104,1.09957755647749,3.16555898718794,3.37702362855623,-0.476755243946393,0.524610706392033,5.47532257497496,3.3159448056584,1.69525689366013,2.14209266573519,2.20356187104508,5.42886896206104,5.19576785694465,2.01147319290567,3.67496260192649,2.48045505985959,0.908024460464224,1.73513741681273,3.21162689740608,2.11379719339019,1.77876609129445,2.26291916591392,3.333103236617,2.12299165192686,2.56501093244361,5.91310018206103,4.73325661853013,0.827902609702519,3.61094222296921,3.83652837351349,3.12043812922136,0.224805446643913,3.70516563511685,2.14876625349609,6.20095481617477,4.35508716666219,1.61465013239406,4.44895936573821,0.961994861605512,3.70205865455821,0.839837696261492,3.50297551503552,2.93699904890825,1.68943973449734,3.3370476981654,3.13639438211843,1.11826734154721,4.22883675189845,5.69923784576953,-0.438940531860868,3.95372927252407,2.18986915404077,3.25946559056554,6.78295821110359,3.05021980260501,3.63588936875126,6.12914408356384,3.45248995189775,3.57137200260702,4.25202241856371,-0.44434442204438,1.46811638715843,5.52739525187212,-1.8468399698398,2.37965649638743,-3.54433109937551,1.53737305037209,-0.573244886951828,-0.166886382399154,0.673412551598313,-0.774435913610256,-3.73493302179094,-0.450642613327837,-2.04243715841566,-4.16375101428918,-2.15362532686192,-3.2943026999501,-1.71644023607459,-0.0234610074082103,-1.05650136555401,-0.475677488614238,-3.52151748619158,2.77941869642475,-2.02223012195918,1.7192454300376,0.379972630634568,-2.89239477151609,0.519495329883131,-3.96321375107038,-1.46458035848076,-2.73650386790636,-1.14904643826203,-0.267303654045001,-0.870975814923495,2.84221270408068,-1.92782228390216,0.0224778602329181,-2.26132316986292,-3.9001854092639,0.175186390646269,-0.495435477518477,0.10147229439859,0.00909321781014771,-1.84598542864986,-1.33547822302174,2.88036871084546,-5.90318794338052,-1.05796525568461,-1.71715935722598,-0.667557655077392,0.43008473101588,-0.273666815809642,-2.39729672719712,0.994664026632275,0.0644020682139106,-2.54557349284774,-3.00595303633488,-2.81309873750112,-1.72896052366382,-2.78832791996947,-1.4773830496908,-4.3858935694916,-0.0597177130068588,-0.298024404135109,-2.95133402916092,-4.50888565241586,-1.80680787082911,1.07482344865617,-2.92384918361206,2.1688196931312,0.73203263323885,0.0877781511852787,1.64867132453828,-2.2085668180845,0.261636793619601,-4.3744875183261,1.70376889933922,-2.146742305277,-2.46877012570043,0.842926179401801,2.19767244575023,-0.664484160951575,0.828931487342988,-2.95060379056571,-0.976223957451361,1.62287093947839,0.959339239210629,1.66572161146447,-0.363143766345349,2.07077495504556,-5.05065942877168,-2.51687821735474,-1.02184328550923,2.62295461797564,1.71099492860627,-2.2813880740429,-3.47173746920775,1.26522081351209,0.685765609909536,-1.79186040845283,0.839975279309651,-0.639644422557784,-3.16496236045533,-1.48915229734755,-3.70359080952558,-1.80221196270287,-2.53173867371706,-0.551616358564779,-1.86088508881006,-1.38994733717445,0.916927074702063,-3.33279827342648,-1.32710729274151,0.971603056533709,-3.81727175804319,-0.547629370589575,2.12601408108462,-0.639051660029282,-2.89753521745898,0.0854791281394391,2.11571716789777,1.05772386798296,3.01954084284524,-5.07057769879861,-1.4064963536781,0.881934847915095,-0.0735702971226389,-1.82230348885268,-0.257540510460384,-3.71782505796513,0.708854590440996,-4.06973678115287,1.40819160965498,-2.80842633835176,-0.659447377484993,-4.07085100243748,-0.974193995661233,-3.33609333759164,0.577388638474222,1.02312223455809,-2.36739817746725,-2.54687737652457,-3.48211704057761,-2.37725497707105,-0.424162590084701,-4.31970907451819,-2.99605320991759,0.60923872710455,-0.0349552823574952,-1.72663615031932,-2.65382030092355,-1.85649713539828,-2.12374398056631,-1.03489843976629,0.176366678141708,-0.70853697537267,1.06036559677174,-0.154792594325913,-0.295265336210186,-1.43605267917647,-2.65087692802032,0.306969726538945,0.214082962766692,-0.0468956129505443,1.42167838766329,-2.55389547643956,-2.27316446332039,1.47227594390456,-2.42281794008908,-1.41194425125249,-1.09882693142993,-3.43380582459615,-6.62927160079391,0.927279849825843,-3.78141220317402,-1.47709165782668,-1.04732476428735,-3.12083919316374,-2.55060374435433,-5.21257374856263,-7.08121316957166,-1.16941768152951,1.79796718891288,-1.30758118928731,0.0482792903566716,-1.8007619581879,-0.0961914686801103,-1.74807010848696,-2.00928180729327,2.94174741689473,-1.71867674107287,-1.11490110042553,-4.93328993997889,-0.815218494973944,-3.10519485652128,2.76883148145333,-4.1185693356807,-1.89122823977907,-4.09583563798362,-2.39500105858568,-1.11376518118327,0.0481416199315174,-3.27531360024192,0.0188491074257662,-3.02416993162338,-5.64961126571756,-3.01519845657855,0.408711008759626,-2.12482689371282,-1.57576758498032,-0.9621132594927,-0.859011370898488,-3.18883434264641,-0.815102634968974,-4.47302837682293,-1.54457133055925,1.25675576502656,2.11286043283492,-2.55871112097101,-1.25670530717277,-1.75775427766158,0.868549576079542,-4.18340191559778,-0.819660607930949,0.596328572677673,1.60703949274355,-1.81830398753446,-0.168053403836338,-0.592696385471863,0.484528311837541,0.517701724061035,1.25012284069329,0.867534997497458,0.299367514900433,-3.89328335871059,-2.48381633230608,-1.91295316675266,-3.31980730868697,-3.29662052292833,-1.20708212725127,0.56871565139808,-1.39017775735216,-1.83720140238068,-3.7718240693794,-0.0770272378017125,-1.03649196771116,1.51145608395964,-1.209562610659,-1.31614362204041,-2.67593685823584,0.1451838205195,-4.50319369839955,-0.262354112875289,-0.775453537856426,0.01080805106958,-3.05980118998499,-4.90825342429876,1.40749968026907,-0.401006602777484,3.16087634604786,4.04265340787785,-1.89790844562844,-5.72957894756146,-1.96285252696328,0.147199047299345,0.812188942155075,1.11232014347693,-0.351378527793087,-0.647440246417356,-2.18219626545388,-1.68577172643818,-0.582462854093526,2.11018512115652,-1.19021541207802,1.28404169512685,-0.426252937486423,0.0307051724522929,-4.88517667761864,-0.590708847587044,-2.29743592143132,0.0360575086147557,0.74922313381724,-0.871079858734371,-0.926069073334785,-3.02877256515338,-0.879176789119003,2.26262666610408,1.09312583450046,-3.45261250723547,2.28246116652797,-1.6283317969945,-0.377163994268905,-5.46953772611087,1.36631056815086,0.975763859998713,-3.49566298024837,0.715155838685916,1.40156650735519,-1.3169286267317,-4.50807387032978,0.459482982625114,-1.36227102932435,-0.356091029484409,-0.0085160487631476,-0.767680412307338,-2.95737677856613,0.816571670516371,-2.86839250290382,0.928876472378188,-2.83883144657037,3.537281513165,-0.319407203654145,-5.23850218622113,-0.519716355102189,1.93994932463373,-0.703201764186397,-1.22939571297307,-2.62961408088937,-3.24659202559127,-0.000466961486091266,-0.618106207222067,-2.83834842275863,-3.46814656400677,-1.86525986217497,-3.53600061454075,-3.22833076619919,-1.24195130029519,-0.96764318686827,-3.1763886818813,0.0270713768570623,-0.752522205921274,-3.18061787502517,-0.282420701014147,-3.54003809473456,-2.40225246514375,-4.02402909190397,-0.98289998678475,-2.0342446745929,-0.760897990368405,1.01746919923687,-3.49648173258562,-2.28236521878284,-0.257752663176865,-1.37074785834285,3.88413804764926,-2.47251484147053,-2.00497446036491,0.0449290189242042,-0.94331249331656,-3.60811900230577,-2.90619511760874,-1.19621810661346,-3.90769969999055,-1.76483138754788,3.44764591898318,-4.36488784136525,-0.101844320483337,0.225252404986165
"69",0.124040596536535,3.27911156452674,-0.0470193500414124,3.15392759738098,4.08815597619043,3.2604854271316,5.90631353498664,2.11879562368027,2.13829117202266,2.68134252507237,1.06988000340392,6.07349396357502,0.535564860752451,6.25856875790487,1.41040739142951,-0.0825934002491828,2.64925685867427,1.44359062964637,2.46915364232268,3.3349987856288,2.69677821833992,2.8033872349177,6.41537666069188,4.29147002749189,0.460207497293939,4.12905999644441,5.24966844298948,5.31029185452696,7.2634562116661,5.07470355488741,2.28029941575835,4.91866142513745,2.50783018556158,2.67138138783874,4.38121158551764,4.73016695315482,2.40689175657545,1.09368147226052,1.12374781669977,2.79745400919051,-0.207658479817509,1.05346916559706,2.11009158646098,4.94195651871685,1.25979988380976,-0.95543490861311,3.23374301333747,4.02444472131833,4.86903299520982,7.16232757390174,2.03687169214733,1.68416970197127,-0.104349528716882,2.58623108563969,5.86811531969598,2.98797642389246,2.58113827944572,5.12340365203959,1.4857112144063,4.5101382410613,1.25755622688305,3.68530420415535,4.67662869037509,0.181074262325037,3.67606822807969,3.19441726311725,2.39743823336097,1.68101667274468,3.66964670724578,1.61151627088408,3.23591977772388,5.7310761822777,3.00411967417062,-0.304707676071164,6.79752183023219,0.304740150400738,-0.459734163944568,1.8363673441291,1.34438700413348,2.20491559082306,3.33638084651499,3.14266321760033,7.34649384476877,1.72902579186335,1.42980330717309,2.29989052090402,0.403620751763329,5.71134455800757,2.40263025053965,1.91092502680327,2.82166152822987,3.17597208558498,0.280174962523309,4.08022822384742,2.90049394012141,-0.27826556761817,4.4083969569573,1.98484494487493,2.36239464674875,2.4558357721389,0.19839617344137,2.64776269756875,7.2744134285291,4.40140663498524,1.96320296712613,2.54304627355648,6.21255795372592,1.67420434403003,1.25850413144681,4.22254053712436,2.65791649720619,3.79493438437068,6.35697092565514,5.6472574512897,4.93234239060446,3.68096143193694,6.84805645545252,3.55911025131258,5.29399847059653,2.79716095454213,3.63140894233072,-0.148786546760745,5.09825776564624,5.4230814294873,3.43744100737644,6.43182913811691,4.42838124804328,-0.058737484796807,2.97355735915881,3.00215352092339,1.84595334348336,1.42683894711387,6.11130103252771,1.19432928538325,3.47784636312477,2.88322161452914,2.09470821256584,3.18067426919716,5.16922477089198,4.68842365420983,2.51392396423691,5.08973062406447,3.07633916722504,3.8357412903845,3.73386517162975,1.23689263252441,1.53625011695581,6.12736180089083,0.0637485007384688,6.1639359429633,2.31824914954983,2.82218863522398,-0.343284831884678,3.08824983282998,3.32763552951976,4.42465994389122,6.57931300359298,5.85216098316074,5.2497837485865,3.3955544756337,-1.53953962706244,6.22925043338678,8.04001469699349,6.27876215130033,-0.769515183618373,0.746572563896224,-1.10596982117419,-3.95677585529641,-0.193376994552151,-2.90396693262309,-2.65717492673709,-1.60458806406109,-3.39620177810292,1.69735527673972,-4.33223817005447,0.747144244452339,0.962058997882366,-0.864685450121751,1.03109422537038,-2.15380807532129,-1.93104815372947,-4.9023090707419,-1.11026667524572,-0.908450820971936,-2.50357916694787,-1.93804677388362,-2.11422769764239,-2.86264805195072,-0.464153157368589,-3.98008180723003,1.50223948445047,0.514346464501804,-0.356156895781306,-2.69465138206027,0.300035914814177,2.25996540090892,-1.89673774069342,0.500818252543056,-3.96577251073189,-2.54518686394027,-3.69338385272082,0.0986636482138183,-1.09316274866307,-0.55369036549682,1.40852739572259,0.656947837567352,-0.983558039441311,-2.47627537649812,-1.11186245460563,-2.23655788335806,-0.991916789123368,0.626507226031405,-1.92525659256658,-1.18530741484821,-1.51391214103818,-1.64892670669024,-3.28508372629447,-4.39322111077101,1.7685708736716,-3.39250863235347,1.58911128083323,-0.352031080522121,-0.981471711525253,0.244752465227745,-1.8501598441178,-1.42300428022265,0.113059607628739,-0.497703549028366,-0.356907394242297,-0.440031875022888,0.886500801235488,-1.12077400302393,-1.29299619741925,1.03857935166573,0.664818177198761,-0.7477128900439,-3.51452445421273,-0.267852996131105,-3.51601952301312,-1.04326239018179,-4.40936482034578,-2.66131652455531,-1.12481064442418,0.602959414462654,-1.70546704439938,-2.60104290514178,2.64405284223583,-2.57289081880919,-5.1322907895935,-1.58379834759095,-0.931761442405675,-1.7626623808625,-3.11467774716098,-2.62094661961146,1.41160121058707,2.47291811680348,-2.83821666491055,3.62155011752294,0.412721055884334,-0.44614721500556,1.85302329089163,0.60793410855398,-2.90116943596744,-0.0257350387455944,-2.81172548638683,1.78486289496829,0.464041924691348,1.9885008629353,-3.35984753420557,-2.13331831141549,3.95264246979912,-1.34036436751866,1.03012046935948,-0.498880336594465,2.26237767500447,0.377728014334122,0.849832587502727,1.41939792780067,-1.76501836064158,-2.95855268516385,0.0317491230621287,-3.71590122999763,0.100353027740872,-1.2951731322504,1.77086676443796,-3.05915226186735,-0.538115377356863,-1.30619300220186,0.384084224180169,-0.298694502100063,0.551444849817096,-2.82214440795992,-0.881357294675558,-0.0233333171898091,-4.33131819610328,1.87744737615448,-2.29931387581756,1.76064348976239,-2.14626465558029,-0.916760541725076,-0.860105045613514,-0.946723234164757,0.324990853226377,0.242281656728991,0.232962742859448,-2.78615436518363,0.890077374087425,2.27529996726978,-1.09404217783195,0.368248653271755,-0.0684696041691538,-1.19686707652289,-1.3386423430959,-3.71414452278007,-2.12441886718052,-1.24514252272196,0.271459244486285,-0.0949506812404838,-2.81960857656966,-1.59424454419494,-2.04553077684415,3.94065550037788,-4.62821248394603,-2.54625812781831,2.16388101409566,-0.312013486951104,-0.539224922738741,-7.19748364543885,2.06255710116098,2.13185652932872,-0.636748040993207,-0.570489295754143,-1.14035205002199,0.924890746859778,-0.739084073439901,-2.30600635829697,0.839832027145742,-0.553375926553517,1.21822944020481,2.44338456169839,-3.84171729492332,-3.66902513909569,-1.73264957473383,-1.02669417796057,0.115805262771077,1.2314378703517,0.640428366996645,-1.37790578340805,-1.48706940590533,-0.988557003813296,-2.62882488694265,0.63879037367166,-0.862901429107021,-4.06332367841913,1.3836975539365,-1.16444401904822,0.70135423315127,-4.38122059961933,1.1421617366048,-0.0771338708339173,-0.44630115103866,-4.75542287001746,-2.21511264790289,-3.66010898683779,0.723430326028576,3.14096741478262,-0.702786429066343,0.501303747405958,0.0575343398004018,-1.85347442511013,-3.03997941465038,2.18398823890272,-1.2683963291966,-4.24733862460533,-2.15475226123803,0.851671307188101,-3.55199828812274,-0.976309749677129,-1.68241483952227,-1.87564631948171,-0.394373385382748,1.22629139074749,-1.35792194836404,-0.11010001860606,-0.523813469698795,-0.997650436643607,0.837150348495524,-3.29573492527339,-1.00476137144243,0.11396260357614,-0.135602369416807,-2.82771054808262,-1.71733247340875,-0.850775991808133,-2.1074205573758,1.24666330111764,-3.93070697076829,-3.29412359142877,0.730864861529192,-0.48513271823512,-1.98330401861071,-3.62812315967756,-4.17002957485482,-2.24382296569409,-2.74240232615616,-2.33050636862693,0.452503765899016,0.105436415920485,-1.02130786995594,-0.672678819455142,1.96267997894213,-1.07832048408814,-0.260205916498774,-0.20274866023596,-3.2211734459954,0.179860038818924,-3.89393299833445,-0.275588646301003,-1.63650989588262,1.52071732593236,-0.391253933407436,4.58078466772397,-1.90997283088176,-1.37494538110443,-2.15689506317363,-0.0484173204594655,1.46642416270728,-0.41176222033275,1.79135461262275,-0.152467857069223,-3.02890217244899,-2.4913850095069,-2.45071202762089,0.630088526848564,-0.220160757523865,-2.02456084717269,-0.749251921970302,0.251558633511484,-2.78463102234239,-2.54619459722163,-0.968672166493614,-2.56346105931815,-0.759303525765507,-2.23091240582027,3.75010441356579,-1.6617341307433,-2.20786864187347,-0.429068028884728,-1.75837030835834,0.342460994891068,1.20894104195369,-1.66159272224598,-4.25842780796819,-0.916132509317673,-1.46458434254789,0.506848890912537,0.623618526261428,1.98399440894834,-0.479608282584563,1.70968134294832,-1.73985176891161,-4.97147157579091,-0.792712679906376,-1.28139509455547,0.860523555114296,0.230921170104025,-3.98226160831309,-0.907562515156651,-1.4344535669811,3.94660517985653,2.53179629049064,-1.43999550127918,1.17611139230408,-3.31823235080866,-1.11110053574325,-0.326972205014713,-2.04560332308875,-1.0183652170566,0.664454895338507,1.96854304184716,1.54311036465331,-1.63468829490489,-5.02772918465438,-1.17180258138597,-1.13773778922168,-0.112005940698196,0.0241304493875774,4.10483424962603,-1.66504169723507,-1.18597239875164,0.663118897785275,2.60178930780834,-2.3067037872654,-0.868924513121051,-1.85964271078667,-1.70820561352478,-1.01272447660925,0.845378312023788,-2.21329677460406,-2.95524810633687,1.96638127678601,-1.4402927033597,1.55861162774304,-3.57083786658012,-2.46417087087133,1.49006871013015,-0.0480008918155983,1.09258885545249,-2.07613827251239,-0.212933431422364,-4.23079161467339,-0.681286057065572,-1.58626868283401,-1.1437249022121,-0.10634865121897,-1.93173807672138,0.798504305857066,0.307982359490172,-1.57984160199045,-0.340707333312213,-2.69556587450235,1.40990051708118,-3.00521123568616,2.26548498922365,3.66124127530769,-0.944426950992823,0.26420218368095,-3.90228498199085,1.00732388431268,-0.230577110752215,-0.100070049165187,-0.246953866344641,-0.337356908526903,-2.10176287693868,1.67662709465263,-1.72145422463901,0.28489619992526,-3.79856394508221,-3.04738819564713,-1.24002927253926,-0.229715197037304,0.677047135353918,-0.606260703589112,-2.82625630454791,1.53850541300668,0.886661396461538,-0.906482505903005,-4.22645502434124,3.11639029259356,-0.543556788344873,-0.924041303638749,0.993769675594908,0.719999143906816,-2.40148679354463,-0.146448143291789,-0.477519552877652,0.530343236257341,1.21740205001013,-1.43492030428385,-0.0241952401247173,0.884441962378193,-0.934704276742984,-0.232810125618942,-2.83453138875052,0.370967873842272,-3.02126873926174,-1.92075461516255,0.341250759163693,-0.130846874616292,-3.27672971338605,-1.50409567825664,1.49368577467563,-0.00909475859713882,-1.69152693954984,-1.53554484048446,-3.1581620699603,-2.59399606251741,0.485958459585814,-2.59329124521823,0.265336441657938,1.63456112630097,1.48790873147551,-2.87261075951116,0.53233036390383,-0.741718645380938,1.51988291557915,2.97342206380397,0.213339189977394,-0.234378746300156,-5.62747470685614,-0.871226618483996,-5.90802390451795,-0.965349960920638,0.41189139851783,-0.365657553034699,-3.94132005839309,1.18694346606073,-0.705906465907749,-1.19617150121313,-1.29873195546213,0.826002205662377,2.32660980805671,-3.05011261491088,-3.27393376868811,-0.135206580293841,-0.327933533275748,-0.496010188037784,0.972299666866533,-2.06397222747553,-1.13200581052005,-3.21267032236306,-0.664660342336773,1.73571564159757,-0.835397816703906,-5.4166796309778,-0.760903913438682,-2.76381240122688,2.69108604255194,-1.64382441360829,-2.89216534134034,-3.73512572821502,-1.11137834447955,0.880615071817247,0.622355469162033,-0.403819914712421,-0.447431906737161,-2.84283801726582,-0.890143973437828,-0.259647472069488,2.24321149325678,-0.398126906030964,1.5944525418094,-0.882973297541846,-0.608613478995766,0.629156656836434,-0.135552221323789,0.888873682944865,-3.19427719611091,-0.535870165523213,-1.05756601350618,-2.44870031573492,-0.769234213907013,-3.22831855871176,0.563088525581815,0.233004151061125,0.13426019197279,-3.00675886592542,-2.19494865703614,0.289250184148654,-1.84533481595791,2.45391842418549,-1.7576999073614,1.21517918945058,-0.693556444101341,-0.554652195785602,1.38480936930543,-3.8269541577043,-0.658739032335193,-2.16977826505037,1.65188135629124,1.87836006798353,-0.64718411447825,1.11511455117647,-0.850886146086996,-2.7100017488151,0.434910083726896,1.24157178716467,0.804017601798911,-0.60639669955877,0.0796343218488991,-3.48383677877163,0.148435139736039,0.61323557813873,-4.87577069692568,0.250425917724526,-1.66018471101457,2.36090012013925,1.66990677318049,-0.389951081688621,-3.495361882458,-2.83467288004569,-0.909404097852127,-1.25365713539537,1.41488736913149,-1.56794417123195,-1.56590684716126,1.85162368158216,0.641585414700147,-0.0283524396584464,-1.20939422536811,-2.76259355615139,-4.57693338706582,-1.24571180944998,-2.30802346851608,0.565036790586057,2.55917562627186,-0.546395906250166,-4.63252139757508,1.225607552831,0.674858364830295,-1.7506527768291,-0.128428263214054,-1.73514000388958,-0.785114796156578,-1.47314862487594,-1.23424504263243,-2.22818694961195,-2.57231070308209,-0.414381164005155,-0.239174111272768,-2.51726570404701,0.100280837786551,-2.39466094827367,-0.218438437390462,-3.20051399306305,-4.0560238036482,-1.55616134085038,3.4144663155116,0.0749701133226037,-1.3682919625518
"70",3.00975352701819,0.837510000996692,3.12374725482659,3.80185626638737,2.38552840493685,3.21110678730185,1.13110128307035,4.07494197373102,0.90677813117828,2.56042094780526,3.29246695168819,2.63860404233122,6.17616602768808,-0.415754958755369,4.91014258277344,1.6158763514676,-0.432277953894443,1.70665919619941,7.63246724276693,3.2984653433741,4.16207268037302,3.49924915258499,2.7814954520707,-0.0821798838214258,1.30970381093336,3.14248417725417,0.929166071060989,1.82698609189778,2.74892325655264,4.41665118733899,5.00452860112568,2.76169788757074,0.324907734326526,5.06729298257743,0.90988485219408,2.90225522619358,2.37213969380658,4.23666905132741,4.53843090704699,0.295572089589761,2.64824020384236,2.03228444521006,0.604578174958753,5.39238092002353,1.82683542574811,6.53069343076918,2.15198638702706,4.88546022487305,2.54242355412277,5.70483836602011,0.659406385880943,0.404761869613005,-0.34202614451477,3.49049845743617,5.64512777989404,5.67977250203533,4.35714273418207,-1.731059460218,4.67675168692022,5.17580794428756,1.69649175814475,4.34880064443097,4.55635225437738,1.77895795624368,9.10676782250085,4.04620012072168,1.37996469242513,0.236268207029934,2.21864038418895,2.29993395946504,0.26950154896874,4.48518142097274,3.18052944279829,3.88996995471294,3.05949600107629,4.88702037767083,3.03486092866628,2.47705445612166,1.14644836538332,2.22876710696445,0.171965618189022,0.200002554302585,0.0177752230185195,3.78537220382304,5.44047256997705,-0.443802196257972,4.93934319918128,5.48041594582798,4.62040931975755,2.20687398210818,2.97922422113056,3.35081447611296,4.93815214709487,2.59450350485553,6.48843432967524,3.75198721649789,2.82390700375901,1.73869163780944,1.33530175224811,0.609178013309092,3.69972781503083,3.90792604675908,5.13922730020359,0.685536158345858,-1.3743965637807,2.00541993354571,2.99579744973612,4.30244705296141,6.86227062302795,4.93719410203981,4.60848960010453,3.19760658476159,5.04042966955066,6.53170801273567,2.09978867577978,3.30275594584709,3.86206329476375,3.13538275413379,0.165339899072025,3.76397426056262,1.15905564912013,0.520980973672876,-0.184992152639934,6.73549624744019,2.70983586074177,0.90422459435985,-2.24511465833755,6.96699157322975,4.15314385498692,3.0770565790832,4.92547561459733,3.76116212589397,1.08343152128377,1.79490622912217,-1.86463883567418,0.372650132552849,2.6333323158467,4.1594118110761,1.05503454539666,3.26370196830464,2.08072727975258,3.11635392217536,3.35669384831649,3.21205255238514,-0.892144577691107,0.313403610286379,5.85078394742924,0.99540761471608,6.49930696546766,5.15363117667341,2.31947640142863,4.15781453367395,1.63575716024152,-0.0586391374017645,0.293216234549136,0.0725205744697504,1.57355401936589,1.72049966000692,5.75529255271554,5.83113957723773,4.26291894534275,4.12919945233852,3.19446481273475,4.72749817548327,1.69533819403577,3.85171710931298,3.40077699438358,-2.12935082227174,2.71092955602834,-0.613079965296044,6.68631456707271,4.0321098631117,2.48268472138188,0.514286177107614,6.10338235300242,4.77988381047802,1.81142210639008,2.34958549345112,1.5044031777126,1.15995556607069,6.73691074204727,2.54215562643211,4.21573063988617,-1.3832534105203,3.98490722785655,2.08735299431351,2.58686425871749,1.89976508660247,0.575066636508795,1.26690004571112,3.89200021396459,2.75820693669941,5.07548574287177,3.37037319282761,-0.284928440575609,3.68973918104201,4.14447128968987,2.46928740134019,1.03872001440446,6.54466739960293,1.86291389708605,-0.253654508943718,6.01233793662191,0.193936634363199,2.98714230964216,0.966607625751838,0.707651789442163,3.70411540384369,2.75244245925047,6.34623178868022,4.58858236531631,5.01552625941064,1.01459510835609,3.77917991555929,3.58194784886423,2.69074900172735,2.19660797832188,4.51522852956529,4.21665933845407,2.66750656933201,0.709738034543964,3.83235601243545,-0.462379488125797,0.731234632446186,3.75183917053131,3.84903219190593,1.95394095478338,2.3030193559714,1.77445124385281,4.38611686156741,-2.45965480746642,3.46431527629786,4.18480326324634,5.97418696989516,2.07166687875476,1.72651216012019,2.61411191950651,4.52077263712861,3.94746032998824,2.14538820799428,-0.0476227997455552,3.29202637059413,-0.41226106864548,2.42167364290014,2.50015482704745,5.52396262203409,-0.947736975752106,3.29483815173366,3.04224577464391,2.73235154219443,-0.256493421617991,5.29652431139409,2.59289418016168,6.33853296015258,-1.09308690701819,4.8413228191962,7.12645568859322,4.75241097277899,1.13599283682049,5.4264892998412,6.39425069473063,3.96722974147754,2.45622319249024,1.958956752799,3.82778360617999,4.02768962443369,3.28239022176469,2.03182671909895,-0.523503340051322,2.21686329530871,4.99606401823355,3.92625747338218,0.981337439650098,-0.115711991183162,3.8554964204425,3.82034762354505,4.91800002005325,6.17740288399196,5.99056465813487,2.9511536231488,1.77722889888182,1.89073979385004,4.43512120816401,1.73091843666481,4.64936626867882,-1.05301341201406,1.19243611613369,3.93143332473413,6.03468677702015,3.67273981413287,5.67625113943574,2.93853983435867,2.27500311620588,0.201966798238403,4.07072017054272,3.54521395017074,2.67222707703535,3.67981792190876,3.83303295261237,3.62919360910279,0.957698596825459,2.98516905474162,-2.30209413147765,1.81197879988255,1.67528246669646,1.23382879584737,5.057119688453,5.36269706066213,7.4109667342379,1.63009096050348,2.44531375452528,2.47599781043996,5.34996888029969,1.35337103905166,6.95725386328392,0.60852082993945,4.01016386711755,2.57918290745198,4.041486534649,3.98980619946179,4.15652339157202,-0.0357799623467141,2.28250927255022,3.87680552630975,2.68315665364544,-1.5439167105784,4.32961727982746,3.78832516650401,5.35604572281556,1.32744709400895,3.2965381137318,1.72520429053482,1.05990397037645,0.618070959158061,4.93313439977538,1.62377817448256,4.62515853930247,2.83815965336546,2.58289100109774,-0.200823794897825,1.64703037377705,6.40796147828249,2.66119247363471,2.14700761371753,6.40902395269521,1.43918447387052,-0.113043212772536,2.85172522732804,5.71879485827524,4.6425248713657,-0.192547479296341,5.70916932381213,1.8572056259429,1.32441009471031,3.41283668500087,1.05856099344444,-0.208085982944131,1.63692261881632,5.28845706339206,0.949331033354013,2.64639053142007,4.06415793484099,2.01192055191153,4.01101111436725,6.60078244820317,-0.372410479045316,-0.368616674153336,2.32350431622216,3.62705253238259,3.58803804140759,3.88457043481263,3.24515963215042,1.73592557641699,2.05529093144228,4.91501223509757,2.37884257867171,3.30983562794297,2.05030929291359,-4.47127060999377,-1.98756027921004,-2.36739384000322,-0.242314745457199,-1.24143408954081,1.14436777120182,-3.13815240672308,-1.81932867051214,-1.631684949211,-1.90268010258456,-0.867133358693107,0.25966734593611,-1.36379624716745,1.76672854395806,-0.555393391410434,0.34279310028163,0.588626250063946,-3.91892335862531,-3.91805203571017,-0.356074244316645,-4.53111883316584,0.31228119547688,-0.53080263288167,1.62414111277595,-0.382629425152962,-0.665090219584036,-1.42950040745238,-1.29135963580448,-0.444153079377224,-1.4607249274883,-0.785502885332988,-0.886943141392395,-1.81825046523255,0.728800922308915,1.24675047505749,-2.50751042385898,-3.32712148404538,-0.490809982647269,-0.443019671244355,0.262710108938397,0.355224350254485,-2.02462548304251,-2.21100196060857,1.01637989613571,-2.17344202254221,-1.77744568512017,-1.60438469347678,-0.805687350733561,0.372594068820488,-4.22007626981602,-4.59782450241631,-4.1535173158273,0.206026668679586,-4.20947686390907,-2.46785531290072,-1.93878326646931,-3.80944355336757,2.72591970954581,0.430760513159873,1.44001492452109,0.0270785215738607,-0.514726765438473,-4.08969044740704,-0.13573821532622,0.564747976529329,-1.63280098569017,-3.57985926451563,-2.00086306739031,2.161670611139,0.419267106829699,-1.26251377109717,-2.77078337585942,-7.79379075240575,-0.0732912565584711,0.584658846595409,-4.86142492215389,-1.93753523031166,-0.943602591665105,3.3502124833482,0.750144847058729,-0.330989114901417,-2.14859432353034,0.781994811182058,-2.23687354014319,-2.28434131469501,-1.95085505241548,-1.91878763261215,2.43113157603119,0.840211934180586,-0.476225278430798,-0.956642010109915,-2.13641392612137,-0.568194123357385,-0.334764158105646,-2.22736719179531,2.5387535238517,-4.56296242850927,0.521065024476885,-0.894161332359248,-1.68845068481369,-1.5570459874472,1.21493033864917,-2.42689871953522,-4.31868898380358,3.54391680167007,-1.52877577855945,1.85478073367329,0.190578132063734,-2.71620839353237,-1.23143262086979,-0.158593141979923,4.00142136135623,-0.103031551452585,1.48007135818836,0.0816663224692402,-2.25661117815814,-0.643322504326664,-0.222904433596452,2.05828555183638,0.0254634773136482,-0.0302631454307822,-1.37199197246502,-4.23796787134944,-3.42767574934633,0.590507664464036,-5.36783285666067,-6.94529368693982,3.09701093429823,0.279842936890664,-2.84951945850421,-1.56323005741745,4.72750052250665,-2.05422826509508,-2.91655460339382,-0.517704022047825,-0.777004744052342,-3.09695457645311,0.185325023152151,-1.87676657428164,0.110518313659457,-1.32794804385054,-0.247975550383493,-0.946495432208742,-4.91887924763729,-1.17226123605386,-1.00401260660633,-1.50584027083532,-0.355638986491062,-2.26337326133458,-1.4905592228669,0.881208253361954,-0.11522483868329,1.90132547668275,1.26363823197406,-3.44121437399687,-3.36692783075248,-0.0169475933135806,-3.62503836056127,0.177381971875314,0.210656334670871,-4.60719315424607,-0.16318088464972,2.06552860546532,-0.434202369686713,2.99533334135627,-0.267263660669134,-0.507347741581969,-0.00549081333477064,-4.62485091019379,-2.76751581288362,-3.09688464120436,-0.799221539652721,-1.25132001560992,0.429571051450278,-2.68481182334294,0.744931335527989,-3.22846448937718,-1.60948189299946,-1.40622645250475,-1.57047883936754,-0.622436322064615,-0.439137086073892,-3.48781533734426,-5.6820858514891,-0.679904216833057,-4.21367576906954,-1.91191570193148,-4.41560424040539,2.46423771600557,-3.61159460549471,-0.0882725032830648,-2.36367671462581,-2.03944859807686,-1.57865493081359,-3.35851776545427,-0.240555781995918,-3.92429247604117,-1.50860607298477,-4.42924981946382,1.9571832960875,-1.99518580155232,1.86798400055866,-0.539444308029233,-2.6031756458835,3.87939986454789,-0.118519959047532,-1.30417025682857,-2.35336911344991,-1.03279105745919,0.554368116994395,0.730236852034108,-0.998892411388218,-1.07847608609538,-2.87439006889876,1.03366887279045,1.37333532275483,-4.01090379003579,-2.39272961592958,-0.66173935418524,-0.258224054271895,-1.59867942012545,-3.39242718731964,-0.405873048511034,1.29338512135763,-1.91865124370511,-3.06588686914977,-4.96875946274254,-3.48873568556496,0.0574635852949457,-2.41477398975499,-1.97475373563126,-0.461326019651072,-0.135127758394621,0.24744241969603,-2.71764199436795,2.03717666509701,-1.58113884401271,1.96643969095182,0.978430339381755,1.13997749940237,-5.19878873403574,-0.603336867118819,-1.58480222249969,-2.87753703705901,-2.33408763658627,-3.14943746263281,1.17688285961207,0.277576082850048,2.35884447891736,-1.15473088898343,-3.31841907242118,-0.20799345460927,2.13252255014808,-1.5282577760992,-3.93297108366444,0.634033291302416,1.31996433709102,-1.46250935681184,-2.06758171381254,-3.64387335181889,0.965064256850189,-3.12941898698885,-2.06504858412817,-2.84610737953123,-0.229853264121604,-0.934828371215163,0.472426801397265,-0.420511094697476,-3.39755357377784,-2.7856911219876,-1.7889070107616,-5.2504342600134,0.549121733974892,-3.76285937365279,0.721350598756754,-4.92388600036625,-3.60503149556459,-0.312404061361582,0.251335568341207,1.95826094663667,-0.0166424382314346,0.921467673907699,-2.18802693447275,1.56019778236223,-3.43888164311205,3.2423982948609,-3.8802105702428,-1.53786144149901,3.30373678506458,-1.15682681650209,-1.00008423851501,-0.145360283213923,-4.35972209618477,0.146680862250528,0.307761086160785,0.930135939414501,1.51112888793069,-3.57343298837768,-4.65765234964073,-5.29657844775899,0.312066324024677,-1.85235524703019,1.10905241004026,0.229574875720963,0.692046462683178,1.64571914899595,-0.171664595920052,-4.1759040256681,-2.36662381912281,-0.293769500374285,-1.63565779586727,0.798576669284669,-0.24948694203662,0.719192956501234,-1.3334526981827,-2.45851136889942,-0.478565226774007,-3.44850434924262,-0.160668995207745,-1.43985276201946,1.67374448028565,-1.64837856214452,-0.579161388003384,-4.309067881839,0.501323282737982,-3.21175663838148,-2.57091448597453,1.81304199377039,-2.94126601671339,-0.124976705095551,-1.43383803661814,0.395338527531707,-0.646677448335293,1.8481947182049,1.49094974239665,0.693569996851253,-1.44817439310673,-2.6703293796177,1.18507517289168,-1.02142018698997,0.558793276983738,2.69317511458738
"71",0.776634938021745,0.381280280452348,4.7022220167652,6.30300732400721,3.17050340072036,-0.412521283330096,2.66185441664302,3.53501060847054,2.25901041963892,2.02857130993504,5.2426884511072,-1.41422962297581,0.896085088507246,6.52017275884912,5.01534289959924,7.35251649493285,5.22662760324672,6.10991796086657,7.18088806308216,1.03571984920444,-1.96601039196404,5.21625188050617,1.16336998838055,3.13150842347655,0.411605087996142,3.04631418307043,2.95908218539242,0.670297320096194,2.66859561012012,2.26971288084935,2.70392182842089,4.82463344545677,5.12563710486728,2.94875137647664,3.63355506865571,0.580477176595972,5.16667573447288,5.27211993693246,-1.03964568777005,5.2499799830109,1.09806948142411,0.465474429182338,3.87346105593463,2.25022809227063,2.49845897876808,-0.315741815461814,1.81930623103456,3.33196590228593,3.18215776907424,0.734648044280052,6.93482169679737,3.20730689366828,2.12401262333339,1.62951395785982,0.112228037006371,0.142143311633619,-0.939887563168493,0.33986934836468,1.86071677862735,3.88588013378963,1.66775663233206,3.47002692009006,1.7031167123606,7.27407003064975,2.6870923796075,0.395767351025713,5.34396677086321,3.96729727521087,1.6161797649981,5.43987666908905,5.16949609336491,-2.84911873796493,3.61558806923508,1.37747470112237,5.38575989728845,0.693892516677268,4.94811115709187,2.89490478103565,2.30109025989477,3.16522082042756,0.108848489496861,2.14390998423868,5.17050646542891,3.77123584163859,4.58388834253661,-1.00834561400344,0.281412880556191,4.17734731904414,3.78194148057231,3.61162893446161,0.565903670990951,8.39571531403599,3.40282014392314,3.02903688653456,7.88086480689634,3.3224012889505,2.70652887908077,0.639116272363435,5.64337630950567,1.67864604860749,4.18241763987544,0.473474848418218,2.19117262877086,1.04372434318803,3.58336140958533,3.78708885322889,1.04408961588013,2.33899626996318,4.28218889752768,4.80399826539679,4.85782509268336,2.35360528892181,2.87298211984234,2.81212061797661,4.94135977807147,2.31457869597431,-0.913105294481712,3.62637753382475,3.24952413316598,3.74185545607972,1.25040089301844,2.67812590440476,4.39703507570512,3.8158683692727,4.86256193617565,0.813337493495637,0.1683516843731,4.578384613445,-1.78402883035668,0.0997287013039143,2.49073193759426,2.64897288004888,5.67062124902582,0.179149705562346,6.67182109399661,4.60055744547374,3.32282256739181,1.40965452204038,1.21434596439537,4.49758793916017,8.0896306675567,1.68734606936278,1.24470188862494,1.50979391912691,4.35816852092356,-0.412726350909531,3.00094536636647,1.84150637518824,0.970423787813576,3.64192558773214,0.893348318465689,1.58585714404892,5.42532466970714,3.82076999072809,6.52917110895135,3.87665229801956,2.1895941359639,4.1527651889493,5.00431824328749,1.31530908915305,4.06299836315048,-0.349797748038931,0.651944460305031,3.73940395656764,6.57092550223688,1.82681615009276,2.09171995109647,7.0181171120203,6.50049166128188,7.75916244635867,2.49963492564005,1.880931387966,0.980027539653274,1.65796985411813,2.37653769855198,5.66349906532544,4.55140193901085,1.54277177471279,4.74461324241109,-1.2881861091967,2.45270849402672,6.07915188388534,0.655213619193519,5.28802525470014,1.5093032624656,-0.0509910874396287,7.56743721385046,1.73905913781054,2.19567119247592,4.11848549822127,1.90935557654641,4.04759841553667,1.85654520712795,1.38354505956846,4.27549997281858,-2.38626513007272,4.5827057421035,5.68435540282281,3.66234641960967,5.00658889373504,4.43971389695097,3.57048949096421,3.58715191757863,4.18796110066941,2.28115137975436,-0.137651080336764,6.12426044273655,4.28018818320046,3.61834812511444,3.21409952363613,2.07539130460875,1.73087112724921,1.36643540641602,4.00884811265021,4.89824132495553,1.68935602963646,2.67257408502627,5.02678978019956,3.02858597133919,3.71890333891312,3.72865589614615,5.64576957212952,4.79487211746309,0.909002793966102,2.90071079743999,0.906496727642438,3.46779865199298,2.647775848238,1.64007584597762,4.78448978960918,3.53700907788304,2.76390984025567,3.62426835216292,1.98604753011042,1.10750411910458,3.21965495800338,4.42419272287991,6.2398155510947,2.02025413988573,0.192214024310433,1.38326551293028,4.15710629400059,1.82410120655836,1.39591687956885,0.0397890566162551,4.0159110301029,2.7752171989292,6.54198885983617,6.12232730274483,6.21318113514143,1.88715363591202,3.98474711263532,0.912782239294661,3.6704983764761,3.42723461776878,4.65460868310324,3.69881044527987,0.790795079059571,7.43788332787879,0.743777494645857,4.76358628271846,6.25816923719117,2.44222107728791,6.77405878316181,3.35493719610561,4.13891712717966,1.57488525198359,3.26082350635765,3.10640312236306,3.49961031237873,7.33168963131519,2.79262037439257,0.640115507595948,3.38614634583237,-0.427367372964015,4.91675520521838,2.91482319555003,2.66795178615638,4.54706411603542,3.23335132351263,2.87220578403991,1.51416569016697,2.58775295934464,0.800012779100181,1.21115642079948,-2.18537623233453,0.776526965189859,-1.4801777689602,-0.789234217335068,2.55196533025377,-3.1007794925074,0.474785631923106,2.52030863357729,-2.89454634751706,-1.81919773589483,-3.47096346919039,-3.27368456976236,0.35506150213266,-4.18856084554157,-0.140474619775498,0.450152236257053,-1.93025411009218,0.140951836087651,3.36537334635899,-0.00350019669870272,-1.07488922534857,1.02470136435667,-3.53213719505904,-0.496643886552554,-3.10806373804863,-0.159742679645686,-3.18015375947837,-0.427535929216453,-3.13311757949201,-2.80938105040402,0.936082369220604,-3.33662673972203,0.93861642399,3.32087303760019,-0.606075542556651,-4.5907433367091,-0.435394050177299,0.0845256747840968,-0.00621485109648467,-1.79758067938425,-1.81147736550174,1.62438701898791,2.2720310502009,-2.32337228969851,4.04610016094783,1.5104353027827,-2.84384769856471,-1.17597690690256,-2.35682445975206,-3.37172898549988,-2.76953630621813,-2.72420686273224,0.94503488354395,-0.142117777001239,-4.82490207843134,0.565592285593375,-3.6226762292055,2.36860820431551,-2.54407735436712,1.31164690752177,-2.51867810385957,-3.01421199630403,-1.14919635550473,-1.78439317229914,1.08767379944324,0.16896467075991,-0.860626085236909,-2.85920758803076,0.893123014927458,0.1635192563052,1.62711712930823,0.747202248509111,-1.55760247500027,-1.27808438260884,0.307269538701412,2.09343394739688,-0.00105468101981987,-1.71957895796256,2.52157522434519,1.16210105299629,-0.472671377451788,-3.17406613010777,0.00876876313713115,-0.643206805509128,2.52441015573089,-2.42389918046595,-2.36962022471445,-1.51970359432065,-2.43928543943386,1.72614809905256,-2.90088537261567,-0.579080380962283,-1.03851722479075,0.70187431039117,1.09026343304596,-2.67790758356691,1.94565322550821,1.67114902059509,0.680151742733304,1.50674999995599,0.752768442130548,-0.96688421697812,3.49465494787127,0.651620004243503,0.67335550304461,-0.782164620579387,-3.35604672179712,-0.834977800863983,-0.604772866324341,0.277983458753818,-0.945882372768553,-1.03995896826124,-0.534433677172567,-2.53141891647706,-0.0500628045636938,-4.18548375984834,-0.106498812486936,-2.56862312323861,-5.69008796891092,-0.521220132048272,-1.01232531051991,0.211803054711602,-2.52627431444243,-4.97376280312688,0.643609545589527,-0.682288548246224,0.73365761963363,-0.363287964499054,-2.43443451446396,-4.65383636009538,-0.571924489615673,-1.91696336387631,0.126535902670187,-1.03318153640439,-2.48433550572389,-4.15920808476987,2.57546610272404,-1.97633659453564,-1.11595283994468,-1.22393800610392,-0.483207616429137,-1.41962412118684,-2.1192220276571,-1.92534211240658,0.0621785066072298,1.32816188613231,-2.38213306717604,-2.33704552902695,-2.50113070646879,-0.979800808610632,-4.65982511312792,-0.663197567129074,2.21637484704456,-1.10470508435253,-0.403631911990613,-0.904856306747022,-1.22581295939869,2.12633044324197,0.30365788483226,-3.34023067397224,-0.425637682913598,-3.27155951416666,3.63991047316972,-2.58828080330712,-3.32517927591394,1.22704169233847,-0.409723616860855,-2.16624060843313,-3.62235854030153,0.179608863219934,-0.237331054367558,-0.891568693540263,-1.47526611608138,-3.11379779447273,-0.234229972176776,-1.25243865977237,-2.36273032151083,0.531341259859526,-0.67325454418493,-2.79388949520079,-2.22806843226955,-0.0450555423607033,0.603643496882225,0.91481580984167,-0.872490425030242,-1.93643323652715,-3.33887236785958,-2.75682476736079,-0.923087408258365,-0.521050905151787,-4.43041070124885,-2.09471666729598,1.40214268835823,0.135357060874079,-3.59039732192934,-1.38185171986525,-4.91085066395587,-1.77060846365606,-5.07613742481365,-1.03703676534787,-2.96637968656021,-2.50493787981422,-0.256018178880845,-1.01226866953339,-1.67338341180183,-3.13580326497063,-2.48811014731327,-4.46200116770006,-1.69424877067743,0.410429362259416,-3.07267813914582,-1.24211488124945,-4.63687155751638,-2.8986121214193,-0.931820109557351,2.26599397381415,-3.7337870241817,-2.13803919392648,-1.60336380289886,1.34936513361496,-0.957076685748875,1.88745069557109,-3.77502684299727,-1.03879050173886,-0.0980685758566272,-3.83123608524749,-1.82950496942282,-0.914797131428268,-0.0754428871458465,-1.69373575259311,0.0361707473748474,-0.647375635468008,-3.76774059961797,-2.04150517706121,-3.84648626641956,0.183625163365522,0.497386480976518,-0.849931222890977,-1.38017824852343,-3.49513954842941,-5.60033130985779,-0.812251442835221,-0.616954620360368,-3.42424680367737,-0.439888190309034,-2.43221040089923,0.0582755321442165,0.922785933465829,-2.77936454618489,0.792260796490333,1.10127754276182,1.43726103541913,-2.93652952130023,2.5853133177154,-4.73985418214195,-2.65212025086932,-1.07851707563429,-3.07564521743683,1.27702828005602,1.60498797031302,3.17742057075056,-0.136927215986632,-0.23506312152375,1.13615572541484,-1.85648571634323,-1.29056062964635,-0.934495363463939,-3.28292983973519,-4.82195326126606,-1.26182904273267,-0.290397292898065,-0.0978932251692457,-1.05586655469567,-1.6410090454506,-3.04720466099123,-0.179663569394006,-1.09440273198854,0.443817331409714,-2.46000317579542,-1.01980934914173,-1.63932019085621,-1.07722165166925,-0.63248616466279,-0.613369024865533,-2.49499358882126,-5.36579289755078,-1.15224908579807,-3.99559095007073,-0.0145891986677761,-3.56134461201806,0.402009146501491,-2.21799252291316,-2.76105479345917,2.4463377452255,1.22205434075658,-0.267115936654953,-2.36892188177364,-1.21267239257333,-4.80590175929248,0.549411722091383,0.15011158287022,-3.05233063981591,-2.34827916199573,-3.08712311254516,0.700801788155835,0.282967904713758,-4.62427843411507,-1.44404273256878,-0.557708608277924,-4.7829442652431,0.655599976300158,1.81803816644312,-1.24515371165419,-1.2052667923934,-0.166348484168071,2.02394349595894,-1.80525461950769,-2.21361077612711,1.44984494826684,-0.769110080479797,-1.23876535971959,-3.34448046671419,-5.73835642816895,2.16518396437624,-5.3405115054332,-4.09491275403928,0.163187783799013,-0.891823911023832,-1.46610564414695,-1.58167285683527,-0.050959056033848,-0.400842655192709,-2.25523546052401,-2.0913310683666,-4.54451325836551,-2.2893552723985,-2.19990322949598,1.16912216703946,-5.30938701283828,2.75094714057766,-2.14999017419449,-2.72099696104424,-3.9534764241619,-2.76837437904757,-0.47165464269311,-2.5694178788164,-3.1274703733382,-0.150813926660465,-4.71154841869269,-4.5929783026986,-2.82484621631219,-4.73984223351038,0.572443913875668,-0.868756187720356,-0.34364913237209,-2.33170629999168,-1.29714129067777,0.306249404914018,-0.84129625858377,0.267188958686875,-0.0213022475579161,-1.98661519436688,-0.82625646576975,-1.23929576476962,2.30877438015019,-1.02542346015217,0.891619272366629,-1.9872036038128,-3.93289010727846,2.09246232613362,-1.97641332890393,0.126548227487783,-0.154291501844318,-1.15757046561768,-2.03792288066142,-1.40013517341558,-0.250025481028056,-0.0856055843080529,-1.19757858416075,-1.95098593090125,-1.27485862584319,-1.85023506352235,-1.19085499073372,-2.92776100088963,-1.80942648626764,0.225811429960731,-0.975305732347444,-1.41696065430229,-2.50328453940534,-1.92085148787362,-2.71966386412317,0.295156931389698,-4.89673229870901,-1.38794473537509,0.367851186199953,-2.38256964208026,-0.160713069855951,-1.77460397905928,-5.04457707861832,-4.97636679714343,1.04563039611427,-1.65272455141549,0.268021240925713,1.77405938683384,-1.63300982519427,-1.84151295396509,-2.38160662019474,1.37095338225452,1.5793891373859,-0.408120825649998,-0.811092361880332,0.651561887150647,-0.752754362593483,0.168097363849943,-0.584216660787346,-1.10967906666766,-0.0808136712377476,-1.26768262917615,-4.19109275509622,-0.962018145904344,-4.73877569588859,-2.52530425645082,-1.29448196436107,-3.7151334846445,-0.202353754013021,0.393529890245857,1.83881660340503,-2.11189085593008,-1.12583329221857,0.382625399902489,-2.77490275391049,-2.13387861027114,-1.4980903925509,0.910476815393423,-3.10597845645376
"72",5.05298512472229,2.04761106804804,2.34999288613884,2.18404533731879,5.97886625712425,2.06470528782821,-1.0943502835393,2.9485322620165,3.24292469469923,2.6733453214797,5.04537400312944,2.47787463294139,1.29594003639783,2.46862621103751,3.82261753273842,-1.48041079969364,4.14707370910922,1.44015837638644,5.26061657899897,5.49062474328251,3.4153278971989,1.39045344254712,3.34699036012536,3.16522909166566,2.63338112534701,1.80122943370919,4.26522476811687,2.4616372179207,3.3469035829704,6.24096204701689,6.43060476597791,3.75018783243583,2.86866658468677,-2.42372836205004,1.73210674983482,0.658271042980065,2.32934897849572,-1.53028945742534,5.4149862512146,5.2667612670925,4.08856050597041,8.98983731958065,5.76022701928286,1.17094517500101,5.81577296238484,5.93831008255439,-0.487624648970823,-0.490659297885508,4.08836061274345,3.59981969371666,1.81735397324666,1.05240743094716,-1.1115475819631,4.19891384725912,5.42666536693366,1.03632621045781,5.39083102557973,1.97267383623646,3.49893890023538,5.75296736706216,1.07397074315597,6.04479563504668,2.80232629102822,3.5322026091096,5.14671642199597,1.45722227493453,3.43648576913832,5.9260126093941,3.71500983724756,5.11087354851444,2.49077659631571,1.91682573689646,-0.109031537490457,3.72188989230097,0.169721601335904,2.89398951477474,5.27429103522921,7.07946504465093,2.89180041362355,2.88203120892678,5.65359079922724,1.12198161933652,-1.93854355867777,4.39485377372233,1.05728792360219,1.35496507770347,3.81994910775446,4.33844887179091,3.61457531749696,3.42761058973137,3.81130422652894,1.55660914512003,1.60672085177522,10.0542400221897,4.5860877600048,3.90110476331259,1.89277958978424,6.63824710773622,3.58243119704543,3.99996773373999,4.88845608647323,2.98509132927116,1.84734233501327,0.381949364494127,4.26297211319185,4.83295976324616,-2.33820125701558,0.0509789620577403,2.26143044373584,2.53969978405501,7.22599011011491,2.16632709286287,2.4491379342756,3.34337344513598,3.56065212364477,7.48034901568363,1.11599522229341,3.92522749771676,4.01906883446326,1.91587850332553,3.95583083819575,1.15358319741226,1.31381657850307,4.29151929291089,3.63937419805974,4.16056179471977,1.28665594457112,2.79299594636666,5.75730387663908,2.23358959045239,0.795243123307116,5.4568991750144,3.03011302323138,3.46682086428596,1.4607100046011,7.30619586391398,1.78249307835309,3.11563065122292,2.65653150105092,-3.27190137329192,2.98291713765832,0.676546910105507,3.09514404562417,-1.10804622263829,4.08017142111655,5.29524909251479,4.87986598311941,4.98474630800817,4.47348703749533,2.16272844937911,2.97671328904689,4.62008197846918,1.0889698929445,3.09409277792725,-1.99476414602533,0.603868696423336,0.779343559997024,0.562404747465532,-1.02840006631313,4.17797385770617,-2.47993551422979,-2.35390045763186,-1.8537392995353,-2.15679705945284,-1.80384664420994,-0.843787280228578,0.514749946141434,-0.020659386294671,0.123958136279732,-3.12157645664632,-2.28055651625481,-3.11809983209844,0.100050447871612,1.51625585457364,-3.10010584728332,-4.62234680148015,-2.37759052512855,1.59333360826747,-0.498823740090357,0.288528849377797,-2.16091190867082,1.39925745841852,-1.34900804376321,0.392486691429291,-3.7879623197122,1.93215305404395,1.37285345243383,-1.54157374820021,-0.0130258281883031,-1.12082103568219,0.0455023096189942,-1.02376753029921,-0.400584090515874,0.20102536324508,2.04179401392758,-1.31425507469142,-4.28343387794513,-4.98673558033064,-3.83780436852644,-1.0031862214977,1.27758882541684,-2.24916833950014,-1.88156972645536,-0.43394354685638,0.0283261923897049,-4.06958833782243,-3.26143783896376,-1.87879318197291,-5.33549072562317,-2.77375666638167,1.29393178317633,-2.64984432196248,2.57316761148138,-5.11208099969851,-2.53620749776229,-1.03602500218319,-1.95368279239242,-1.95018354110187,0.214262794330543,-1.32606672745689,-2.40208187415087,-2.28363766851929,-4.46792507371317,-4.4572618912228,1.27049873700413,-2.24223654742462,-1.57413484016997,-2.47218432929917,-2.12780774320348,0.930345364445759,-1.2552400456292,0.445772437429273,-0.27029674164062,-2.19166671326487,-0.160691480679429,-2.98741067175595,-2.89040737385027,-1.82899114994236,-0.971647626239745,1.78869400081187,-1.76972776299397,-0.959842435993303,-1.04371781693641,0.415959079224529,0.248589992354658,-0.661409952851892,3.30967956514622,-0.0477514118410913,-4.44428857714044,-1.73630850588491,3.26434581722934,0.0963294885346446,-2.32953406113642,-0.833479588466687,-3.37914671063071,-1.66403794641895,-1.12674630137138,-1.19937635878695,-3.1592397922337,-0.995039081504735,-3.4448797406786,-1.57543280432169,-2.52010231869876,0.76513805320975,-1.04931389880033,0.375807470214998,-1.11916305825395,-1.44687178172539,-3.09718947497784,-2.26898045134102,-0.462990230731408,3.12241382806488,-1.24338944899581,-1.2778473996381,1.99425230834504,-3.76089410665797,-1.41822896829173,-3.99810341929353,1.0985590686404,0.240632856257695,-0.784194284492287,-0.834121989309031,0.269677970808135,-0.267296832069824,0.747151620443623,2.29160433208822,-3.77228259786961,1.17421237774942,-2.72657846398528,-0.234285914672632,3.29405890752099,0.645502395664812,1.04752660688156,-1.25129753560682,-0.338300566825989,-2.58593875424574,-0.677857936916634,2.46315228853011,-1.42097766730257,-2.03558262766035,1.47520519010851,-1.66176536328356,-2.62411980829296,-0.641696392853518,-2.3614684773318,-4.84970859831874,-0.466231833951699,-2.72382477256092,1.30902383334748,-0.910159486105731,1.18253567419443,-0.570144054953842,-0.709145896673755,-1.90821538667061,-1.32474279260691,-1.12432797954624,-1.21559399182542,0.386152136701333,0.234065599254642,-2.76447744965584,1.70647279296851,-2.16819134009751,-0.653111967319766,0.16429263238301,-3.18239078248426,-4.30806457446668,0.898713095467935,-1.81116143416385,-2.24004370967321,-0.32939357165805,-2.01099878536963,-6.45013984361856,-0.949922231948806,-1.50360923517235,-3.85447707052336,-1.50451873799579,0.587829793575143,-1.09557287471233,-2.667989036175,-1.22288246610898,-0.935314740183166,1.14635080021323,-0.263218037090041,-0.770255983261957,-3.07350682797345,-4.90102087992497,-1.45257787843129,-0.92770203915586,0.137027020857879,-1.43963613649515,-2.76963276315015,0.192783844807285,-1.7753295663375,-2.4650124503481,-0.533726014238947,-3.3254827963894,1.54510551325092,-5.12363584235964,-2.01677484742122,0.0146991368441398,1.05943425976637,-0.565988120726226,1.01672583049253,2.86993648094266,1.08174845717766,-0.0837359319475036,1.29581272936848,-0.7683396820629,1.0325190172826,-6.10194936922428,0.440629298568115,-2.05744987080899,-2.66391580985943,-6.39161891031842,-1.8248043208391,-2.52944057172287,-5.33104547779313,-3.31008368516283,1.86304313785076,-1.04338773190376,-1.293862636587,0.102834002869788,-1.33020545713781,0.309918707510577,0.935666210614656,-1.43098982537088,-4.24560828188222,-0.763016894044958,-1.89799477592936,-2.7005184727536,-1.18496180692478,-2.34009591223509,-1.6474465348319,6.12258954823914,-0.724929553700511,1.07664672077807,-0.14241818888567,-3.8428839623277,0.792996199865367,-4.63810172959336,-1.20808739462358,-0.293549647288083,-1.94200626218158,-2.06230531531747,-5.70589241675594,-2.70515381261852,0.612107890113488,1.1047271967228,1.12068338925341,0.55789661904736,0.333226430707035,-3.86420016091615,-1.31535524217196,-1.91728587279526,-0.495124907332803,-1.42457791680642,-0.458039692130747,-1.91669739363683,2.15512421787051,-0.966408596924719,2.28202484648282,-2.64466348000111,0.560147376680967,-1.38673057252768,1.76635340395099,-1.21987013431081,-3.40213402123504,-1.847561925928,3.063196944668,-1.37651351212117,4.71986635483505,-4.40297259713782,0.494811917558421,-1.41498987202642,-0.374122189964435,-0.195838674257137,-2.76655746496065,-4.25188636709949,0.578718859597539,-0.972503623892994,-3.20682913796808,-3.45310558650094,1.39040754393972,2.22214694525424,-0.920526179544684,-1.45868851871726,-1.77098647920783,-3.99352948405861,-4.03084151125574,-0.934721186941218,2.86519223601533,-2.10948433481288,0.275546051791883,-2.16328134265431,1.17100820688237,1.07415531101673,-1.65718485401868,0.557022300330089,-0.398420450302911,-1.2243281953132,-0.936832334954632,2.08056151207707,-0.319585328022038,-2.3244516335645,-4.95625333730035,-0.101200230481741,-3.71973538542556,0.27108994362783,-0.466147794541876,-0.388659887605497,1.03721272911522,-6.07807978131884,2.05329746783606,1.01277439686104,-1.47312259129236,-1.9117012125195,1.2594249193634,0.757065352069956,-1.21199351546268,-0.85800622382721,-0.956921795387473,1.04398232153356,1.22290598824262,-2.7140269699727,-0.214194498414573,-0.359686543801198,-4.93224147043343,-3.34425723776312,1.38661661073163,-1.83736724824166,-1.23331029384515,-1.9404905144497,-2.75445950467876,-3.71591618681203,-3.1074495127222,-1.62660563269386,-0.522265736827883,-0.291076636963128,-4.22729969152862,-1.42582009328385,-2.03808569136719,1.88960598851288,-3.9188437476458,0.592584954101299,-0.476532243427203,-2.27694628109241,-0.118458097195502,4.42185108672261,-3.14984370572547,-2.94725430331647,-2.00570077899862,1.32341864178139,-4.27859889056637,0.747671417369801,-1.64624194702074,-2.07968293364556,-3.99738670346283,-1.03010859330324,1.22343165618017,-0.886587609324404,-0.863613770656095,0.746704836702068,1.52714527922324,-1.92751405262866,-4.14924940512228,-2.58442927762115,-0.419200999791052,-1.25154392801989,-1.98328876150963,0.70597991085855,-0.802814703695176,-0.662214199054049,-0.630949023114894,0.260504839547243,0.0800835669553479,1.43289150895349,-2.35684867744321,-1.10236701029093,2.20133499644017,-1.47991072486094,0.0107859828530652,2.16350624521014,-2.30808083713033,0.560493601517265,-0.20464212459508,1.39915731824635,-2.3333894750909,-1.88430957479882,-0.789285381673081,0.87443967750497,-0.996610038717413,0.320408298526298,-1.15641431949564,-0.837231491243766,-3.2235167292703,-3.73588582287788,-0.951073414584587,1.95468496474273,-1.39220339433357,0.527092069784784,-3.29569196309599,-2.79783492169565,-2.56219152870807,-3.05881659698633,1.16439929646855,-2.18683122115269,0.294443605986022,-1.35955671860499,-0.834024577410584,-0.592951334931122,-2.93712767987735,-1.45017236126874,-2.07596266054713,0.0777343599382541,-2.66497399196751,-2.73023377746817,0.0532878295084742,-1.37989699208089,-0.833020221036592,0.622020168749935,-3.57464500219817,-0.180849956402327,-5.38167120746304,2.86485494882735,-5.00882798562931,-1.12669580874321,-0.541434400962544,-0.754540926327443,0.0947845542649532,-2.75542292981965,-2.170903225231,1.06633817090624,-3.59346872606139,1.98796036150362,0.847843239654964,0.69395251194809,0.415711284488569,-0.239093628116058,0.0995623720610259,-0.547184863469972,-1.88947207347781,-1.03164572332609,-1.00961094284243,0.650610306423123,-2.39912721758467,-1.48386166919102,-0.137740127886916,2.95810869803236,-4.61715810991259,1.50239718864196,-2.97564268926202,0.445047804368152,0.105801967749208,0.894324795820475,-2.11250278405992,-1.70500830504637,0.692142134379544,-5.11416712275049,-2.9040139576082,0.0456270922817608,-4.5554699168768,-3.24300640545666,-3.32221684482784,1.17222469405722,0.404086702424411,-0.495602169056011,-1.68214555838329,-2.11658949251065,-0.926555992443531,-0.380190081757233,-3.14285292205632,-0.115249547450659,2.11653065885541,-2.28708924439005,-1.1907538724669,-0.634959768115591,-0.848887396000256,3.64887559239105,-4.22680177619039,-1.71952192802304,-2.64206883369652,0.515163499066367,-0.35263029828193,1.29038268104759,1.78493463673028,-1.60737522891281,-2.47734200059996,-1.5876665528949,-4.43066528802229,-1.26157600677347,-6.10967829866923,-1.11250950616371,1.82294452318373,1.58484435941291,1.70648726192419,-1.12472577126697,3.10780608822599,-0.490424391601763,-0.817071108734512,-3.57593167656248,-3.17071974472647,-2.36292334832488,-0.0434658865037815,-3.39195894432231,-3.03564690843614,1.33213004798001,0.410225605805518,-0.951444528818951,1.01351185902877,-2.32331670089049,-2.12462791491148,-2.51660353181393,-1.7618695001697,-6.69679611228428,0.579015710541676,-2.11098052340259,-0.534928458156914,0.192126460213693,-2.24743578867008,-2.19431270293128,-4.33646581865854,0.841534704113364,-5.69095672925948,-0.859734690484391,-0.0889321877169549,0.0111113995585428,-2.59105689343612,-4.81226969497737,1.61507183985431,-0.0275065894699461,-1.70629636576396,-0.885185528509467,-0.729078680557478,-3.70162585551121,-4.02367547942358,0.81837804217068,0.669641165321806,2.31926531929088,-4.74621268603528,0.493049711474868,-0.327443120967775,-3.49076186972635,1.51234615570786,-2.74052119575071,1.96786960478017,-4.07450853381766,-2.35193626710367,-3.99572503749264,-1.35371279288455,-2.28727561021466,-0.330936205212897,-4.08396543468128,-5.8228626880934,-2.02982645452596,-5.75080098968674,-0.764722561278642,-0.0940696576342921,0.438666722991768,-3.01483057067206,0.741063861008924
"73",1.70596955603949,1.86534261865056,7.57626379910101,0.897267576311437,2.63270877613928,2.76252426189608,3.08005398044756,3.54305702300395,0.841919264379608,4.78084351686831,1.77134565782361,-0.818168023621148,2.96420720258618,6.05972144526133,4.60434079905329,4.21273672923418,3.93601989631408,1.57006016668191,3.4187066997897,3.71224380750417,6.47970334477519,-0.102654786830161,2.24937675425176,2.92414144254018,4.80590375285243,3.88407708824344,4.89008811465183,3.5358775140039,4.17822076061411,4.40920793805758,3.78034104864779,1.62319941930094,5.25184328229446,5.07417815319343,2.34138821044657,0.424143059836549,3.9555292601685,1.85626481016888,5.08887536404154,4.32983327312092,6.39390078779253,3.72119401828267,2.4476080323414,2.2456157719449,3.1591715604074,6.64600529241306,2.02099090732947,3.91742116969547,3.543786439522,5.06393769742897,5.10117805133355,2.36235236821288,1.86903437658273,2.87464222704143,-0.484170202459552,0.261289091397664,5.3435735213893,5.28173309698964,1.81557478236778,1.21107682388211,1.81800650333909,4.35464444894894,1.19230511768494,4.45284410203751,2.01406749080985,8.03212885821153,0.0391910350443627,2.86860889685968,-1.83895151052523,3.96559781001393,-0.926336061577989,1.35911442443909,4.0328695682759,3.11847132970079,2.20384369761668,4.72061752753572,0.860471845135571,4.36622880331726,1.1169995892681,2.6343203041254,2.47087371294218,5.96892836985377,5.24232424516159,2.46695303158246,3.18977101656342,1.87229419825772,2.49733166071228,3.67936782483021,1.2115432665063,5.28129184639553,4.78506364905904,0.810930152992325,-0.417382033223148,1.54220091923104,0.57298252864012,2.40822670869522,4.27729574276656,1.93420746833591,-2.9170119725302,2.0264865419143,4.96878108315933,4.02234171852604,4.18164441696033,3.46145091885559,1.54518635375713,-1.68293524543432,6.76347416457029,5.2966211221596,1.32534234004518,2.97143912801843,2.61975564097192,4.18915955219881,4.09704080541479,4.55447621882771,1.95631682347452,3.16974034907534,3.79617653622523,-0.516605085927294,4.1079229834917,4.86257212191443,1.06212178478799,4.91693454264465,5.08507553653964,1.75768409401912,0.765493209487598,3.40858336216037,4.256645363845,1.1430932785098,1.42002856446799,4.05133688209009,2.3450073979591,4.30890649406928,2.79580731476491,3.36883991119456,3.17788551136087,7.20456374424433,1.08534830157785,4.04614755983742,0.404302852433824,3.89280479547008,7.43091135098538,3.63218984556324,1.26246622615763,4.74465076272387,5.70808047569521,2.8631682299294,3.43127787037228,0.521825990112647,4.72001098886161,1.38969764230871,1.89844974964096,2.5308195994628,3.11593430629603,2.04845931220279,3.64401194561347,4.68937321327303,5.19333239198785,6.30680390978348,1.72942342195546,0.862677707837509,0.219884696490286,3.10913179692569,4.01318554805047,0.997115566796667,3.96237265542125,4.50565228932873,3.47277775508959,2.22742246908956,5.25944330983553,2.82821874392456,2.37429272059902,-1.05672962420515,3.69603184693012,5.45203684733238,7.19735653232738,3.8837206875672,4.91150944295569,1.72329176305735,3.97599032247745,1.312023759741,2.20855422372601,4.47182685383971,3.10255981796475,3.90226966602794,5.21463502055408,1.93973233410248,2.20393724259183,2.46821096857235,2.684650306626,2.94192318750846,4.51954453187023,4.64688639578025,-0.225653304383794,3.38475187812203,4.06054915025065,5.34525701930921,1.8958925212875,2.70197623561305,4.30529351452605,0.722422648136662,0.841068255258464,3.79137964114042,-0.272455281583936,3.71112159715197,3.17171579507172,2.44411603497833,4.62045356540939,7.5785829396269,2.44235860068639,1.48206655766224,0.141390429199685,-1.55505336400761,3.95045337964828,5.5334863770096,4.80200540864805,2.79598340099,2.47274388703971,2.20196684344152,-0.680785015928827,4.25123211678019,2.92582163190135,4.11120759735691,5.11272533578326,-0.801620183493236,4.89839890389585,4.45120643423687,4.36415882909336,3.37080771802489,3.73391780545314,0.710323658506556,4.37271293859145,2.73268614625315,4.38553687591675,3.25089556752583,3.77886032848899,1.28717407611112,2.9038804049715,1.13026908553981,7.65402235035411,-0.82537733592356,4.12717494143461,7.3791814784911,5.13983637790452,1.85779584167451,6.92271573236772,3.04018679543447,5.19531719293481,3.27558266139534,3.24375817708589,2.13298991370788,0.100441834549055,4.37878316896794,-0.886349725611323,3.17487634024275,-0.550859629551578,0.548884491979784,6.05765996966505,6.68275867781033,4.63959002179404,2.45650549475384,4.12262928215213,0.0977366288933883,2.76479418008815,4.55261985771961,2.87026630562225,5.17795451749392,5.25301793566858,1.20626032848118,3.36196095634014,2.35542988962486,2.64073521446441,2.00112066254538,1.9211152860441,5.75466692874903,4.69692362404089,2.97645022934503,2.8589477238292,-0.888456302768205,2.36268694842922,4.90385127201444,3.59434996930381,3.51097598921198,5.19337529715669,3.85327883265118,3.14468690667039,2.54316957160274,1.00928787949015,6.15002767277814,2.36968527434764,1.77147994518417,6.19102359305128,1.60041931566385,0.606735192306367,2.33065366782747,3.86309128142054,3.4846403370502,2.83558645927176,3.44962901970222,-0.126773585292985,1.57586107100693,3.22271883972299,-1.94811967803053,1.25595915934229,3.94729066475316,2.88579905231336,7.2948501678451,3.69861251422082,4.38416029539328,2.76565593217547,2.32374733280238,4.44802884164356,2.39391048626614,3.55631765262359,2.73645653025313,2.0636940480191,-0.22394794992002,0.817871125922018,3.34078566899226,2.2505430258326,4.64229421903712,3.34486539715527,3.46204482275098,3.16919280574732,5.06556760572867,5.66955560798824,4.17345555677226,5.87551174451042,4.27598219611284,0.922876890819741,3.82812505639014,5.36182944978832,4.57723720092605,3.21825693432496,4.07423104346228,2.79870569268123,-1.55993021339028,6.38226098794794,4.63462842186177,0.0662300278009789,1.13175246081679,6.33141154767804,1.70803892585566,1.2366490541348,7.25543922237687,3.22259987446623,7.75777713569275,0.465699387736254,3.35532535706455,6.67272627365662,4.65428694305062,5.31463745364087,4.49628170538592,1.91387331579949,4.89899870350824,5.09069731516508,1.52001922116755,1.05204795619269,2.67064408813633,4.08473653360849,-1.54732016499899,-1.30075817647734,4.36787247311085,2.0661347286959,2.15476410495643,2.67113369027017,5.72266676147617,3.96955744588931,3.35549536581659,5.2859327619737,3.90691243890671,2.74489239963288,4.29408604476864,2.54000492620946,4.7667723765648,0.0832743533410509,4.04447023300142,4.34824133995245,-1.48973360625911,2.79255334794318,2.50670938175449,0.685695610867605,1.40912045549278,4.5288978318471,6.54020760137699,1.72059479005394,5.10562480401148,1.21778541226288,2.30932663223735,3.16416579001704,5.50608619167092,3.56741771724547,1.50966430732635,-0.464539648581281,3.0509400023473,3.39362478941185,2.35329166460419,-1.9606834936656,4.14343920062358,1.7073830935712,0.191670130406322,1.15022170316875,-0.232432709363633,1.47409032798804,4.78492220686687,-0.555954322401447,4.12312749975808,2.89405219566756,0.914277162013336,0.960056562941488,2.97965143702908,1.64515086500472,3.19235208668478,4.27771829546567,3.0230649597892,2.0691052299639,3.40672485901308,4.97399593667319,-0.146345416212953,5.45909701067793,3.83867689572737,-0.337700857498274,1.89342289181381,1.43975882469586,4.110291212073,4.19336234920505,6.13565722241043,3.89787263928772,-1.19763531095843,3.98916230667023,-0.393141641025124,0.803527144016351,8.1409496654339,4.34099321611507,4.939472466145,1.9936397436575,5.55067670484505,-1.47408504637428,3.7131770567567,2.47299973143959,0.893649052821834,4.36880263737089,1.70435522608269,0.696312530414659,2.67237060192554,4.12488404721844,2.96785373558042,1.7785958576325,-1.43187645487562,2.42023180462331,5.85902697881518,0.945201203157688,4.85464564540423,-1.97802757922515,0.956215453831692,-0.506111225605127,1.52828909899951,1.38832316954756,-5.0144141942296,-0.591711830954423,0.549040078899728,-0.108583050101851,-3.48459700425451,2.0859904346183,-4.5164016303127,1.10064148203685,0.545384630296085,2.31391869186134,3.03202532551984,1.02998548903128,-1.57368992771501,-2.72352291865343,0.838837034958016,-0.8163336885871,-4.90475281784553,0.682357393532507,-3.12907065499965,0.643009816482062,0.367652857914813,-0.595205692462596,-1.00369661090451,-3.88065201362638,0.726106431754251,-1.27115825533681,-1.7089048232845,-0.599737635160159,-3.87402210685074,-3.90294815603793,-3.02289685794816,-1.15124470568786,0.0390151506756564,-1.03642476102935,-0.866441415538603,-0.772941560863795,1.14254856996604,0.0275185135318932,-1.14528201960872,-1.47905672482776,-2.11530926189634,-1.63748641447637,-1.77844584672754,-2.4989417641657,-3.7542255466097,-1.73194028615299,-0.614571157013388,2.74630043440967,3.53898623028831,0.41985018564275,-1.12702890639409,-2.4726546388012,-3.09384570443238,-1.8899124416135,-3.19648799453242,-2.86935038170729,-3.25566060754697,-1.43318797624677,-0.918910107471256,1.00867788346574,0.432654191505042,-6.41295350536011,-3.74894018642862,-1.35344384257092,-4.58626472174535,-3.9394128171224,-0.411925017356295,-1.94885278973563,-1.34411885459488,-1.74073596940583,0.70870237684703,1.21933562248446,-1.33746525563324,-2.32720828707707,-0.128603217111083,0.555954440024046,-2.9414459298194,1.40837862021086,-0.915653192573702,-1.04839191586273,2.21287025523666,-1.49767037971826,1.44873766651406,-0.625310987472457,-2.50627074653981,2.23293235927674,-2.28425078466767,0.525015172545984,0.740596008451483,-0.235765826012597,-1.46053459306935,-1.08360705327415,0.487839219473031,-1.15208320750864,-1.41229020083522,-1.34653599803778,0.632293326323099,-2.66276574578743,0.716008629066348,0.281653724386495,3.1344511263814,-5.56441853275267,-0.0452168717697323,-2.59311856380194,-0.76644421711722,0.345640667815095,-1.4773882526627,-1.30442480661383,0.562572095582381,-0.420558226401593,-3.8715446634583,-4.6167826931725,-3.77122462880644,0.440957996375154,-2.36628466852375,1.00308799029561,-0.952908100012138,-1.36873362898168,0.722759717952109,-2.0119644312624,0.208572181127031,-0.860242607392586,-4.01386469276751,0.418629269934118,-1.13102700707833,-2.29610533700643,-1.85517435223159,-2.23567560068464,-7.30435923256226,-0.176828329386098,0.563325010440426,0.581132263021507,3.29440960028792,-1.18124593804054,-0.696387790376418,-1.67159419122309,-0.215878093542376,1.39175609091486,3.42936875797141,-2.38043452875128,-1.27963051313225,-1.28299756287667,0.203309856287306,-1.64369511905599,2.08952499415792,-2.56011263572852,-1.84480489913542,1.57387326195203,-0.0144550905191876,-1.41334943929939,0.457611930641805,-0.0348446963085114,-0.926482240130499,-4.83137945192844,-3.09027726883154,-2.09204612782678,0.0938495582342624,-1.59238752552838,-0.64408894160951,-1.05470109484398,1.20346628372585,3.11833671816662,-2.1275511071043,-0.465003972210901,-5.9453045933135,-4.12375326779978,-0.429877080399894,2.46475626403641,-3.70512294645838,1.09220826688186,-1.25538929495985,-2.64505566414704,-1.57940316718266,5.89443506693298,-0.874983582233512,-2.89591084943355,-3.58640218220811,0.468984620920537,0.623431858523047,-4.44349715276548,0.0602370016987632,0.572373491323819,1.11772348291154,-1.76892960934313,-0.492817828392218,0.120090684656947,-0.323547110777134,-3.88502097569612,-3.67380222522509,-2.35805829776712,0.0379182494892261,-0.649231389227754,-0.509765294142609,-0.787661599911755,1.96788871808692,-0.834040653396382,-1.00207273541344,-0.422843518131629,-2.86469066506136,1.10256777950729,-1.19916750691837,0.198490742555976,-2.26972084056084,-2.42971336361629,-3.50375781715084,-1.37294714578276,-2.21520281499378,-1.71945644296109,1.62822752090488,-0.632133500541177,-3.50224064715988,1.65354581472862,-1.98233850733265,1.70228994520835,2.08802598781417,-3.65938977608824,-1.07213928883585,0.384208400592285,-2.38612454469926,1.44442449496821,0.780727016526421,-1.92361635468812,-3.34392949289023,-0.458251041716623,-0.769649059178791,-2.19310416261957,-0.615366016717398,-2.0856046735215,1.34634959344842,-2.44251154115219,1.16904309191752,1.16273846827788,-1.8791236403055,-0.270157773180066,0.0184073525619581,-2.96870175086283,1.89392688941709,-1.39751763646855,-1.85724754974572,1.39603228956039,-1.27136269136494,-2.84431366379134,0.410599757368362,0.719663542718851,-4.59820902190252,-1.11337890594697,-3.59557135958318,-1.83913167435723,-2.76188182826242,-0.905771389591055,-1.64518870875579,-1.98442643181387,-2.90226069390123,0.299640867370761,-1.11172212567087,-0.737966248500958,1.58484987493928,1.71000682117301,2.64407077039166,-3.18323061534539,-0.812629702504046,2.85512662398805,-2.40428004898607
"74",5.57791054817758,7.6366548097049,3.80297928137909,1.72367930633956,5.02164958273774,7.12718223557983,1.10376216454039,2.93896439775205,0.588250566013767,3.52953054120034,2.677061733469,5.53201418324171,1.5957258931823,-0.0776115133043578,4.18082794431694,5.03925852778336,3.5899278496838,5.14510931187423,2.25320963191337,4.71716356589474,4.5594290798468,3.9242920468883,3.97631076962879,2.7501056299055,0.830814734446896,1.98416907189086,2.90837006181447,0.0281913487192504,3.49508570467072,5.25157226327999,2.61074814760972,1.83412940076893,4.54062813247832,0.448928926492425,5.07367641300185,3.18902517209469,2.61630271543996,1.36112060713892,2.0543784619067,3.8209080249524,1.27349435048319,4.64368583130008,0.776897824904411,0.798486620313065,2.19692340782274,1.72441132038876,2.37685757131124,4.34379789471187,1.25134008275549,2.28884940453817,7.34035819148973,3.11620127876976,-1.13228028388686,2.80889053899303,6.42397563652137,0.111321397859737,1.87002796277419,1.42489769508972,2.16723842766284,0.935346936143581,4.0840516151568,5.97881822987238,1.14838439392236,4.69443515023107,4.47885323993853,3.01528149933769,1.75710787540877,0.669158137682895,2.2378789866463,5.85225899162757,4.36744960688635,-1.2685575592446,-0.704957114684989,2.24078420094027,4.46580110671032,2.61698050748092,2.50727527743388,5.93505826225617,7.46265714463959,2.46867588723831,4.94323968071024,3.87338119473309,3.5728811633571,0.734881341950766,3.66349823286748,3.64207613179789,5.70341770100257,4.35290422665879,5.86255815150844,3.88224227947428,2.05235756486818,4.42755452842291,3.13247791729898,1.23123967538946,1.101887259892,3.37345982273682,-0.263588136468277,6.5549754036345,2.9006408977952,3.24692392422961,2.85324740526561,5.35539033313247,3.60801725899198,3.66184485265309,3.50123213430339,1.41823840036939,5.16638130906437,2.83401538860571,1.04713335388618,3.25726877308645,1.07704393698233,6.3816022966808,5.81187017478223,1.36717166394341,4.66876029232213,0.229391183546906,1.89312219415017,2.07055771591263,4.87073311624521,4.16992578906453,5.01324312667063,3.52130175848356,4.65474616356024,2.5051673616875,3.65861267850643,5.93242047195974,3.36356423200308,0.654166241152855,4.57890598623086,-0.745771692704215,2.94804502318889,3.01447587745821,5.95338409663057,3.49455780455668,5.53064329535464,4.05731535724538,5.45641153740833,-2.81435442533442,5.95959962921338,1.92864726225956,5.94657424263449,-1.5366115253794,5.36925062240656,3.0097679477112,5.4305006725859,3.73125266877047,3.9476732577957,-3.82068349464153,0.145183270192981,4.66258742654143,3.63146432641339,2.13606488435404,1.94194782281357,0.512993103704677,3.23432213795349,5.45990275346859,0.847882054975061,2.01004593568253,3.32347668884752,3.41789912196334,-0.232406859898013,5.22684056968863,2.32248192291381,5.06730790296966,3.54663101897436,1.2569837979875,4.51335927314565,-0.491348270982854,4.28993532712871,3.84313174595144,5.52037956091044,3.93822535720535,4.63550958391584,5.92717333218189,1.91556343075474,1.82349424514125,7.40002058134429,3.51186282921983,4.69971768239207,1.99729788014938,3.87057152008909,3.41058763248773,3.11229803965726,4.10719936613452,5.08347707227885,0.872521420884109,2.34984714887002,3.50248589708853,4.42028298936106,1.02569508132406,5.27321019806087,2.488495115954,1.30725353768959,2.34105061613639,1.18931699971554,5.29618281277884,0.708096282014222,0.160384894340337,3.18296086262169,1.42233555400457,2.83121346477631,4.4038626552755,3.72478900593237,-0.300386730579966,0.395386717084072,8.78195890654624,1.16070205141009,5.75017766478815,4.49760713954044,2.40596395435851,2.18468948591835,3.70056114708263,3.5889424224219,3.98474167473638,3.75865972530286,5.90588070299683,3.7106233943643,5.11978703036319,4.01321984732114,2.91589490912851,0.0533112915417102,3.44284250080779,1.90109530827337,0.335851795162379,0.9810358880448,1.13365614754069,2.72582710004405,0.328576911171125,4.75095282307188,5.08446984838246,-1.13069786878369,1.13677815508065,1.71570473878981,1.0783916565393,1.49040251816689,-0.465799046422855,3.75301599912044,2.0355187183718,1.61037641862137,2.60296696007508,3.61703910494825,5.00081561524805,3.39920983775801,1.28610721094599,1.28880030974097,2.61314187034683,4.86542419132153,1.20034296219727,2.53763215529849,-0.796789072307062,1.65691045885896,-4.25134723197717,-0.561974865311397,0.278513538152511,-2.15919062590191,2.73997207387996,-2.86021791348431,-3.94271948394484,-2.14844271863287,-4.54474742478718,-1.74648556520189,-2.11077752590541,-2.25654993855569,-1.379302626561,-1.38870168996751,-2.80261638441515,2.47770318421686,-2.27878617994288,0.232937459089525,-3.60428957507086,1.87825557806855,-1.35952089296664,-1.52379724766937,-2.3871193275839,0.375491036493551,-1.66708569463632,-0.804645105582972,-5.60403815667883,0.144025329373021,-3.37966131040034,-0.673545609724831,-1.64405773556242,-3.02042166871562,-0.817296269816696,-3.77142890220914,1.72538956516011,-2.01970854582633,0.0879814155973035,-1.51258049826045,-1.35164401202464,-5.69651752172802,-3.3200193119038,-4.1638566884535,1.28891807627736,0.38494660566192,1.35510900583548,0.174212024884314,-4.07023215752496,-1.60689426781363,-1.56705987493186,1.30056690069853,-1.16676235210565,-0.160487354480892,-0.713047903337915,-0.329935280892593,0.542401678428821,-1.49621253626368,-2.07152164472755,1.88115040637402,-0.0956993395368004,-1.26316064381554,1.52841875311543,1.70867032835016,1.44766841804165,-1.83714551519953,-1.10682083374459,-5.1372571178219,2.15529352572446,-0.208198232650718,-1.19758861057939,-4.41753422346,-4.47841035376038,-0.805275704460591,1.70542115281405,-0.386542769701678,-2.55760131903294,-2.03528328578782,-4.13618062281664,-0.643891927609956,-1.43840081844091,-3.97417170359227,-2.40125629614607,-1.23110039589847,1.04167205700927,-4.28946210625157,-3.87446549724602,-0.385120803797941,0.187752755992144,-1.41893667964892,-1.92996834129311,0.269339532336114,-0.494778424540993,0.152741026828565,-1.38599754510382,-5.02127217254373,1.83431160980691,0.0807060130955011,-4.26520981311586,0.311095431310103,-0.739720376176849,-2.00592277363551,-4.94162224299887,-4.49194531070078,-2.5735774058499,1.23868822669785,-1.85856951637521,2.22861702460991,0.131019162553652,0.8292142328722,-1.60558935927304,1.55193950725558,-0.268649035776725,-1.66335093354401,-0.26696543074858,-4.70857595342592,0.878722123872104,1.38352142938657,0.201637318754472,-0.274324180669216,-4.38759051527527,-4.6062938717955,1.30087215836421,-0.373184045415573,-3.21077460029686,0.154825839177211,-2.33321369875651,-1.87219350644141,-1.70672416531896,2.15181383631074,1.40941551658622,0.99107022206233,-1.96286276722055,-2.01256858751935,3.62221964210952,-2.74328435059256,0.311688015149943,-1.58547306539823,-1.66626345582467,-1.38527735974731,2.26492447200619,1.59211732144499,1.37594719760379,-1.01513788126303,-4.45296432041284,-0.259730716821438,0.378420904275454,-2.54526620013369,-5.60045764034171,-1.36739660677309,-4.48974236788031,-2.61137852657577,-0.973389415776934,-3.0355307294288,-2.8194239216016,-1.35303052477801,-2.14415237927366,-2.54211777142624,1.72363677273707,-1.56736268210689,-3.8772093772414,0.0847963761014492,0.341486996989955,-1.30670902440306,1.31093843403826,1.92033206196962,-1.39868465969788,0.293964622399425,-3.86957804528234,-4.24837327738109,-0.992752943984537,-1.40436122597801,2.50857734444136,-2.4521679389377,2.96671387433496,-1.87027852023065,1.04187591524123,-3.42650156340626,-4.1142100888769,-1.25530822223027,-1.17132807377532,-1.9458039823389,1.34262277387011,1.28538914859069,0.726218746124047,-0.17637134073946,2.03817673656662,0.966154208127879,1.62845791944581,-0.755225879985548,-3.61888150543188,-0.114806541524562,-1.41354675022121,-1.06377813627544,-0.184651147969044,0.0448771670954908,0.60049921418543,-1.11960679307317,-2.41893802888689,5.75412677538779,-3.02596904196986,-0.986203161147755,2.87817469188449,-2.67391026927708,0.591375277405938,-0.42534064440829,1.9398773178062,0.238974330042753,-0.948221055860231,-1.84922639601188,0.0131869791648735,3.21653566736369,-3.58270716027361,-0.307451282258039,-1.63111283634551,-2.15565796859471,-2.04408191634901,1.8841037393507,-1.34415362369721,-0.894564774134611,-2.45597045667209,-0.786283784165831,-0.685114235485091,-0.167453384060519,-1.3981985216383,-0.668095491620355,-2.31907588389197,-1.9714460560301,1.10606085834635,3.31460102245086,-0.393893607853458,0.472530573100183,-1.62551784245258,-1.95139755331794,1.54820212094398,-0.0974487361755102,-1.04732344155211,0.246370113150399,-3.31545052764749,-1.76364384499323,-3.11839765247337,0.274931095170801,0.0512750169784961,-4.96385076837812,-2.32042987454919,-0.67286837275302,-2.21117136126257,1.72646810530907,2.01008229098056,-1.83723912941749,-3.93975450039753,1.55607833664138,0.901696429298219,-2.90287066559066,-1.36967419915442,-1.71098952857004,0.500007589216067,-1.46461692762571,0.541563168703478,4.73410450608241,-0.882828145929836,-0.146585854913787,-4.70364677939373,-0.547472721753071,1.83551063093582,-3.32752995951544,-0.337510005899191,1.28761665009264,-0.271532990096027,-2.65748054232096,0.53118302933451,-2.56736674155749,0.101849131866836,-1.41814032019448,2.72751213883522,-2.367944467576,1.38480412420954,-1.13152530349823,0.645788382403339,1.2487724131292,-2.33114502341328,0.495368417403783,-0.863573427195161,-1.80123482248506,-3.8215480764987,-1.7752602685986,-0.398528010182091,-0.385475509814309,-0.911700484511595,2.79262839237021,-1.76669426638738,1.27941499370142,1.68057543435223,-2.56438797921406,-1.14313745593784,0.996829506992666,-0.991169743229175,1.30231397092602,3.91189414255786,-3.10951004983509,-0.0935084851924985,1.74983773355911,-1.54707647889655,-1.2297508903416,-1.15490447587775,0.176804519919154,-0.773754015153914,1.08836971599955,-3.78271319001476,0.969245890065394,-3.09735225187635,-2.41224830780479,2.43683915073284,-2.3863969582833,0.431110718203724,-5.82525090494504,0.0311185269268386,0.508209958851689,-0.966782821899549,-0.471445540850043,-1.41960309201628,-1.37875947443407,2.44366178006278,-3.93333358764211,-1.52616749321847,0.430906830544095,-3.45476429545028,-2.44516414584191,2.29881630975758,-0.0776546941037568,-1.83579308668547,-1.23630402149699,-1.70057821763755,-0.687008638234932,-2.03413720285858,-1.93058753974211,-4.32343382093925,-1.25586450038856,2.18700429262539,1.34226630558822,-1.27208818139169,0.832370876065928,-0.326572057280141,1.3638980224017,-0.25089740179004,-3.91440443283183,-0.146592924882125,-4.5956799611286,0.795117706398651,0.62659947964983,0.0379614730642985,-0.983290465889507,-5.7643071971524,1.23676364501045,2.49852597789408,2.52081240601047,-0.150607852153934,-1.99023156012532,-1.52016818373394,0.447691752096363,0.879604519623265,-3.57559142080633,-4.29930074331811,-2.85533071979106,-0.934037561863105,-2.20458207924798,-1.05682607308479,-0.156812728233421,-6.56252864974197,-0.399826970657565,1.25903068583864,-2.57539159888947,-4.04148943559127,-4.3823044901586,-1.98918728475448,-1.49351367395348,0.370531844305143,-3.37583923211424,1.98521171566206,-0.0943778729676787,-2.33102573881501,-2.49598046296278,-1.64854166856158,-2.41757153295958,0.50801110223104,-0.119934338950686,-0.334495882334882,1.7926228828636,-0.883572993475771,-3.37554283044746,-1.73078087565653,-3.07347899154682,1.48949491734724,-1.15340185604974,0.747943743015008,-0.644457940260814,-3.40647841773891,-3.74389035432981,-1.29976369023303,2.46639727063806,-0.879588531895881,0.224765264062516,-1.70844456163483,-1.98551332577824,-2.19837436954941,0.312952163050521,-2.11431366706093,0.227628847922206,-2.05756955125812,-2.78386180257457,-2.84803273085903,-0.797910145379533,0.496282552234586,-1.35217789061171,-3.96554854764428,-1.1746804395042,0.950504841045691,-1.32413166112654,-3.3522512159033,-4.06418852151538,-1.83379816033995,1.39059225992032,-1.80750337304094,-3.79251772575712,0.599293842084668,-0.394366187001159,-1.49238708490317,-2.0453844221808,0.224961293003723,-1.25845432825872,-2.18636599712002,-0.88843562811441,-0.85539847732636,-2.7340994251103,-1.99950376752467,-0.601991120912036,-0.159648012540032,3.39551205789364,-0.778964993403892,-1.99405588309945,0.456397267260402,-1.88097942950153,-3.97339480123051,-1.32513280092089,1.51640268547661,-0.920243470427554,0.269799071009181,-3.55799542025722,-1.19628127846779,-3.45746179783263,-1.52776195596451,-1.51206268141196,-1.22292099015774,-0.0802471841797503,-1.87855041798052,-2.38205024166487,-1.6983001278109,1.69024976376861,-1.78203246601581,-0.250765774932041,-3.88738342749422,-3.65011889227963,0.842469529957407,0.241109539179223,-4.18389995477339,-3.20614251903327,-2.382523245843,-5.76840181821718,1.02603349245444,0.774380100256754,-3.00312667951078
"75",4.66740555147139,5.25668991105676,6.37341720121737,1.24555904887467,3.53319712678288,1.16639142011065,1.772565577589,7.5697748692817,4.25115868156279,4.45790577751422,7.65975253974584,2.68466810360467,1.9203922785527,1.52979606806856,5.19825043732098,4.52658081998972,1.39961692930191,-0.43300208437246,3.64334129578627,5.2524716734998,3.76763175492502,2.20055663120878,5.05927161883819,3.67203563585165,1.23921872297089,4.8307202036499,-2.23773207505427,2.91867204871276,4.99279391485541,0.785097548432172,5.42590636391817,1.23211240627334,5.37659681198802,3.19969350522313,3.98821279962679,3.56580643700635,5.10614590081662,-0.163180048854385,0.987185095544801,4.6832124534954,5.24210228459128,3.16979765396923,3.05244328959809,5.15616497783692,0.717130692771908,1.58654656303041,3.33494532177592,3.46571517650103,4.7616652948477,0.975443787630939,1.43273119829996,2.07332626309264,2.30125865634435,4.55871500842152,4.77889007792197,-0.686727670696617,-2.16062712809854,1.09493410215983,6.44206655813105,7.36761641901665,5.96572122719929,2.02201514719359,2.97233333535367,1.88331307934211,4.15078588878182,2.7463056728373,5.29948754261588,1.23887029810873,1.33745269868691,1.68175453663609,4.77276378423975,2.00672424249302,2.83511892765892,4.8355426535187,1.57086033127551,3.22001977562363,-0.707417861990561,2.75717635859697,3.83425917049652,4.71961556780338,4.49035050682484,2.17824989908889,-0.885962494987895,1.94702995897547,3.4430318281001,-2.19641226368266,3.52979972190163,6.0454314031487,3.81424048482168,5.15028178566312,2.31722506646297,0.112737269983057,4.01556343133195,1.25962994521523,7.51465790292602,4.58249295754416,-0.604891107328524,9.47429877216238,0.377510075742986,1.41175256095532,-1.40088774632931,4.11601444902065,3.41167106789519,5.92210695814696,1.96286557910223,3.371871000191,3.46348895700994,2.88427512195272,5.54728594753512,1.61295484595231,4.05365059093839,5.87878156496457,2.56152446614825,5.90653425717105,4.24062349338603,3.12163803970186,4.14253044691088,0.375095591630901,6.87188170809265,4.32538573570296,3.85253257389565,1.54492887291618,5.94552654375395,6.21875945350269,3.37686909072332,0.550162858430978,5.28496599366123,2.22524385237488,2.95825557739583,4.21282310080405,4.17316694648181,5.39683138518321,1.31490894496744,4.41216375209065,1.65733883493803,1.35622189826862,-0.331922433520278,3.66206821556852,3.25376820499642,2.7228622778777,3.99456090608288,2.30901076845973,2.12647526045622,8.05426084533523,1.24148281409063,1.90663792227658,5.52358860901287,-0.77624951444896,1.9142896133415,1.39877507841523,-0.983891930864298,0.779702940530751,3.45806919806014,2.15630447905294,7.81904111044388,6.73461163405281,-1.22566609253247,0.0771839595965398,3.93793378757407,0.971635092846371,4.09777102290662,2.22766093907941,3.92450758248846,0.262892176477269,0.933731964773047,2.08509114421884,3.13073713280231,3.33978300063561,4.3651917583479,1.99835832157899,3.44008933870204,7.9048797367706,2.76732903399494,0.881935972966859,3.32575631282022,5.18325383293341,0.552354318162357,10.2711560712936,2.72174072814189,4.14637809937458,6.59255032684767,3.71209842656816,4.20059758952301,4.53179240566292,0.186450214874964,1.0909554020415,1.41005538964268,1.70687121067189,0.713032492392417,6.87942064982144,1.32765097135529,6.0558503761548,2.02211922974252,4.46307221621644,3.46316073396788,0.880330870768628,2.07998545079145,5.62315438176834,1.673286335123,3.35914187620784,2.8826164287,-0.448826045325315,3.9934036204194,5.95820400151742,3.04535669320096,2.07631481096547,2.61114196935788,4.1386343577552,6.06274170522897,5.0892245270654,2.49063381973203,4.74486031031055,2.57450449002477,2.61705073190759,5.8741376777395,0.67552323836139,1.24687450117692,0.708884337456535,0.643957412325949,3.52203318622992,2.1894358362034,3.9534805385253,3.40235181622205,1.08197819832236,3.68482327932019,1.60371354407711,7.13159901928577,3.08592763326382,2.59560943081554,2.55413960684026,1.02959278637596,0.579954861355562,0.78689555481238,3.35531214961759,4.99555028829152,2.92558069550062,3.01446820448524,4.54890636902431,4.12877972555707,-0.0899676905090252,5.12992774763766,-1.63274831473131,0.588636992985299,1.64640650691186,2.6194912767523,2.01693930112612,2.0590006450138,1.73201013799449,4.43364573957995,-0.619686611379131,5.96639984870653,0.928525742281662,4.32615433070593,-0.902371198650494,-0.717941079234389,-0.771929725713515,-1.69545303847027,-1.68784182477714,1.05147589039515,0.497219368613679,-1.11084957129171,1.28231225518287,-2.82210820425751,1.40228570030216,-1.93886637011321,-2.59492384701233,0.275221395450937,3.59254312363554,-0.549661634461074,-4.41320979981966,-2.42042181982906,-3.92391451851008,-1.47480215178648,1.12865610349358,-1.09177068234518,-2.95530057064458,-2.47576708968111,0.657085908024481,-3.04632737129269,-3.98180279325624,-2.1976907132284,-3.07048485023248,-1.74806762409125,1.27831822007344,-3.14190679358637,-3.51677863779475,-0.376958050277636,-3.13815369659478,1.73033101311456,2.17741274666629,-2.56631610165032,-2.74120464924025,-0.480738943752799,2.4710889879174,-1.5313574833904,-0.880303616966997,-2.69746311109434,-0.701851679011159,0.643978418823129,-2.59942499917468,0.591334120056083,-3.80580641604043,0.0777765227783112,-3.39297926443556,-2.42008774713388,-1.66348351325081,-1.82944217318417,-1.9832789551208,0.20326190073095,-3.14922338307075,1.4288936938051,-3.07443087227114,-2.68194833022018,-1.94632343998745,-0.404004028728215,2.16742523586882,0.60381456309331,2.53317414554308,-3.08620983023475,-0.430552573211224,-0.791537437903588,-1.92547641953086,-1.24865093767831,-3.34177483720517,-4.10339841615576,-2.66250972092932,-4.67418265158482,-2.81677857978454,1.21996717194271,0.154981894128515,1.63307506764364,-0.615923457238566,1.12298718518821,-2.30149288503214,-1.86301687025347,-1.88009248635229,-5.831164696901,1.70078377725858,-0.814338844231592,-3.83903532667988,-1.77538508632298,-1.30450024980407,-1.85326416356313,-3.4378359653025,-2.82832223213808,0.243450334741598,1.91614940606835,-0.153894055859027,1.11793283545616,1.20204707966122,-3.22652558984252,0.429502734606168,1.14975451941356,-1.74204216275248,1.21481753530579,-2.18914154212063,1.57817313893069,-0.885740738035617,0.611815356255785,-0.58205490632164,-1.69976166833848,-0.116559098820052,-2.26733289062852,0.174116320513384,-2.50929666928405,-0.598913508380905,-0.000543895929973393,-0.0568525924178308,-2.41354062146992,-1.91772421750909,-2.42528351783287,-3.27064601356264,-0.761486988390398,-0.832949437634927,-2.01501478873033,1.45722022245567,1.48185160305468,-0.543060023573516,-0.343217233716052,-3.86294325665832,-0.696776496209138,1.02150158611745,-3.9607935082451,0.398822736780808,-1.09442622276518,1.3990718447556,-1.59926795319365,1.49776533237895,-0.909644989821375,-2.54587857857873,2.1160212555524,-1.44006947548734,2.57694461528965,1.95742997074033,-1.96112216143027,0.0433932149260694,-4.80904815574178,-6.34719443557287,-2.2468579904422,-0.922481656017137,-1.57514239501365,-0.293760324943091,-2.65729216743837,0.0343799607014443,-0.629912238517403,-1.85478085037414,-5.06420335978512,-1.214263452131,0.30316600351236,1.16083702729408,1.20211728890808,-0.226213975095107,0.685965798402171,-0.779858895301142,-1.78443561161704,0.821919310260402,-2.12867430103793,-2.71054959313028,-0.942175267748729,-2.10138635111884,2.28775792994195,-0.0538806315346254,-2.36841604303694,-1.7766166006443,3.71288250893364,-1.4961966160594,1.66639407082318,-1.08262859371426,-1.07510319735338,-1.70928849448584,-4.35226309089191,-2.65156196430371,0.828318228020406,-1.96911082798732,3.02873249701231,-2.0179940469564,-2.86267224836382,-0.818409379150629,-2.01961352284309,0.00695942606301769,-4.04919172252906,4.15298036147564,-1.93369602436945,-2.8627792199039,-3.53020135571009,3.92357497101035,-0.550219482228615,-5.05132046128351,-0.515219245735371,-2.55559607707536,-2.53735394002706,-1.81581456715465,-0.735834037848387,-1.84195109224849,-2.67110969289739,-0.940395168362015,-0.968842531812678,-2.55571252571913,-0.705499336748418,-3.53005740479234,0.985185143359178,-1.69285053576928,-0.476639518417816,-2.79290677890135,-1.91942522032626,-1.53119335457046,-1.9244397065398,-1.90494034486516,-3.57428806456076,-1.52529460504107,-2.50724077776219,1.53659639691109,1.06621797396295,-1.04832931468561,-1.69880100967315,-2.0792913978549,-0.69968777296437,-2.27952015374145,1.09984202166217,-1.5817588286296,-1.8597101458558,-0.531101287700134,-3.20612125004288,0.176691462592756,-1.46036069880157,0.250012466904077,-3.48867324964762,-0.0143616318479995,2.19167316799911,-0.895966110026555,-4.83396181914023,-4.54280251962377,1.03606002835513,0.393637822998184,-2.10501976873937,-2.34428353065328,2.22920144673747,2.42030241317037,-2.24799531535529,-0.650690812839499,0.413745897367318,-3.11833114563971,1.9003191732407,-2.36264590249561,-1.08816618664516,0.262971736860616,-0.691953299802543,-0.335123396579927,-0.709106930989973,-1.1122459492827,0.562632970301634,-0.150912936170763,2.60804814267929,-0.614479830955774,-1.12311503422318,-2.01889314189468,-2.80927714862862,0.764504776456767,-1.34945237537277,1.06805955304926,1.81661413283262,0.584386113817539,-3.37363875946986,-3.59605327845994,-1.22681464094487,-2.31717334374229,2.72602703668294,0.408883325067834,-3.40724930324809,-1.03483379016774,-1.53379523120435,-2.22840805312883,0.984009356079658,-3.34976920369537,0.873827477142443,-1.16431128769907,2.48740554393358,0.750323767663877,3.48578118478835,-3.02055454687806,3.27486622033786,-2.88161034931985,2.59013874769605,-1.08570554627471,-3.35071060224385,1.67545614314653,2.01116599247955,-3.30804077018,0.666501617243157,-0.018370017229016,3.32072879717367,-1.89397836346788,0.321192961101451,-0.600117884557329,-2.10870909948889,-1.42181136025479,-1.82165779124226,2.49189402676589,3.32877131472059,1.06768603561188,-2.73369285666919,2.57487650131137,0.330818960857672,1.13790291326356,0.314011915954189,-2.95893385865841,-0.165329125342244,-3.50587427046018,-2.90306248552907,-2.25860775460889,-3.64908183972348,2.14943832749366,-3.55886383875709,-2.60071873687362,0.886194733953342,-2.01171443184972,-4.83235225689424,-0.171669377257355,1.93983247882692,-0.973402491014508,-0.838869725168567,0.623676137865039,-0.149181262186692,-1.12308091564492,-0.935959505031512,0.189042067687264,-1.35584953216689,-1.31679769878313,-2.87553491096762,-4.57137012966708,-2.43855317710853,-0.877072137517785,-6.00479735457911,-1.53708021966957,-1.87458950426926,0.976236011972964,0.0192965844290098,-2.66086697364413,0.125004551304007,-0.896924945028372,0.657931853118455,-2.40417866228609,-2.50064105450436,-0.581335377781047,-1.12427581222462,-1.15078851047061,0.350040738022035,-0.712041934117314,-2.85085472735863,-1.46759891814732,-0.84753739242624,2.174933855706,-4.72747176286443,2.15712885643555,-0.567721935183272,-0.345775427479147,0.102050851980857,-2.88031781630104,-2.23469316852668,-4.9243118349639,-4.46718951935828,0.84194564850875,-0.605167893283602,0.440537631595237,1.20860506069147,-2.39065889262341,-4.91645953559181,0.50853786779845,-2.51381518789449,-0.154020199842056,0.406537043357169,0.360813443175939,-3.00441641920896,-6.44883151003872,-2.84494909448623,0.612300844888411,-0.107609442367948,-0.881701056885032,-0.169388471335581,1.17675078275238,-2.99184811807072,0.970879233514777,-3.29157238196347,3.63101794856644,-1.96667924242544,0.262246711184774,0.376121355757798,-1.33089290847137,-0.730474755628634,-1.61057510776828,-3.11191935301578,5.02027585807227,-1.3884161907993,-3.38948829073586,-0.712674656516533,0.443008627036217,0.0023231814231226,-1.59166947420225,-2.62011051471009,-2.87788969988822,-2.64261755576645,-4.92690449081096,-2.2089809977044,0.20315022648527,1.08359965072667,-3.60389895352221,1.54320370971549,-0.873366099708729,-1.64900620717351,-1.8744940452289,-0.568410032541914,0.181222706839788,0.353802621580618,1.51782014140635,0.512232051586479,-3.87179894190029,2.77924889358208,0.642433399104455,-0.82232395289331,-3.12725356184136,-1.02775936018516,1.28779285379616,-0.92963185535557,0.42384036707216,-3.60301972241865,-1.16738333012263,0.733871372791718,-2.07774778137045,-1.10933380307402,-3.07385925479046,1.77071941805071,-3.81188710572433,-1.65502459332346,-0.118580463217996,-2.67235082185635,-1.29983385689917,-2.44842286268007,-1.5199030212601,0.262677533052974,-1.20941059203094,-1.55003579329807,-3.50465840717266,-2.62658054233722,-3.05857425929928,1.07014969986449,-2.17669829619348,-1.84818861202315,-3.29109125978105,-1.91552074323508,-0.213942821562466,-3.72618967311567,1.82452345156427,1.24139125194788,-2.99150718110128,-0.625992486077773,-1.39462636463706,-1.71196701196507,-2.2253700309738,2.70567018515202,-2.12098087773626
"76",-0.429268642644697,1.37167087840922,0.267108199364352,3.08871662226228,4.3955003374143,3.64303640738896,5.12360225416412,5.98247821681662,3.75775796373353,4.09527479991424,4.32233009841024,4.02381949129845,2.99374016307425,6.89415963344568,5.70670566515018,-0.920838466966914,3.92276433778857,7.18391780966587,3.49168367695736,5.25735348870235,4.25621871263587,2.3894788658258,1.91287183475715,2.59900403991444,0.673857161529706,5.65419615185983,1.03546436111265,2.20633166668657,-0.132615019467242,1.80666918372131,3.98302656622109,2.86312986937651,2.03904631312443,0.897197379474127,0.728759161971432,3.46140434721108,-0.0899581731123611,1.58496758957581,2.47753032727475,3.78088372950933,2.70220346002678,3.3685521676484,4.17269654033257,6.32189805547487,-0.485693584589678,2.69243510409893,2.67208314493298,1.64540643508915,4.23043068616761,2.63881802397799,4.83190927658859,5.40300307673185,2.80635605241723,6.69179822051422,5.40786830965397,4.63257771193004,0.200112677307372,3.88667382710024,1.34415204065667,4.96935794870726,3.37874362928332,1.97551080152068,3.02408936304449,4.7450447111688,4.51887372006481,3.02015060780091,4.8233746610412,4.44567981861536,3.97606415458266,5.1789184453003,3.09759291362377,3.19259532324891,4.25212309276808,-0.477482071851769,3.15816795936773,2.61817418416619,0.634581101967857,4.07136686928402,3.75895069323949,0.258601668507957,3.30955416886914,7.14569807582986,3.13735990826309,5.36499855027995,4.42595617395066,3.96748025723077,3.23600971056688,7.17277498756133,2.06551281856224,5.78720435233797,5.69436071407745,0.0754304111781967,2.22479338001289,5.14713956971696,3.30736613480548,3.16971921857317,5.02802092561761,2.53295443194865,3.03960047215624,3.00568105552313,4.2943873641621,3.69515429026688,4.50026825393116,3.77342158026491,4.00296498506195,3.10242818504997,4.20191913781436,1.68169930224229,4.70810028179434,5.11491739418443,2.49748358241087,3.42147546838481,3.43117932187153,2.45773060720193,2.85425298619613,2.17485825474954,4.72910111116993,3.14485780855394,3.57556445068859,0.615751129440451,4.72262638829642,3.19783171903706,5.55240647682236,3.53070381941302,2.33070468155209,5.4621881946488,3.29279522397723,4.00268233308014,4.15300643998732,1.84563315604471,4.70545041811804,5.44777855897879,1.55101816561243,1.398246300794,5.43799267269321,-0.0613056252741733,1.0957439684509,2.57376677385233,1.20671535671356,2.86916020335325,0.238489831855155,3.16607822309569,4.38312677742082,2.22865237101747,1.95096217364027,1.45422390349421,0.327296209005958,3.18146458908648,1.60563468033654,2.97702246938484,0.059484344917597,3.11540208770497,4.03537577864139,0.291596027209114,-1.03454467202401,6.19007409344616,1.79944133056497,3.80650538671344,0.583600689693549,1.93524532569614,1.01613598572348,2.10679781643317,2.78243316557914,2.08730036562412,3.34195656408629,-2.20814466739312,4.54023470831563,0.112442488715712,5.13942382874078,4.15578271604001,0.8032948910907,3.74533669124938,0.234456403445318,0.58528107899253,3.91560018632289,-0.230268132008452,0.149091760573379,-0.553257377250768,-0.187908948595033,1.32702958071486,5.38637126143171,2.06356906869077,1.64292140444578,1.92774676413812,5.72822029531268,0.0299082780668174,4.55159435396564,2.1405375905894,6.4121603167503,1.40271436625308,7.04136690826168,4.43126000208223,3.89303135368575,0.731950634137095,0.673046697872124,2.85197150411205,2.65518931593928,0.815610404021187,5.18385348755449,0.834004079615174,1.55321511965061,4.72322625971307,4.0168033040758,2.64006940507223,0.875925977345009,3.89117856672014,5.63775891090033,1.88178997422747,4.5546927267853,5.08749971512574,1.49636761054858,4.66744796242046,3.79398657705706,3.69272652578709,1.01293283436663,1.81636004516804,0.490883504449028,5.48632779435996,2.94303059408677,2.84422156505546,7.02201785635019,4.12500660045236,4.11586875196462,3.51203555279404,3.37708991006257,0.218872260994095,3.59691091458639,2.76443585688935,1.14392609059313,3.85903687532517,6.14682574505543,4.46591546514765,1.67041958693056,2.78554419051211,2.76079542226825,6.24992091574981,4.21147683064246,4.34749013845585,5.76808623151051,5.3801020203636,2.99638824624014,1.87460488655399,5.60321055181349,2.1337548386495,6.72589212499041,-0.60064478602744,3.24692686852435,3.06848321129604,6.72285014140779,0.571702038695149,1.434612876842,1.86103842479738,4.04762989754803,3.87169680761162,4.24612295913662,5.0853177899905,3.18213069971641,-0.0518581932945894,4.20929324160539,2.15429753248482,3.67452618708289,4.79848958078622,4.15661336156593,-0.769360264204439,1.19257473032737,2.64609366157796,0.968244702019887,0.842832714423297,4.22156970141119,1.25459947446519,1.97553705784684,3.88444787065215,3.10783535497634,3.32376905102321,5.69024138818519,4.56954212894267,4.79166729070705,4.02968060640245,3.39045462389957,1.46949744403317,4.05667209877836,7.16356055442034,1.48414043441,2.55876833416621,3.98676522162716,1.73500936940652,-0.608691542805836,4.2914955043625,4.56185373781969,2.72099770441436,4.29614766073421,0.560672189137725,1.24313940990224,1.94301774915302,4.43640895557209,0.829455287776353,3.76357124026113,2.3002282351588,5.38428806378353,1.59691671705106,3.93482469592261,1.12459351765366,5.20761443993393,4.86364529745599,4.64013126021473,2.08015410391271,4.99264831854795,6.08015484381045,4.32572510958775,2.12351321440973,4.7646461457059,2.95702608233673,-2.74910806090767,1.90970236322959,2.52599200583173,1.21537124561101,6.65689345963445,2.64321982507525,3.86370935794298,2.11772162567204,5.91624234538234,0.191739677964855,0.179328805235627,6.43942955001047,0.787513332518848,2.15198137145522,0.987279532732755,4.35442502769277,4.22974325856739,3.33812050910924,8.85947077819156,3.34477691793253,4.96876079996168,5.41708934727878,-0.723802745207428,4.71009492025001,2.30204938201059,6.88870507645658,-1.5330047118349,0.938907849784727,0.0582679086288618,2.62987622314968,-1.15481341772962,1.69350274366999,1.80562659460981,3.02747398419941,0.140049783414954,1.09347137272664,3.52624779217577,1.57606031897714,-0.127084814276247,3.58059941565166,2.26387995470267,4.14176903123929,5.15761270176597,5.75487703377781,4.350735158337,2.31149528998741,0.228388290129674,5.67673915731475,4.78931415696204,0.98646264722342,3.19143759509626,5.92303104131435,5.06093564867339,2.20308801599862,4.49823399014624,4.92246748325292,0.153902734645443,1.80490808620287,6.63102661257197,0.311057194029216,6.87983856236766,2.36419321165156,6.35151892804289,6.37047821347879,0.567533455419907,2.82397054352207,4.19137583490571,2.47572182195978,4.86276925863004,2.06598399911126,-0.346516116812344,-2.1146186240773,2.11580194603298,1.22316175329626,3.46291550053676,6.12340595765378,1.92749652456572,2.49296396547576,1.18226983790766,4.45962298724907,0.549746304822171,4.5834814877903,1.1744544438999,4.84342030216742,-1.0942526962145,1.99905228169881,3.28855999607412,1.51678892694744,1.96154366011997,4.0926994300467,2.53666400473833,-0.10030579287066,2.81307199372294,4.49809532697421,1.75167485040216,-0.680143487934489,3.15915255637106,3.05183951527784,3.93929542017844,2.10112814511727,4.2159273595028,3.43431702219728,1.59650894460168,5.66367907703915,4.41149717358542,1.98091785496763,4.49704442689687,3.69441732475848,1.20693840131138,1.92979598598085,0.33128370909132,4.47753156204932,2.82905313168882,2.94312481774925,5.23267112718426,3.48556249593033,1.42604426571001,4.51128957735187,4.52977014675585,1.77280955541614,4.41089102746458,1.98177304563685,5.35992834192822,3.20966116270298,5.74965976378383,-0.394845706140579,3.78690599197587,1.73412700225682,6.08455502367305,1.48061667735735,2.17736263729027,3.72071075025548,2.77398634273403,2.24833189261189,4.60276876173369,1.86184141025866,6.53757260468486,4.22951265351082,2.09672061650621,1.68878811012185,4.48410863566602,4.69693310731219,1.33032801837704,2.12960848864306,2.27096229317548,2.54087641680863,3.28513051330547,1.38252047349984,5.84903966595837,-0.182591406448429,3.99471890923893,1.54742176893232,4.00587032000773,4.94467737833808,4.12835963721813,0.584275770182458,1.98553863743067,4.39639954452855,3.36473384939652,4.9942663105019,5.27207495958788,1.46507617917183,2.35935919116443,5.33056012676929,1.32372993289573,2.19866038382203,3.06351968606947,5.0387805940403,1.57398076450252,1.5873581973848,3.9717582992246,4.59361021990275,1.42591582948679,2.85269688989662,0.210020241683737,2.26658514902455,5.68468377773548,0.238535177753274,1.63999487231366,6.00433439677115,0.883650338298392,4.63844138668836,4.43978099034582,4.17976721463139,3.01070451251353,2.24691298733918,2.4172918724019,4.18043467969336,2.35632193938456,5.76050120008207,5.15237120747379,4.68641248171479,1.40343794441473,3.81448067356507,1.33931962114567,5.36663238781045,1.47247572020327,-0.227765039325528,-0.662747834253739,0.929377526459817,2.27369458101909,-0.748398535162099,1.06033744368709,0.166941880943116,1.02059696417753,-3.57462519517151,-0.779522829354473,1.41199383315936,-4.20409611600397,-2.26048156748525,-0.750328225903439,-0.462122631768777,-0.259078845700812,-0.657250243077675,-2.89068265187355,1.74269890576985,2.69801844728973,2.13204406019857,-3.8768648251346,-4.94825288424031,-1.02037756582846,0.660815430995206,-1.64901072468947,1.07302825007564,-3.82461882026984,0.394441445607914,-0.640586644290899,4.09462194135275,-4.34013480345799,-2.20508521957352,-0.19235632948575,-2.9457536677196,-1.43547733356304,2.35483672560248,-1.87747480363421,-2.83408841470874,0.221993959672456,-1.62995266369112,-1.79724790610833,-1.61747269749775,1.54553771880323,-1.94268645218753,0.650735332871214,1.24450082967008,1.28337825919249,-1.86930722330706,-4.94534190532629,-1.80386299581252,-2.62898031489998,-0.782817570439242,-0.764857925300357,-6.80726756395446,-4.15292484995635,-4.88302727485924,4.72469461996478,-5.03208536815992,-1.05851015176681,-1.48146521618789,-1.14056629858962,-2.03988402136465,1.29965512057161,2.47451135349066,-2.53692820143028,-5.08099909336784,0.193741897685213,-5.42525137125536,-1.56395353681863,-0.658036488246871,-0.869272598995147,-4.15086924429708,-0.316755434030869,-5.27834468909415,-0.0586030079909925,-1.60788280168561,0.107633133235861,1.18979951513099,0.608658517882407,-0.625108766758555,-1.88815334409672,-1.66722934533785,-1.95514656061377,-0.870244964558451,0.0692304033341247,1.64174415526191,-2.13385542180256,0.752106528299835,0.769126899200475,-3.75063771468716,-1.80473930742768,-1.16902829848851,3.5266160176053,-3.07794927692154,-0.381202707611678,-1.06091249286069,-2.97408267729402,0.294316130960036,1.14992289131926,-5.7187286791518,-2.5680533750196,-1.95075810493109,1.47580424648084,-0.868059527590888,1.02345664767406,-1.12426012326987,-2.2011138274201,0.827726902516878,-1.82506786042116,2.28292848989825,-3.30492425677708,0.388238971447194,-3.57149428421177,-2.86914022630237,0.52570237181038,3.39526452436332,2.37812785130729,-0.0742035525206419,-5.04999237340259,-4.36849095677263,0.163562516164158,-0.268840580653146,-1.07075052502233,-4.78728818621112,-3.73780592949982,-2.64536220673886,-0.421090175689459,-2.11844589121133,-0.556734569148419,1.37798061131244,0.0577449830106707,-2.14569646355314,-3.02304002369672,0.206161140585076,-1.24774050865117,-1.71667003192565,-1.43599626809738,-2.83695204586864,-0.0880417153374439,1.50108522364899,1.69751440298559,0.365258663155177,-0.81975087776018,-0.315539020117109,-1.54708813064885,-0.3699622056556,-2.86156107892102,-1.47029651610934,-0.977444587504789,0.29786682354013,-1.56553014439451,1.66154313519774,-1.63703114607339,0.410281116300715,0.594546093566586,-4.99341763369366,0.54894457962123,-0.841918806701924,-0.38847754088897,-3.27788035644836,-1.15967887149085,-2.60823077322221,-1.6719100794926,1.95789696505342,-2.67216573899102,0.238417317424481,-4.03324399419201,-3.24080907964311,0.153553557501971,-1.96745659321784,-2.21908373442901,-2.62509431143727,-2.69571847257937,2.41845142424267,-0.670520111112335,-0.717289907741831,-3.99286836581765,2.23563417414287,-2.09707874718181,-1.60351636809177,-3.06928869117431,0.735450914217119,-3.74340056957474,-3.29638261455107,-6.15576058599625,-4.09994761557566,2.58463653319109,-3.95968973737689,2.32384461850914,-2.80109328713767,-0.72590299530379,-4.09203566792101,0.524265840463941,4.27296667913383,-3.1023805196356,-2.07692331100716,-5.3714602997659,-0.783076552564799,-1.10984420935711,1.23515008269607,-0.872502000667232,2.19024718554676,0.389128208373877,-1.40457776175293,-0.594867832604991,-1.2134647564761,-4.05914864996547,0.139862279537681,-3.3990552859991,0.990041588727024
"77",-6.74708163331827,-0.473568069623657,-2.9650258542205,4.10767617793059,-0.605308632750607,-0.896141717324051,-1.17776250812312,-2.94086196732795,-0.365551567563507,1.18381946527251,-5.03828868896034,1.63269829817193,-1.71452464889647,-0.0100425528325614,-3.90118945709339,2.66350329637838,-0.408611616149364,-2.66575950412452,-1.22097777069537,3.05106910204199,-2.68863230084242,0.175305323137505,-1.96682316240341,-0.154297779485972,-2.60730755998043,-0.913568874609554,1.78538170161212,-3.06216524539998,-4.61687107458035,-2.07502538744459,0.671344647575494,2.48204791148633,-0.289075340957139,1.17684866704681,0.486416181572896,1.25292885248083,-3.39762461409208,1.02579653821713,-2.55483884931972,1.1755328456257,-2.4426635549321,1.5847322311876,-0.975445180304567,-5.9035088550174,-1.76694310914731,-0.910915153340328,3.02847341150649,-0.290507645821229,-2.8954371868162,-1.50651591112881,-1.55424214749858,-3.71294446423012,-2.17423495005902,-1.90334813813693,-1.10159673887792,1.77726694357188,-2.40713951346176,-2.24999878704822,-1.23749108867931,-4.17572440464394,-2.24657753110544,-1.43977794346643,1.50169760674592,-0.71022027689257,-2.00048771111016,-0.245971532128038,-1.84218328331934,-0.785186356075288,0.989267700427379,-1.57771518537465,-3.05579206921125,-0.974737418628259,-3.02570533388375,-0.844109046758928,-4.78679877222392,-0.739531136347592,-1.10036522588906,-1.30930836204795,-1.30074491976291,0.241366388897941,0.197791238923519,-0.894464018678176,-1.86658796628108,-1.47719271367874,-2.62620286889195,-1.16496760231543,-2.87908895024783,0.590971980053379,0.814807354711982,-4.69687205546807,-2.01998942823549,-2.05394678280577,-0.725692519988777,-2.53686029329167,-0.152128259553779,-0.118399407988077,3.04340310104199,-5.00970698138425,-1.96715638830137,2.48675510573332,-2.76889584570266,-3.01118881074613,-0.732273301607701,-2.47753911704647,1.51839098969708,-0.668011182570506,-4.14478529830436,-2.42808720451525,-0.642764499029088,-1.10820604866873,-3.84623441248319,-1.18581060067555,-3.73293770048705,-1.45118880306218,-1.26334640843585,-0.476239410725297,-1.96433634051459,1.91792132374756,1.19042264243999,-2.77991760027523,-2.14893882345789,0.0532199315356889,0.622758782446066,-1.83793541726447,-2.32015880533399,-0.743198580199236,-0.615047347727566,-1.64807540604187,-0.946345187350426,-1.38404368229185,-1.14969487781239,0.822204959877822,0.867062784056114,-3.1863693777084,0.0494659903542556,1.93567219259995,-4.59755065091171,-2.22287801844012,-1.66390826939894,-3.00911242125977,-1.54654325728942,-3.89865722376007,-0.820309467077455,-2.53740643293802,0.149560369241002,-2.09956353520478,-3.64976167344837,5.1834518126528,-1.69052208054613,0.962893821134766,-0.637679916057948,0.878615046004581,1.37884610215063,-1.38135324888607,1.61688755824132,0.916135149166143,-1.84881005357952,-1.58991776693495,0.399366771539765,-2.99848775352913,-1.88312869263144,1.03882691648636,-4.68121032619598,-1.87929253473827,-1.1139779169445,1.47940552167924,-2.4835831770403,-1.05419564898005,-2.15088988294546,-3.68830874696487,0.00348498468365621,-2.56959912750127,-1.12964078902153,2.01099273499273,1.51767865041979,-0.796686136944964,-6.47621810586793,-0.0973933004511885,-1.4974944708015,-1.26970739386382,-0.808158023582722,0.219026592125148,-3.79864537551309,-1.95099179086163,-4.93034623583306,-2.4220668120029,-3.00145439493244,1.82134891619184,0.589242314379066,-1.64813448021632,-2.53215779497722,1.78792092310114,-2.53767529465495,1.95736257121965,2.17845118379296,0.144503969153604,0.749788887765456,-1.79500096646729,-3.90039396338756,-0.671002177066222,-1.64150103081022,-1.44305053726636,-3.60531803972651,-0.964233483585811,1.24623284812271,0.742207824446012,-0.367823049377029,-2.33784970478335,-4.23418283729762,-4.51156773219259,0.722493845279078,-0.329499047373416,0.171179454385665,-0.937075200850616,2.18915122738621,-2.66565956224847,-3.70571586978038,-4.94021051168604,-2.98656965185742,-1.41215836125751,-0.0303104104489667,-0.497467366055059,1.24150222318198,-0.904079813261222,-0.00132374296826943,1.6592032332197,-1.72713125927217,-3.29922138342242,-2.61996765865649,2.16089122467704,0.49329003391057,-2.03386426972859,-3.06940706854665,-4.36147265687982,-2.75522297708277,-2.11382882205053,-0.956701899688474,-3.65603107984977,3.18302987388323,0.536256952389682,0.252901128608674,0.961117178953738,-0.98398131318804,-0.534524471684282,-0.137817499022428,-0.169204896305117,-1.84087002324189,2.33139600443475,-0.447911266403406,-2.52899761887893,-1.87596399322193,0.965305093599369,-0.41533441357853,-1.53708727005761,-1.67880452499445,-2.09039832951975,-0.650787072315343,-3.44692459174013,0.975611876348588,-2.41017519442743,-1.69869235151782,-1.48974810869821,0.346819398352477,-2.78640895243522,-1.29892892448046,-0.43914244619187,1.06423727185185,-0.901499787679787,0.591213180890115,-2.98850046674186,-3.97961568295116,-0.727175897109797,-0.667830683173583,-2.39528884058192,-0.563403631619502,-2.56315805070564,1.98942328174537,-1.42098246978143,-0.726821773818691,-2.01959937276862,-1.32545101935443,-1.2341365167666,-1.27659362639206,0.612713034225494,0.0404386553711924,2.35040864718422,-1.22184637049409,-0.65477002823304,-1.20675158714217,-2.13454232966194,0.217936056369968,-0.443618550474793,-2.31282523647797,-1.66766801953608,-1.47565077849754,0.982173736846176,1.6129395890172,0.86972342474406,-0.635609333815304,-1.59340729838687,-0.419352345746401,0.170243342171744,-1.127828940736,0.7057923291213,1.4121657120116,-1.45082197428093,-2.93517190537507,-1.01771073710253,-1.02349545227961,-2.70553803669389,-3.07181037220465,4.00962666126322,-1.85597617894034,-4.89539052866519,-0.671333022798712,0.228377419889231,0.393016883118765,1.3702580320796,-3.74195530862382,-0.982428035289049,-1.66624720107622,-1.67636329713346,-1.12001585108358,-2.7490205728357,2.44378916763308,0.546080435017815,-4.38909844612331,1.32300860469687,-0.444256397369009,1.9104899975398,-1.43649027072737,0.0846075096124224,1.10961246781156,2.85745735020379,-0.364248199672412,4.02191808627135,1.53288276120639,-2.44964160813899,2.14979735146381,1.60687578128857,-2.19762233653234,-0.945359012324028,-3.96791397836317,-1.84043754622032,-3.02961104989633,0.990136920900453,0.189967463634957,-2.96543509819247,-0.363822017741723,0.96863393940117,0.198471076298425,-1.58899378853116,-1.1610787481837,-1.91426541722269,-1.49510534778582,-0.0179153717211419,-2.63365067966157,-2.44908940395585,-4.6386779903405,-0.56577586274987,2.53667878983642,-0.958284832931753,-3.86539242899365,-1.28741794584925,-3.43636921846832,-2.98850199025941,-2.70424396976446,-3.29633658009561,-0.63830604233783,-3.69837253220875,-1.64230531468997,-1.86554967987175,0.675066606225109,-1.7419846974405,-0.00353333045556647,-4.30597641456983,2.51655073470336,0.147174641096502,0.464631270582925,-1.99410324216449,0.291882960661312,-1.03044157874341,-2.08921335309126,-2.85567797860942,-3.28429397810524,-2.41071817742433,-0.813868935831904,-0.555863320090012,-0.251755464805683,0.046914963892138,0.395696677718637,0.125806829264084,-0.917987482416404,2.0493051429332,-2.81033537781837,0.923729506960782,-3.27885212092919,1.04101455543622,-0.311778901477923,1.01433336257139,-0.495018709441126,-3.33176065286804,-3.47052674414756,-0.157984838651352,-1.90354087226567,1.25510578558215,-1.41893205520265,-0.764369461876145,1.25241493642205,2.62659152923803,1.7607614588645,-0.515185638633645,1.89231501107991,-1.71073775932977,-0.888581640276387,1.66430515653005,1.96882057897823,0.677990012427876,2.30464531151576,-1.11237699318477,-2.32691196430712,-0.823024634255168,-3.53926792552699,-2.76757093055316,-0.596774611126136,-3.45176722206552,-1.33861648049362,-1.86867670329119,-1.06548036609822,-4.94790043014728,1.25963067373697,1.34753479111035,0.856167117256305,3.35479954214945,-0.800341047449366,-1.46921015927599,-0.297538219641928,-2.30646124239018,-0.513571269438542,-4.2564666096637,0.0408688686627396,-3.11543169832703,1.23476868803551,0.0592689878981025,0.246845848025873,-1.46055088814438,0.453442575199008,0.286745583170526,-1.70888767310945,0.241788304081862,0.952586609601818,0.73124520938208,-2.1170679282162,-5.41024096975401,-2.91710098662683,0.262902625584335,-1.51720773115787,2.28347518256302,-5.18275738255131,-0.144716111620215,-2.63462569531449,-0.86205971661364,-1.49996814654637,1.51394642522471,0.46616496651244,-0.830275223835627,-5.01707059258728,-1.16289149249096,1.35642545908361,0.32824942329203,-0.607104834398837,-4.54470043244854,1.78982600719472,0.536055299177988,-1.6653976249872,-4.7733716222952,-2.51359860321431,0.566601755286882,1.61545296796586,-5.00599412876607,-2.87680917265237,0.300562591850641,-6.06822976235436,1.04111341759833,-0.183249780504655,2.10516084245699,-3.39787237521081,-2.9704449063315,1.3060048735775,0.107900489318438,-3.2280068829544,2.05544593208296,-2.07553234575918,0.193224925388525,-1.36061760443839,-1.80325899845771,1.96510178216296,1.45411246993606,-1.90575280594316,-2.79809791436843,0.566003587707842,-1.55922059821093,-2.86571674678612,-1.30078200467505,-0.830685052731168,-0.4679305457132,-0.00667225566099761,-0.992059593674153,-4.65224041085389,-0.60738519998254,0.776950963175099,1.01441735281995,-2.11933007040018,2.57431670445935,-0.981143080894896,1.06206637246386,-1.99556489108217,-3.60939461417729,2.03731739848086,-3.97098444552695,-5.16559610080412,0.109490386815747,-0.398993350302815,-2.02707362842894,1.60849644573618,1.63045787583084,0.832535825021433,-3.3993852062039,-0.777305609513401,0.510596852726034,-2.39309871136357,0.58896073791569,-0.95702334652363,0.688606210440305,-3.37387107928815,-1.09766882513352,-3.37387943572741,0.427303307451747,-1.17142219987094,-2.87555741979025,0.698186323719141,-2.91223824825608,-0.752434250911897,-0.565410865665412,-0.954499397913441,-1.35553527733621,1.20680190192575,-0.516714723421819,-0.104254923901059,0.711202284702711,-3.57892824550279,-1.76724885745227,-1.27445952022771,-1.91700376493162,-5.41849777545482,1.02274239644774,-0.058121144744689,-0.135996287372689,1.72284670575228,-3.0176095540381,-3.27943931909309,-0.980081917200277,0.0245188615755569,-1.33132170457615,-1.4780293739363,0.156600160732299,-0.133864666322269,0.117776671089389,-5.65664837405443,0.755464212020328,-2.51970577063445,-0.809592843196838,1.01897949965194,0.407575932394536,0.0801584187784035,0.69514155842127,-1.37310922668595,-2.04459228885991,-1.34344181374722,0.424945004377727,1.55854756979819,-5.21828681530536,-0.626156247741298,-3.85429951699759,-0.857753805138631,-2.42712582966568,-5.9975945642797,2.41977785641932,-1.4246225598965,0.576572404150431,-1.7324266956066,-5.91943119148069,0.604180066492203,2.33807655830407,0.202169527656158,2.19210814339854,-0.51466858189563,-1.58591818655897,0.891679184417323,-1.87705650396126,2.10663275171467,-2.32390055789056,0.416329763983788,-0.336650493067601,-3.02812462892896,2.82253848424311,-0.331188434023756,0.684525758892252,-0.017536982362766,-3.23260864217953,-3.60916391503725,-6.08546883604574,-1.77717034192486,0.108513527601502,-1.99275244047326,0.940000964746413,0.857459962171977,-1.35929861320722,-0.205855110485019,-1.71551263606813,-2.41473164623803,-2.3318038642442,0.691605574758285,-0.388149555212332,-0.395194389166831,0.129688966602117,-2.24020717920941,-1.60986885425478,-4.01171761124754,-3.29623372690227,1.24706476313238,1.88741509402999,-4.31789443882687,-4.72802903882891,0.136267405155233,-0.910652041126053,-1.24269300226977,-3.39032684263327,-2.35023338955556,-0.178707281060824,-2.65080815940717,1.49556083846972,-0.303749971026044,0.178746978398092,-4.33775904757731,1.21533141242231,-2.84598080515967,0.742109876544538,0.256005909237125,-0.85264565691634,-1.15255506928492,-0.139190305160693,-0.580472694254476,0.772182262982133,-8.52782688956021,-1.4908394589444,-1.83172625674238,-0.0517049052576399,-1.58429880181017,-3.44059314395131,-2.03062287061053,-2.98773721479467,-2.78403231015292,-1.65170657494078,-1.90821088944143,-2.44990840245422,1.48727682898808,2.6957413737867,-3.34921204510368,-0.0629605119622841,-4.48578372410237,-3.44026184735293,1.83089308720614,-5.47764871336776,-2.28120328611836,2.50978404482224,-2.73149954943323,1.36337880949446,-1.42270032843071,-0.0217654724633999,0.91723447872723,0.191018237023441,-1.54962273482964,-4.27612815952429,-0.408980258025989,-2.31540355283686,0.939785259145027,-3.04938855646756,-3.1648103827447,-2.62496392941654,-1.96855988185728,2.50499616022396,-0.514147176367398,-2.14997123463089,-4.23442989806248,-1.87820775619517,2.28120094592526,-2.87917961742096,2.19241541466428,-1.25940678825762,2.67203099126249,-0.710558603170785,-1.50663043244617,1.34275394895287,2.94848709873064,-1.90016846324513,-3.80549263137404,1.87585738352024,-1.54210993989328,-2.75126574802904,-2.10243482652047,-2.27537091202219,-0.497099219525928,-2.67980074307573,-0.0635899810249634,0.890018708880805,-0.188986435653427,-2.29014255017409,-2.26987985692032,2.40051861573371
"78",3.18498199765867,3.32276072946294,2.54207068448161,4.16486943256099,3.15159369844627,4.29509717833411,0.526723000218153,1.65687739308234,3.86787266756177,1.1794368182522,2.75941903870627,5.91309363277689,2.77787186502641,2.78758661253801,2.09951133198331,6.29375726638135,6.14259445585356,5.42226469346676,1.31041151469709,1.31141238542614,4.66845881066301,3.62611802958582,4.5017656289586,4.12482566254473,1.33255341177902,5.88837962292071,4.9482215972622,6.42165697370964,0.548922702340338,3.64541992996816,3.26300060459398,2.33357736417918,0.17012754145165,2.65561259820538,4.44944991512263,3.91102706082298,0.745123625486432,1.97396313984538,-1.70816774158257,-0.683541995031226,2.00058248477355,5.30306722628028,1.35913341629671,5.28031953879704,4.44004958707832,4.86072403767719,8.76682089864732,-0.880197333513164,-0.00500017655494034,-1.48482449961571,5.11955047989224,2.77328710471788,5.61463861926665,-0.0991231517149909,1.36540490745762,1.80601846451304,0.714234341787459,3.4829279506013,2.39929529599009,0.518513814053715,3.49984567199522,-0.530170001183924,2.53048237049478,1.88827702751655,6.26609035701963,2.24364386360753,1.18031771193118,5.51446825500797,0.955149194488199,3.10924826090937,1.74261548804827,0.517994191243328,4.24895485284759,3.7746996172862,-1.5907443060758,4.34035818283095,0.800862562228927,4.75785765538619,5.75908891205932,1.7908069760457,6.58379289266371,2.69509004776828,0.570506490803787,2.49586510370086,3.74957738129334,2.69673123457156,3.51673126169662,6.45557691406022,2.82753023872237,-0.421693702068532,1.18669402278033,4.45858467294375,6.17186804361289,5.91855588939537,0.645271458283109,4.50485888518025,1.63365161578136,4.04927273990722,2.97522971564158,3.85309054892176,4.43059710886797,2.70250488923985,1.51012538765114,5.49925853028552,2.24434366037099,5.56126965269751,3.71741310945048,3.83130957474266,3.41374537989931,1.08044297174985,1.884953939668,4.11829182656375,3.77669780100412,5.27460734978678,1.70829149863563,5.6171303156487,3.88333980553637,3.25326876564592,4.65303763372052,2.69033887245683,-1.81509974582412,4.72368125017148,3.65895361730256,0.25960287242164,4.19171766086976,6.36116514723541,-0.271770421344957,0.750511683634893,3.83111770064859,1.15365852713521,1.4692739103364,3.35234080399928,4.42333571822867,1.3330293973001,3.06419715624363,1.85038985829899,8.15889787590411,4.05676133858684,1.6560978441425,4.62132793020873,0.36705827310141,1.92060976077922,2.10734883023286,3.40614521827439,1.83904315130337,-1.44489186716199,1.52443421369927,1.93222033169459,6.56023367135333,5.15201942652865,1.23157320978822,2.12901831500463,4.36551618953504,4.17145114756864,3.2351370927196,0.801727526172948,1.75621571770499,3.09077774206876,3.10952394843367,2.64586886085858,3.99212792452634,3.82398462349425,3.00037954137201,2.46998934030182,0.217504367686678,3.46810917667372,3.64959788008393,2.42553202163753,0.966178200458033,4.24144865669829,1.36132252527789,6.95957750485999,4.00309883461488,3.9775922675493,4.05153522854442,3.3223889448673,1.28169659824702,4.07333034786753,4.48294586760066,5.94038566455333,4.21396553130803,2.34037292996221,5.50473359052989,-0.632913077180297,-0.561183876996388,4.13064852204507,7.55103205411774,0.94776696778759,1.91728640391017,1.96920100936559,1.4284554018837,3.48061459075101,3.29663233528108,5.8243180990857,7.63025877620511,0.527160111445884,2.75421597899737,5.85799360551177,4.08616473438734,6.14113649970339,3.00640000083239,2.94514980632698,0.727487177040753,-0.946485837862912,4.83796046522277,0.451920976778507,4.40599161903978,2.76635367519966,1.16959644816663,5.49092655911062,3.81759838260826,3.99583154989396,-0.00320579565705525,3.18068904549278,2.27988350152978,5.29395247274809,2.44404325503083,3.78174726000948,7.33759087758975,4.39653633856469,4.67502107023732,4.73749976047529,5.25226149157247,2.69917437542417,4.48524168443377,0.997913884555028,0.796174529467274,1.79689020172657,1.91385124104176,3.73574114598282,2.98358591400423,3.2273394416667,1.96914333041026,6.75453170000783,4.07742152683713,1.36139633861947,3.26709228755398,4.66481808580379,2.01969637158868,0.336703560320121,2.87580059535354,3.93751387255115,1.10159623425385,4.51623725641449,3.85328053189795,3.87779827915888,4.5053098805354,4.10557299718932,5.20944506139258,6.07435790663236,5.55559871462076,0.742064201023486,3.55786874684615,1.85917254043701,1.6529235798526,6.92279135929241,2.8377107701506,5.49867377108779,5.39015491413521,4.33766682928538,2.92181347882731,2.67007419832139,5.8707059078897,0.63673635580637,4.12377733702425,2.09976495507854,-0.792912238884576,3.01950460778254,6.91120570911076,3.07828945041073,4.39287329893203,4.9508688443306,5.94718686509752,1.34748420697247,2.70079570239692,-0.197494707623653,1.59659352849959,0.432571639123498,2.6019108728137,1.91787593137508,-1.59119422780267,3.5350737691207,5.11934959473654,1.53144190582624,1.8521754253695,1.12289096395083,3.7292169206051,1.92594740964287,2.1774749546659,7.43135143451776,5.29227438663423,3.31716415107316,3.92606967448459,3.67705792847391,1.19120708436828,4.90658890742338,1.80895801620622,4.65705400494905,1.68363936949179,-1.89613455885758,-2.72063055709121,0.851210312219306,-1.12925711558988,2.86270109636345,3.50692325712816,-3.37754948485454,-1.75364872788159,1.42338303870678,0.699855428478073,-1.71848755112846,2.15914430722008,-0.566751310080533,-0.795713928768042,0.187511366826714,-1.10253436125242,-3.53842091202323,1.29267327808317,0.732445414676865,-3.59753121714567,2.73297205587009,-1.76223419629516,-3.39639178165435,-2.91935645993254,-0.266657573340483,-1.26138016062213,-0.146546399199983,-4.09561346532009,-3.38592321956254,-3.88021601975751,-2.77861939279227,1.79894398322619,-1.70367084655567,1.01356396302497,3.19294178297517,0.0981260882282771,-0.922352843137116,-3.32405509403457,-3.44105857330719,0.417365348182895,-2.49558539486974,0.396855628590988,-2.1323448235441,-3.05177123704432,-1.36955440644736,0.503713548265393,-1.17566424680051,-1.5569116668578,-1.47523941064762,-1.38079836959472,-2.40899469466952,1.17583414217522,-2.62232874361059,-6.15778607812587,0.595832269522301,-2.65480400048415,2.53984864434454,-2.50661589127937,-2.62800536936904,0.358578222567868,-4.79332714345303,-0.0978408027910276,-2.34837688470649,0.346599816215184,-0.292192524518573,2.05279083939585,-2.4817927027777,2.35425446651998,-1.65058446511669,-4.1336128292176,-0.370331667180947,1.4189604471761,-2.58289919990888,0.0720930478200155,-0.268705898448513,0.0092346904299927,1.16128295225285,-0.3847505539346,1.89404534545733,-1.86751386094193,-1.76155561986035,-0.8752272830114,-2.50269957564598,-0.153981757948402,-0.801210339217781,-2.96794128004785,-3.65855186221509,-1.16394198146543,-3.92517237585081,-1.18248144571843,-0.715057894871025,-1.82982636025916,0.420621023766237,-3.05988764587941,0.388992561168449,-0.402401915251841,-2.76196875296733,-2.76255898119024,-0.920031866968932,1.32868166866174,-1.27137212867161,-6.09211038047309,-4.65641116551843,-2.69251723933595,0.543999729164486,-2.00283322794201,-0.395281983335663,-0.448306937354627,-4.95546377088559,-2.97234415182749,-0.0768483808551625,-1.46651179116442,-3.03008444499676,-1.14422841127612,-3.4255439160708,2.03851206586731,-0.751215305058599,-1.35399322277392,-4.04663707863612,0.145840575599586,-0.0276060131323594,1.20257455569384,-3.29638170053816,-2.57120401684924,-0.36628230610396,0.706264639116023,-2.53666798386272,-2.43834733308442,-0.110718794962575,-4.18141620026858,0.534464800636556,-0.305590725273322,0.850947016984244,-0.736986829325019,-1.0655002675266,0.0265425598430307,-1.87914903707015,0.60497176204739,-0.0841249645354148,-0.532661240711341,-1.65494525467873,-0.766950501931184,2.25919759639517,-0.718100616373119,-2.11079818345805,0.0920912212414182,-5.29815140008001,-4.62848841232137,-3.04987780908603,-0.806031606607467,0.909575836021806,-2.66317807456202,-1.4275545351967,0.895768329772699,-0.724550261908252,-0.191833508866164,-1.7168383466038,-0.267938556275999,-3.17747485012167,-2.3626287912961,3.13176998496737,-0.72778967400737,-3.45180408164961,-0.106779079350036,-2.92795090326008,-4.13609098877436,-0.278938371782065,-2.22976225978122,3.87564395352434,0.859126861782207,0.930149894386384,-0.869099510851185,-5.50392459915476,-0.26865510711397,0.839235059086046,-2.78618953327294,-0.360407552464799,-3.58881751032956,-2.90164719243216,-0.216181098971558,-1.1115235052156,0.102623173952971,-2.33184355396458,2.116808035924,0.688695311567085,1.25994505945429,-0.839510757493543,-0.481662341077206,-0.994153320181844,0.54572979226558,1.37883875314995,-0.475800191182755,-2.57742171233556,3.6728323391454,-2.54269916649889,3.13064398110221,-5.03128576522121,-1.60899131101373,0.373854231343957,1.49074351410985,-0.445963805326451,-5.79956088308417,-1.974515554901,-3.90992235688982,-0.900230327797087,-1.96311796379075,-1.60489656548833,0.529957023158897,1.20596588534076,5.83060566242353,-4.14882994101606,-2.58094856374314,-0.601970043920853,0.341002082369267,0.3695188592686,-1.11169841613462,-4.72771131510085,-4.15180568127338,-0.737587838563301,-5.65115536516303,2.42504044575966,-3.15916026020103,-0.00670210365349788,-0.19715001897806,1.38994029889262,-3.23853754631738,-3.68328695384095,-1.86942911888065,-1.59959195751835,-1.87215706677913,-3.68197989615451,-1.42863508101741,-3.71273027014028,0.829853876011398,-3.58964162700471,0.0794504912733909,-2.84587419023397,0.756686329118221,1.82631411397393,1.14191364166279,-1.51219338968216,0.271490414370195,-0.304109314925108,0.964702873075353,0.742473477081277,-0.855841382589359,-1.68224620723446,-1.03432277447158,-3.76173641261496,1.76729973876908,-0.471307245570061,-0.581811284672235,-0.997358232361619,-0.428706047189067,-0.0180805473639061,-3.49079223631391,-1.3596310225124,-2.83805236129898,-1.54334046657637,1.91415826317046,-1.55858446298568,-1.37595844915823,-3.30643522248068,-0.143092374391835,-0.817932930243514,1.35317892708962,1.18260332280889,3.02727924651863,-1.76003177792473,1.60994154887342,1.2180947352374,-0.754434119916643,-0.0438460751940534,-2.24866016465367,0.114690968277709,2.00064155390883,-2.44885791804513,-3.59709919875498,-1.14945056896193,1.14027364313152,-1.59734063643499,2.89047621423709,-1.01627871848784,1.65701364576743,-2.22720274864042,1.65875211075532,-4.75328024903311,-3.11723920135064,-0.441447097131227,-0.713551295785628,-0.82401493035664,-3.8004483751106,-1.2487675568176,0.285925098701643,2.80195180669674,-2.16086347104621,0.958627988534389,-0.650784801701437,1.05568825047696,-4.76072296958368,-1.1522402847414,-2.51427907713535,1.00004295955272,-0.719783058180773,-2.96062565387423,-0.169195997891521,-0.149692951442901,-3.26838135778457,-1.615778104036,-4.73878859016668,3.52972753774854,-0.275385549073384,-1.71432485100684,-5.38868075063533,-0.188034165848836,-0.0594243383133525,-1.81588416721544,2.83416500208827,-0.957136156360026,-1.63651104062488,-2.44400365080922,1.82041988829581,1.53579035207817,2.69777984816387,-1.4377469876735,-3.21389851614245,-0.861849504106623,-0.866104962181712,-1.13251501151772,1.23968894567343,-4.06395199100094,-0.00739233391393246,0.386020110705957,-5.96110928349785,-4.34829300837857,-1.82145839816838,-1.4032304233895,0.297172585100348,0.226445427919359,1.14982957712655,-2.33311328367761,-1.29753331066575,-1.9224517923575,-1.24963346211322,1.63696400180454,0.950882964485707,-2.13783249278567,-1.3620289776743,2.73952228395885,1.64049020959828,0.13600159915313,-0.49748238995725,-2.70217050273126,-2.3696589137544,-5.28764657608694,-0.256073890222818,2.36087870861242,-4.20896057217257,-1.62626926938913,-1.2125063571776,-5.82353025075461,-2.35185926240406,3.50773047076115,-0.600678574016345,-0.562498939881002,-3.98188534238029,-1.54548513904001,-2.92333037392707,0.626047559467455,-2.14185387539966,-3.37277920024283,-0.0231943333083401,1.81043459920978,-1.45523198136577,-1.45565745193489,0.336651405813204,-0.521443235594966,-3.1619767282584,-0.262455969326187,-2.99323771738854,-2.84548083004488,1.05340685541604,-0.234163940475932,1.24996626784294,1.84399176890883,-1.71494857184732,-1.12452283769602,-3.40766191476351,-1.10024338027883,-2.48784874306011,2.63612871548137,-2.29629675522147,-0.443826472102602,-2.12699965062796,1.45221723624182,0.554887547980445,-0.615366003981032,-0.936980093645862,-4.42562528470299,-0.639758838078921,2.52958183302465,-3.06643461799021,-0.2355792275791,0.454077929218305,-1.7966125310382,0.423345113066485,-1.0839398978578,4.07670242571593,-1.40692854839509,-0.925994998151313,0.107365021817275,-2.62827406815455,-5.52828554341587,-1.93756518076752,-0.420367085797649,-3.72529567439304,-0.247424025645082,1.15200751575801,-1.31502574507816,-3.39802244304772,-1.32577559733648
"79",4.659520068176,0.647209562845044,2.92570648219196,3.87643855770302,2.39031344379975,6.59070401420076,0.904539767018315,4.56367372330757,4.38556995461096,4.57386012885245,1.36950300971958,2.43412379398538,-0.103388372119101,2.67802814465942,2.06005241601954,1.26562775096211,4.53820580778251,0.762837984879259,4.33335233081706,4.00287648363868,4.94807296755737,5.3343420618437,5.04170611188318,3.00286254963232,0.405480298184751,-1.10282535279262,2.88646338187292,1.97863447785626,5.10128465773713,7.69966981580459,1.91511303949606,4.87903191065949,2.83946589264833,5.62774660189953,6.08281988317282,0.333670819383058,0.833534291689627,3.53403216472914,0.560207392360205,-0.300288301255679,5.36756015132831,3.73999216951575,3.53194843709609,1.0878504843557,0.234988672667551,0.805510281847229,1.42319186792571,1.55014259130616,4.95966212257791,5.40180123738417,3.16570598377178,2.55643511027057,0.934070395193416,3.72951720064501,2.63197907043739,2.25624368345449,1.77265378944121,1.47520773299568,0.95227849050839,2.48337275141267,4.03134235818107,6.80332893854641,2.91575462941929,-0.12524638148171,5.18219062017676,6.41489390002099,2.12699393344866,2.65517394965446,1.91784929796466,1.31116804351383,4.50469509455877,-0.648149057699417,4.16378944917336,4.83986958470186,3.90162243989887,0.370751679917835,-3.55343269449359,6.19026724094177,1.56729081946091,6.64154625475457,3.96453205230902,0.226331224210238,4.59838409653897,4.55598149267565,-0.0273035515145659,3.92311473858731,1.85321984213229,2.43515423022458,6.28397063859819,-0.437259386711389,-0.494739250844664,6.952973390009,4.53384473319848,3.26753239261899,5.74196923364171,4.89242017494136,2.93747855370824,2.41131148483331,2.12595563334684,2.72041336730535,4.87441311932839,0.853700034777718,-0.61824109906546,4.34523752816597,3.62884053030524,3.80993799748751,-0.856907167570941,3.68354102709158,0.738925554981999,3.5608796190483,3.4849253906133,-0.716493738107925,3.26237320524607,5.06554110251962,3.0755507711676,1.63574470581231,4.85263929059192,2.31730520644256,2.95429974027143,1.92561531221839,5.46428559354131,1.53554152871807,3.09359892074595,4.83315967776577,3.42855166712962,-0.0413441552871379,2.40627831985904,3.08579101711913,-0.134698258998659,4.54341734140988,5.33685843389259,4.48703443569673,1.6388136753393,5.50092114929813,4.66164061400418,6.23659291620381,5.11644675703716,3.27446656466662,2.66775621891141,1.70325777653011,1.71336788332986,4.09328472208426,6.28797171615886,2.69123289615784,3.02532396552001,5.05730904965278,3.38446984589052,3.95378524996081,0.93297207980095,-0.144949394247784,1.58355567713333,1.21744113833415,2.36667749238755,4.0355628224565,3.20880981735317,4.8847459610323,5.30634148863612,3.82029312736822,3.63338550517481,-0.597985298718923,7.86396084376007,2.59343901162827,2.20790470552029,7.15341412322238,8.08266846059825,2.98661298525519,4.95842225734581,3.78585648745207,-1.32639015685093,-0.939428384719638,3.21363914095074,2.34002295538074,2.60668443917466,0.818441203896296,4.11581194843793,6.90355620002096,4.60403846716302,6.02257476380101,0.94971952154455,2.87557845890191,3.15416678978825,3.92423003910297,3.44977727348346,0.342496899235459,2.98920599058029,0.486715962164772,3.0257950741341,0.933549527438123,2.3479135258498,-0.729705298907732,1.76193811601191,6.00327309907151,3.31794935206464,-1.36417293122303,1.05651178319196,1.69324249838206,1.78265915843539,4.98372928827629,1.42131798155404,3.05543886064657,2.25070216802136,-0.55271221293832,1.70648872437117,-0.128910582550417,1.12666813488961,0.789339480316158,6.09170802959253,4.49449007972823,2.46087566491146,1.37927614842784,8.39945715377346,4.53043820585404,2.76342069182516,2.47591286246382,3.43629491995958,2.86917691917055,5.3060241355947,3.03829008164299,-0.248555585704838,3.22623722418363,4.0317355998902,2.1579755678016,2.40071784749902,5.23769156724028,4.66768918885288,1.70187316008279,2.59320651368241,2.47570989809768,2.75841241846733,3.52173776581566,2.26088463746794,0.140158848549783,2.12579352345764,1.0132639335173,1.8051041595909,5.73411242576514,3.20810924140227,4.83301941827225,2.00128311771047,3.42952441870002,2.23213426138868,5.07386670436266,4.79015222157792,2.30724676195177,2.8715341532206,4.13050974175034,2.48755401669319,1.51647903281403,0.392896483166791,3.44243815918026,2.14931782185339,4.60013963221503,4.40493105145281,2.56004882981042,6.23362407652532,2.22504917871379,-1.40065449416435,1.16469264956371,5.76795515545384,4.0674492321696,2.34292788618973,2.34646968985597,4.26680060591707,4.85931085532615,3.45395978952874,3.64275393413553,5.29902743939956,1.95425805364829,2.5635743647162,3.36411759060237,5.20182084228692,2.28786878102877,4.73065568444567,1.9027204475016,-0.0238030411606212,-0.840326852333376,-1.13823339777845,-0.700686363172186,-2.32900928949864,-2.83515205026562,-4.58642771153191,-1.74373152645795,1.62753744894863,-4.39518790864265,-2.31503565904686,0.701524741325267,2.67529335998555,3.55108919795342,-2.25620938186348,0.398269112914348,-0.94064279931235,0.417247351460049,-1.78365523760719,1.10218701934758,-3.00136010976033,-4.8781598065944,-2.07505779116606,1.88138185533509,-3.40863163714601,0.403015202882528,-2.5187191865299,-0.672493380642601,-4.1260237960374,-5.01600182175323,-0.736125624675478,1.40320714499867,-2.07486872600596,-1.43970760826503,-0.873837321011429,-1.14345337519529,1.87524755455445,-1.56685545529821,-4.92775197421227,-1.59720122507732,0.3307613210857,0.863042103917585,-0.455801333488264,1.91353966704708,2.86038103134487,1.09570006680623,-2.94384621901065,-0.972055130200386,0.504627840929585,-3.04108357597553,-2.21484930971166,-2.50708646340334,-2.80484528063143,-4.24740335175136,-3.00834043767131,1.1421165600423,-0.246803722471702,3.02826882410891,-3.48025103168441,-1.73759267028989,1.14652516429333,-3.37432350725884,-0.603037874920886,-0.40775827492257,1.69125778344888,-1.2396220803621,-4.5619206256248,-4.50442376099915,1.83774874616761,-2.67895570832289,-0.115938032121865,0.0144843930895815,3.01683648344303,-1.34730199480669,-0.554942851362527,0.818810561536233,-2.37963842053744,1.94261972108316,-2.48709822007776,0.916654191868266,0.988840543707658,0.622750032380288,-3.7980110454566,-3.35673865673068,-1.38233511815686,-1.07078448270807,-3.17360490677521,0.127926917815021,-1.1290037910355,-0.728310121147272,-0.84209747277505,-1.99330144261295,-0.86983543668521,-5.28262673914528,2.96441857049123,1.15551059951143,-6.0902852215433,-2.61830292891506,-3.56872796017847,-2.36386496871715,0.115518837260246,-1.99386007900625,0.242509411598031,-0.742741954685667,-0.806345359819387,-0.807619980086939,-0.680921460603574,2.10877257544773,-2.55731425307581,-1.93452021084171,-2.70765061165962,-0.735920643901753,-0.526639661222574,-2.91394055207461,-2.15566931782677,-3.22363061443239,2.28752039278876,2.20839561360868,-1.03186711945417,0.820745814240801,-2.09754866217871,-1.89168488023712,1.56315151422928,-0.618962291726947,-1.48215342590726,-1.44089184729098,-2.12857674242763,0.739931174145609,-0.447680865230773,-1.85400076989595,-0.940406183730427,-1.51386655683764,0.139048967967017,-1.39558119832801,-0.0837224829500618,-3.48116713888716,1.00626243219342,-3.3538973620814,-0.912840666002773,0.378458657129525,-2.36205412512623,-2.00605560501085,2.31464594135357,0.119902230982942,-0.320442512694397,-0.196783802168799,-1.06075926359197,1.09366076855036,-0.716171693972662,-4.06706901726924,-0.209582781092828,0.913494736413384,-1.38138135537341,2.46055917728797,-1.87744395552986,-1.32306870868425,-2.06624913095468,-1.43201318097566,0.847998304484465,1.92970209316882,2.70098388229927,-0.788685693130163,-0.935647280844132,-0.435373171974419,-0.0957907166595864,-1.40957382178688,-2.33788270658884,-1.32965321400136,-1.24255124472756,-4.69751368182006,-0.339572771343686,-1.72022192263832,-3.41717227052694,-2.8119783380761,1.90379579103515,-0.100234060921111,-1.91024724966659,-3.57854906578892,1.02579488614771,-2.06712059594935,-1.22610401534939,-0.847149931764445,-1.39000361863618,0.0257409155241932,-5.21238731487602,-3.7699626801304,1.41316609070436,-4.55720728706572,0.00931875283991634,0.879319896168505,-3.03168140828389,-2.22359084731141,-0.607025148007258,-0.283568642954515,-2.11054695441588,1.2160657237796,-2.04809119699779,-0.997298361846851,-2.30681748543831,-1.06203644503977,-1.68068138240138,-2.2804801742882,-0.525788075932017,-2.20340458489289,-0.545774467495683,-0.0678126470429871,-0.00659070329139733,0.766504972049219,-0.904934558047116,-3.07593254998398,-0.187065446126568,-3.35446023845744,-1.33539575678082,-2.333628598289,-0.614511525850938,-4.5004579235985,-2.07759001139755,-4.04134966029688,-1.63330259296436,-0.359171623146816,-1.1099814149192,1.30727921371912,-3.75584764840364,-1.18014814565312,-0.40159841958081,-1.15882735190091,-1.9536170547419,-0.458876482755688,-2.47543952837577,-2.54083704840343,-4.81315943591017,0.0851975040471546,1.17380830379705,0.809528431191638,1.29663804098836,-0.0743735270257843,-1.61156571527512,1.30902959582318,-0.316622774037422,2.39205588311298,-0.337392071909923,-1.03660271904139,-0.116771245019942,-3.45312780425444,-0.480485543862984,-0.402125444469916,-0.0886484763831776,-0.00498526209656736,0.366351147255164,-3.12474446679214,1.89361586970321,-0.654850097486275,-0.985192931510059,0.103946865243362,-0.898198806302945,0.209510621622162,1.31372370677672,-2.6207367227642,-2.67486110258472,-3.53052345084304,-0.66605635868307,-2.92029813868007,0.220042467495319,-2.35769835417665,-1.38107052906838,-0.756027338828538,-0.839358539587575,-3.61044332606269,-1.73473953226128,1.7836205624342,-0.489972985784977,-1.73148752111535,-0.549632734385065,-1.50196571385607,-0.517926285166185,-2.67091537956574,0.718191406189018,0.466629017551454,-4.62351161445355,0.632138229907339,1.81904238061233,-4.71612836725838,1.64880101299535,-1.66169178196863,0.95946646963259,-0.733810377802687,-2.87609610555209,-2.75266783397467,0.47494778494428,2.89983126984858,-1.80803832395375,-1.73649782746354,-0.143361461382605,-3.12386848883373,-1.80999139336768,0.166533588412462,-3.16650915417003,-0.791260838178225,1.9657084396761,0.265765998873617,-2.89295475424517,1.03205666072586,-1.26703284303314,-1.93460873790608,-2.89508837979622,-2.23849129588687,-2.84687594037439,-2.93653614683168,-0.879300440371652,-0.485070729694662,-2.29549308328208,-6.81346512631922,0.651151858429642,-3.87027261266132,-2.91458037149388,-1.50471589696609,-2.74419793113521,-2.0513475402879,-1.96813597563672,-1.80329734267787,0.0132138078126494,-2.60209729757391,0.133404904089901,1.38022347400917,-0.691329396869717,2.19750309812105,-0.760926350552792,0.49070134601898,-2.08811368972196,-3.64404473542958,-2.23187864626162,-7.18287941387007,-0.657841596704284,-0.588437238830406,-2.39566119199643,0.832585845558639,2.10669026712092,-5.17462252274869,1.08564920085475,-2.44441624817498,0.600042947381726,-0.311713917847394,-0.494012091079783,-0.0457913376142101,-0.901773727371771,0.32624069527996,-0.597682217280712,-2.90335756995768,-0.519756673322488,-2.14505829291843,1.31742163650539,-1.77066368260568,-0.906655309854867,1.18963103539719,-4.08609258064078,0.0353416552935344,-5.35335287555303,-1.08586359160078,-0.0774239755794811,-2.61992493200294,-1.25414604378632,0.194663267601656,-2.49894801906655,-0.393070977739481,2.5784778924213,1.75386906904012,-2.89843921518621,-0.87780104879978,0.200048751756189,3.20511791855488,-2.60972091544432,1.04732989059282,-0.259931638234622,4.26389561901005,-3.45111679439944,-0.0731827772095469,1.01213475596284,-0.739699727057307,0.594050618307367,-2.96993239526781,-0.0642249313658386,-0.368393872141866,0.0630401175814868,1.35979508663116,-1.40773301292533,2.37366500147191,-1.39698262055126,-2.63608454943849,-1.8349940989209,-1.12399232673855,-1.4638641117,-3.72075291153559,-0.666126175797017,-2.49374071990983,1.78436383220108,0.0212791290868279,-2.93799499056712,-1.52035332460293,3.35633207566139,-2.06086333379064,1.07039506198751,4.25006147812263,-0.676496133331548,1.03605918271888,1.66073913045304,-1.05828048445164,0.767313514880119,-3.6633189331925,0.692506697840839,-2.65074176832909,-2.36039419130872,-1.11710261555905,0.481419145438609,-2.13160782781476,-2.76567319590184,-2.44350534501442,-1.33393144942952,-3.29533192790825,-0.102826134968327,-3.2005685706328,0.638552289411459,0.935560805161216,1.91760501494891,-0.964482406197202,-0.250195056115065,1.4319699846992,0.922789688579076,-1.26933529827766,-1.04019227321595,3.16251848211813,3.09608454298087,1.21347085019534,1.24210352205555,0.253679175489043,-0.00863623097749011,-4.13301271917935,-3.89899008234277,-0.597772533478587,-1.42945452742604,0.233095252787346,-2.29124749948785,-3.53720658625318,-0.673165365560564,1.35883381625008,-2.42113159903022,-2.45876154340228
"80",1.78366926427149,3.0879415917662,0.671092407749629,2.54573998165194,2.27980852780272,5.9893455492441,1.49776163569043,1.43786933937014,3.01078148576962,1.98706574172655,5.09849165728802,3.38119049425618,2.71483047824464,3.59512294985971,6.26699259449338,1.51070947035205,5.61744782065061,4.62331579765791,3.93303558085064,2.46444395852425,2.29028865081965,-0.0243938200008191,0.751073653031066,1.7652839845152,3.09821537579464,8.55057456469008,4.42176039385329,2.12096393549705,6.17848094213914,0.00991729435801059,3.88564679070808,3.3002012937058,4.35407634357723,-1.18787331124328,5.12081458191619,4.46920317445118,1.23364198277211,3.77933702517489,2.36006590431725,5.10341998871688,3.24860745078192,0.920304926472741,5.14546083834614,5.03725919198495,1.23974660821716,3.04586717720757,3.35315248639789,4.28872549067114,0.693642254586964,4.77509182692558,3.84462527779199,1.45228490288149,2.68366049017512,3.843282529964,2.19701830169578,4.25650438192375,5.26225942254777,1.71663395385367,2.69679675866082,2.65663629801336,3.29544542159015,3.22048503004465,-0.261197175305521,2.25857190995646,3.02961908493078,2.82318060333417,2.89178195475055,1.67266314653873,3.99227295999145,6.29695740406318,-0.283645615322087,7.52102504292057,2.00919170268468,2.39625189592653,3.33566283969537,4.59774686762462,5.62192512406271,5.12507148621495,2.60658607206905,4.00232523164632,3.20023601697399,-1.57971496173812,4.16832050427846,4.42369626190645,5.01283412632651,4.74840037536856,3.90835469179156,6.74564227370844,0.788218207795762,1.09063202322895,2.09128667836152,3.02505551135561,1.6967711608728,2.15893424536278,4.9401281552595,1.0124069838921,5.38807077771875,0.919982012559848,5.26816922813344,6.1951511569392,2.99688174817204,2.2024784676887,5.11909353835087,3.70193444770102,4.13126888908778,5.37401241283618,1.65035454975971,1.1126354323455,3.59783970850925,2.96209330868449,3.58344633616776,3.66506099474693,2.77075350633294,2.68942196001817,-0.136973260868771,2.76184918131989,5.99369538322783,3.34155981026882,0.827964816136277,2.4770381592498,0.764229538993358,1.88716946779804,3.15542747289891,4.11359488325286,3.45780256639106,0.432405213076548,1.55310253455441,1.64894342947325,3.89009688949283,5.61096653883174,3.92610311518052,4.27160641677146,-0.379992906520529,4.10192793158134,3.87292644797702,1.67730942088604,6.05477754865941,2.34617645242878,6.37228138850623,7.36409040512744,4.17623550182472,2.24144899153307,4.41832548675757,4.7253651861693,4.96371646738907,1.80073212246989,1.62032334904586,3.23287929551449,5.28369183285123,8.84779599656878,1.46155179098851,4.49581931056529,0.970624172112847,5.39795096306194,3.17993719862503,1.79848781395195,2.11132446274762,3.00029578167055,1.29527440426748,4.04998560597609,0.168334830972698,3.09882285859155,4.02123723383139,-0.183184421056619,4.54151461577327,0.693801166581218,-0.142932172000518,5.25598985991855,0.141050076318708,3.46248776327667,0.973279879212496,3.36729336227942,2.07103045055006,3.91949792750656,3.55289999912021,1.08084179732373,2.6486719063266,0.909921316243806,1.85397958642533,0.37043075291481,1.94798696971048,2.75210998452493,2.99971224037831,-0.406575098617768,4.68999500411244,1.29160888987315,5.18667226762069,-0.186099643727558,7.82624000440009,4.93231195565802,4.25697783674485,1.45939011853937,2.16526285306534,0.751426239873923,3.60513917209949,1.26680228434179,1.15741995187392,3.43124038314609,-0.72182550146413,-1.7587308657998,2.96646963761101,6.07098807685369,0.0935244596884113,2.0677182328958,3.52816433542785,1.94458501375358,4.44601326649343,3.55929419308485,2.86431999269711,2.32345130133417,3.0148547509796,3.22428628587956,4.60528196277688,2.93303699838912,5.04616501062841,3.68092574794454,1.41210587171236,6.48003428306959,4.54279621251991,3.70078530116091,3.53044882482215,6.34859799192291,3.32531349660696,2.60404757675954,3.8891960266268,0.961747887203101,5.91710346190935,2.22464778970139,3.47964859050474,-0.0104141542541232,2.07009349004619,0.0272175444158069,2.45101847204558,4.52285266081355,1.37580023695085,1.88689908347618,4.27797499542601,5.8256642050078,0.731593738735504,1.87905159074347,2.62332853461837,2.71144912853723,2.64651697578968,3.07472819843262,2.18631180441885,4.18022764617075,-0.441284170524778,6.65824402582762,1.70234693856561,3.24443144217753,4.95170319322106,5.06772527242056,1.45821656069735,0.371960033555479,5.51644220310392,0.488032791317893,1.12705112823782,3.01005459656856,1.81232473686294,3.15351895769833,2.17833523685678,4.93477018186158,5.43540836554583,0.653455296398564,0.444391702070434,0.419274585263274,4.10121650316629,5.94285727732006,1.03107260324211,3.83679715607256,2.55761021778738,6.00596966573201,8.12625086529464,5.84770914152296,5.11022196160627,1.12628718413909,3.16919629043538,2.60991724131566,0.545701408097683,3.94082383344846,1.86729066185169,0.799066771888729,4.69847871133562,1.70697543983804,5.36691107812422,0.230757066644658,4.86124253057033,4.37841946477371,3.34386362025858,1.23019507230189,2.8992328847918,0.643839470243791,1.89375628253311,4.29607769025038,0.561408889359345,1.09788086576244,2.71244908446257,1.40590690659397,4.64278830490881,3.52598961092734,1.399939575725,1.16385155712107,1.045609112348,4.37914692547621,3.25353483287343,5.84135090815221,1.79339933394397,3.02628855427764,1.73374553057632,4.17710248283342,3.28014566348793,2.78400588887494,-0.0882241669663322,-0.393853633785633,4.41897186675643,3.91750693384426,6.45925031719634,4.84644645220337,2.05158858422844,3.89419578868336,4.08800126797984,0.439797388524512,1.33606858370368,1.06725324541083,4.28904330309036,2.57596209678101,1.11940102881054,4.00862441682831,1.58331449240589,2.92954656019608,-0.161688632788032,5.83954165136836,-1.43674121216851,0.329016753435496,3.66897012239222,2.2761294390128,2.20564509071605,-0.212800308979042,2.1854208505767,3.50454341652911,3.2704775734961,4.43499107457774,4.56606525292491,0.255752173718723,1.6700586123155,0.9579683273609,2.71324577712469,4.0165280787131,0.463229816177972,3.85012307014919,2.48527104414888,4.6173630652238,2.00134453977605,4.45131225873822,-1.01804136040802,-1.00418932464543,4.37474358328804,4.6624172991996,-0.728047834718217,3.69731110007828,-2.32870945533523,3.2966093153799,1.44442613161233,1.40088830333785,0.268007293958254,-4.75688628249815,-1.85502047956944,2.06939174988231,-1.10251361073024,0.177864940908426,-1.64491594866299,-1.59160220840084,-0.861284198976771,-5.29365547902141,2.20871274302506,-2.13609090260214,-2.04316325970601,-0.450416684074896,-2.64825584325243,2.72576226535704,-3.20471346976585,0.115216457216447,-0.99077755075896,-2.9245838786035,-1.35921895342564,0.266315196346326,0.196335120528352,-0.427613175705932,1.2532333138513,-4.64712130186036,1.29711205521315,-2.77931537901905,-0.804276816856307,-0.277698624276749,-1.06391767758467,3.24163415808533,0.0273426813921738,-1.02991109583562,0.0285322759337769,0.00384383494932217,-0.921237054617686,-1.57271105224741,-0.678959585805418,0.981499676861789,-0.684401755182056,-2.63947076277679,-1.84162381552722,0.469873981788407,-1.5590059459898,-0.536139851346123,-2.33651173830674,1.70122424644253,-2.86393126059633,-1.32164459848642,0.831054169490189,-2.39616375597003,-1.24716634013027,-1.81434219630138,-2.50219756516521,-2.80602035423997,0.558138321023726,-1.85891647858405,-3.30472873984781,-0.129799928326402,4.1692960150225,1.51701257476334,-1.57974120462874,-0.571375664962691,0.00930322290445473,-0.0342819475625652,1.06025663158521,-1.25314164577355,-1.00154814410053,-5.02845393163198,0.510995052505093,4.36005297000396,-0.702934830889625,-0.613230006114074,0.500287483214105,0.655310839603594,-1.48718476184576,1.46967126172162,1.47836961547531,-2.20921230052271,-2.20297850373727,-0.110597037260604,-1.90214837190671,-0.238839528517178,1.1293244255516,-1.07228615723879,-2.70704221744775,-1.22980182269042,-3.36933577555174,-2.26152994854745,-0.486843147320394,-0.992609339648416,0.008971839301118,-0.111257822869032,5.31948704698362,3.96173226493855,-1.71641901754058,-0.981956889134535,-1.07153155197911,-1.34022317648725,0.203153424143448,-1.52399116509786,-1.90661090200769,-1.69991330112416,-1.17060179337687,0.473774875345454,-0.848549056851368,-2.25058053725381,1.26951085753894,-1.48703379096212,-1.39250644916289,0.0258162972143532,3.29911395232816,-1.62916877352661,-1.65792716555488,0.973528314744211,0.707731563822776,0.0354196999805065,-3.50047797688632,1.3578661370202,-4.76874865882745,0.989112925729247,-1.55480020057426,0.422747748925574,0.0623981082563512,-1.71766171918689,-0.519278107543064,-0.41104478897961,-0.412865538106415,-1.68678746413474,-6.25553949618868,-1.28082391460026,-3.93190123464551,2.29778443183967,-1.24486421585616,1.37090574968202,-0.726133289252001,-2.30424721088153,0.663153552476826,0.626689179056518,-4.43333970156132,-1.088027550698,1.53885762156876,0.227027580535393,-2.89435882263521,-0.816948718900188,-0.524648561974234,-4.66826108352876,1.19272733539271,-1.03700811096786,0.350583080077499,-3.2667383490742,-1.1841505094542,-2.13669832440359,-0.922752460297828,0.364178040452011,-3.64696630137326,-2.81898163417636,-1.74483540676583,-2.63029632474783,-1.51891842296958,-4.63191008644418,1.70392891407032,-0.583922955417544,1.28686282352312,-0.0010204442402395,-3.22438534968655,-1.10790513380368,0.601574253143863,-2.88735909858432,-2.34464047945299,-1.29889128611317,1.88320632941612,0.380604631102719,-2.35452446799887,-0.445636462487911,-1.27162131665066,-2.32497536881335,-1.09429984443615,-0.162876300427078,-1.32661278804306,-3.22861885234359,1.86625698707211,0.244455564647782,0.0578494414906867,-1.99993132002958,-0.548758346462578,-0.162110526218011,1.85039749666516,-1.90019415130158,2.40581154248338,1.8073059616154,-0.0169924821567577,-2.36325070886728,-4.66587929492294,-0.307278059720976,1.05638652555058,-1.98019617160236,-3.01998983470928,-2.8263125960415,-0.668667882167466,-0.42239610425095,-1.65653120270081,-0.0030679873564341,-0.00669776694296931,2.25294938334983,-2.72067777949479,-0.0979236579691783,-2.85676556354437,2.3543161073921,2.34871848389009,-0.785034826377178,-0.995497946466959,-1.31120557990357,1.56607266099169,0.449986068023372,-0.510554977094263,-3.30526491256122,3.63528285667846,-2.21142643324588,0.335300746477116,-2.63670556270064,-0.898937576058929,0.425073702561537,0.830359527467774,0.128867736102712,-0.731596132233195,-1.33288235819117,-1.58087685151533,1.1977913308551,-1.40271341987739,-3.64938292504121,-0.421753839118375,-2.89490320425276,-1.21666960692478,-1.53275794972383,-1.75091237518925,0.318118261059412,-3.87169315595793,-4.41909109369986,-5.71616648713301,3.03212341389771,1.05100336604715,-3.24037563451191,-2.36900916001144,-1.11843483674086,-1.397110715392,-2.71537764917312,0.654814180540324,-4.44548709361835,-0.24533183897187,-1.80048205476034,0.160343422613679,2.48082738140838,-0.51957585246516,-0.458317080231761,-2.51617833731839,-1.09735633358948,-1.31276585646529,-0.33540065940876,-0.292316921645216,-4.69034299101087,0.226988503845556,-2.5983467320129,-4.80066761194498,-3.62708917304949,0.403290953547571,1.59203288713167,0.899236824275228,-2.43049093890771,-2.98723294692665,0.204437300516242,-1.59621664861441,-0.0677345010185508,-0.385081668523153,1.1173764940113,-1.39604839549788,-3.75913048754647,-1.87445498860934,-3.62113454523285,-2.30232465212049,-0.507992910430588,-0.716357781254469,-4.17839295770313,1.3349401828626,-2.02964676066487,0.485448850250219,-2.78893561583647,5.35120668584773,-4.22696746449525,-0.494484378075883,1.82870829207548,-0.661904650189734,0.556147384355443,1.4898837858395,-0.491164941038646,-1.08206542319097,-0.935538035158999,-0.447039473554519,-0.589830873439843,2.69478578482658,-1.33327647625479,-2.50041378197329,-2.59150977845292,-2.58734000871437,0.164322650760282,0.0139131223910947,-3.97831259227255,-1.31388002489554,0.38301634329696,0.0367789800783693,3.05954482882988,1.18068975854936,-0.194771302852479,-0.128249483256958,-0.186116935531715,-1.00623792554608,-2.0556484853915,-4.89424493961659,3.70453360235243,2.48399249422075,2.76053718869138,-2.30780835193518,1.49649827929095,3.11532660645473,-0.71694228164032,-4.01982564948156,-0.100252821173407,0.419297133044203,-0.225908500234738,-1.96748477679341,-0.657533410239703,-1.87390862533219,-0.311345019303491,-0.870201598072943,0.945241240071335,-0.19469919493723,-3.58979842027483,-0.834661880676549,-3.93650086272869,-6.58280869075033,-2.29826939295511,-1.55687826425205,-0.646484003271435,-1.67498963499474,-0.399050595744299,-0.89694564958748,0.121690704606411,1.05347882662628,-2.28709837422385,-0.316670704098061,-2.99640859314813,0.484365844157606,-3.18819368887471,3.32846133992841,-1.04755739836218
"81",2.9986500465631,5.86807767625618,2.07163186910265,5.69878627760651,5.61903900617608,3.73011575911952,2.71268517199213,4.65807166895749,0.672224984507906,5.45851795563116,5.2445366942513,1.07470258522087,5.70294290646586,3.83184122086012,2.99436403565707,0.000808258574633847,0.610257850415598,-0.0391396452507444,3.14359383311761,2.45670658630845,3.8363183000578,-1.83789889435923,3.70646171156924,1.69742842890172,3.34979959278821,2.45908115184091,4.88446723476495,3.72978570336061,2.00569169810298,4.85667730116035,3.72804792919877,6.16355584310533,2.65524757328197,4.41129612060949,0.2705473698381,5.04947967005147,0.178152850249246,2.44197054799837,2.67983440449635,4.66144191172842,0.896314685814697,0.55142544346518,4.70736103926786,2.95558678596249,6.35942219453735,7.82440713964644,2.14615835977918,5.43147025119441,1.12453548142089,0.595942313030015,4.39333205690251,0.490781711132771,4.49678260179046,1.31092664827295,4.96494613437028,5.40464323674292,-0.379803200175941,-0.314900970032901,1.52019065423016,4.53339735819245,-0.134749328369474,1.37916949864359,3.65019533209525,-1.62259107699946,1.31068151574845,4.00162254504534,2.1037023517124,2.93536927796466,3.00702512646928,0.972634887028877,1.28140384008834,1.44053509507508,2.71345883276377,4.72219580722339,5.22732592829204,1.23888175012766,1.36405532504489,3.74458525501047,4.17182241133011,2.65161364137829,3.99428385911921,0.934405783679522,2.35511961218526,8.68386560190123,3.468191991607,4.73247126639401,1.61662421340754,1.94752763556494,3.03168412063203,4.35332215487169,3.33131178946792,0.746061745941411,1.24941950844462,5.77960010817821,4.68850089877496,0.127592556063847,-0.267278475138546,-1.45269169807115,0.351411426204931,6.99146187309259,5.35133153463262,4.05762459122707,4.9982035721689,2.53408095039399,4.14763633427144,4.49113734756517,1.87182866558203,-0.449882681507054,3.1479980769735,1.67619583117904,8.69143461349537,2.92793201004511,4.28340359254174,2.23271635684113,3.89920642375509,1.32496018169027,0.747894272223514,6.20774640488532,1.47393263378932,2.07743515412952,5.24516878411648,3.32321991300229,2.50668857472824,0.21078189229642,0.0298157331983147,7.53459560633797,5.01549360160274,5.43166753800449,2.78599419644224,0.483980797579869,0.908789049965311,2.09460572388631,0.841356148948008,2.62036585448814,4.58442720778434,0.73421926564543,1.36801241295674,0.60473597730609,0.0649395876480923,4.39034646278141,1.88956306604611,1.00298202596231,2.59637717160165,4.28565216377635,5.82085558259523,4.9200589603812,3.96787311066528,6.37579849399232,4.82137510821496,1.05911509466288,4.96102798118085,0.322348978203407,-0.815974910157838,1.56647963111791,-0.987627016252393,-3.46597776297378,0.856416299467141,-2.79662075495225,-2.27520325242306,-3.6623385762901,-2.95800548347947,-0.664339519162246,2.13023203300042,1.26708808402856,-0.307241345630213,-2.7390539306119,-1.00421043217338,0.931357821509465,-4.24033809140119,1.1450345988994,-3.5684109066442,1.5748769217724,5.08359768744974,-0.641119712437858,0.576021183902091,1.28323762615552,-1.19177074576917,-3.98639589016942,-0.249204930910408,-1.4137616357518,2.38314459320047,-1.42692348527555,0.0458967410952327,3.27958164077048,1.86872186715866,-0.643678511556721,-0.0687435109922816,-4.81599916325495,-1.6754020504125,1.11444702938131,4.38655919880299,-3.79500745705242,-0.234944942851465,-0.266926415312754,-0.505221375524225,-2.99436535017557,-2.68279296777604,-3.05620515201514,-5.62328397240396,-1.84912722275961,-3.02999801846143,-0.625486556887793,-2.73837872825744,2.07846954690679,-1.51224865689194,2.22626681733779,0.106116644234038,-2.8544487494813,1.20371249044936,-2.76867974136108,1.66431518692294,-1.19716069683123,-4.69189075427066,4.24975303316222,-3.21170078354904,-3.3879088269395,-2.11174034604591,-1.97825622976757,-0.28787898975046,1.33109939067844,-0.903335116137745,-1.01363599495262,-3.84785573133661,1.21579693832057,-1.2309805312775,1.21929053097644,2.56446667705946,-1.58118120740178,-4.10257954451683,1.23046207100891,0.657637796955461,2.4468002945419,-4.19635640977327,-0.25818036595002,0.379570532282272,-2.45917951078549,-2.11633299906251,-5.30347889938208,-3.19940769193147,-0.61495668706672,-0.95636517771648,-2.80645229304734,-2.51282196849584,1.96783172100263,-1.07248531450271,-2.81633678250714,-3.21578151107214,2.63847485864189,-1.07951331813757,-2.94891925648102,-0.842533411853344,-1.44155359833902,1.08946064283484,-2.55041718984042,-2.86168148443872,-0.671712313413749,2.41337602413664,2.50271017167116,-3.68183302662198,1.01249008624835,0.246473235094236,-0.128591706222318,-2.38563192222532,-1.49360263147716,-0.0372696551492803,-1.76879875738535,1.50821918731296,-2.48622840294776,-1.07653828068018,-2.99817379077318,0.164287707137765,-0.671225844237614,1.9229482457407,-0.286436606476224,-4.99052726950735,-1.49352201559344,6.54808690166101,-1.96044553096746,-3.07496992827659,-2.85390942100001,-0.302986286028905,-1.47218575836662,-1.58107237120931,-2.40353179667868,-0.619359935166332,-5.4315935068765,1.27785469851425,-0.962256716030919,-2.22217515679523,0.152558833749542,0.211048098129377,-0.970426830771037,3.04242304861716,0.500597307369077,-1.20226574911848,2.36080759899739,0.7282191400009,-0.637806162639406,-1.72105469165991,-2.62806485707627,-1.12872258381209,-1.38318997283935,-2.01011450038258,-0.674666046988776,-1.08587966207419,-1.85207942732644,0.0262861888168295,-0.557423399438512,-0.246297644103887,-0.0886128351212951,-4.35331036642199,0.0252408726849984,0.835520088029641,-2.43074786321812,-2.37021108970126,-0.922362857320246,-1.07214373624581,-0.0578449462791732,-2.22610898103347,-0.176884944477535,-1.70431611835162,-4.8131764682143,-1.30290544025856,-1.24084193358654,-0.0676027216202166,-0.753558218700575,-0.264632721651458,-1.93242629911221,-2.17645525845547,-3.50158938292567,-1.65498713708297,-2.22596223083742,1.65672945680743,-2.20877715542633,-0.658688500737282,-4.30664424217841,0.0585481487304733,-0.847671534091098,-3.12629894794931,-2.0240201287189,-3.04055943172586,0.88842776468429,0.0559713362732182,-1.36343376540591,-1.04987137916036,1.83760884761169,-3.89601231273975,0.105600414892554,0.585063889835748,-0.790449277642553,-3.81689229722711,0.590979435365806,-0.6061671007786,-1.04951756562188,-2.02913189114897,0.889413849861938,-2.08252701063936,-0.874710153468942,0.87940038067085,2.63923556699302,3.90139524154081,1.48770730856465,-2.32716665152941,0.720208755505231,1.63012093992088,-1.36501063595131,-1.99833645531843,-2.59581632002742,0.712234572114467,-0.755536442446576,2.491065007237,-2.55102505855589,0.969707674482851,-1.23235410684639,-0.972722665212322,1.55232131106026,-3.14173966682031,-0.0692753266811147,-0.208956910349942,2.13984794647456,-1.44043009628545,-0.49050968544408,-4.83217570884927,0.805736258172922,1.52727498178397,-1.16107455892315,0.600933101996954,-0.549738033251789,-3.19248984609151,-3.41742638554145,-1.57563809159441,0.346399395908333,-2.0782172824668,0.89439039046815,-2.20958652639564,-1.53672511185662,-5.69202561202872,1.31485659082572,1.05972787792659,0.24567077330314,-0.992804532853783,-0.215002936584321,0.158230072265895,-4.27833743265909,0.625168149588896,-0.109599252796725,0.695808427676239,-4.5741652618698,0.667768007223599,-3.09050990950004,-4.18438590004756,0.937328108361187,1.79181542248936,-1.039008314781,-1.84985998220681,-0.479117706204355,-3.37479433545074,-4.70868128483234,-1.27851703928324,-1.17912124237654,-2.92655652450497,-3.24013405029749,-1.15894528184239,-1.36016056521669,-1.95444439736266,1.0229243952681,-2.31996442051186,-1.43723390738061,0.631511741286258,-1.4638721674872,-4.59593851284328,0.621288146483157,-0.541904949899298,-0.132628203411999,-4.39511656729135,1.85311046220913,-2.17192815984362,-3.24430995685211,-0.741178167864225,-0.173300094242315,-2.25974068318683,-2.40049554253861,-2.75564477233475,-0.195021292406645,-3.65172903207456,-0.883674367349652,-2.17908568247317,-4.43711314178283,0.157936468995868,1.13167159091188,-2.01522479062082,-0.449902061523689,1.0191746149549,-1.3386467682601,-2.43911933107609,0.946838476399531,1.19767196924234,-0.197172390974784,-2.04431158305436,1.89414906540341,-4.41611507796561,1.33303103734476,-2.50699042411138,1.57709020797638,2.2127985419158,-3.39025471318909,1.45121814050131,1.14604461246883,0.650477636352951,2.03024677013638,-0.248882909183826,-0.808526083524455,-1.57904994669262,0.526037806477318,0.668671459547906,1.28815130475483,-3.79380952342699,-2.04942043946675,-0.38149959478795,-2.12305066428338,-0.234622513329018,-1.0312558365373,-0.715856282168844,-1.22235938139265,-4.19896781491657,2.52514009523055,-2.06597962057117,-0.0496855667296617,-1.31073653021908,0.14327725976579,0.543650771479799,2.79425487476919,5.11206330468611,2.74651499817787,-2.46183990617679,1.67686433425613,-1.20960945316541,0.930524368287849,0.787068663798007,1.63400883850148,-0.0672464783205076,2.5796529051807,0.244913110804262,-3.82133920265548,-2.32904587339945,-3.73635254104037,-2.39291821042605,2.65234267377666,1.82885609634923,-1.77767983311417,-2.31256800385172,-2.81296520852846,-3.83185123685249,0.93434273508657,-1.68640203900362,-2.9426331594554,-0.789534333507726,0.630012098784965,-0.182460351746857,-1.81300373160573,-1.99276016804086,-2.61340816823998,0.36607697928678,-0.610770949017513,-1.84595196338748,-0.31290336829475,-1.54591792973726,-3.62646114726845,0.00347654625544647,-2.07151144614401,-0.480978132021901,-1.95320143375486,-0.440416925322545,0.642691631095259,-0.43901177201566,-4.65330994779272,-3.02020848288878,-2.97934520871555,-0.477276464768408,-2.30861469997135,1.65113218979084,-1.65913479630527,-1.15689798778513,-1.10455247595573,-3.94728610419181,-2.66793740472192,-0.322820133843702,-1.98836330686947,-0.827274271093366,0.741961759508437,-0.299356027923598,4.72385900930282,-4.02681935060519,0.606141846162302,1.13749130124377,3.08063647776757,-0.41287058899086,1.97783589037908,-1.7785406548517,0.0849527570943431,-1.19299183534596,3.82202326187471,2.27430348800664,0.0449385720955633,-2.34770349738536,2.21439912292279,-1.99784540841308,-2.02426683705139,-2.02109696619561,-1.37854758472094,-1.21388317290625,-0.771313844033387,-0.443835232020807,0.306047620915775,-0.105049934546905,-3.85193691938144,-1.19767262014432,-0.68032308300893,-2.43485057732806,-0.0851314330399577,0.647889638548479,-1.6075947881256,-6.4565293175653,-5.81237999568734,-2.89538858988624,-0.738392209042916,-0.934078948475591,-2.87938475938509,1.64061664525983,3.61881069078658,-1.89258386745208,2.09340928680776,-0.880290853217925,0.47586506228395,-4.8641377634077,-2.06168143298503,-2.87494316548496,0.549932888942611,-0.795644653574581,-2.03289966654178,-1.83096145352298,0.916552888914439,-1.39675794915004,-1.31258982305171,1.52654475403256,-0.00838707493823709,-1.77566850241262,0.219980430934604,-1.2288858778688,-2.12159350315085,-0.01508182452284,0.755072616629322,-2.82033516153033,1.23235787037784,0.330108468927716,0.623431513810176,-2.4652416399858,1.0630338944522,-1.79663030476166,-1.33172590748958,-0.307421363948796,-1.76338823592191,-3.63250241623299,-2.50242450361937,-2.33900212829978,-3.78062860157059,-0.924268834975564,-2.14407840686456,1.76921370050692,-1.94404530330093,-4.52404278537876,0.0783434590677503,-3.3643619649611,1.98183020026754,-0.873270524716627,-2.68968116219494,-2.01622476068162,-2.59896946661728,-2.03956063171189,-2.18743963052133,-2.09791364508892,-0.187054262200112,-1.64370126692099,-2.13722566239295,-2.66531310436507,-0.0863437140077498,-0.734440283588568,0.271391396701038,-0.967177058030738,-1.5396590988594,1.93478546624263,-1.05444391241879,-2.35929791109598,-4.03026571732664,-1.91811282324965,-2.4785794662407,-5.51522980682713,0.311869604803124,-0.788444186816723,-3.24088815076718,0.483251026361222,-2.38512352096199,-3.19338690323111,1.15071209835827,0.282033525980901,-1.08988685115699,0.9219307050473,-1.2235008837913,-0.263317423612479,-4.02570470587108,-1.21051280378873,0.00783727305896154,1.74432546760446,-2.31640731532643,1.92968129497981,3.98797476139568,-0.59386766210379,-2.83536783297696,-0.961992944623225,0.0722877503769717,2.05320453695169,-3.78668320518954,-3.0100384284343,-5.27863027176549,-2.43308783503979,0.658894719106128,-4.66185677425378,-3.17770042687502,-2.8043514285877,-1.6668293859335,-0.891349994377279,-1.1630294618382,-2.95897836652332,-1.21440807769459,-3.13069468990238,2.01685345434842,-2.15498173977589,-5.48346795783882,1.5022060560076,-0.362643949591757,-0.152890135963538,-3.46213455721017,-2.29684827430068,-6.42194944896408,-1.6138296895148,-1.40237078629012,2.11698627868371,-2.75570879236693,1.0906961576495,-4.80405138234189,-4.40548181268234,-2.02166641511,-0.914246515326008,0.630353397873262,1.24918304819682,-4.58331621169919,-0.738418918951389,0.172411737981021,-2.79370676738778,-2.49105792197381
"82",-1.37863164332583,-1.84380480483604,-0.565377991003185,-1.8254558924025,0.423441153186368,-1.1874879951292,-0.388198400015451,-3.21052626232786,-0.715112238192188,-2.77567545382327,0.895710432440181,1.9845732673134,-0.29001150386345,-3.58683601066236,-2.27288798534401,0.465914642069293,-0.146177053329174,-2.37008859609998,1.66913674884625,3.55857946600519,-3.56446884647566,1.6343365317856,-0.117832052182863,0.507687561120544,0.000761378701395365,0.334685082811502,1.34161858974921,-4.57740629835941,-2.50069600542169,-0.662699561341474,-2.47995582016698,-0.350143908963192,1.30820863837986,-1.44423914008,-2.30010596811102,-2.61148145054558,0.314129400604011,-3.7321054066672,-2.57588987055609,1.64795580902319,-0.208264075623793,1.39205524784632,-2.94175859055465,0.420085627204035,-2.5575920086875,1.41610783728675,-1.7181284166517,-2.75568136153159,-0.889797308515201,1.1882676347896,2.2638123886305,-1.39554596973785,-4.26800078994739,-0.661243097010008,-2.81084485036142,-0.561852473499921,-1.37338353693542,-1.42696067387823,-2.12049237753897,-1.11182997906572,-1.51223018694194,-0.211921601788225,1.53610696395033,-2.23971202942606,-1.12294738428064,-2.40519659781467,-1.28366920464141,0.133615939391245,-1.89761056639337,-3.39268016091313,-1.06730282536917,-0.794331050801406,-1.04628334412276,-2.56944162500113,-3.33622350789741,-1.44581194241769,2.95088246146073,-2.36002398485193,-1.22749446034484,-1.6853525832941,-0.804277932582811,-2.32207846557313,-2.30218284338179,1.37024563090407,-0.0897024970637554,-2.95658109084391,-3.26359295695023,-0.0952878373711321,-1.08292070490751,1.19511559013944,-0.760394928624661,2.07532424427635,1.93726146936413,0.602065408475735,2.30865261536335,2.25842847004831,-3.29006713503218,3.90636728404888,-0.596615805277061,-0.257098217398855,-5.37960222211573,1.47412280796058,1.1316056522664,-1.72355609590529,-3.78835613330667,-2.41835297473225,-0.174947748692762,-0.321651969771138,-3.27238758667035,-0.984714924483164,1.46306702086431,4.04781847140281,0.274728365214578,1.67827805338403,-2.03345531079909,-3.49903371288138,-3.56570589092549,0.0605478810917544,0.999192234176574,-4.34359490271012,-2.28038351054022,-2.8408957255338,3.23659107404007,-2.37005827484048,-3.81252372616158,-1.14536399685344,2.67390376353627,-4.1750296535647,-3.18115661920463,0.234345512853402,-2.48293219505404,-2.53388890575339,1.70871381069589,-2.17410064091136,0.49415218376166,-3.8612022526625,-2.67763791250896,0.0714024873108028,0.49203441848257,0.122271254646382,0.174274156300051,-3.65969168929105,2.97390926043045,-1.57655460492243,2.25101761353799,-0.250635933242432,-1.86191663816379,2.83910674894255,-5.09499020005428,-1.25525224490281,-1.62054759315788,1.36611268254458,-3.98356800366923,-0.744053723585364,0.0531555786846896,-6.07310090060391,-0.132236550259915,-0.596785701350321,-1.40589970534631,-2.02058076057408,-4.13262440920068,-0.135792588190162,-0.634596058249753,0.49107879958799,0.775317644804977,-3.40396671269643,-0.801580974762758,-1.21967921029565,-0.482578850034739,-1.41071966539425,-1.68362731675477,0.840345782396729,-1.67117086050042,-1.80760142102759,-0.744453074988129,0.0849196954572631,-4.28917685607252,1.23737934872024,-0.65456260288835,-0.87687259525623,0.503779871293928,-0.52801858297271,-1.88796613517588,-3.25848156193202,0.216342123381118,2.25909902454596,-0.666575311461785,-0.856653807791906,1.77329581072775,-2.57448850576702,-1.63598132190774,-1.10812840344548,0.556555400448955,-0.491397230055948,-6.14512052619228,-2.91316221866729,-1.02661907247571,2.1481963405051,-0.395098117306336,-1.53966263035307,1.03685999127427,-3.01766624989985,-1.55849429093938,0.00321490073112041,-2.27897064312604,-3.58570064374349,-3.79726022469919,0.713530389895028,0.248805607744429,-0.27871406339948,1.13975388938926,0.685287074036656,-2.51090013265717,-1.12886326445079,-0.890507181931636,0.398608555032915,-1.20587147497319,-4.29250602853871,-2.4029973671633,-0.221668994407618,0.414212018423118,-2.15405469291468,-2.99093331408339,2.62903949530923,-3.1925399522981,-1.20166342164245,-0.506280699288064,-3.42356500878939,-2.31124717638196,0.28810473965993,-1.92757950173119,3.35180555489155,2.09094379595231,-0.804672806964956,0.4765663911131,-1.378332282573,0.468778471726345,-5.41053863124476,1.20300383023552,-0.0878208334240935,0.95414075409176,-1.50237198786687,-2.11503165030755,-1.98468809754448,0.206272402907413,-2.26339856109545,-1.65713420882276,-1.27575381822541,0.0418332825766767,-1.17754622960627,-2.44750541763045,0.507847278734016,-3.33542016141213,0.0415940557371643,-2.47582346910938,-1.35371683182214,-1.5515956662855,1.56831059975942,-3.78200106975023,-2.19350643931312,-0.0968134619308512,-0.80262875177371,-5.01052630368137,-0.920988060106865,1.74795771593686,-0.312499789143072,-6.70158204525339,3.07027950382933,3.62013129785469,-0.390151807354618,-2.57597547573634,1.97776821263237,-0.423488849745469,-0.366059903500931,0.37336355736936,-2.24291356556236,-1.60877865796964,-1.70883349741645,-2.55408573210782,-1.26152829388363,-0.597370416076244,1.23719630348682,-0.457277532054032,-2.19717552054564,0.208045475491989,-2.90038858375398,-1.37466903049677,-3.42022856788119,-2.78724900587451,-0.152811574774807,0.498642895599864,-1.44244614532539,0.463375721723041,0.614811114724821,-0.589478639432667,0.432958734371799,1.82968437338564,-1.69885891969218,-4.09807005578968,-2.01605257511837,-2.67868497297028,0.874277834331969,1.28476096986738,-1.50294741618351,-0.812388099544786,1.95295639807501,-2.13541479425842,-4.35542449357785,-0.0635032655538348,1.29483619530181,4.63590162289868,0.510736361131584,-2.09571470623774,3.21061799958721,-5.25279075399207,-0.530566211090906,-1.31414216915847,1.36678383998376,0.647534377665235,-0.76282863332933,-1.35626117100858,-5.38507124806617,-1.98288902722895,-3.13668244341534,1.02145643015073,1.34320254712223,-2.88330842246297,-4.48952434292459,1.76810087321694,1.90186802127559,-2.50905434098952,-1.77852875962515,-0.433057375345799,-3.8837244204712,1.28743157331535,0.344157499835889,-2.98082492036161,-2.88026208789634,-0.917332834847025,-3.12574743961122,-1.03920411717301,-3.72632787813396,-5.8998113823511,-1.52081633137945,0.650398381456009,2.21579572759605,-1.52339943126506,-2.37971556811266,-0.57321251458701,1.61575544763153,-1.46593850225778,0.734039172141037,-1.30238947706765,-0.352788361924667,-2.64879106001353,0.607296327814781,-4.49558817473859,1.69862783042174,1.545667554908,-2.7248246680033,-0.426396863580677,-0.404801359043961,-2.07052903353481,-4.82896657064023,-1.77755876168223,-4.35160274541708,-4.23735369257987,-1.10581421710307,-2.7551288878144,2.02224339914797,-2.03556812648758,-2.4485886417903,1.47631727080629,2.96979483063019,-3.03288892707537,0.304150727889713,-1.15826142724089,-1.91830689723614,-4.10555645982294,-0.368357175070427,-1.08931994437994,-3.692142226381,0.674604095620047,-4.36759492891432,-1.69760378102293,-0.0522594498623772,-2.58623883885169,2.26963156506212,-0.959091683721251,-1.94117029287185,-2.57045402699123,-3.89114893563419,0.594591138847618,-0.413542458337333,-5.38364345697446,-2.925140080133,-2.80746965831403,-0.516307924258156,-3.31436774861449,-2.91759923656875,0.07344914440921,-2.97689712599631,-1.32860709942184,-1.00720738318464,-4.11639629948677,0.913681522070697,-2.27109540136202,-2.72638609774558,-2.01200149231311,-1.75085657861027,0.187537848129121,0.725715289887694,-2.64130141081694,-2.32049913626228,-2.28992879818883,0.0401145813141348,-1.80432842331714,-0.0675115763785687,-0.195313186150455,-0.368773673054213,-6.67518764106579,-2.66014823961178,-2.58886239682563,-1.76394239812562,-3.1476682442491,0.0516028340904111,-0.500524249903508,-0.433359276144459,0.682445177222677,0.851633029298003,-2.18528678124981,1.89206165063181,2.68567793435069,-1.30923764732383,-0.986542310010887,-1.03244635598286,0.451528204900463,-1.01818996093879,-2.59586465282568,3.55389798091179,-3.90855018791687,-0.130159687391644,0.525916449854221,3.19948925183284,2.34660175096474,1.30055893452619,-2.08984438607789,-1.28987490709243,-4.92135669666091,-5.51327333826043,-1.78080958040952,-1.48370956330564,-0.39074688641044,-1.56319780463756,-2.00155492342823,-0.84089543868902,-1.24219788936371,0.318693272454173,-3.17661869313129,2.53553469254227,-0.734991257595796,-0.0145723905227274,1.38089049364221,-3.60583664718757,0.925693195342062,-1.13852998880094,-3.86878792573392,1.18564265757726,-1.90094623783329,-3.01848741583254,-3.28154242726808,-0.522374935591719,0.547494558406028,2.16160349889932,-1.31984002212739,-0.278839520323395,-2.59233521319954,-4.18306221775744,1.89913677481105,1.34347340584247,-2.00825016198964,-1.79483328734971,0.500075719739847,0.687874603753245,-0.701659041100584,-2.80890787363537,-2.34460003914166,-2.42720926707101,-1.81524462815769,1.3994853774772,-2.73815024219436,-2.22644493537725,1.86164813116256,0.988742717146083,-1.74515147173061,-3.51537414673395,-2.31190593050352,-5.53240494246916,-1.91212847004581,-2.56128355814257,-0.502279640253485,1.11366575311265,-4.159346750156,-0.615022769077483,-4.63562548897062,0.643086609122009,-1.36115955821349,-1.9778109393188,1.35367635363656,1.90030960029074,0.418029767550113,-4.71315178915863,1.93176346329691,-1.43044112154765,-3.40317116482776,3.01045210406823,-1.80001291730948,1.3978523777177,0.75254264487568,0.639638168397601,-1.99303876772784,-3.67397194472931,-2.07426024210659,-3.24735750434231,-3.49623021603061,-2.86188947986269,-2.93204728511408,0.97753555086411,0.771077576942584,-0.721437311597197,-0.92109459491131,-2.4847198790566,2.1740996501555,-0.183058321068813,-1.09528289345736,-3.87300016482128,-1.37677366262474,2.35867057871661,-5.0991228424178,-1.66556210844222,-5.58205383122221,-0.294472163079835,0.0882553525598695,-2.96184465950362,1.36462999159933,3.00456513811395,4.87694977751844,1.36598876997382,-0.65179563238759,-2.66780485887725,1.92336033630225,0.259463743969017,-2.21815817227233,0.528790250115065,-4.31864901099235,0.848672071668317,-1.64184435646925,-0.158416314277681,-0.528161030364108,2.72089936830167,-2.45588154986401,-0.134999593898784,-2.69952699066183,-4.12040388117387,-6.89551030341535,-1.3755703041472,-2.44312386927576,-0.223344993408137,-0.144711654048048,1.39852112860696,5.00906995353212e-05,-3.05756304875636,-0.324672401247535,-2.52496096130167,0.472362356327025,-1.34364795994546,-1.98058395300073,0.739396275196023,-1.60204967609104,-1.27403055375394,0.154054367520916,-1.51534461143937,0.570583367088993,-2.43833800497381,-3.68339556440361,-1.55380901835291,0.227871751726152,2.77427261010605,-3.84510993812002,-2.02256835355618,-0.211113599520054,-1.03907006069418,0.628964596465187,0.772424360501323,-0.849754311473775,-0.35436281009176,-0.705833779869194,-2.40346901464523,1.09068812394248,-2.36351096660952,-0.613719615163828,-4.46764923061478,-0.519269926124794,0.756006624739754,2.43326292006029,-3.53275003352777,-2.69884263385188,0.493565240822858,1.61280308857429,-2.91114621831503,-0.151300744900827,1.63669308980103,-3.26024247082919,1.41192387883483,0.774430312073979,0.267169962777698,-3.69707492081829,-2.4311209276049,-1.43992389689836,-0.602304838720626,-1.50564695645767,-0.545783126746784,-1.41859396792705,-1.80338150858202,-0.200379242514927,-0.902809613232413,-1.31800993303923,-4.90068706919376,-0.741350380592205,1.7849973230621,-4.32292333424777,-2.18798921330888,-4.16603311858242,-2.45807609085808,-1.05070368860138,-0.78625295248689,-0.505185338545355,0.388275126998397,1.41625891678678,-0.0314569851893556,1.61792926441022,0.74650897015283,-1.02491390896908,0.360270682182443,-3.0751918113751,0.510220871378836,-2.4462028661065,1.43502007486016,-1.56579254438273,-4.23392571322224,-4.19082697534031,0.0736931134981456,0.599610158497922,0.0429553654334593,-1.24714355698039,1.61997070344995,1.00923657329723,-2.1549975535903,0.389229240696781,2.14923748119573,1.14451591267144,-0.646594241553352,-0.75404047469414,-1.7108571727734,-0.751352918953839,-0.10870323539932,0.530412872864076,-0.559269292127885,-3.13295340188223,2.89078503282557,-0.167179605048378,-1.16825315118183,1.21525679915539,-2.09165828669181,0.200875871059087,-1.97734896691141,-0.457279346550871,-2.32811019480856,0.822066873303749,1.55706680330711,-2.37692834950362,-0.0574277017358602,-1.56383374327239,-0.932194061179146,-0.107147701092778,-4.88040390293054,-1.34490828489689,-5.38828115956202,-4.6113641080055,-2.57455835524958,-0.231521742736874,-3.55909919488353,1.19979549094002,-3.07513933921939,-2.0256509357912,-1.13702818681744,-4.80780964322252,-1.09917195561859,-1.33698095142138,-3.15520296050318,-0.775922173373334,2.36979587963513,-2.31769021243482,-0.411542060850943,-0.512961185771996,-0.973647480913522,0.456554214233334,0.208341365739832,-2.37629916580083,-0.435322416252286,-1.48260107647357,0.268755214740206,-0.40913581053747,-0.018920324386947,0.461185987871774,0.380717431430794,-1.75517137135636,-0.744225157005221,-1.8653617610687,-0.548428780392496
"83",5.20742518727734,-0.692942474373271,4.62262261838702,1.41971161830235,5.82925008079188,-0.0343961796381391,-2.60806745073105,3.48723036953461,3.80334861478581,6.95159141092901,-1.0845196510138,4.68449116680206,4.32274375732978,7.45172803310915,-0.0889593170519167,2.91844590101039,4.45339918064913,2.28196909724962,2.59937952729918,5.36138793170224,4.82306677139384,2.63840485905925,0.194920004309869,6.39229577147085,4.3756597511632,2.47276531538845,0.703273756973642,0.929469555936298,3.41025654227524,5.08501301978806,6.87539768515101,5.52379427156369,3.0984301883964,7.46446519614304,1.6670958945629,2.25927615748363,4.42377695070864,1.83580214669512,5.04135058976797,3.07774901266627,1.50538812336835,2.49471947762831,3.24292317636309,1.73040403056388,2.51426688219928,2.96976519480952,5.35450535587966,1.61208379399946,1.69922555876925,4.56737329683044,1.77336435195682,0.787244716076897,2.69873195675306,-0.058281478961498,5.53409998880463,6.42484935310922,0.560852498878534,4.52273547643151,4.63627406742807,2.56002882198011,0.235631800275582,5.27113438772578,5.30615300201892,3.41254179165105,3.41066764945262,0.353994824816552,1.62731452052574,2.71405984574925,1.54102850636079,0.410167919784118,2.25267655555614,1.79191446818513,5.83239438682576,2.75918940393069,3.29861487581561,5.81741517124093,3.69511930485064,2.68788514627906,-0.5928955718747,3.19397897714039,4.24398803633039,4.02767875272503,3.55434716254692,2.1417679708177,3.80830803572087,0.894484794505588,2.87521855733624,3.43891326472801,1.35993708182909,4.15693117404462,4.35826343797596,1.30235052376568,3.40176338935854,1.85677172491952,2.53844555166413,0.882811515845152,1.89622684526081,0.458040109422593,0.815398463657487,3.33879838685151,4.72389558404984,4.17925411940545,5.24346236586455,2.24833059119389,1.13373063917887,2.52221433520634,0.343545786484771,5.95648321262968,1.95217267508489,3.47223715335114,5.49073888118648,4.31802895253434,4.36347553677534,4.69343559262053,6.60131961344777,3.8466457633712,4.12974808137924,7.35540050064192,1.41967214257632,2.3317479303331,0.484814215873385,4.05290388357863,2.26970046367822,2.95773736415019,3.39996725948226,-0.0667389083537597,4.90664857347602,5.60577335523258,4.0223674009578,0.531850998934538,1.89028330743606,0.957707808861721,4.00796141287583,-0.317027757360144,0.770559964916283,0.682797734845608,2.50281070809712,3.23596445900772,5.50132892337396,3.70381591510402,4.30026283883255,2.61658943534376,5.31941465977683,4.27007474641151,2.45345480330578,4.84474135881865,0.591922238604963,3.81524498146804,3.62883068341783,5.94105280722388,6.79436892948208,1.94689730014715,2.58091006266292,2.55787936974317,4.28221966041106,3.52721916922297,0.672813307306221,8.10622133588791,-0.481087038099792,-0.282278314502673,3.28475785924428,3.75136853372497,3.00520312824755,3.40446383010127,1.89776765509192,9.35664151462836,6.08167448083159,4.64489133105152,1.85756532877166,5.00473980839452,3.93107538295201,7.79649995695112,-0.0374568608933523,5.54292404662568,4.20681810706369,0.958951568062667,2.88107180587195,1.80653291862503,0.777336584304508,1.35125315738136,3.73650028781383,-1.39368268330508,1.613414686707,3.75524893075622,-1.75952127496512,6.24091753399227,3.5173959838828,1.05316028665922,2.00769460563186,5.01571552007342,4.12484423921496,4.23898262261688,1.44815639534701,4.63904535746729,2.21695568232067,-0.04447592774835,1.8937402592422,6.47358807274373,6.33706126196809,7.09825813936659,3.5390149620809,3.03162788904648,2.64231534270447,8.47155114045074,2.50291844102822,3.08511041462864,5.30633102896178,5.22250458320581,1.40994677444176,1.90022809337929,1.69409984574193,3.72740795831905,5.51968412095062,3.93157645856258,1.80998336268825,5.02463441193485,1.22774203677175,4.41966140431816,-2.30451595859366,0.672242130510617,0.652391023953603,2.61038598841555,2.50402744797465,1.82552301137957,3.25907791071163,5.58823515879962,4.02081801959008,2.90878439360772,5.59113756879885,2.43541068650393,3.92195126752516,4.43441761486577,0.0522990754149597,4.6285906840531,3.59663497465551,1.50728795207233,3.85525636332637,2.30750139605186,2.86670940409371,0.0959245182356336,0.666885362487257,2.4932325221225,3.61923223497605,2.44402279388554,1.23190963832932,0.749948379096627,2.39250374164301,5.39510745659819,5.6993566791091,3.33784036267742,2.7177677829913,1.53560200301296,4.3557247935564,3.92611103937693,2.09460846638284,2.08470360288822,3.55106807217745,1.29256763697127,3.23901473378378,4.86380286272239,1.79892787810985,0.584248101928237,4.98450100971896,7.01733339459167,1.76748916571468,1.00583364100169,2.26456483753621,3.67516104049526,1.88047358521558,3.64347700287842,1.74828010909663,4.72117028105798,5.41949659270797,4.42916750190926,0.930793006810569,0.776484302856658,1.60586230344382,0.521969434051944,-4.88153240551167,-0.182793062087907,-1.0575845803992,-0.294560913617613,1.06456958664233,-0.154147530526277,-4.28776767310867,-3.1812730611392,-0.441181750606812,-3.96118903101372,0.330426772068483,-2.91056280757011,-1.81769924462155,-3.36279865388383,0.855730458285492,-1.76628086604284,-1.4949661113599,1.97280416021912,-0.97742342131266,0.678757734939392,-3.58769303592913,1.53495345893823,-0.259918171432494,0.182945561982088,1.24230924175446,-0.441491640196921,-0.80264820710623,-5.75332047725994,0.444526377417914,-1.64559825197825,-0.737005877606112,-5.52763309860864,-1.86001440082117,-0.67908662909633,-0.85396275505234,-2.55515646742936,-0.119968453906856,-1.69768818985073,0.221517152352317,-2.78492827969125,2.1337854514906,-6.45055184783532,-3.35082490562106,-1.13389659291687,-3.93895884018301,0.696454492943902,-3.94756354476426,-3.55349352870038,0.777711095262332,-1.1075258342413,-2.00661316715361,-4.47217541137699,-0.532455856320411,-4.04107580507745,-0.0517410871569687,1.9427392611054,-2.82805597869395,-1.61837797342109,-1.65171855117382,0.402643665802171,-0.373223632850682,-5.98832722169394,-3.06383068710755,0.137499861153193,-0.185320327558873,0.406976368665324,-2.2569801760593,-4.61480275017901,-0.660113409108509,-0.0562426417965164,-0.803359814228485,-1.85364034066136,1.02864737350093,4.88664956841046,0.167896070953465,1.97777319768089,-0.370819471397361,-0.523469871386519,-2.42058522014807,-2.27819795134306,-0.164116488125449,0.284506783673664,-0.291913665099776,-2.10708221193214,-0.383726473547736,1.11583654345346,-1.03242970058093,0.945360740485841,-2.32187588724744,-3.57755909292499,0.616784667732578,-0.474118742184206,-1.69283112763544,1.04281302030948,-2.0126140379911,0.309155600551615,-4.82268826374804,0.944568189311578,-1.27507400739427,-1.81708865670049,2.68357380994415,-3.84590875043794,0.0703076440967292,0.296090338268798,-3.62757642721852,-0.137221210730917,-1.11499880015396,-5.43770655528965,-2.8590559933361,-0.699765271549569,-0.652060421921708,-2.81196639552137,0.394311990222965,-5.20164460894878,0.216083783215074,-4.78215128617089,-2.26897640456364,-0.586930254138299,0.335258064738931,0.474315095721866,-1.69794564282373,-0.597184091949131,1.28774485219783,2.32112825088953,-1.43069032301154,-2.18224575085155,-6.07832659947731,-0.825022153000976,-1.25319849931727,0.471642785429847,2.93875247335186,-5.10216073641423,3.23918395382257,-1.8539006546189,-0.718462849384198,-2.87116163617189,0.851611767920266,-3.19920639439325,-2.33312742866476,2.84922917610679,-2.04148950058124,-1.48042911515657,-2.56655627670076,-0.481981360857119,-0.450696263429253,1.44793141322967,-0.299232585676982,-1.71419983176915,0.214211919738945,2.25794318614812,-3.51805958264402,-2.30613780388285,1.31381140234587,-0.540973316551497,-2.55130689454952,-1.74188957539284,-0.214549982379412,-1.55453295745577,2.34074752309164,-2.32162083017895,2.34802654524983,-2.96222993966842,-0.230146117144884,2.04718919678684,-2.75314449008356,-3.30324021727359,1.22076225285905,-2.09354587285665,-4.54447614612928,0.648586613331559,-1.23857141609487,-0.79966455918458,-2.63903169340678,-0.827325175271872,-2.86034467958633,-1.0531016729368,-1.80170748368381,-1.31639789949769,-1.75111020355031,-1.45036097475231,-1.70960788813593,1.73262805579419,-3.61022540134577,-0.564286801388247,0.428175739223415,1.0554079943595,-2.359843517166,-0.641670097779179,-2.64367597729827,3.40661904732016,1.60787545606747,-1.09840950094118,0.267525025925806,-2.21859109470061,0.685994482589878,-0.245035132842488,-4.59105749207989,0.596086838319243,-0.552277758819623,-2.85865144110349,-1.05825872333657,-3.54505083070333,-3.16275293630155,-1.71560029205772,-0.227568668931713,-0.978404942646773,0.334022985527981,-2.2510021141988,-0.318973883900897,-1.71788589723905,-3.48548797947907,0.0802667729311497,-1.6153910534883,-3.87819257253433,-2.49921847443766,-0.438749449361526,-4.29079892330411,-0.475652751783833,-1.10252254032075,0.893440117927042,-3.39878752824663,-2.4921278645346,-5.46062205006895,-0.0788009263390436,-2.95446228536608,-1.23662259979083,0.449207287045391,-1.17490354924783,-0.857396074645836,2.65054056142358,-3.17808982282812,-4.13529906234296,0.0438939759873977,-2.90564573754227,-1.11170162754471,-1.75659494298997,2.27917000224489,-1.1995231037701,2.35409378634941,0.868268434344532,-1.63788229498305,-3.39069766707765,-4.08135573853542,0.161257869327633,-1.486784280075,0.115085066516597,1.94150360627259,-6.44314264015182,1.98257023849145,1.91268908659469,-3.40243260456893,-0.613668101223759,0.450706282041665,-0.235180858249407,-2.3101871314521,-2.63708994689192,-5.77526906764572,-2.23393561534915,-1.39132775798353,-0.303645224200182,-1.23433530734685,-5.4020197624211,-2.02139261130484,-0.334471929355889,-2.3197185433849,-0.00375876392960151,0.24729959798824,-0.644874201305192,-0.141904977226979,-2.13446019209642,-1.6415620125578,-0.270310115096707,-1.43646352787843,-0.710713864234054,-3.3486303862194,1.42307242001466,-0.586522148821263,-4.00201270783465,2.85850467997255,-0.0245095486703475,-2.48998634494507,-0.613969813473382,-2.61195362611673,-2.98244861218113,-0.90673802941328,-0.222206725567774,-1.15466079295477,-2.74235484354977,2.33961308566249,-0.589997993107859,-1.26011679914149,-1.0478807603255,0.285209564201108,-2.91984336675309,0.906252203039946,-2.68160617423671,-0.397710562270276,0.849509701449231,-3.66635505788869,-3.30945432462836,1.43584367960143,-0.344284540826521,-2.88925587714469,1.54154710318806,0.182080888841385,-1.87676902890903,-1.92067120001203,-3.42917005015533,-1.42933578072722,-1.94859737821002,-2.8713982671013,-3.60016835697409,-2.02004649140496,0.618503677494751,-0.509088465975402,0.973432278559588,-1.56513966880329,-1.96945332661783,-1.52162492574871,-2.33533429174161,-0.752892416964108,-0.0218396385839852,-1.29773106915609,-4.41637896591891,-1.00172098103693,-1.92415800904548,-2.57400805882414,-0.200315709864437,-1.77888070560927,-3.52907065735838,-0.302529451586089,0.00363563169379999,-2.98685217069419,-2.32976358391742,-1.70215139056102,-1.33054552385084,-2.99332586618704,-3.75786266648111,-0.424453215132142,-3.90800420426397,-5.20059840758352,-3.85455988289079,-0.56205984364138,-1.19717071850662,-2.45383217138829,0.762078304157961,0.97396484556038,0.469430787481503,1.40202526580278,-1.27747325800167,1.21944248842769,2.07473446036182,-1.38145848799096,1.23603113277536,1.84655154640785,-3.38669966131509,-1.33265788296398,0.567543214055827,-0.0986797743927638,1.30312500040293,0.139884200263428,-1.43698864872395,-3.88843814480257,0.100916420126931,2.19871882285576,-1.09163933031877,-2.21869575756139,-0.543320012811347,0.462634187619186,-0.317291334315004,-0.52150580597389,1.54840475802677,-2.09589332404605,-1.62512792300799,-1.74602358856217,-0.620438955061009,-0.917689825215988,1.02103189681184,0.580070442447321,-1.35386609595899,-4.00149926542097,-0.769074152438682,0.899186965052276,-2.91185334104479,-2.54964963661743,-1.59748746226306,-4.44902242794808,-0.114453710946951,-1.44572652709285,0.819941106444422,-0.35432021675153,-2.84931201025664,-1.9682664800558,0.830125425943778,-2.71895756018334,-3.2358374556852,1.97515792472795,-2.32377069269323,-2.11030990293455,0.50354672986334,-2.26950510858282,-0.674241549479198,-1.67012229274109,-0.408214291854455,-4.16973257883124,-3.47921891844725,-0.302258555025967,-1.45514558770731,-4.56687077472239,3.04920335084307,0.31899356607513,0.108378998127931,1.7724169445844,-1.6451294806676,-4.69747494028435,-0.762220037187364,-2.31450319715711,-3.17006171846437,0.529151980714159,1.94739807656793,1.79841212268402,0.976021278709639,0.361132684121757,-1.86140730027847,1.30567809365751,0.151441090216777,-3.30686050540449,-0.528497762691212,-1.12408468784983,-0.062880464720982,-0.0741345541563819,-1.29713784312619,-2.43218541278007,0.517357432598639,-0.420976443781791,1.27349504499018,-1.77443616222598,-0.93743119552537,-1.99096537594419,0.31211419969539,-1.73408593316922,-3.91249489662034
"84",6.15634715434004,0.611024861990257,2.9035020894335,3.65265171552668,3.20017046936123,0.905792731922521,1.67691145909665,0.802512352620584,4.78818740847628,4.72295605058435,4.43802445377795,5.74280532179481,5.42842248036385,3.16070351458545,1.31618143162022,0.695010203499197,2.0925966173524,-0.61147077924188,2.00207565635826,6.15618189683876,4.62312854529249,0.619390074417988,-0.586709839819149,0.624081291166953,1.15150784992112,1.8451918898949,1.97087068955607,4.46257915704478,1.41794294980028,4.80298446609654,-0.238240713219199,2.98251058137529,2.87198671664453,2.56595676486629,0.940502081565868,2.97028524225784,6.71856123100214,2.56872817204161,4.80849733240036,5.38557289957262,0.133491088062342,4.73473021896501,1.67605634252785,4.11437156129731,1.58353720635128,4.71254493013032,3.23495976165003,0.78413531761221,0.342275584982626,4.72323563239475,1.18355979975319,3.13559298301613,1.95310286606253,3.03331778547408,4.39878227538366,1.88793619483057,6.68066058392512,2.2785836894946,6.76783859372058,4.39050265483434,-0.778048878075002,2.92150930689416,4.00109355567163,4.37180240372915,2.53828620331878,3.51560063619238,5.87242599557571,0.06522315038888,4.75360351833741,5.12359339650344,4.72477106964459,3.37030443329113,3.5698951289307,2.81644653722834,0.477443865903246,4.42054567997905,0.946395930527451,-0.848716579468466,0.314727572493418,0.349810892905214,4.18435022748186,2.01591751841275,4.98559954049339,2.55859710083196,3.52565805171359,1.18722582871697,4.45923456087427,1.18092824348111,0.459094863066188,2.41032296421065,5.10565308029486,-1.40237918850004,5.6559980355525,3.46924577285965,1.96431509210325,4.84959067485888,-1.05726843744882,1.86732555235116,5.1821858457771,1.87107587471643,3.83718231556213,5.75296993186754,0.929089315625538,5.18133655277281,4.74803145655844,5.58160218118489,1.46776166119601,0.153258290941002,4.09615841882485,3.74235341264302,0.0246523009938215,4.15204085919668,1.86590297564513,3.47525963202438,3.05066845477006,1.87736877500098,-0.801344542114871,2.8066068289956,6.06012424711791,4.0249485143344,5.31398372223345,1.52215436122446,2.81555933830391,5.7537768523742,-0.785525572240621,2.2125212481877,0.65439479408549,1.2820309333484,3.56912645168337,3.6293754137955,3.76601277581743,5.69570776262589,1.69970245449365,1.21721250513884,5.50696144976097,2.87630554513893,6.38500762746319,2.36688226145515,1.3737675866604,2.15500343676917,2.44474526216156,0.0139475353822354,2.1824388118161,-0.598785572534014,2.45623155882079,5.61660707395744,2.197571322799,5.55716872010574,3.28379086874695,0.224454315442143,3.50744360171525,6.65419633191126,4.43089218325972,1.78618930719767,4.30300121542685,3.54039316639532,2.6362506384306,-0.935929220737461,3.81770250365035,0.189957653665836,-0.0974130074054091,3.32740588196585,3.0133040087085,3.77823496234877,3.04228436843636,2.39378843511233,5.98990612123152,3.2033654371277,2.44318459596305,3.94607361344997,2.807005215348,6.07302002036176,5.77471470519863,1.96249755670239,0.154043817366294,4.19341836068015,4.14159587862084,3.29080797771679,1.85017219451064,1.78722198852292,5.87168773161151,5.90410251851629,-0.529703928121918,2.33570609237915,2.44031216840551,1.18118815898334,2.74035944084552,8.61644382246332,3.26311754094249,4.67911232448036,-1.39176624599504,2.44972123230612,2.64311226384995,3.71152450429943,2.4919372625858,3.19276830445102,3.66370199132622,4.30258965776937,3.08260452408461,2.01663972855436,1.38032735751344,2.36515614325506,2.29311279862339,2.6732878703481,5.73281309833388,4.39358239358697,5.99931895967983,1.88512411621236,5.58264330614143,2.80634765529721,3.94744947176303,4.92805025909096,6.05009212747328,-0.354324317081,1.46262437518085,2.92041239901257,-0.0487539822349641,4.65601514454317,-1.68541961359152,3.49698964833589,0.401444246088549,3.89502744417126,4.60913070355137,3.64654553557179,1.67603317793608,0.43681584461847,6.21573502508621,2.51493100675011,0.916532583087004,4.21842950704569,5.46073799347432,1.7869166030151,2.90538978018939,10.5969690147009,2.95199053564791,2.85219148931166,2.48596270232085,0.804860595382507,4.45706930481005,3.65598053141457,2.60205232836103,1.92816438959107,1.76313654557585,0.868215174877331,0.45467350470209,0.218584484335527,4.77807527184015,0.62246314465763,2.77153547856044,0.888149941370883,-0.425415819035933,3.51129996042761,0.988032667015312,3.01016325600455,2.88851628217305,-0.0338581187488054,1.7232483580017,2.87060992212572,0.665647785706247,2.29303876344244,2.5021390914193,5.99584908457377,1.07428944891148,3.33910477430598,0.853487588089329,-1.53282575276413,-2.3085163095586,-2.44305026879256,1.95003683618881,-1.51742202669519,-0.579128972898292,-0.305275028522768,-1.78013034445339,-1.30527921810354,0.474319544416475,-5.87944592410428,0.97138604095495,-3.75534677806952,-0.402519751119123,1.26182595852281,-0.709359326160303,-0.0199784959663909,-1.01096867178436,-1.05511896855638,-1.2078096894763,-2.12943187035644,-1.43261470246256,-0.779170594612768,-2.27150832058407,0.737581542113943,0.638834207214586,0.270643180655567,-7.07683442506017,0.736138746051727,0.21841289780428,2.09700433205363,-1.11825118910276,-1.95124341370273,-2.97752424332169,2.63985828566194,-1.87940907807763,-5.06220643009248,-3.92843636228463,-3.39674491705007,-1.72217551148357,-2.52303756437108,0.138342693462264,-5.66976134059499,0.503720042946007,3.08937744319586,2.32769708023807,0.557347794497205,-1.3760819819641,-4.08719885613357,-5.47552016613432,-0.459302568891419,-3.23960402928609,1.57954413229322,-1.62648473312849,1.590337115701,-2.86168592740168,-0.523206078516796,0.977254823553211,-1.6429118538896,-2.81779678288963,0.168085752407465,-0.655824626410977,1.41228814547053,0.500853244821444,-2.36609666548862,-2.50243078356387,-2.30879318179346,0.384484483971438,-1.67046974618472,-0.802047464170816,1.47299985478944,-0.436774358752834,2.31850682361131,2.08545403717262,-0.959004747039179,-1.49359425989475,0.525325029892166,3.4079074795989,-5.58602762021191,-3.71004852935431,-4.69747270369603,-0.126885821752421,-1.69355285827279,1.89057663616379,-0.732064120196472,-3.60162914835764,1.13532555642802,-1.47781599747976,-5.71000595031625,-1.93059515900301,2.31840576742649,-1.81662628725413,1.16571999228712,-2.60336052161634,-1.03584510443348,-0.509371374218662,-3.5910487827035,-2.27532427876026,-3.55649999060084,1.10775426644486,-2.5789487228613,-2.95463647900632,0.568291952065684,-0.00163750706612054,-0.318695356867687,-2.08869534720936,-1.55445014606856,2.16542404494071,-2.95139051923099,-0.294802174340229,-2.5135067979575,0.494075187134037,-4.32427968626824,0.285503998796834,-0.965115127317426,-4.30747876305728,1.98618735683035,-6.2586933889456,0.337903487516938,-1.03040086845033,-0.188296776015206,-0.674868005329526,-1.21657515975462,-3.04115750703447,1.47927419832251,-1.64449781805713,2.54312033004977,0.216773253787394,-2.10985438235393,-2.37255624349528,1.39118585657733,-1.04527641042787,0.434286393750552,-1.36946581733131,-3.39322047895188,1.49819704723377,-1.10278025055265,-2.246007137892,1.21128125461777,0.0885359942622148,-3.19331682694903,-0.667805235992553,-0.465794751924251,1.24397784554325,-2.2872304621602,0.947168483906966,1.19199098493147,1.70585915460456,1.6535812516228,-0.635193917259917,-6.0964352614871,-1.25859035369856,-0.737431337023056,-3.4584855834731,1.04354073391809,-0.10115457740012,-2.4840560003924,-0.0313305539007201,2.12453565584278,0.509363151155843,1.83092249222133,-3.00972119322062,0.983188436080942,-2.62479069921099,0.504264242929102,0.814431615925335,-5.06376671671878,-1.55564680212731,0.857340826747485,-4.82126547971602,-0.466029050219303,-3.46525200282878,-1.3968675265964,-4.83374599475868,-2.75549184822314,-3.57521166043312,-0.691377122044537,-2.32581487488144,-1.33075258195228,-2.60880094815476,-0.140072691988049,-0.369694239636156,-1.62763074198999,-1.24076100652942,-2.41119874252144,-1.4528441114131,-2.29210701254261,-2.03697851203917,-1.394066013006,-2.19578244562075,2.7200417740016,4.57454169985284,-2.19924313555051,-0.400049833056033,-2.10599472562599,-0.333978653778672,0.0439570047526063,0.309886322391195,0.057569073349462,-2.78664457448971,-0.238729203787473,-1.24764380098532,2.74510577990545,1.66210226336059,2.74894193537859,-4.5301008669011,-2.79147467347104,-0.0612304051948542,-4.32292062607934,-0.370486631536697,-1.07618994868706,-0.723227962983485,-1.3503551558256,-4.41525474237036,-3.52480110319001,2.42108591417258,-2.55935669655934,-0.822484604329647,-2.30879973443809,-2.3402226025424,-2.64367866498979,-0.44882047563457,-1.39953234228933,1.5472574817118,0.184932600552841,-4.95382730497327,-0.691403851956102,1.44672321725393,2.29664659399331,-0.352345182782285,-1.40248178458592,-0.90379830677451,-1.86816174645813,2.1131025742759,0.630024095427792,-0.546829583427868,-2.02544399037712,-0.630853315511814,1.54953747489165,-4.46692238825545,0.318249506993619,2.13461074098282,-0.99812611823155,-1.13451025766646,-1.15152411681522,-2.74653050707034,-4.69434161365966,-1.18523670699643,-0.649808337950583,-4.60140853493865,-2.86404097312429,-0.157830325978624,-2.48487083076752,-2.19473671057884,-4.65285071321664,0.991749424998877,-2.72966856967992,0.468805058434832,-0.294404107460976,-2.13339765691916,-1.37839679126064,-0.700294873966154,-1.41110685980645,0.986537793875168,-0.965492398670053,-1.24142494968027,-1.97356336955418,-1.10030050580692,0.938802836379409,-2.72313879298356,-1.18824520939484,-2.90577411026437,0.379346329220598,0.682358411644135,-1.49886501986848,-2.48231374254407,2.13469000742802,-2.75733986844695,1.96909077719473,-0.304490645746037,1.4120155431406,0.967905736159019,-3.8597322407472,-2.44875719530598,0.833480773024207,0.49031825040986,-3.12238030812582,1.5069365867328,-2.22902603794442,2.56316902012342,-0.577536161741475,1.61955352870176,-3.18150516197642,0.362168736709048,-1.26842975779431,-2.58049019762533,-0.424191940830216,-2.21765005964803,-0.141337608346013,-2.38862583628247,-0.389336471717187,-3.49562810513604,-2.20464549930808,-4.6479385763984,-2.44921502160783,1.29070422962531,2.05252353982624,-3.30102135631061,0.244098931237258,-4.42972564928234,-2.46803811873699,2.30017444526524,3.26435302979804,-5.32311004919183,-0.966179562282673,2.65110366952167,-1.57155172666403,-2.27530122460589,-1.33644896757849,-1.59919950996298,1.75131000076203,-2.21750616994384,-2.83664265799336,-0.311930577580289,4.80439873465356,-4.10176954774613,-3.13382636995657,0.0542261114144056,-0.724990596576638,-3.83876043991519,-0.764309001570955,-0.894053490564669,-0.395959282395902,-1.19538415692718,-0.825036690153109,1.28812348846551,0.591761723272813,3.24112044510499,-2.2664931869634,2.42302297479954,-4.29377536775345,-0.986964831629947,-1.07182240224986,-0.68743861286776,1.69341340151248,2.79500492673102,-3.68402864283687,-1.25924175421335,-0.0456524951562899,0.860443169301678,0.740025306756258,-1.55875289698852,3.13172859363109,-1.01217381119902,3.5842473895953,2.01809357831255,-1.2415034575165,0.382755546097041,-1.34085037046622,0.530139423341561,-0.298717735547835,-0.662926329332629,-1.27962716675327,1.18908164354995,0.504598630622258,-0.372793343706435,-2.19411756725721,-1.57713461605333,-1.74223628355297,2.57983218903359,-1.83717470215453,-0.928018313901921,-1.52991320471154,-2.8095434443748,-0.767085658953314,-0.90608983147745,-4.29743524517479,-1.38402988407214,-4.28222737773558,3.12240493781685,-0.238781118681377,-1.33031443832277,2.4473131429525,-1.22602533711389,-0.994529287783643,1.35819157601808,-2.3907132354945,2.20830875459043,-0.506213906104304,1.03906896525579,-2.17526673620817,0.870493334301643,1.2568112890434,1.87737266047959,-0.920590154224391,0.111678628064616,-0.177125865307346,-2.4708160018075,-4.71439746395544,-2.5744905570717,-2.7535561002798,-1.42083685842003,-5.67167332234403,-3.07285133168729,-2.83197887671156,0.719842992106865,-0.695863838876241,-0.545455138729239,2.21522333012026,-3.47939814547084,0.51952993256557,-0.687896618322687,-1.54649245625551,-1.25786759919334,-0.109360351478744,-1.95849839982584,-2.59092388819283,1.07405330889789,-2.01084889903454,-4.82625682057245,-3.79283676235231,-4.71081026697844,-0.681037794881473,-0.243750364264254,-0.511116034506083,-1.11214558135894,-4.24173298959132,-0.390078246333565,0.761828574154443,0.903821474649068,-2.57958630520579,-3.78973260557613,-1.05627756179831,-2.64736878147478,1.04252051958575,2.63266663745778,-3.98093451654014,-3.00920602971547,0.54183300431523,-3.82807884358271,-3.25630192299934,1.14283535557826,0.732542057320299,-1.27839366323025,-1.95964805019984,-1.07719486834796,-3.93447545382025,0.217040850504612,-1.44833143636291,-4.53779559583242,0.939834230509482,0.208428197390987,0.75545485624362,1.56989362435611,-2.82615994361197
"85",4.49959352525162,-2.24534390366994,4.68952038833833,4.66271053714164,4.88116057583235,4.42672859628462,5.16072196146713,1.98278083858226,0.806941993695607,1.32923616137889,3.43747376411141,3.47576162820917,3.50878323419642,1.9449077500958,2.26481017743466,5.4271861157031,4.40888565223927,2.83826711214374,1.19962010781486,0.449587023833201,1.4819889391877,0.967423300226244,2.15637281804064,1.75011002057872,3.90268213868217,3.67316565272223,1.66672802730128,2.62114995829282,4.65551225952624,3.70482894561511,4.49088437577738,6.30364373120936,0.334493724675242,0.71930843072998,2.67859703311155,7.54790974191103,3.0199815608421,2.84819780498738,4.29942849417449,2.71283879825469,7.27104113949907,7.1510630593683,0.632558550082636,2.37818731562906,3.0953420285845,1.90273003041605,1.05874820679064,1.40250067257253,0.583127376671542,7.06317655997641,6.50661880999886,2.03505126819721,3.70573654543303,1.86636658838112,3.44713412868568,4.07483051356062,-2.31932212441825,6.15282774422881,5.75139899082605,2.75838221559178,0.244908313266913,2.76179510620051,1.83372504184346,2.75691951944316,4.70407202739287,1.6837406550967,4.07515751025982,5.73511441541351,4.21667493224302,4.68623036120867,3.79777080192048,-5.16267601137013,4.73991294929609,2.78214693056196,1.63083944885158,3.23254175679142,5.67845479394646,2.14522882949977,3.1858697432982,0.374584981373606,4.03024194443067,2.64808621165739,3.99923887467701,3.91254334005554,5.04354795336651,5.27405961684426,4.43917377589757,1.87254571240227,1.44934714602146,3.63437448572597,3.51000396073012,3.88357694456706,3.90172276605629,4.34343975952511,7.16519228167214,-0.0804534830363877,2.09661964808839,3.4253114204125,4.07819220378949,2.55675523223218,4.51968728515021,1.57091162000344,3.24449103501684,-1.44468654811693,1.29128395045207,3.73472044455491,-0.242098295543733,2.38777782159304,4.41542448291346,6.1421249153885,2.04128465015336,5.14949591452053,2.45140117726363,5.08469481223812,4.35242731672722,3.42813460550274,4.77203760595222,4.16224586313886,5.09832450452618,1.15755809301504,6.35467974226593,4.38367437423319,5.28130893435164,2.98793332292803,-0.566632325482017,0.285005437378018,2.22434515884718,3.22682171638964,1.53910427573885,3.75917465844212,1.77151275139735,1.98791615623369,4.93641795468556,1.6664346811007,2.49771520875619,2.08707034572748,5.83171951338742,1.35142758582554,5.28168022527645,1.4912470265083,2.42581254115795,3.47658650977176,3.53454176851712,6.28482926628087,1.74204824420609,2.57836680415237,3.99950486361885,3.40598983852385,0.852106113966506,3.2314425289805,4.51490778423971,2.61656822926437,5.65793009116021,2.16540659696628,3.7170420967448,3.6735164396476,-1.41310868933556,0.655134233777431,-0.825758244797625,-2.27992247868999,1.2286526500995,-1.05987399865226,2.88602092130366,-2.01593017855821,0.0509661677386899,0.920798688016209,-5.0645542681656,-0.235524195072744,2.23749079194212,-3.47196748404748,1.02188659969654,-0.0747404245480474,-1.68768230474538,0.0183911950582449,2.0155581432964,3.46801323460386,-0.331051290288319,-1.00925969922937,0.556042064120459,-0.129944224004067,0.0653990550329417,-3.50815620765831,-1.56163119310297,-2.27849026720218,1.93657296018037,-3.10245974934046,-0.892984359264436,0.449741587732196,-0.0644252916133395,0.771178812959159,-2.81523417771504,-3.18060311081648,1.46665118785327,0.443086654370175,-0.686495516045803,-1.62102571456246,-2.75921660226136,2.42704680019739,-1.84422702324863,-2.60772255588504,-1.44100163703633,2.32530592735004,2.87309102141976,-7.24660207665601,-4.41349971017078,0.965430757718152,1.31373113369646,2.75566958663474,-0.994399764668808,1.12651568726373,0.262052827563949,-1.26940349795759,0.153649473518033,0.68192501091455,-2.19967752776462,0.152691252019534,-0.643777927917015,2.21215069752458,-3.21729635375814,-0.581853264930165,0.173317443569722,1.4248185072557,-2.88542768308813,-3.87185454710644,2.84126641473956,0.290924883568993,0.162758061715344,-1.33857937378719,0.0341081016892313,1.04477833965327,-3.24549969754494,2.10684931502361,-1.88429247833468,-3.99559623290381,-0.047543517218252,0.751847615698656,-4.12722945530781,-0.685773435789507,-1.71691672641695,-0.968055085293305,-4.23152614110842,-3.61449448126355,-1.41384389692738,-2.29436802902733,0.457384387945217,-1.96456909589101,0.476371370440875,-4.38442358343495,1.15993480432451,-1.52143416115588,-1.82605734236201,-1.57532773834638,-4.35313556544537,2.95256745380682,-4.83024026044596,-2.87157328608381,1.91011378662746,1.25746432972248,-3.78062410125373,2.65032019211269,-4.92137954776571,0.815255373175529,-0.871730227907752,-1.53218047875303,0.990949591245301,-3.15587696555233,-0.761506261350708,-2.78593160568798,0.0254903655312499,-1.47907725399634,-1.94249095192055,1.3194151982318,-0.537708131939971,-0.730663230877012,0.866635306537276,1.00712768122276,-4.89975141483425,-4.50270541910602,0.20401448544846,-0.378535092181346,-2.18129592120431,-1.47824060235819,-1.98681234325487,-2.48853636446248,-3.23807739002588,0.800398153510741,-3.89744301190195,-2.19059795644883,-2.65732363039417,-4.05447138377846,-1.13182627864621,0.800273348272736,-1.82037790512053,-0.646651073487336,-2.35662644275316,-1.908497084079,0.694184862458825,-1.86341469469326,-2.53320049337768,-0.425151131555934,0.625580317622247,2.68638343756812,0.0606100576940221,2.88097982092677,-2.83458258222119,-1.991381850145,0.957465345695882,-4.56365139503829,-1.49064719114125,-0.650703000175099,-2.62464430183834,-0.190734548410279,0.264183941152274,-4.46160217743985,-1.14014455497377,-2.3552086709534,-1.82775634711773,-3.64613977974601,-0.309096032724391,0.82114856067423,2.07189223192821,-6.05226876044094,-2.62258511987084,0.156946402308271,-6.53263118306712,-2.86801178867425,0.179538733470564,-0.0888342148447662,0.136992184212115,-2.39481592476891,-1.53518065331483,-3.31276128411151,-0.918870043163476,-2.14879726612935,0.901974454433193,-2.36046590066101,-2.72823102640172,-0.334421069329673,-1.59947738138833,1.96339060342147,1.6043952098819,1.17561234390183,-0.159354046742894,-2.80064478904386,-3.60275545011362,-4.01047465215086,-4.42971737991648,-2.72769141160819,-1.43107130674189,-2.46194876218509,-0.828965226939334,0.2895619806874,-1.48218470210726,-2.28804405959,2.65219424276311,0.420366911055652,0.532621883870548,-1.15766861891145,1.00073264068422,-0.785847449268062,-0.345854856851841,2.33947799024658,0.311056254190549,1.1638968111843,-4.37789084810205,-0.0462065972277289,0.084895770770276,-1.26904116812125,-2.59399303868949,-0.394478171438607,0.201814321871793,-1.24405687140599,0.825281663970169,0.655974101695965,-5.03251610990577,-3.48468085612645,-0.683966909590979,-2.85430569656224,1.78881924264612,-1.09042772724915,2.91010604648232,-0.427394462695249,-3.97030458331087,0.517168134874087,1.3924735254076,2.3846688618406,-2.040891896461,-0.540485255427709,-0.499689308845578,-2.38297090244633,0.732774951461784,-0.969790605555349,0.997336665307674,1.62413620243271,-1.73540781118292,1.02053459284134,0.262330449139167,0.720795812031308,0.437807494263415,-1.25250230365448,-1.85903609070756,0.708978893822359,-2.04326743767574,-1.4390527858989,-2.7284342779484,-4.26042825336162,2.40573801689663,-3.04788126587123,-2.3415127665864,-0.366583845168982,1.23621659209457,-0.0415093773724592,-0.106135474393093,-0.202749816288269,-2.22040192622985,0.498964526590575,-3.27859134836497,-3.0913782258481,-3.00092513064769,1.78744142970191,-2.54549741967428,0.060384015409535,-0.0311449777828972,-0.980666601747258,-3.07121099025428,-1.45811095816033,0.0246676031922481,1.10213497180341,-1.99378187264447,-2.83975100035114,-1.98472592568584,-0.490375570921198,-7.74305078724138,-2.88145973729857,-2.64446704066907,0.201898631142172,-0.336597939099431,1.12163214416536,-0.321815498400029,-1.78250529792416,1.09928828217273,-0.913474027006641,-0.564307280110178,0.544516348672032,0.601874482320967,-3.35576590788907,1.89117015281591,-2.06930102795388,0.281805200966806,-0.173331408500763,-1.87911258281099,1.12516681239191,0.632902321387947,-0.261206567045106,2.70470011830903,-0.188303099265482,0.394573809155107,0.400302139569416,1.99168549516276,-1.02700067506644,-2.1700911160081,-2.99246641951158,-3.9389457370993,1.33385654493735,0.321277065268877,-1.09438071645059,-1.6852890489702,1.67068352885002,0.350563961706521,0.629464917034091,-1.92712889505364,-0.487499183518875,-1.01449186438451,-0.748014419438742,-0.644692908512371,-1.65663166141832,4.09138739536363,3.13506028781866,-2.46168476918683,-1.17841608813787,-1.74082087981481,-0.243764669415669,-1.29199009389823,-1.31225703089339,0.0766182550511492,-0.051609814730432,-0.777955665184087,-1.95590469986396,-3.90852788006169,1.44508984313882,1.48683210324564,-2.67388663749027,-2.22035763439601,-4.34393262791184,-1.10126019403128,0.497660842679382,1.49284224331905,1.05416938689367,1.14966970522013,-4.09617201125251,-3.96932683176924,-2.91511916332084,-0.255900994115902,-3.66447798279708,1.20723974985359,-3.89845952792842,0.0145901697188722,-2.39092764397318,-6.24520610362765,0.608766209130854,-2.3487018452347,0.332746955114268,-0.546780541279055,-1.58670096158597,1.86964963698734,-1.33734230196288,0.500658753081833,-5.30814893071575,-0.994883708589974,-0.0351752664530993,0.420058980324176,-2.72882097356677,-2.54610273184588,-3.7214686272207,0.0961654127753997,1.63980906440028,5.33325104597775,-2.77164851949651,-0.683024773910646,-2.77994526548597,-1.49357524050281,-5.72364333808493,2.35833853064978,0.749989649084372,-2.00237211171885,-2.69105128924664,0.969947610257782,-0.0323586683344991,1.35739470390086,-0.926214582721636,-1.9219589736945,3.74024581935102,-3.84741762261866,-0.438928064295082,0.580932332450037,1.85398451229988,1.09849742779548,0.10746924002856,-5.93320839797175,-0.370036555237544,-0.321713759587227,3.07058554525346,-1.29694779818675,-3.6282080472511,-1.52518752300753,-1.93591069575682,-1.39146314388161,-2.08918696694326,-3.39580598435357,0.971653712692407,-6.86939830260528,-0.772233254466776,-1.8317559273989,-2.77035452318421,-0.295452080551192,-0.768603659270609,-2.01514025098606,-1.77864555929231,2.1577765152324,-0.636311169856853,-2.3374056721681,-1.03171503439693,0.205402769951655,-1.56881119368977,-1.03032174900445,-1.97200674113993,-2.78067508129509,-0.232854616484003,-3.81156320713179,1.24178173658347,0.706434327681664,-1.04474586030501,-0.731483724381006,-1.65712885404214,-3.16910121409961,-2.5124860159822,-2.05628821862311,0.128084889359622,1.5387606710568,-0.566343395618116,-0.463707888705031,1.44988757148133,1.52887401864661,2.04714193902184,-1.76414723993726,0.104441649764913,-4.30730000910101,2.07311605945067,1.78170754873685,3.10183905839758,-3.19974508318092,2.52907180942149,0.299018504404938,-1.03588452784964,1.84961243162183,2.36282518862139,-1.09994052149228,-5.12442434158127,-3.31292544580817,0.245682107340435,-2.97068009020396,0.338051985736269,-0.441233794414128,-0.649788812729201,-2.11611634161782,-1.23669018523678,0.694327927349167,-1.41416852578124,2.43080581574356,-1.61157646457948,-2.36313098523917,-3.66043299389276,-5.1647081349769,-3.57789321809816,-2.74309415279788,-4.63823168154967,-3.16194649043518,2.99339766541648,0.680858803772987,-0.0361120193026869,-1.82324128010658,-2.66415990022481,0.859052748981266,-2.05125096595289,2.93229832424565,-2.1837993755083,-3.25031714160119,-2.58740128063767,-1.6377660263655,-0.867879826105706,-2.03761235300792,0.160906074394837,-2.87659467500671,-3.19022122029418,-3.14485363479709,-0.452912511514072,-5.29775669254568,0.808096880607317,-5.00411864133598,0.452220138747148,-1.91444354112083,-0.380040820434795,-2.383082574021,0.425444127076875,-1.10461934253428,-5.67349014957899,0.192207139612851,-0.296861395132589,-1.75060423515238,-1.47316744140973,-1.8252083981476,-1.68178980074583,-1.95901770500559,0.756479541123736,-0.682297147034091,-1.35842649147666,0.28767998537167,4.41281667391588,2.24757484846817,-1.47595444630709,-0.598547589270291,-0.134812277538831,0.280033581868912,0.0933677925674756,-2.46083336483989,-2.089318916551,-5.79419285218994,1.5970706505203,0.356022387423692,1.25729274257467,0.0126694614290432,-1.64712072677127,1.94121583642912,1.11677536519152,0.159744020998493,-4.21940245814444,-1.79103605153022,-1.31636660856098,0.0568139523641662,0.884546758243801,-2.69777087932074,-0.447009120341804,-4.49521183046767,0.61608062093891,-0.682826700647285,-0.280885565652029,-1.68632722240544,-1.06588020154205,-3.43891326069672,-1.13585700942415,-3.9456180432003,0.162900678996161,-1.36067509101965,-0.732316171931775,2.6910946353859,-0.0507293557902777,1.67334309188166,0.665024788279213,-4.67941515220634,-3.91722839346915,0.626961049120569,-3.3236775130343,1.02024975253641,0.836979656578134,-0.0450735168970338,-2.67511472112028,-1.08232169043574,-3.14382675476761,0.981108099011791,0.167911479746462
"86",-2.91601953031718,1.78570064629922,4.49380501124366,8.99536715792109,2.31496613838604,1.43119336365132,1.87384606251692,1.11728604373617,1.92472986748083,3.58240539124479,2.35710667556986,5.52674016153657,8.29682642325218,2.79025949964787,1.52603572402563,2.89242623557022,3.28200536259971,2.86422465859932,1.74785475580767,3.68168927273454,3.08163895035466,2.23496846584707,3.80438819443648,3.39358091244063,3.08203589130726,0.236719903457456,2.94601820791165,4.91711621268591,2.24664604513536,3.07670457713895,3.52473675868294,1.33992357529598,2.83081701552392,0.384753963395648,3.5900610487733,3.81085227685423,5.19263161386842,1.7263772965444,1.88379333976428,3.84516600189041,0.483018207689604,-0.147504172092567,2.45868203390977,-1.09087407843963,3.92736529102009,1.1202067618893,2.55407531867591,-0.148479654257618,0.483114975339289,1.9220805122481,5.0012908617403,6.25972950324869,2.63420232760727,5.19619433704101,5.94428147993339,1.30368545621615,-1.1534833721935,0.585558527604572,0.795081629476162,4.3126207408177,5.06829190117339,3.5870627154073,3.99233232765247,1.75592567335435,-0.000875656064013075,2.69713264370355,0.283828134029933,5.30770533165972,6.79555859565823,4.89815043379071,1.60765403405597,2.65889405356174,3.04724137980934,5.45356488365316,2.8389813526903,6.75963273429823,3.52898359026331,1.77180605419126,3.2424291281502,3.96247394032522,5.5792125209387,1.89693927954762,3.33579856446786,0.531958356247716,1.21064110331331,5.43048107475891,3.15195958245287,5.07000909960422,3.56854674271474,2.74257536234968,5.9615016548614,1.173009828571,1.88435384064287,2.85395912636206,2.50400791556426,3.19773621213471,5.07433740794082,4.38507823207773,1.97898760497984,3.62763787360389,-0.342255049028358,3.04523615333073,5.86403414246536,2.44400475841733,4.20851630920567,2.00016631896572,-1.69920027577507,3.17360468565723,1.551016007297,0.326128486940685,0.408138453846041,3.61338313054236,2.33669410632221,-0.103813338246024,4.15710657175797,4.3414040148603,4.31685405746268,4.01157599352403,1.31925773959739,2.37975316207209,3.18956310642302,4.37534426317769,5.89969350707849,4.51059871848473,2.0786446758423,5.01615039747942,3.82245479606491,2.59286715864983,4.91945725181076,4.69101163148446,-1.33910562255881,2.09092127693933,3.55134660930811,4.97939157369613,3.72495584719634,-0.769416341146752,6.10134907491355,1.61386914348807,5.38777339654046,2.53346892938104,1.68743988224864,1.45515212559171,2.46406320003365,5.2572317695281,3.66480951291636,3.77488139178466,3.86985178912002,-0.0598718018151168,3.75381048887096,2.96860499342971,3.89395551724847,3.70397995895435,4.24749787802281,2.28834453396747,-0.780863020908481,2.16945734249745,3.20546650618787,3.42271826384964,0.963978836622933,4.07599455233262,-0.0747177679902395,0.760733874849278,2.60067740839446,0.495331389162024,3.42380506554305,6.80511563044013,3.70750232695609,4.17929842337472,3.7595538811066,2.82490921976387,1.73285655035905,3.1487384104808,4.88257883900404,0.650885985481565,-0.0377444666723399,4.35810604529326,3.47063105062923,-2.29956125284386,0.912255623841837,3.46198620580211,3.23712137202995,7.17140032417136,5.08829199512808,4.76532237549822,3.33247963727331,2.94269678200246,3.30695986215132,0.407052159826639,2.81025836016968,2.60950105955923,0.22972455883402,-0.238687157272476,1.8178177935332,7.98612457035518,6.53985385553724,0.583134841711622,4.11760583615168,-0.337305078931723,0.602380501412559,4.02116288901195,3.74101957375045,1.87343906238279,-0.0259417267056277,2.51075085494154,5.5264727513191,5.33471375077459,3.65604456822827,2.87749835241108,4.89855934066934,2.31680962983061,7.33201942235685,1.4359556298196,3.69660600408281,3.20985863373722,1.22110285721087,-1.18625069436286,3.4408365123547,1.23263570237215,2.38065820471463,1.70496473846496,2.84945638360711,3.38742450440103,1.38412417269246,1.15484310517886,2.20067584976631,0.325727276711414,1.02828286111456,3.25263147366493,4.75561561393227,-2.12336928028882,3.46875772411385,3.08776530231192,5.56562969378566,5.34362848132496,3.67961424503038,3.74865583525292,4.03054715668571,7.58611904884172,3.13857118900715,4.42231401998353,2.83052206277349,2.85002523121307,-1.14510072054232,2.96946391155599,2.32662772110402,2.9932467836972,4.47879440526366,2.15054417537227,3.3074148603359,1.341431272282,1.45595854877666,1.12687114756466,-0.18913177417164,2.16973133965426,1.1330833641475,3.37280633852861,4.89944064509709,0.735549751029451,0.187082613986163,5.57584855677577,-0.134356653422145,-0.481461109965454,-1.35976967849185,2.49067154689023,4.59788505379529,3.2146113007048,2.54811944857249,4.1547935957799,3.89858087949754,3.7098719528342,4.63783719252126,2.34736679457121,4.41821496720169,5.0456988754621,3.64383881971915,4.25703069843126,2.17748906270044,2.06533168702348,-0.440556325689635,-3.94797863694541,-3.46287935370639,1.04702512170496,0.528770480189052,1.37049637509285,1.48212891179604,-2.55024183802621,-3.1845209013681,-0.531537185022661,-1.64520274509506,-0.78138467501637,-2.89909152352811,0.849823610068162,-3.44673075966448,0.841837960708324,-2.00986822241104,-0.630271127662337,-0.941549374971328,-0.695311426409782,-1.62556813630854,-1.66164535436346,-2.29267077810171,-2.36374876665831,0.779571923933607,1.17084152948763,0.720346951460257,-1.65793444660976,-1.55461439730366,-3.50812830955456,2.31138378789307,-3.69972985096041,0.444408623586978,-1.87856368527061,0.445968047887757,-1.53772037086479,2.52661451706526,-0.602459369211291,0.169537082442898,-2.43580711410161,-0.285864538248204,-2.3100765382252,-0.710059571673215,2.12128214907547,0.255768968661759,2.03518432498813,-1.3562524047696,-0.103940206785999,-4.35244704853009,-1.51741186669355,-0.740659531153391,-0.69579400826978,-0.212312202454515,0.00700259716610185,-1.11561902746386,0.478006329799627,2.38917920469272,-2.10747261484792,1.09525715003411,-1.30613855567518,-2.82670030157766,0.885420093166659,-0.924337102733001,-0.667202447219026,3.16687380023982,-1.38777636423427,-3.18233591882389,0.687924397171107,3.14483028544293,-2.28124234196857,-2.35866451302959,-2.60254966766026,-1.43287547469813,-3.31706074552272,-2.81838652554319,-1.41570963170828,-3.35348886504212,-4.38097680522292,-3.14588349072984,-1.74700276832148,-2.08164251798042,-1.50315735740074,0.331424453290555,-0.370782177432031,-1.44885792777308,0.782867879823056,-2.36274197784857,0.34261140107888,3.36862782896187,1.41603635881957,-5.61351903141886,-1.30258100417774,-2.24487630144885,-1.50914762888724,2.81432904431801,-3.35756968126342,1.58648936120488,2.15947282648911,-2.40880777297774,-2.28300913317028,1.10335547807983,-0.77265963540623,1.18693921857941,0.188402421318503,-2.75513519504969,-2.53079211956141,2.01708946497408,-1.84333605864414,-1.55753729621977,-0.139594394715045,-2.40347320575374,-3.54608683138887,-1.84611828129105,-6.38294952675336,-0.780399241521447,3.40975995376816,-3.49879282139607,-1.98072424176701,0.888921989783539,-0.161379801785667,-1.65149026469746,2.62742847425691,-1.63955585298857,1.38493335077986,-1.26600902677598,-1.22143970138391,-0.546938953458793,2.67823822575424,2.4533860889157,-0.825868135577047,1.32133339147192,1.71785626729838,-2.14699564147513,-1.25318970415662,-3.17438876859954,-0.451155814720002,-0.496573996344809,-1.43856950033885,-0.273079253767679,1.5473404967058,1.040221189062,-2.0973606948439,-0.517107225886661,-0.575874375072419,-2.59413020159885,0.635917596514163,-3.85335888267862,-1.24734157422094,-0.180792355484455,-3.78363166549276,0.791595493856883,-1.3896487087616,-2.29097955667777,-0.290819086925316,1.71802307167662,0.589521111858815,-0.897179087095233,-1.6201592953096,-1.04263096420975,-2.05735696335528,2.89712445489163,1.76359858137837,-1.84097266747104,-4.5318462468163,-0.473443397788939,-0.771630490807963,1.83535842709367,-0.360759900260173,-2.45200993965664,-2.45475858706235,-0.537489532937226,-0.588805063333884,-4.10887211092846,-1.64429947147244,4.63316811984966,-0.657844142903969,3.43255247939335,-1.90174428565957,-0.843319440498697,-4.37488745183457,0.822777344196875,-0.594625011360514,-1.81399849309838,-6.12309714214689,-4.41519116247145,-1.14366065024865,-0.518022424643663,-2.01776409661482,-1.77587694483964,-1.44314919649786,-2.4250375939264,3.42382049477633,-0.977990344944091,-1.89948543235384,4.82988269710804,-1.76261473029337,-1.20396424650618,-1.31326711646859,0.0594807253458496,-0.176859397887741,1.31401182121546,-1.3476874426618,1.76148181153361,-3.05808689937276,-1.34993538653536,0.250111478756713,-1.92453125614294,-1.00845754775156,-0.962749017146429,-5.06554002809901,2.54894149865593,-2.01349009909617,1.98143041107979,-3.2381193387434,1.29274144911948,-2.97759941571401,-3.96194704142094,0.489973288118874,-0.915559916558326,-3.57860395689484,-1.5453833893492,-2.90024435250765,1.05913054693576,0.12471342334669,-2.72631935105209,-2.95750012738673,-5.00745529691064,-1.19816057887286,-2.09002696346972,-3.32451415233652,1.77274831883411,-1.51802221660162,1.32082514199224,-1.97337281459994,-0.299834695690994,-2.29228724697619,1.08324858468807,-1.01288645099877,-3.27959875263618,2.06711728318574,2.67293619645254,1.37595614212164,-0.450686841056001,-2.57177088464494,-1.73458613373222,-0.407109436091564,1.74023801297846,0.643948263796923,-1.3990001889314,1.79635555041176,-2.92929109391179,1.33962764976415,1.14925277980732,-2.26759700659641,2.52908174467223,-0.205760351976198,0.515393597833266,-2.11563865020655,-1.0944616629602,-1.88855456553563,-1.29433510090283,-1.72447731351169,-0.256219107192661,0.409827919636194,0.103725388855562,-1.88388027533374,-1.90873137284666,-0.610547305617624,-0.928528367606331,-4.3098813204083,1.7189469309216,-0.776539238817649,-0.124423963754241,-0.989444989124764,-0.131633953161643,-1.40480182274235,-1.61196028944353,-0.59300484805548,-3.11693256425005,-3.10865328726594,-2.63910695775766,-3.59761903899139,-1.92727380690154,-1.84772186733628,-1.14008282393108,0.134066266262088,-1.62293875309288,-0.615297069186679,-3.11712961120005,1.83352455679475,-0.243334909664265,0.273236522735265,-0.0797577578817324,-4.37681586260362,-3.26423972720505,0.955941612009319,1.14964660050914,1.77103603242474,-2.51856412751098,-0.807941391582197,-3.98794365969424,-1.61045994528459,-0.933399954183336,-2.57392535989932,2.20851192892763,1.03182829672826,0.534625083973839,-0.33862508597419,0.704681451664817,-2.56008881331375,-5.8010716605809,-5.00235621947793,-1.54710976246248,0.822509843278962,-3.00719988385524,-2.02832166549234,2.6695126560632,-1.30910912885875,3.34327365165825,-0.576026648489339,1.91120898468156,-3.05043653934413,-2.41486310828197,1.82239716781285,-1.89117807387854,-2.00058195671912,1.25196893350461,-0.427345704755608,-0.702250699766712,1.42218161441285,2.75101742888124,2.56654085016817,-0.759742654820682,-1.9554430833316,-1.46455275111537,-1.13981551707866,-2.96076333303911,0.296803801375583,0.0949381450659916,-1.7781766097961,-1.51928192554368,-0.944116115787941,-2.23006006915836,-1.03408801101793,-1.79623672140521,1.04125940263378,0.527567197620224,-1.59387301035522,0.68863056645179,-1.2242906801009,-1.82652430024098,-2.71746720001001,-0.220812793077459,2.28334497065746,-3.26459375282041,2.62826064282521,-1.54906842440237,-1.8691277304934,-3.03836232812571,0.0297962743019622,-1.30125767351302,-1.53034999028362,1.91657251617917,0.254667624322805,-0.869005452044645,-0.0895118363987484,-2.20776402274815,-4.03031423035717,1.1516019349247,-1.46886619031093,0.214381373157387,-2.22210430228891,-1.59314002369546,-3.10260976712994,-0.92583978905962,-2.23044230125282,1.64662511825423,0.141041516969769,-4.00301750961248,-3.39990212320816,-1.59859384016944,-2.59906083252718,0.0941289248020838,-1.52582466524276,-2.06491393642921,2.1601150357626,-0.810899358682436,0.408659184524574,-4.73942121277561,-0.0876999836768992,0.902653475334781,1.58422963298443,0.105799857259801,-3.03084788622386,2.84626003391106,-1.46933339116271,0.284441453980443,2.18246969658849,-2.13504802229144,-3.20578505331065,2.73265277636675,-2.1881748628955,-4.17878288003408,-0.754421280179767,-1.65604548717102,-1.51510304277403,1.88165684066629,-1.38093367272036,-1.59817735385139,-1.79696445942683,-0.320407024411264,3.04237886901164,0.135652575725858,-3.78885298835072,-3.1822224361665,-3.62268603779838,-2.92141956431021,0.823104277176268,-2.98769334212253,-0.0778742512553134,-0.498733187044907,0.957787145394784,-4.60060862062363,0.00403052943973026,-1.2204208534092,-2.2175841068955,-0.880996064870359,-3.27322358519553,-1.28478714211687,1.70205097959112,0.937798495184055,2.58348443652357,-2.1137627065471,-5.59273687368694,-0.868918645552796,-0.954379854332661,-1.51814358052138,-2.51413834426105,1.87619332998362,-2.18290867563431,-5.00788164407758,-2.22696563723583
"87",5.3993967298545,4.08452539828005,4.6273384382612,2.7141392115798,2.25901588706095,0.593638765571797,2.02343428758261,1.58432853736341,-1.0913982824841,4.93842309036621,2.55364967798273,3.05231914114831,-0.725941001649555,5.82279927560575,0.948793799158661,4.36375464329159,1.64516649360334,3.51959401438385,4.21986731932178,1.92179697329505,4.47872847068023,4.52522603732817,4.11523146455694,1.57542124772635,3.98218104611892,2.95760874021236,3.62435028888725,2.14462292066078,3.28818942571258,5.61432009608001,6.13795482335221,3.35684660404705,5.99778908724165,4.39438565105192,3.72778692134578,3.58931646352417,4.09807485045305,2.91670513553006,3.12786971668212,2.75455615970089,1.81274376473616,0.752287366563852,6.53126847007476,2.69005279188507,-1.20298308327014,2.50151944130685,2.5179591988491,1.41262563726585,1.85138730993369,2.97177619147875,4.84212981284311,1.3767719870401,4.57657390753846,1.64095282259448,3.69028886205278,2.24795799986234,2.44119410121836,1.77579998404374,4.81330849885099,2.68887269139084,0.608590873231462,3.15238176393672,1.46139031194595,0.267180230204708,0.631079750104985,1.00343914005511,-0.384796447666079,1.0023647765913,4.33325837303431,-0.706563979261007,1.47793458266846,1.84988077004873,4.96973475875552,4.57809381656324,-0.145915981124324,3.6623671492332,6.93607305680755,0.308042726070351,2.01772789125384,2.49758839002957,0.0907796328182888,4.45510905045928,-1.41447146968692,4.0428265996672,3.94622713013992,1.99887517065245,4.7537067835701,4.4603833677445,4.45125132362884,4.82481901049424,2.68466503438969,6.34510901130107,6.65019466129168,0.744615616182607,3.18099028995607,4.00636458061247,3.44226386816558,2.95051711650891,0.891081836499898,3.17614286757871,5.41775694650935,5.01898087823376,1.5381544148734,2.33432031238587,3.26074316269306,3.35996229292764,4.11634986225091,2.82168049046171,3.33206560326864,3.88392192140726,3.00470055561175,0.462994680616592,0.347185103934142,6.4960244685278,6.10685231113995,3.09814408937482,1.17099245997293,2.34424895791354,1.24347733201661,5.80188062292052,2.19125482555236,4.45706603858593,1.24076538901868,1.78541564042738,4.49470673675113,4.27032473655629,1.32324527269542,1.99665987865639,-0.152154229087168,2.91223901931144,3.42604992263985,-0.391225492923594,5.04762816770994,1.31153301362249,1.41339538608732,1.62352121698035,1.92674243134842,3.4917929339289,3.85663130744403,2.8849884184583,3.79308552246936,2.2726031774705,3.56935587880549,4.72945032410426,3.31018167607136,5.48029889443704,-0.533778101628412,-1.46321364711275,3.47123049534876,2.73906253057829,0.415601307931435,1.48890545608135,5.52436705509695,1.73867836311845,1.25344223028322,3.61383890463511,2.79609999922059,3.32604998105122,5.32612182310402,2.69631016493329,2.25191970140795,1.01377695052786,2.55826203653376,3.79522279241898,7.65204222479521,0.537431023768874,7.18527564247343,2.87597185965887,4.48873495601382,2.11838997876996,3.66279920564504,1.52150228844892,3.02214462517997,3.72873147070184,2.06720757544163,4.9474418368108,4.5296121810149,3.48682098621819,4.24384445568928,1.98349680913288,5.05724097359505,2.09448465238136,3.98094810679696,2.08483294214809,6.56649986387409,-0.37294258465351,4.15370201440412,5.44551975468619,4.33477271417343,2.50603394555608,3.37680880482211,3.74303114321073,3.43703281979398,1.9599861621529,1.13233248335668,-0.816154449557743,2.69790351608171,3.16789671893006,5.17530462615449,1.83857473076176,3.85906784763686,1.25036666115453,6.49711194574515,1.97811340139745,2.23519084492656,1.93223389418916,5.49247290285619,4.18117275389026,5.86213990739817,3.95545165265784,2.73174724036262,3.25137903902849,4.10204642660088,5.37924367256127,5.02288306912895,0.032265085109489,1.84203554478221,5.23645801952664,5.41995140297774,2.80324577029874,1.29511155699714,-1.74075153340133,2.66854889946196,3.90935092298965,4.9658521371631,5.36454547955515,3.25313896232472,3.41668272942394,7.10900318760664,1.08918996839989,3.40557251953068,3.48416911398785,5.1377140626957,3.97115169378886,2.07251223310236,6.12778032101334,0.58892258568388,2.77295222611428,2.98729741577117,0.658101631174461,0.439515863356199,2.44049665578215,2.67044195179476,3.1840764300469,6.55809187949096,2.04496247655012,5.08305926446772,3.02402014280492,6.79565894882943,2.76058360758515,6.03612425177068,4.72129760533994,3.85684551903687,5.82941091287212,4.63366390594267,3.64008331160658,3.96963195178091,1.24144284194359,3.68591764580483,1.21088578746762,3.75669603672943,-1.90418658561551,3.86060327181094,5.37166154067769,5.85475838729347,1.96246666086543,4.23796668800593,5.02538724386388,2.52555274549959,2.02098393799836,0.725379489642522,3.7941939509687,2.6917520208852,4.19447017228176,2.14115355329635,3.24256071194398,4.60054172800543,6.39271329288453,0.767556039361557,5.53564019219996,-1.01573786089435,1.13517742124997,2.22156792422581,5.95273752666259,2.73115366626948,2.63800589449573,3.60354600358403,1.92779384169654,-0.301574718872602,3.85551910953243,3.56872894983654,4.47825911879474,1.99159023550144,1.27561620852126,3.34809957472002,1.17638016797238,-0.466089618539779,1.22557472257336,5.11471867657167,6.99614543371453,-0.738438737536745,4.64095057866939,2.4376596903445,0.260669595739746,2.90602585811099,3.4341162103966,0.0652418910100412,0.0999766535295623,3.78302399714647,3.17345563405988,3.6439877092566,1.3423640286078,5.26252779275278,3.59122031043946,5.06241316192662,3.04628987812626,0.447899284088056,2.17982403020681,3.28427521221953,4.3110230726118,3.52184701895031,4.2377784824829,4.52214642602635,2.4155932242907,2.20292687761658,7.45847451262887,4.89162027107404,0.36641670234892,1.15760475945806,2.46236560377222,3.20580769549393,4.96774874066423,0.0773850398416216,4.15556786465296,1.4190393293598,3.23711627808395,5.30981125375084,3.46700127303875,3.12174938201184,3.16719215303305,5.13889240611208,2.47115878844418,4.38409359173576,1.31062950955757,2.41770963450264,0.217551280603015,4.42864344058755,4.52822905589062,4.90140313001233,1.00103187050164,3.60401364293941,1.64677612529828,3.33890825961407,3.90670740138755,5.5178037696766,0.746744303757926,1.31114002384553,3.81389837348406,-2.53388629968813,-1.14466675705621,1.47683370704828,-3.00571036360908,0.820776400806358,-4.68691743962313,-2.61937381261553,0.823633954309938,0.941949268100932,-2.39567953692563,-2.6069345352606,1.25222342720339,1.3836991285117,-2.89896032000149,-1.88080878385008,-1.59743039344321,0.804851914006367,-2.34057942206362,-0.068026931724814,-1.93004216954157,-1.66538658921424,-0.186045047505222,1.54790251997333,0.229194181698569,-5.23082018203682,-3.12942380855866,-5.89698902751643,-2.08910496213601,-0.195159971137394,-1.03032975596349,-3.09457795616067,-1.60499967242738,-2.23601665411428,-0.694777863359673,0.418971440613993,-0.465562863933352,-0.273833245919722,-0.290731096516815,-0.818813360749226,0.824042617791982,-1.79639105369952,-2.86739430896163,0.235999129952973,-3.16723966945623,-4.40393861816306,-2.26854048948125,0.269361680446975,-2.89427543033035,-5.73424245998246,-3.64626447774674,0.450719431826798,-0.806330745687672,1.50436661865852,-3.35219587127334,0.858936269773205,-1.7089619236351,2.14235305991267,0.476184989380216,0.27527951939039,-2.10196590885369,-3.03629323833478,1.20210641046027,-7.38217802654273,-3.84105272007028,0.461282562497196,0.17499440797804,0.562020540072378,-0.776856738136926,-0.368166114273513,-1.25999801157076,1.61677305469824,-2.16757334681903,0.43101844436375,-2.44905818194374,-1.47352204439835,-0.755154424545705,1.16721248152328,-2.23132499176019,1.54074110331493,-1.09744933067536,-0.0508115535941193,-0.179225595783069,3.17870904651129,-1.0735591614734,0.200852393051506,-1.02701234005436,-3.96693624432376,-1.84900444764942,0.830531070391341,-1.27919658145786,0.360929124526971,-0.169771719505513,-2.49995572251608,-0.620287004489631,-2.26235268829052,-2.19587253877464,0.670731929042066,-0.391890918853431,-5.87897616994414,-0.90047259332198,-0.741393819115178,-3.88622680262402,-0.80135299011121,-1.53871687186824,1.76009271587099,-2.71965401431286,0.308039485081328,0.544253462037609,0.552977843631702,-5.03307241051466,-1.10191886921643,-1.69963015599595,-3.64195447335502,-1.77570171644799,1.14769742337801,-3.20607740945336,0.541912173297191,-0.461836945175833,1.77423958497116,-1.56938339075451,1.12894009866814,0.0440778609471058,0.0187855406955169,-2.81936964575857,-1.74298923816705,-3.94583996925608,1.29165194666883,-1.14845019169505,0.864632793430177,-2.55415750585463,-1.06731348744482,-1.58147860160434,-0.103430850774951,-3.66572862828041,-0.173855930747481,-2.40891909413591,-0.969586509438482,-1.61243437719538,-0.110101334940821,-0.471485218571312,2.20288614394741,-2.92326453840277,2.53804028394046,-3.60916859522434,0.0236206574483604,0.704544193474465,-1.59138379841149,4.67548241155946,-0.659142284645841,-0.664069111784821,-2.21706708769773,0.981241551302994,-2.31965366415093,-1.63204800220362,-3.17313666849062,0.136222980746119,-6.57336425173768,-2.08903405450788,-0.577777809697913,-2.24808701087164,1.66812996179995,-2.33914301073833,-2.87166921546255,-1.64913403414556,0.558351366530935,-0.0243108997494594,-1.06631638130419,1.02037459352686,-2.58791804580595,1.99797588161689,-1.44419183065528,-1.08978720347342,-4.40817524772858,0.261168701749178,-0.427050713762155,2.49849276056101,-7.72947318479057,-2.10485216927698,-3.28805346198921,-0.11859911884378,0.254907463185511,-1.78270751431886,-0.0626368961645442,-2.53657223253529,-0.836471986050055,-2.02063884910744,-2.95107080987543,1.17918771684005,-3.68162595354716,0.462461758003512,0.905274202830029,-3.56029961695818,-0.941669521334503,-3.0984101247583,-0.595818214914239,-3.09338916768038,-0.60542736837904,-3.02842232355732,-0.990432781981923,1.53344711979642,-3.45317170681766,-1.45294224911308,1.16892921769647,-1.74288568543061,-0.509719687647657,1.87769792629314,-2.27028103374337,-1.79777128529092,-2.0779657398736,0.42254326534639,-0.566065628456092,0.632918996645852,-1.57893718723342,-0.592116353614189,-4.18087379066533,-2.89080248119034,-0.959589795534151,-2.23953258701605,-0.0748751114142069,-0.275648118623135,-0.918512266399898,-0.0888053891726034,-1.43706186202116,-3.6440386489077,-3.43449178451951,-1.08683118589273,-1.31085150469124,-2.43206916258512,-0.021945878909673,-2.7495803746863,1.02577922058403,0.47995364488836,-1.73199111975268,-0.97803713524944,-0.702488140039246,0.194627960565717,1.61259268043352,-1.61980862939719,1.72752433641629,-1.81076710886705,2.21344793711562,1.88782550769714,0.483474622168887,-2.89064347123759,0.638788033801385,-3.11484519452351,-2.01838593086993,4.34348317705708,-3.88811356516956,-3.45195682875157,-0.557629447271479,-0.897603536749167,1.68203163154502,-5.73810101012674,-0.36890430774929,-2.22547946719837,-2.06516191421723,-1.15436193632397,-2.46918103987707,-0.824690819922272,0.645568844357358,-1.52713551734475,-0.902808124979517,-1.11432160711854,-0.785057661871196,-0.52448403740214,-2.2751627022856,-2.71120609183829,-4.06153852991574,-3.87496692107718,0.680586241353783,-1.58525541322974,-2.81527939342614,-1.35495687306997,0.11060840718657,-0.444053014334266,-2.27557762696384,-0.611003312288908,-1.18920634137156,-1.68036559515967,-0.993558669399236,-0.84536220816302,-0.405872405806946,-0.921674297971132,-1.86317873887782,1.46500281621374,3.27180929063439,-1.79025972305489,-1.58102521207555,-0.155152210919065,0.258412252199115,0.0630853928889463,-2.49843875366399,-2.57878098461452,2.42086811778401,-1.95920628408445,-1.08080731014938,-0.777773411240607,-1.07234806006604,-1.93670630504504,0.857219577829797,3.65566995789642,-1.16911056404558,-4.63806861894846,-0.903261184213209,-0.398867473683216,0.37089499695709,-0.914341962156383,0.3564063100154,-1.52866836941748,1.18690858010771,-1.80397401225104,-1.30046161234809,-2.63992304784656,-4.8014747229088,-0.998984112048152,-1.93111596415683,-0.117593462629481,-2.84056810974227,1.74488832914563,-1.42171489446211,-3.43102205597107,-1.71252524219484,-2.70854129658593,-0.0605300628991025,-4.19331751619684,-1.43056010743938,-2.77524735159047,-2.92797877042379,-2.70788473634843,-4.25007630147658,0.617657966113254,-2.85067785010781,-3.55629106474104,6.11287596341044,2.29806487814178,0.832622126369468,-1.69594699709662,-3.70580457600149,-1.59418128274782,-1.72183314734826,0.494094992837731,-0.80505292829249,-1.57136703248765,-1.60522787506837,-1.73687359860481,0.264965171518754,-3.74974479502724,-0.666890691518521,-4.76404684027514,1.72330852745927,-2.30447011932652,-1.07906285931896,-2.09378210182705,-0.717274915452274,-2.10613686004428,-1.99774777205178,-3.32880060992485,-6.89251120668935,-2.57053498040706,-2.49158220254227,-2.38249727769037
"88",2.00330317824669,3.22515209496269,3.70317514116104,3.89742269400417,2.03727466451871,-1.30165274165523,4.39685043463679,3.42971998217401,2.80164202506323,5.57882005034183,2.63720217170169,2.46288614470945,6.46612475155658,2.1986659771729,1.15336376445778,0.975724964065139,3.2753069599787,5.05213324031551,4.47135997280795,3.11648858777294,4.20745304417335,-0.101864911575647,7.11283659047703,3.49048531833808,2.80409229344692,0.0479399940540133,3.0053562862877,4.06810888156318,5.52898185224153,4.49668869256083,0.0373273960024623,4.64009851249572,0.988677414080024,1.03498216742719,5.32438995677012,0.471213032313839,4.63888463771877,5.6211029705274,2.55884204357705,4.94669953223499,-0.918799398707768,0.81146226607154,4.32529843668539,1.7353604047646,3.18626896909567,4.1135801042678,6.62415141128879,4.90531491725417,5.72199904877471,4.02548785269808,3.81258706440705,3.71032807842561,5.17345335192431,2.15491553621123,-1.38154555655648,0.953253005021044,3.36010148082599,2.42229946455189,1.18025264073825,5.01561322780969,3.86799919445481,1.725629048812,7.37397818790896,3.56211610179632,0.989550158073738,3.23386571641164,5.17639628505805,4.93218720321725,-0.94099469990566,6.45923999793153,4.24666199240437,1.55563251024131,3.03684808467095,-0.0777413569775716,5.72823338943514,2.77155456159113,3.48442565636133,1.91106405292063,3.56954036413096,-1.92059632532824,6.76374966474956,3.18220654373539,3.15504368800526,2.00468194730318,2.31510730404396,1.20557546514792,4.07060216594663,2.26447293193761,2.27707452699609,5.61747766682597,6.43164056368698,3.00562571932582,2.12417262438975,1.10384816967605,5.04874706097409,3.74515599505716,4.51039400843376,5.84397596505024,1.04592540053782,3.7213444245125,6.43602334661841,1.88142357003798,2.13708290959605,4.46385025211253,1.21477364167418,-0.308558070792263,4.98170719590863,0.864854871543483,-0.364973279942328,4.91281543565625,3.56937706170124,4.69919177019966,5.90342170578218,-0.57647982093962,-0.156428567513458,4.11912906558847,1.01706456404236,2.29880649073329,4.22631174226066,4.82657762941008,2.99022054275973,1.04699068687514,6.94817316585108,-0.0123222451052811,4.06889819321274,1.27122508497671,6.85658405738366,2.59647566860247,2.47234758691982,6.52808249570851,2.9318870686665,-0.880642253445401,0.682389728672232,-1.34459168927549,4.14835032802358,2.09489735555546,0.749999914678528,3.39382318618732,1.76464721278232,1.69050729251801,1.16722592464261,3.102941761873,1.1373456496559,2.59511472435746,4.01662582563206,3.44354307154244,2.7723641938343,2.07187784838827,2.25385893945183,2.55762423116442,2.0088237594032,-3.04467100843952,3.15991030916034,-1.67973160496773,-0.3871726410715,-0.659030425248848,0.877865944437876,-1.87791521711161,-3.06319472697115,-1.08707580038292,-3.15518525901478,2.46803088742451,0.311301424239693,-1.28983368642657,-0.955545485454959,-0.911500848978857,-3.46070852712433,-0.954924417029918,-0.345420669309676,2.70421579075556,-2.83453795742741,1.07341281722408,0.359126742957279,-2.9029546230927,0.816057717223502,0.341563540259699,-6.81330413828564,-1.55087289481325,0.521890424080184,-3.25076302486962,-0.233517044268229,-1.46122657692445,-2.26784006221906,-2.53748671990245,-2.99032976277361,1.31233812672752,-0.388374752944053,-2.34104911804253,2.41679299847899,0.0819882341572975,1.19806021546564,-2.87910505106453,3.10731257608601,-4.53565087289344,-1.02215001782522,2.92265971728525,-0.940178420862341,-2.91922740762301,0.357038626636697,-2.79965088294944,-2.68326679823859,1.95267334186793,-1.86123428484056,2.20071338605874,0.685277885385972,-1.91699487791694,0.273491399615013,-0.0830409976243842,-2.10066620702648,-0.353646719730301,-0.360739386514721,1.01275857856449,-1.76257978655359,-4.6717311379185,-2.50656027437052,-0.651728435199286,-6.13313436005076,-0.69222856053646,-1.11820266150009,-1.99235921937864,3.00501063565781,-2.27004366874785,0.332070375254385,0.86455124873148,-4.15611868357088,-1.579367744617,-1.2527876725785,1.66237856490871,2.1059063327585,-3.57263126905131,0.897008033546333,-2.34057835472142,-1.6587130885977,1.679408692893,0.176090955057213,0.327817122880467,-5.09826451917723,0.440263170990474,-3.97826737817498,3.44450802572069,0.265988716370659,1.65265367721344,-3.83624871051524,-0.775996081868099,-0.996217835775438,-3.80397332399325,0.879438774875444,0.957380247044368,-1.72034684607559,-0.90162258631898,-2.62178958053267,-3.293400625388,-3.86965265351044,1.07539413191894,-1.14168005773839,0.892141315540136,-2.07160842465307,-1.46065151344583,-5.51774498961936,-2.51111991626714,-2.79051845693505,-2.89576821218108,-0.349914079619411,-0.063871286431284,-1.2435282037708,-2.80157668521605,-2.28432638756518,-1.42041395705414,0.340264409744511,1.32148985089274,-1.29427594932588,-0.970896061566365,1.94115252859225,-3.735133934986,-2.6681545766328,-2.30155065868305,-0.732031528672702,-2.8178427214018,-2.48483630968478,-4.10480759460918,-1.24967181010034,-2.2067624063942,-2.72150988481546,-2.98012866424589,-4.48978000478889,-0.079766854107397,-1.99085565160446,-1.95159527481279,-2.72647205813575,0.910102840297804,1.15939348082664,-0.522420905581962,-1.09017283508983,-0.780854450811064,-5.52182987960082,0.330960560535537,-4.55784869978699,-0.467612368316877,-3.53612599870675,-0.609768416353611,2.73473061513635,-1.002514109282,-0.319623646120303,0.0250340240457547,-0.382077742535586,-0.444530302433901,-4.64521652144611,-3.10317188126822,-1.63981652211536,-0.80545612141224,1.0311003045052,-1.06017362038475,-1.50715322977803,-2.96128635683563,2.5184929310381,-0.166949271309206,2.56600533301644,-2.02411308301751,-2.97317528883588,1.84217931503782,0.0517961192063459,-0.79293454120611,1.32466221084217,-0.0739468622948712,-3.26227708481988,-1.52923561404499,-1.01287794736455,-3.43850867524614,-1.14205212754032,-1.02356467449876,-1.70284125797848,1.45874702776192,-3.04042890277009,-5.9865360729625,-0.616437957732763,-2.07255963913678,1.03454593649069,1.84416249788972,-1.338245482946,-2.47514900412268,-4.39736652392733,-0.67570244780057,-4.04384676026842,0.0460529692260585,-1.92995465672115,-2.16614369066082,-1.17403178918804,1.20937562844695,-2.51947958102841,0.27735493550303,-2.62112707728611,-1.08205675401934,-1.23444761076707,0.0193516505398181,0.161753404247388,-0.839923096426979,1.04260669894362,0.461497302332563,0.460848028462706,-0.733248071480666,0.973957677812567,-0.725837052140088,1.18026469356953,-3.20852125956339,-3.08068694054276,-3.15279304909174,-1.52979698994878,-1.88743825601243,-0.948745436028076,-2.14017492632799,0.64049960496544,0.296617587091349,-2.73581091614847,0.78237666204814,-3.24254457986328,0.866279477098148,-3.07800113206257,0.935848344149412,1.07335323853129,2.40660897910146,-0.443009294742635,0.782618943577308,-3.2912768286038,0.327055683361257,0.53457208978806,-3.78551702561434,-2.69955666065689,-3.25770957431225,-0.209375968013195,-2.95103173676241,-0.705911950528347,-1.16645867125697,1.99317455216993,-3.24125135919531,0.594508745090662,1.12249810908195,0.253679111802052,-1.13230006012023,0.181356998711056,1.04567348742363,0.32976177335113,2.12965064235983,-0.83292149544326,0.0365376275450526,-1.2625050925707,-0.168888259779412,-3.37309423806695,-3.58865086013584,-0.212666982017048,-1.17794502540926,-3.25401616328,-1.96597759448752,-3.53948469184571,-2.43019843204168,-1.27788966837333,-3.8320342125231,-1.49401504218983,1.87335877804592,-1.38163655844227,-3.4171535148337,0.838570989609397,-0.824142691440583,-0.800837267614665,-3.43160869395898,-4.3075733748219,-2.59288513421962,-0.342409492315296,-2.18121553831046,-2.46913634560492,-2.6664636476176,-0.288737130492788,-2.67869357292256,1.5566753663714,-1.28124867753491,-0.170540078145222,-3.45313971710122,-1.00096167307253,-1.45561123998456,-3.33138622510974,-6.8713168154609,-4.54902936198155,-1.11158060567421,-0.851656072418067,2.00318360405179,-1.22906906294018,-3.49509324080702,0.414017585616797,-1.58025131123956,-1.51782097082019,-3.91253259375016,-0.592209858545635,-0.222412847892838,1.14317532173007,-1.4501143922073,1.60695906973684,-0.608943883846227,1.69837714835192,-1.16700508497011,-2.33315787065266,-2.07182412327267,-1.0387074775771,1.11416636077467,-1.25895955925707,2.48916867702441,0.0526856529874227,1.3654023179276,-1.91747406417567,1.92932441217161,-4.6785944907014,-0.447319461666066,-0.406603340808233,0.28871193847015,-0.443390517802913,0.437455831781916,0.209135772686443,3.97341130582811,-0.117775687322154,0.563172023928,-1.07121786393364,0.28163566222113,-3.56180189527854,0.393092679272332,-2.8363886693748,-3.77215500758712,-5.55162948466872,0.20509412869991,-0.150452418241595,4.16612524763961,-0.121438699602315,-0.55637589522474,0.601335574222653,-1.26056726154161,-1.8407817047587,-2.23715644362562,-4.47745349189067,-0.354099356796719,-5.18778798451476,-1.18538606205544,-0.648409418467486,-2.04565740652116,-1.99924349683078e-05,-2.87435518385026,-0.148862692395892,-1.94551795193563,-0.405512142119657,-2.22044514726807,-1.53704588448972,-3.11499280940594,3.18255254890358,-5.26919114074853,-0.17140480894398,-2.27522908076481,-0.585018724517814,-0.917611237622704,-0.205602830517835,-1.54359314249703,-4.26111547465616,0.447368900446488,0.293319224525775,-2.13763549780804,-2.18174711039651,2.45384155664278,3.59979159655116,1.91713615312764,2.71906836574574,2.91172025286414,0.0590299602060571,-0.632955432250477,1.32237819982712,-0.97956347598741,-0.370725413915533,0.991949182280256,-2.49889262959488,-0.886338140268265,-4.69392989429475,-4.14815126083884,1.04921795655411,0.00108878869990758,-1.36418171848732,0.270120748860884,3.36220304244204,-5.14302929894331,-0.275193959804752,-0.740874680786394,-2.68439370931214,-0.456799995286322,-2.17189997156652,-2.42446751222884,0.083230879640722,0.103958110544254,0.980733743561651,1.41178325597493,-4.89909365368129,-0.433195595097336,-0.645524395875184,1.22108127306181,0.345337010640356,-4.03864941328326,0.30024466362355,-3.95420130391969,1.21483139330235,-3.66424728083133,-0.969059553051623,-2.81157827612455,-3.14263827460994,-0.667447568843052,-2.8320592315282,2.39403596541749,-0.459421870924219,-4.59588956679354,0.390987580697601,-1.80296346721426,-1.51265161195893,-0.359880289086095,2.3652071553791,-2.16570015596685,-2.32031348889504,-5.81588916644331,-1.9787722552232,0.99125551028707,-4.55478264199056,-0.702471659630529,-0.192293848032712,-5.54962591500198,-2.49451299531366,-1.57052088531051,-5.17208478849159,1.1428554367861,1.70610030583265,0.733924181075731,-2.72668734098775,-2.380132803045,-0.463964277901514,-1.93855344460929,-0.761854719804908,-0.244041304950105,-1.18434991371733,0.765164891402992,-0.0585827695403655,0.728288603054018,-0.882632404389502,0.288446932184375,-0.892468749627314,-0.61088391875005,-1.81092401885773,0.47990503278875,-1.24841786399266,-2.54806850563556,1.52498926175939,1.09433328823819,0.548432576956569,-4.32610985967502,1.00618046002706,-6.06297156820023,-2.47994238495807,0.16784018716234,-3.55146619740158,2.17995061645754,0.961123982178659,-2.32441759656954,1.22410466664703,0.621059682549155,-1.91355285705516,0.835494564540831,-2.09918579039302,1.84943143663661,-1.18862968857538,-0.874856403256698,2.19803247907913,-0.768842009776859,-3.00440106906034,-6.20224643424974,-0.765923976556793,-1.17773579751605,0.801595492589492,-1.09306429560276,-0.585703959756189,-0.0473417213632523,-2.61099849449967,-1.78539716037144,-2.36762503054174,1.53340314022458,-2.17859108891265,0.95792572291463,-0.651971864333514,-2.58884164078362,-1.89050432259871,-2.76793645940012,-3.05561012803467,1.9058837065534,0.101818232408458,-1.80100838825723,0.750403716399542,-4.08060254890171,1.47622697328998,3.01746458008584,0.249994749041238,-3.41881848877782,-1.41909818410802,-1.19772745616861,2.10720136523475,-2.95670971863985,0.154044592127289,-0.971850280315496,-0.113487742577751,0.556302794781452,0.618680937749127,-0.455098162532824,-0.042088601273085,-2.02794134108729,-1.76777264467474,-2.57795650681981,0.871382961975324,-1.80047366538862,-1.82893172929707,2.9293700162008,-3.16569410886307,0.928655270672055,-3.189095467928,-4.1059900953597,2.22719653652135,-0.0916215067440447,-5.71858134565363,-0.344002044043984,-3.07158128696251,1.60097304256991,-0.55187174414909,2.50525724146619,-0.809942459128514,1.27816867057836,0.14851100869639,-2.88563769349112,-4.33733656450062,2.46145181578906,-5.51297794059768,-0.863714596177571,-4.87377671402272,-1.21442967248795,1.37574960137943,-2.56355973749062,-3.25295473593318,0.724919979904349,-3.84621835555471,-5.55431724326906,0.229642922795183,-3.59202285578638,-2.92238302087029,-1.93164659612088,0.896460929700882,-0.00800688060700094,-2.06556445842046,-1.16816988269808,-0.265798562968484,2.62854892831754,-2.92485937045636,0.752576366017967,-0.0883141906515681,-2.12103739848045,3.13967234256096,-0.425365397116896
"89",-1.41734357679605,-1.91651257125114,-1.50083659776607,-1.13595982974451,-1.30841390188076,-3.3268601856861,-3.78868293880173,1.27348135168431,-0.405587815911145,-1.64345885619362,-0.598538248882763,-4.01091671977992,-3.83128366982217,-2.963383374068,-0.220364539746959,-2.45070652355291,-0.761070200227538,-2.6983842314488,0.844838946658411,-1.54043204000958,-0.855546562579548,-0.318998724514596,2.26755148930142,-0.317225194901437,-1.68551001792913,-1.19125752655602,-2.20683130873083,-2.92981311948095,-4.27687496606514,-1.88478010475512,-1.8178516642035,-0.790484228288512,-2.61317989684348,-2.18344944720921,-2.67394439156637,-1.91823338844758,-2.39668824449806,0.0627809670296038,-1.49221315390193,-1.74968915843567,-4.38020546706514,-0.316682750071415,1.30616899793855,-0.530708136017855,-0.899950372123239,2.4169145493538,-0.861121737657094,0.771002698079192,-0.651131945219207,-1.45043655692763,-1.65005179991493,3.37677884244289,-3.63900385088867,-3.19833195537614,-2.17769699089458,-5.5448400234107,3.99034618287984,-0.382400798825194,-2.70093368965151,0.496857875777502,0.46633937376217,-1.81100131199271,-1.61189989474444,-1.6259273311372,1.82088309138427,-0.126902223390449,2.23425290935079,-0.368653654985829,-0.604528150482699,-1.06457986183628,-0.761461064386738,-0.3449388989531,-2.33479329097192,-0.804895529726625,0.170933151725823,-2.02330553880334,-2.62084285024868,-0.930089900440395,-0.114336189908772,-1.53538718911269,3.98789141909057,-3.31822324626987,1.08432396303755,-3.84477350787248,0.188933193429226,-0.842094093160333,-1.84667114939798,-5.48990876553214,-1.46867094324919,-1.72021351956179,-2.434674632768,1.205364714804,1.0527801987599,0.0910791754493929,-1.19061697665561,-4.57007124288776,-1.20067654867226,-2.34898561725433,-0.459474714872982,-1.00031785686729,-3.126639197599,-2.3995760960363,-5.10568474992826,-0.757896331990685,-2.85932161498249,-2.26484261723579,-2.89813011182421,-0.820675360236169,-4.87772881529748,-3.24482589821958,-2.89160263181783,-1.26390961065928,-3.52000302674839,0.0158750998243316,-2.52240339060662,1.91260697084288,-0.451837581975385,-3.53544825906156,-1.19133679546615,0.0277946578068904,2.59759761991257,-2.05467005195997,0.116810958397327,-2.13763219458483,-1.48024225271897,0.140755387839557,0.010078704277918,-0.928515494890787,0.489298820580348,-0.259848704617057,1.05836568544995,-3.01354593354132,-2.94889748212838,-0.993237439754205,0.120732721977631,-4.02465064472285,-1.20808631784949,-2.92146403303145,-2.98144261409157,-0.0463021456616786,0.976446621753914,-1.60561888940598,-1.35738800118296,0.37049953416984,-1.45663915187479,-3.00778709742103,-5.32099130003527,0.0388214212010887,-1.2507420299867,-3.61565476691487,-3.95838015661479,1.62296745839535,0.231138448633383,-0.0411150488501137,-0.908895577753549,-0.420108387971792,1.44024091488428,-1.5273802208711,-0.970479450052998,-2.84280024248932,-0.296831958822808,-2.06004480754449,-2.12178820058316,0.700477385252445,-0.668898500510338,-5.1635359402236,-1.15941123884343,-2.11540050723729,-3.19630964366168,-0.453179717432676,-2.34423957077409,-1.93358347885428,-0.639131775646787,-2.68171133560825,-3.60001359142696,0.510795896238357,1.67353716761068,0.853335117012472,1.53714869500775,1.25366922508885,-2.28926868995904,1.32232904280855,-4.38941640004027,-2.43855434141655,-0.554239205478393,2.09067666135777,1.65312039295067,-4.04053716868286,-1.81843383670402,-3.2466109752122,-3.46313468413811,-0.467177503887941,-0.897383325716645,0.472145541560194,1.64826695952729,-0.868552291126735,-1.75732535864602,0.083391470772809,-6.20537032899467,-5.56761815745421,-0.977488847961216,2.81211768057429,-1.45480820339125,-1.6937691533298,-0.78298841876855,-4.31709811226643,-1.87583819369788,-1.49738112194008,3.30105178509037,-1.58351811106829,-2.44372616747694,-1.25167438860533,-0.404869451339286,-1.50373100892407,2.13430247469275,3.14332956050787,0.838676117501499,1.38386369967824,-0.442198951051764,-4.53737390778668,1.06543715983672,1.68343862921285,-1.15311752334539,-0.569347089785044,0.130924414732727,-0.887675462593753,-0.676508098268339,-2.30590263605826,-1.55790241714884,-1.12493181497318,-2.25168622284694,-0.00656082802645541,-1.99155666609826,0.765797660258791,-0.897731464422469,-2.82512407897894,-0.582139691439151,0.00419849174899567,3.10875014798391,-1.64405704063924,-8.60338274976669,0.888966424578247,-0.512015647658759,-2.59684662334235,1.69106609217103,-0.671535522240701,-2.69424034663365,-2.96401196967451,-0.976817516658245,-1.3997394022952,0.833848710169329,-2.63873767996694,0.754761511672584,-3.03394116284809,-2.69169697695808,-4.28908020916744,1.51193256476954,-1.00381880667496,1.68268537623769,-0.147305066090743,-0.360884613004471,4.73321551084939,0.268048406867947,0.842815901155631,2.36766035158965,-0.685567097697709,-1.38220266992526,2.17696656397598,-2.62260681203739,4.29887278391416,2.40488946646616,0.327939441887217,-0.95931871357999,1.53296180875268,-2.88875090533567,-1.75425183787343,1.30157175642248,-0.0825038835850634,-0.917002561213208,-1.93708965057585,-3.90650018492629,1.76541888413812,-0.484081423631704,-3.1413527642809,-3.4397533765172,-3.57857709858827,0.86030604434572,4.86475457390513,-1.58547621470939,-0.133192954730995,-3.03535908180133,-0.29269695252229,0.435129946060518,-1.43419022137706,-3.40929363730101,-3.98315584494392,-3.9415021261831,-1.08781363427783,-2.04403374723352,-2.15955727571548,1.95788422720144,2.02319893782024,-1.37821218119527,-1.68298963301062,0.140547194019707,-2.05895488639893,1.25532365716076,0.572609131892479,-4.79023292155557,1.04640866324002,-1.08750528937815,-0.297551639243388,-1.45387428417017,-0.854652514091901,0.423697352044509,-1.20947201306998,-0.862414601241569,-1.17374227299948,-1.62692616532755,-3.45752786110794,-1.0029301602755,-2.84054372802377,0.944097474750957,1.16509782995234,-3.54914822781849,1.17863239592131,-0.227473187978704,-2.8850405641982,-2.73524892890446,-2.83928458753229,-0.902645574360031,-1.61173450953626,0.899062241536564,-0.8592400008969,-1.14491193231494,2.38996799907469,0.125412589864049,-2.4694721435927,-2.10696781249403,-2.46829194721875,-0.946519381296896,-2.98398568268023,-0.387645814879974,1.05342652334464,0.896470595616054,0.654176123610407,2.00811996973273,-0.664836358294804,-3.94156788621177,-3.23501331469316,3.11343185953642,0.433383978834079,-0.520157011543653,0.712329571183699,-0.371993567620504,-1.24906973681876,-1.04291427191014,-1.16836240320995,-2.14834315535455,-1.62967387739191,-2.55661162421469,-1.5659961692641,4.34377174110206,-0.701300459557611,2.72254004230612,1.52318843218024,0.319824437101679,-0.0360043233020935,-2.37100697448737,-0.690504531368235,-0.0727564141569226,-0.14727907515329,0.168101240345818,-0.60273929353894,1.44873686896678,1.1298321916793,-2.44705534881888,-1.16881613702466,-1.17414300816964,1.75248763789416,-2.65987283544124,-3.91568704658009,1.51095133146446,1.15555955519871,2.01174701537438,0.0193491234652683,1.88456026469217,-6.31764444549071,-0.965874550198424,-1.07407272769248,-4.11371958147204,1.35053855283007,-1.46793680969066,-0.722419551772673,-5.31546291492979,-6.86324424589616,-2.49053875291758,-4.51011449169739,0.466637845761863,0.631963252732048,1.48351603063976,-3.2654792831416,4.12372866147142,-0.0556693266297168,-1.32369431842706,0.564086168067734,-1.45138772853362,-1.46507352078907,-0.0597439811199739,-1.39756652139906,-4.65954061388077,-0.163907237415072,-1.06032588827454,-1.77324105647485,1.3928294526948,0.384161921054414,-4.01035098494665,-1.29695717700216,-6.17840806693917,-0.843447425654917,1.03866653162298,0.134804692407486,0.526214436447494,-2.0367311920843,-0.791046146839094,3.56100414974702,-0.839181060135602,-2.40843564156059,-1.89401055500784,1.37650719858479,0.214255945260901,-1.98765781354795,-1.62610650654601,-0.0620482999438785,-1.60862152393856,-1.78173431260539,1.36829494040688,-3.08417693018518,-0.147332994043827,-1.15407891129408,0.433329335277759,1.13532272589486,0.360047855897596,-0.0901929516989092,1.16739865153656,1.66532372435916,-3.05234748670225,4.59066011932603,-2.28909823399774,3.56491707228669,-4.25210363980081,3.33457161130728,1.40058487734052,3.08379941615097,-2.20007262421183,-0.292763796977375,-3.29505860602505,-0.644628820114241,0.796411838980909,0.0602496635569996,-0.949649100449981,-2.62114183994419,0.884494154913254,-3.67622786683729,1.38457611533203,-3.4532778197505,-3.59520186173291,-1.02346432255126,-3.07498628286435,-3.61604933483471,-0.485625330165295,-1.57725144273261,-3.13590708664637,-3.32601910712649,-4.06172595942402,-2.3037006384451,-3.033800556822,-0.599713180220709,0.0961747456277084,-0.828476218327575,-4.27853508226505,-2.40831508299416,-3.80999497632988,-2.92465769053387,-1.24088402653068,-2.73573088209874,-3.25154971571799,-2.61610681517766,-2.5712116117898,-2.32732173470404,0.0473781760414034,-1.19930831281663,-3.63373058158176,-2.17437094483816,-5.2113419856063,0.618580910329356,0.549022812981746,-1.03428169528072,-2.55426084983191,0.798814649118305,0.063399761174139,-0.385268544427571,5.52132199514579,-3.94580548508168,-4.71952931660015,-1.2976848598673,-0.0149724372681147,-0.354960335717554,-4.27061397686567,-0.121488626566245,2.30840032158692,-1.81340791353315,-1.54656003741624,0.575062747142061,-4.26802528381242,-0.782100286352813,-2.26429691440278,-7.00917700726817,-1.41008476709187,-0.378844524459577,-1.59976781223086,-3.57831396370312,-3.75716348438733,-0.334588071911217,-2.20749192568565,4.12747862852581,-0.911918785867083,-0.56581104571013,-0.76082228185704,0.432012060135746,-0.243702491154159,-1.72420721827892,-1.86287764515744,4.05526040398926,-1.5263484465661,-2.75291857853881,0.955777442230777,1.47763032549528,0.200571158530316,-0.808843118135176,-1.46037671115943,1.18339206650926,-4.17071122630486,-0.48261181016986,-0.584600945376346,0.884723493492702,-4.47822557105257,0.526546378999766,-1.28159734921492,-3.98946884449153,-3.82295855379385,-2.12375612729481,0.0161264348302665,-2.29084797023566,-3.17976161312959,-1.912366568448,1.14259784767866,-0.139900601938375,-2.37458026411557,0.850998768635527,0.473052753549481,-2.19620675816628,-2.63903782207539,-1.618075784917,-2.63575261866306,0.239633632932545,-1.92520162915267,-2.05644068150692,0.348796930655229,2.91837526477345,-3.99059922037969,0.704527314500613,0.698805698993361,-5.25921809417791,-2.67237624663386,-1.68593878692816,-3.76706764688123,-1.8809282952238,-4.52497052032266,1.41521574037736,1.61205206166642,-1.80886430168237,-1.74407336360889,-1.86938047103647,-0.638652758459487,-0.566368697712858,0.524311373349563,0.120185911734468,-0.570502891386378,-3.5033692334515,-0.064034282857267,-0.598479562868706,0.427253552084348,-1.2536186736502,-0.116137629321663,-1.18039619069018,-1.05053473728065,-0.865233668856151,1.05742915043749,-1.61530102554903,0.656958668616101,-4.95127110335436,-0.519327602825087,1.54300027913511,-3.36732012084809,-1.86087104211685,0.671088659552202,-1.12877045783665,-2.47220166495661,-1.61034822467083,-3.33086376096994,-0.854799282030361,-0.117145722105816,-4.15861151464045,-1.93505241751201,-0.653125008304954,-1.99835953360494,-2.68630565553589,-1.03175737815214,1.4660209384715,-2.41462033600642,-1.33686029507051,1.60310788833221,-2.8110581710053,1.00249464021908,0.153248475840103,-1.76465945641216,-0.494052559765341,2.51658238799671,-2.22288437824434,0.207097790901092,1.42648536249256,-3.46771222617354,0.610105298975899,-3.02221268156428,-1.4464806647761,1.87890184755615,1.8923715838779,-2.47412086863785,-3.87865833393394,-1.51056711313531,-2.39778884346931,0.683229036772573,0.660949718369442,-1.34640572791574,-0.981801827490457,-1.69519593182805,0.524561437796569,0.609290893371442,-1.91845860232298,-3.56696117614297,-2.2326320592192,-1.87810310098903,-1.40022561879238,-2.24253294583967,1.23381834048523,-2.27718680071793,0.242121155970004,-1.64963308170532,0.637389231885605,-1.78284943216879,-2.58446574352419,2.27844979491044,-2.15471040543885,-0.605082250620713,-2.85357896468655,-3.29277139111045,-0.632640582457282,-1.5876179261154,-0.556790470710813,-1.73792737962276,-0.231964071947135,-2.49634598676764,-1.87547689008402,-2.28040488977958,-5.71804372484368,-1.69116428435298,0.513189905987963,-2.57694941836873,-3.4439179750973,-3.63059665375126,-3.3308632685786,-0.0481024073370268,0.49826123872168,-1.80926749797098,-2.93562660313004,-1.76012496646304,-3.03564083386089,-0.21390017576853,-0.577616449298033,0.874525143023874,-1.32498419133064,2.50476447079967,-1.90938382525282,0.251602227067403,0.857793102107802,-0.82295161721267,1.8186018656067,-2.07834186541563,1.10059715490775,-1.63347369579459,1.10155355991866,0.309033939483362,-3.03193979884342,-0.0753366438281067,0.805196038626826,-0.535323557527414,-3.59371173900438,-0.56069533162154,-1.33144783585173,-2.35906524765218,-0.200502913409186,-2.13797500650941,1.49305610300727,2.64835100225322,-1.60849161400315,1.26318425218191,-1.59927344016098,-3.80457049880549,-3.30303395014645
"90",5.06298678378945,-0.519381096827869,0.0682532087582524,5.30998244017966,3.75241597280476,2.12520800975699,4.48474168425152,3.64134112062948,2.66332355849093,2.95838967072695,2.38957271974535,2.67758898689202,2.61039588758235,4.62237827363773,3.88790737610496,3.45105954721592,2.78053534044547,5.69260485574837,1.1898725755499,1.6712890768906,3.1770235320513,4.65680719209337,4.40395350094209,4.19111168550085,2.52321798650494,5.67490164026385,1.59267874156489,4.49199619059203,4.86858912409529,4.06184412728935,5.07370856654036,1.16742361180679,5.61907524423151,6.77772462026956,5.09940396808586,2.52514556982194,0.664862677074527,0.839354858102234,2.03491292417208,2.16665635222237,1.18999116692693,3.3906833530466,2.75927905671373,3.64076386138328,2.65315733613942,7.9787945771938,2.87678926337764,0.765113305420025,2.8379755342349,2.90312759366948,4.93385425380147,1.95627573658581,1.84311895021285,5.48502538655901,5.94086577992549,3.92885777895673,2.78806838582478,8.63662125465355,1.71105411517846,4.52188915734757,3.98387175128267,4.97142702322704,3.01970239568805,3.73189972539026,0.978165708385923,4.88978135854788,3.92764604718696,1.39293838309129,3.70664179579776,3.12507056840754,4.77501856944271,3.14903279776542,5.22660282439896,1.53396302817211,1.21324748611393,4.21990832481336,1.18824107703158,2.37278978558532,1.71708216189327,1.2025569135587,2.9885185616179,5.61227602614344,3.9837011739423,5.24552662058581,1.55469388764724,3.05063244837781,3.1451275199549,4.33033444857804,5.69974485302854,4.21113968569495,1.83249683374592,4.51838011102427,2.97883990461702,3.26952935966237,2.48348356694426,4.17156918711746,2.52530711978321,2.90379721189197,0.585069077755125,2.35951653814187,1.89981822417107,2.65567690418753,2.74742268380641,-0.291029643476625,4.59514235666153,1.59421489925326,3.82188938125767,1.13512381627629,2.35086768144073,3.08553428181854,1.26606230850535,0.372840749437246,1.69966073321103,6.22248609720093,1.7368883277924,4.62557775169247,6.33684919093627,7.19898021919603,3.32219398880973,0.104744157508851,0.0147813125912268,1.36544879408025,5.43495808917074,5.48296551596403,4.07615140792354,2.86222412963014,2.90004075466724,2.89854032960701,4.19043875488318,2.46925409600281,0.397115417639566,2.27331816269677,2.03030575204644,-1.48784706841184,2.54374023996027,1.1667322431694,0.952049498678588,4.34245475869443,4.57324195689122,2.18150097768237,3.71092819650402,3.10975119472604,2.77034272829218,4.52283332634112,0.317364784114442,-0.18162624953972,3.72977345260237,0.60188605361071,-0.0538109123382129,3.74797265973994,4.12116113714436,2.17788944121786,1.59128827577016,3.09567249224419,0.328290490474884,0.3839467986148,4.81032846899289,3.92552442181077,5.3349388985829,1.51640937666848,3.28380964922308,3.3645193484951,3.81001928287885,3.08988974603473,5.47973203073422,0.486900139810974,1.40678860857121,0.171696470820551,1.1758763087635,6.07281964069887,3.02080186161166,5.57392945910917,5.72007952443373,4.48759080938804,1.79780509003903,4.52209165484832,2.76495369577737,4.18622601062237,2.84463891682224,8.6757845142724,2.48449642608976,4.86003919198637,2.47119645609646,5.13714552074958,1.55932982192875,2.14610606800679,5.21240304399296,4.19275722139587,3.1168759219087,3.68044434901458,3.87085906570324,2.92009416822426,3.77709235864672,2.48586288953908,1.97809729402808,2.80909203723757,0.0378938875529919,6.84369334637781,-0.0406542329473631,7.56818309468115,6.56555544222659,4.9333297628491,1.83578578015542,3.24444975496187,3.67950165529463,5.26010955316707,5.28773965670852,1.69288758440097,0.302544999526447,1.85838200944705,2.37946883587703,0.354066191468126,6.51917686448634,4.56509177273162,3.76314298867895,5.72041038267814,1.13236499325543,3.6271031418934,1.521030918328,-0.162581788728564,3.51703181826332,3.73897338127698,1.38333013416409,5.11845503882504,4.83982533993824,6.34319181434535,3.83003764106806,7.38787438916538,2.32231825203888,5.47288294892992,2.14727529620388,4.26753738521846,-1.57493498356766,5.96554083253754,4.50157744485595,2.7801906455705,5.10878994200692,4.0462631844241,2.43377131598609,1.77386642980911,-0.739298033066741,2.2360073961866,0.126170505559246,0.0167809582079261,3.46278579637971,2.44277258712718,2.21887774916186,4.65886321648217,2.78729890243026,0.781867734954361,2.43449897626554,1.45711596312037,3.4746083141443,4.10588195829266,4.39093999875437,2.6582707930945,0.563837637805713,1.76285787385857,4.73845829894221,2.70764647622722,2.31595403307528,1.43403175583385,3.97997349802868,5.36776673817232,4.0455122745316,1.33002480533273,2.28555473477669,0.644862841410395,3.53010494834045,-0.017499918511767,4.09558045397915,3.81754941609294,5.4935572707096,3.53484933866888,0.437249685596605,4.25237286381428,1.77201361564211,3.24283274591004,4.21312308219442,1.72697069828585,2.66303499725857,2.65974037305882,5.90252742207768,3.11254568435758,2.43024564503869,2.45548480309618,-0.111988127793551,4.65294300090745,2.10779173282937,4.78735004354555,2.07941065480679,5.39952769992634,2.51360430530229,2.84806354022158,0.543351520238981,1.11424582073592,4.59114232684622,6.93007148817063,4.29392960287275,0.744684540734613,0.771046977602905,2.93791522594327,2.73114170073459,5.29993282681934,3.49070851275942,0.200025120126563,-0.224255229473083,2.27062379923981,3.24993354591867,2.70855418176657,2.65842703723083,6.15006589495341,4.12790452780945,1.72805846200287,1.95309087890086,5.27064104123055,0.747192390099603,0.00163770081433956,5.45325902330273,3.23803826657518,1.10900488669517,4.62025865488673,0.960258295769995,1.61049947973582,1.77282479908462,-0.153912131564027,4.28546530141926,4.02257117908168,4.20634059753254,1.73523275026104,4.41315444332838,1.97894254728778,5.96108534133176,5.29656846868415,2.44265432354129,1.47733806866119,1.41385729459694,2.13003376733366,2.42814612451136,-0.440986514272387,4.95852547726465,0.904621106579052,1.89091386506406,3.95168380165409,3.24689747759381,4.68893132083811,5.49855559164966,-0.181636588211342,1.88706155005171,6.3464461420367,2.962243843868,3.53305257320025,2.63260273543507,4.42651165572211,2.11385336988671,-1.51219050698872,7.79455924356921,2.71758874291418,6.08354574538111,3.30233642802415,5.58014849309924,-1.80820282770283,3.16304221782063,2.0562383418765,4.4329381925416,4.96149331076633,0.319280206725312,1.59914389996684,6.43763186460781,3.65645736258433,0.724964122096452,2.86335529632381,-0.0777529188151851,5.23262222342096,4.22847542812702,0.282074000189033,1.87337512592094,2.83567502272406,0.95871124892812,1.19535681846569,2.90991597706385,1.43818975373901,2.20280579858516,5.39204702486704,-0.946576408651304,3.06256835014621,0.978311090595759,4.30587484215321,4.48141163870836,4.58466293217605,4.73661520861232,3.15534805610994,4.74919835265276,0.795168397200992,2.6539959542811,6.36770047966156,3.18628583021488,5.71178987891641,2.28617770018774,7.515123737413,5.64048930041165,5.29155996642889,2.37450779957953,3.29162174606937,1.55905911982775,2.46902686272482,0.682655685620105,3.54184272530444,4.76788307124809,3.74155888293096,3.68585292945173,7.54091382042905,2.27190497414546,6.67725348196746,6.85283101831129,5.13750880212251,6.43544982441973,-1.13440523822241,3.21296699951749,4.53516788077556,2.58969662200954,2.53837418914856,0.827258890649154,3.38465050832925,0.448112842063471,0.244356464928947,2.94483893709513,7.0541111222786,3.41202127754239,3.24299221702389,3.95621189342191,7.79328318977871,3.74446515024045,3.19868021745293,0.0126230545388981,-3.51804357217577,1.78780928582634,-4.06520022121697,0.154624615040535,2.22785575363706,-0.367201269684161,-2.2296928306336,-2.75043432769336,0.547996902056131,-2.57171623113523,-2.76918340351095,-1.76874786182938,-3.7501441495294,-0.936162271409246,-0.671341590495739,-1.11979876107637,4.06478610819819,-2.74242991717102,-0.90848312137792,-8.1875105873754,2.27543790435234,1.97355127041899,-1.16213637307665,-0.637468099572918,-2.17928002218634,-2.65322305252774,0.605817697744618,1.26269522938082,-3.62309749965998,-0.00717454228977465,-1.06864372236188,-1.86653223149544,-0.594765097168706,-2.02622848111139,-1.1221175489741,-2.38775501720178,-0.304166828756188,-0.273111919616384,-1.57119678706497,-1.80678136270555,-3.01126722995991,-2.95550774903229,-3.60198227649593,-2.20579428865617,-0.119866918500579,-2.54488014499186,0.78878285505612,-4.6268391511759,1.00997519534667,-0.706077247130597,-4.89616364097308,-0.231204357014837,1.76261474404656,-2.074484470155,-4.14036903636497,0.0928405960600591,-1.91940302360962,-0.47835729394309,0.219646276210437,0.680488495185411,-3.4449438260721,-2.9636592974065,2.53150583004512,0.0182967711779689,-4.38358037879733,0.0555902574077369,-2.98874075490627,-1.29966765335686,-0.584267720999869,-0.88660172022758,-2.92128838742236,1.6895451117546,0.234031454762212,1.57399008849029,-2.41325231276255,-2.61593597676375,-0.0110077845404397,-0.0335842741459137,-1.04605894285975,-2.0138145210436,0.822394433060052,-0.506515311753863,0.696675374605105,-3.35749823944045,0.746008355104431,-1.51657538095456,-0.096888144033908,-1.42704387000136,-1.8280257516671,-1.36060360623613,-5.4119372871945,0.0165986801693285,-0.701097392279083,-1.26583916567321,1.74541897779603,0.741224097472168,0.188926816749061,1.77513710888582,-2.61356495329055,-2.39791368417563,-1.27076861692407,-1.81074139376095,-2.03280028369161,-3.25374970802369,0.731398907803533,-1.19419985289672,0.223028299293756,-0.582522212361798,-3.48459175362105,-2.36533005585348,0.019323523127369,-4.1287624664044,-3.18587473959259,-0.492814330411911,1.05677703894915,-1.51999149467777,-0.736884213968446,-4.06831237312204,-2.51342114481354,-2.26978847243342,-0.960824828317127,0.610455503030412,0.223290762988319,-0.121974736113478,0.666897183876343,-2.46602018964049,-1.87036816165712,4.09247256923464,-0.922223333437651,-4.09910573999193,0.587764379224992,-2.15247375804308,-3.4339752498529,2.01268261527227,0.307105330658669,-1.27905102397519,-2.04153384045484,-0.592100396933553,-1.56930951004866,0.0695025879348923,3.50286231503932,-3.26129939630009,-4.68530636345558,-0.11237379783443,-0.121894757792343,-0.193480550303875,0.534478116493836,-2.73280459858364,0.913462595964276,3.81137504270486,-0.924217217171595,-0.727934338959827,-1.88029634662441,1.00368832404208,-0.140024153234023,-2.52679161989351,-1.56565801013928,-3.85795826368317,-3.40427479002442,-0.0694955171898269,0.254609460854687,-2.19529834672077,-3.13192409075337,0.823177457352896,-2.5632278874818,-3.3705621244808,0.0319220669008429,-1.59288662188246,0.755870665566707,-3.22090453622127,0.539013903048412,-1.89814827566449,-3.34132484457694,0.0993250942729447,-2.10598778790168,0.17373687573184,0.0918521580711256,-0.021563935300549,0.865869946355298,2.40236223306631,-0.934751374735281,0.862176471592507,-1.07780719463986,1.18597493546448,1.42318949916557,-1.98902816360671,-2.88694883123124,-1.41915291825857,-2.44394794735817,1.50443821619154,-1.03133000287792,0.654004941247214,-4.45106552551117,0.238160624601327,-2.14621870591076,0.173075313773829,0.855558018938108,-3.90866383260437,0.445565042391663,-2.03450895718452,-0.0263012510114105,-0.811895799407403,0.0479747830888322,-2.30704539509465,-1.17540218237685,0.347387409892221,0.38490561846574,-5.06389304416012,0.293874066387005,-1.03345003137199,0.0147049045244931,-3.18917118810412,0.286478237069831,1.08200935874568,-3.36936536036996,0.402791879448727,-0.279395002747799,0.158873706797144,-0.878291259271448,-1.97624456860895,-1.64391284840118,-0.962073393791445,-4.33208113536345,-4.7141684237066,1.28546401078839,-1.53472189219365,-3.80346038879272,-3.35732960669846,-0.482394410038227,-3.97320845109673,1.73710123025558,-2.57607243397995,-4.66034789796745,0.70629080069295,1.68700176378216,-0.310317816419869,-6.050281101228,1.02003163223926,-1.8519613338174,-0.889540670792536,0.389982955617814,-2.0449812185644,1.27965534298098,-1.49087595131266,0.378135661290141,-1.54071618533619,-4.34427499503888,-0.327886840109862,-0.48232541429162,-0.489940568613313,-2.19805095097845,-3.90959024036822,-0.976059895631063,-2.77881803357624,-2.42011308057682,-2.52456303132922,-4.68572484011236,-1.21067773339892,0.165070693978918,-1.79714322095557,-2.73201581800088,-1.93557687109305,-5.00225333852651,2.73672878278572,-0.034589664610299,-4.87016845751242,-0.0230125175077519,-2.43750306755171,-1.59338975898683,-0.952121247140086,0.902125425137315,-5.41768931093664,-2.82571717857903,-1.18898287086057,-2.65569653435323,0.370744840824724,-0.676115705109956,-0.772322222658347,-3.57593944998767,-1.85158390916452,2.24970865082713,-3.14229829914292,1.40086309880522,-2.99046883953428,1.86359382719987
"91",-1.30584072195067,-2.38096161925717,-0.0986338485540099,-3.09511020630984,0.206050263632296,-2.71436698281711,-2.66804185115088,-2.9314205785881,-1.04602794471679,0.29655892816636,-0.774497937525284,0.416821300088713,-2.1229663805752,-1.54855397270789,-4.31952761192049,-1.16569027288005,-3.02181015847826,0.12711806295383,0.170143278680686,-4.70430498598316,0.755265987306884,0.569208957403927,-6.03279920828774,-3.45039923036121,-6.07456929412853,-0.735872048739808,-1.49386404087426,-0.0985641719165367,1.81760596736542,-2.9315104752195,-0.0352036004279977,0.660178810293497,-1.0516937581267,-0.188313426915302,2.81564153081171,-0.690731438795592,-1.8013765839731,2.14102769243178,-0.925057017633342,-1.62608586365537,-1.01485688683747,-0.913839038374068,-2.72038471674601,-2.22683362154992,-2.65375711718694,2.12968133085093,0.321714525932713,-1.22875259357187,-3.6467021219082,-1.0050327246052,1.02813644637674,-1.22811986008697,-2.49476359603914,-0.786337944604069,-1.26797998958653,-0.800019890387791,-2.2545544380619,-3.87475934483519,0.0161986534899825,-2.21568269884269,0.0700435090282705,-2.19917505608499,-0.233269185419439,-0.406941481962821,1.38156001287023,-0.695113937323378,-0.201666185048544,-0.684661241523165,-4.87839370334386,0.449677799448215,-0.411914825822186,2.2414358638626,-2.28942785081612,1.09794945596687,-0.836189470449078,0.058889030297397,-2.72533582580336,-0.99457545619885,4.73480527340104,0.00841345640914803,-0.235722427677758,1.31493078382798,-1.33535353957515,2.76487017467469,0.636664163144127,-1.44473404995659,3.0662906531435,-0.817572039121929,-1.88810428642864,-3.2319389207174,0.177170436278404,3.19310444314778,1.39419283409816,-1.02420516174126,2.38729998053184,-0.789203203777226,0.636671223935467,3.21513235170061,1.20321822388096,-0.196645325817784,-7.59777881138438,-0.718458227697176,-0.869333523316949,-2.66469727489506,-0.356847889496981,-0.626355569199633,2.50163693826714,0.389162127093709,4.04901465160448,0.182081592687703,-1.08842022231893,1.39433485979564,-0.325514775516154,1.41176643267786,0.877430691437737,-0.701971735456994,-3.60026276475319,-1.58671807984009,0.929475093006658,4.04910369485432,-1.22207068164437,-2.73430089310584,1.28723832623781,1.31834411219767,0.0516495191801862,0.482832009461898,-2.05236997934906,-2.54534087097381,-1.7236181642258,-1.37424071385001,1.20784268742413,-0.0127926716867561,-4.62694719588425,-0.206110521548717,0.266624676883446,2.40728560303262,1.88197721922352,0.124722637135353,0.505111505891812,-3.93657717272487,-1.41041252571524,0.232577836849167,-2.38286787175814,0.831084222152966,2.2222247120788,0.630235724234993,0.0750484694834797,-1.81658541261412,-1.72404572397808,1.17641070760251,1.2321591186342,-4.7474616989581,-1.87255486987802,-0.609297684153315,-1.74509998651443,-0.262673700436697,-4.02077794763522,-3.68558931240252,-0.495610370536188,0.614152354034955,-1.29257239180793,1.74354946215596,-0.67934628539704,-1.34996157163888,-4.58986751901794,-3.88116558729182,-2.42174033688758,0.54590815217744,-0.900517137287463,-1.47044371483589,1.76916481726238,-0.251021833662011,-2.15708613944856,-1.6158119925989,-4.82294200968655,-0.552925260997636,-1.30780313854433,-3.87635004606979,-2.0098013990411,1.1669566697783,0.197913679028727,-1.52516055537082,-3.25956097987732,-1.73356950450327,-1.1955834691963,-0.291886823871738,0.607873204464364,2.60973736676181,-4.3032049189733,-0.0262216099679171,-0.871711017441046,0.753732939749023,0.317637170423291,0.361176146261711,-0.716939730198507,3.16529429250465,0.914022843936966,0.522707364990265,-3.38787633420575,-0.379429346132887,-0.244075865577838,-2.65667020526164,-2.25759595885013,-0.0251081563943507,0.181346277372927,-5.24245757492788,-3.13197734379574,-0.933351243819593,-2.17939116637199,-2.48068727766408,1.10104632438801,-5.63634150791824,-0.0943659996709167,-1.56177002011932,1.63041093000602,-2.91700601413148,-4.04959561602271,-0.598469793499982,0.894068034482895,-6.6430107251813,1.60394359539183,-1.97130935115255,-2.15536479598285,-2.26563220930263,-1.97738202392448,1.63249597081442,-3.35322439633521,-4.19467447916125,-1.70458647428175,1.186673430914,1.21936818741543,-1.19589179981195,-1.16603423843996,-1.79725274285908,2.67277197500883,-1.35689213260231,-0.65832024496527,-0.274216778400729,-2.49575129483085,-0.940056673156585,-2.49431294856471,-2.70359793498091,2.27627107632555,-1.14558906720831,-3.48610284154073,-2.25452392477343,0.684987388520872,-2.89627569425942,3.05400623764146,-1.63373375750114,-0.96452374880226,-1.09783762620816,0.698006430229643,2.02151623120292,-1.61460257981385,0.2399060544637,-0.430948833598776,0.331454627239559,-2.7948417310673,0.380064567055957,-4.07112407051716,3.51430448472825,-0.410743874247129,-2.09492004024413,0.802850498533974,-1.08747565666353,-2.00377210002675,-0.325188695323766,0.42582787108309,1.04416622559139,1.01934406741825,-3.06576929240269,-4.68458902372408,-0.764913393481049,-0.211177172081763,-3.31846436042488,-0.969803754354536,-1.60660560624847,-3.34511566705719,-0.205814403917934,-2.5916490518191,-4.18526418593072,-3.00350464117936,-0.930875531855675,-1.02586415198248,-1.00023116653299,-2.74857705036909,3.89064197582058,-0.691287295956683,-4.43088147560265,0.816248885124694,-0.510159030232961,-3.89367032270381,-0.918193869802408,-2.74827975552093,-1.11840060397395,-1.3617994600453,4.17111971015044,-2.41395925055929,-0.701408691904362,-1.26470102291536,0.290297695434963,-0.486735029370036,2.7393563454732,-3.44962862845192,-2.68454864809701,-0.915419053297597,-3.11836079582768,-0.855626637025525,-0.398735337775843,0.230105631200418,-0.470387820240795,-1.07310262808032,-2.09315031398665,-1.72290656003699,-4.50971228560925,-1.68181214108758,-1.79198713061912,0.942739291632901,-0.977271153839358,0.151665073640314,-2.73601509328117,-1.18946878280408,-0.895370835734977,0.297694812185589,-4.94551326075577,-2.82397830784032,-3.96131504507527,-0.0439359659350412,-2.36996734739482,-1.34833877967552,-2.23867273879701,-1.26830539279294,-1.22560846003629,-3.01517293488893,-3.58204823945402,0.165777623061281,1.39193592756071,-3.3876855394916,-1.06690479392404,2.04618214795209,3.46396437725083,1.22654040354394,-1.0261413959394,-4.4206267340071,1.03803523395264,-2.9594201916521,-2.18630500215666,-5.66929783069363,-5.42213887899201,0.909055025189067,6.45811883967494,-1.21438208989391,-4.02158426522249,-5.05454696684082,0.710522956577406,3.58875296602741,-2.96172125113726,0.222753879237969,0.232497836051636,-1.78417985791068,-1.00488910635704,0.746125422309025,2.12206449182026,1.85082022229618,-3.72228563394058,-1.4734370334475,-3.02312288500065,-1.16265300489415,1.00070479853024,1.05109461367344,1.60824301894485,-5.28621556957839,-1.62666720334951,1.0469459137057,-3.4946155804508,0.68536415542178,2.22921774389144,-1.63346305450135,1.81160267370036,0.427693467474273,-0.461019862549619,0.764933440308309,1.24045081019333,-0.177020931905157,-1.07186741968858,-0.949595785011683,0.684005742785655,4.92373761859893,0.50744891722065,0.606461109463193,-1.42185294002549,-0.801084979700499,1.64698297876065,-4.23998307013886,-0.988042242223937,-0.594722373828131,4.59924365670294,0.957686888267075,-2.09996211871092,3.87985165801694,-3.45102293738434,-2.00480277970717,-0.583356628677946,1.33193655280137,-1.34159911350985,-2.36847641605082,1.00214141978802,-1.48519436560115,-4.09102182052026,-2.23699325431273,2.39202141412411,-2.83646564260483,-1.03873620250195,-2.77426666665865,-2.58735461588369,-1.3089519769763,-3.30876875809667,-1.12451806003749,1.31616485192957,1.6044114400946,-3.25742949950171,-1.80952889132141,-0.238618789884729,0.0952776973249474,-0.0179238880281501,-0.473184943658687,1.54594055400956,0.241382185452687,-1.09916970914218,0.959779613843513,1.32154255935516,-1.272821524988,0.177025058613588,-3.74343177751567,1.92509625228306,1.62096814770918,-1.27154368447074,2.49174779745038,-2.51396562791227,-1.80044835369425,-0.316490236642302,1.43897217625067,-0.222132591982363,-1.99753940289944,-0.080290223411291,-1.75252018940031,-1.94587945388878,-0.9977627821165,-1.52876956011762,-0.475011135247275,-0.894553590135032,-1.28951574145943,-2.50274353888016,-1.92465594312097,-0.97934976856321,-2.31790443155648,-3.10958740186924,-2.53821604854633,-1.81543223736599,-2.09109318334151,-3.52462300104768,0.43642268072839,-2.79425083547189,0.654241509091708,-0.380617064580324,4.3976748259876,1.28178850648756,2.89156022269588,-1.05939825134121,-3.38702754743869,-1.61060340332818,-4.89314424887099,0.0340996165759408,0.590995600361608,-1.10899100463665,-0.642446350696828,1.80796176781415,-0.241477119317289,-5.02642748776262,-3.18493767939994,-1.71374357859498,-0.550481461068248,-1.7605406355335,-1.03015931808554,-5.62780331505453,2.04728191850879,-0.237442517295409,-1.82795052605079,-2.39637253025075,0.103115868091577,0.612643951227652,-3.32947642994703,-0.938187740096192,2.50165866828986,2.91342044442902,-1.55649805356859,0.893857123871304,-1.51030337177939,3.17487790258097,-0.467324330373269,1.15445954800421,2.45117092421835,-2.30359362082987,-1.93050111555692,1.15503180901699,-1.4683426428424,0.393773515072166,-4.70606841272113,1.3986105511177,-0.311479877534999,2.12551782257607,1.25711156447584,-1.90561332195201,3.34087164789838,-1.78740069717292,-1.37751841208358,0.413545345499375,-3.96997373701958,1.63410216202666,-2.57447976934764,1.68861152765885,-0.67114959848041,-3.07854456412843,-3.69856098782614,2.16967941011637,-0.0851701995936248,-1.12555039837998,-0.718068110447236,1.50580858204758,1.03909252501171,-2.3035110174888,-3.02715120364828,-0.358843035359512,-3.66495031885008,-2.53947866422822,-1.14096710774627,-4.8177783595296,1.48410734476794,1.86554474034205,0.712853326587974,0.629266178863422,-0.350831940312244,-2.96133125398219,-2.45717579038666,-1.79853044493382,1.27879708471043,-3.87390417057319,-0.253579612708174,-2.66602797152894,-0.976121884710941,-2.34398417188867,-3.02759530045833,0.535709710022317,-2.78819781859536,-0.98898815558448,-3.1245654159561,-0.54001426884283,2.47998448699757,-0.0897917946556983,3.1686410132254,0.345534435357712,-0.89072114253485,-0.148715842122041,-0.94729927368576,-2.24951738221007,-2.04274458992345,-4.46038603914179,-3.02286338780954,-0.82482921429643,-0.328540741007404,-5.36069614869606,1.10531420722085,0.610799610461765,-0.792003915275001,-1.34477380313734,1.11968290036736,-3.13179326798721,-4.56272239708828,-2.93822747962272,-0.492915106494136,-1.02329762142733,-0.57136709262847,-4.11388822715492,0.355719660039316,-1.52096969946133,-5.64938138592859,-4.42257173034745,-1.26857820994322,-2.6863543191967,-4.18656738889762,0.178500246792365,3.11788520884715,-0.575834516089761,-0.981155095685098,2.77637584934043,-2.36186969205906,5.44187570158805,-0.60365233616906,3.43208859817567,1.80218801403007,0.765064654303802,-1.45168626678851,-3.97428244125145,1.98441363101108,-4.04613884466479,-2.09923863140372,-2.75951478996354,-2.01453944326048,-2.83549308007031,-2.27584451098791,-0.176099542344212,-3.93331919552696,-1.59189638854405,-0.886165657242755,0.522477348565794,-1.23078605020973,-2.19724262291085,2.92966610870909,0.874510059923684,0.0690912075270049,1.71825967653006,-0.20849165169418,1.14357419199177,-0.309312331701029,-1.44052546032872,-0.432826795792971,3.72825072145797,0.322301827367208,0.472132479471808,-1.69690546978738,-0.435486679416725,-0.582267162640422,-3.20828421987918,-2.82022979914276,-6.1273245577939,-3.78766151733505,0.359068684454518,-2.09285502728413,-1.52113107615985,0.251668532021813,-1.34078944950571,-1.30015277628514,0.727177373655272,0.289165995977544,-0.0651193270523104,-2.07282505866,-0.783875585869807,-3.67043434964182,-1.42395644190453,-2.51143241336391,1.56163090580119,-1.99234659831941,-2.36697964700624,1.11072353620742,-0.914041116287996,-1.47815626233278,-2.97517320710861,2.27551459083008,-4.69542817260804,-0.972244271743871,-2.88603044909675,1.73948990400609,-1.54084426361032,-2.84234102661394,-1.60509149858931,-2.24597700774339,-0.162549993078623,-0.55767750593479,2.48326443974987,1.81476844800948,-0.784805711431423,-2.22968700117359,1.12710213949253,-2.4464326901717,1.05112854580637,2.67654147677675,-1.7502133116266,-1.64584736738721,-2.37453091833634,0.661708156414231,-2.79449631442901,-1.13487272215234,-0.241464012800531,-0.666669002909853,-2.06220258278276,-3.72888056614768,0.201039545527109,-1.14319819045757,-4.6964098173131,4.08468407948143,-1.85319090972403,-1.34089614339542,1.48826692551395,-0.22213456112649,-2.78136508581743,-0.373718348825431,0.457713080262969,0.0771428712309545,-1.27662021934881,-3.64670208495813,0.797743162324047,-0.845154501866886,-2.84321108803262,-0.0521597673256443,-0.480466879369407,-1.32158592031803,-1.27692784139504,0.565325936052482,2.3015549977678,-0.320532750874832,-2.04782758849948,-3.12937710538076,-1.96649752909499,-2.05450816888811,-2.72530416714256,-4.24275739090445,-0.110134992135656,-0.309869024889596,0.333017654947271
"92",3.87859982229513,2.68159113136501,6.4395137859989,-1.2899450165104,4.0523902160523,-0.285144255030553,2.20715857381367,1.39419042361872,4.49063254508484,0.335011684248251,4.204688501163,2.00672779008234,1.58744639814212,5.38022754419244,2.81988603317527,3.62379637466785,1.72339565522506,2.71374702065511,5.68366170067986,4.45135539320477,6.50348739716805,1.0219650854825,5.81451793704187,3.17030948822118,2.05110006514689,4.21869353870101,4.10396927718357,0.348236435133158,4.23681451282807,3.53205250626158,3.35934209021211,-0.846768996485503,2.98932465220779,-0.404053223333529,2.23121443130027,3.29225854746244,2.04026348080253,1.65057181148857,2.63898277239577,0.800411938628481,3.02318750133287,1.82719328563702,6.25478225350002,4.6316249143355,4.33196915558013,0.947110442432425,1.0628603795076,3.47807800223418,1.04433136557951,2.12537390622005,1.02205184931132,1.84488524240882,4.52557395455461,3.22349986210573,1.13552135458613,2.87454267285015,-0.510522989819236,4.91040176029212,6.42322884302096,-0.356346361941749,2.83728252089583,5.94173292663609,5.91770761391232,2.17377785020845,2.25567247540072,-0.347173216899621,3.72628051405337,4.4522525497353,5.84265171556621,-0.00543600488000928,2.53440904580633,-0.24782286608453,1.69383047028796,2.3008864385789,1.48862386499792,1.65803014958869,3.62862299435141,1.45171002109508,4.89470350297477,1.44428762628778,3.6785385573896,5.41836457984778,4.23438412820473,3.74397753000296,1.77884479141621,4.22336931324968,3.73489133637907,3.08215646643191,1.15591114429901,4.99727038273014,2.38125511627191,5.53903754697303,5.52691793289834,4.15764460935282,3.37873048047109,4.3100172697437,2.77769947815354,7.5937456889767,4.53504567792719,2.32510973528039,0.675248234655106,2.06134207606936,1.05522210631396,5.84842577605811,1.80711696282758,6.82185638486783,2.52122281933431,0.544223042951441,1.28091743715896,4.48594964167231,2.36058558682038,-0.891665163442583,1.2634547539628,1.41418696284241,3.01740651951736,2.57466209119139,3.04843650453042,3.1935210177627,-0.650242296204042,7.8670519411242,3.16045156730381,2.77856848648898,4.68534636873304,4.95213758829984,4.73131939129403,4.86004280102471,7.21944990483985,2.51780027103293,4.15093693212131,1.98509240635332,1.24132008248161,4.37830962595116,2.98347780596726,2.40878029558753,3.97247801993061,4.54458231031825,-1.02363700607901,1.81910371689424,4.62163216181438,7.37459412868433,0.846854130288958,2.54773811737715,3.84980256347208,3.21986338711602,5.2913170355892,4.50748388380479,6.24487208645256,-0.706008458220686,3.54741037533884,3.95952828956681,4.46246221637957,1.43958576003028,-0.552581888793309,1.71979079116525,4.11359569637731,-0.619424170591948,1.17821180551313,2.52903827311925,3.63747669105645,0.408065862311027,-0.323196356060694,2.60778297671694,2.09179250750517,3.16846358996191,5.8174577796212,1.85387337640649,4.85316683973809,2.69395778007157,6.31227584651835,2.91313591135167,2.40443941383283,2.95607163600535,1.59313032835198,5.86039282337608,3.90395234561797,3.0662953178759,5.67424392045923,2.25340769904934,2.90719135258367,2.86597463259349,3.3096170615514,4.0829341295183,2.62190703441772,3.1464661208373,1.48224457658563,2.50821288063841,2.0815232296932,7.98368216089407,3.55834530375333,4.50835284285789,6.18150290051338,1.57286948220296,4.56953044433822,1.82450188735694,2.66218125601362,2.83220340005993,4.95070860625944,5.28020421466434,2.86802167078979,3.04063254075462,4.92866425489547,4.00482579266566,4.74222597218267,-0.291948924293553,3.29176876306652,3.68225230636288,4.0423424655103,2.91489998351593,4.86895439753673,4.03303586633283,5.27470802892524,5.65076240184966,0.805146894898026,3.57438784913618,4.12993863478534,4.63855522798955,1.28468798593648,3.88505151920309,2.96031989586856,2.34286077906459,5.47292390259575,1.36017939407664,4.61881117243891,4.79280018621257,3.39848051846187,1.63927213077952,1.95219758008395,3.851800775418,1.40712413917807,0.691639747181271,4.19314076746955,3.81684374536639,-2.04895200342088,2.25214725478336,3.42873293714947,3.13537031682093,0.571876411065457,4.92866017157616,1.70697165293782,1.31809645027735,3.97220085347035,4.91723149167353,4.87426641397704,2.7334021601524,6.09761551218487,2.9928593551646,5.66237223702828,6.99015528428171,3.35013691187036,1.38613616783735,2.49667662039645,3.79811451822643,3.02880540098391,3.13619393006587,0.996560240027412,2.36631288165087,1.59398522090803,6.51836852911294,3.81585492984658,1.02307037118744,0.468937092267516,3.69159036245775,1.69391712281476,3.91763083324787,4.70677745487459,3.52798024307868,2.21819859834237,1.01628359753343,2.28205531455731,1.53848892704128,1.86460799088075,3.33417974304164,2.16667690081225,3.80403188108029,5.50094932591531,1.91770085496648,5.27998470902581,0.509267524477862,-0.178418099286493,3.70172984370272,2.07451944548207,1.77369235002753,1.20274978052299,6.34761558455379,4.71269775819802,3.01951429454255,1.02073567381487,2.28920152581966,-0.504938448856184,2.07110315250517,3.82630650969912,3.24767586147241,7.11746157948966,3.45303680854023,1.57949491785775,5.15711382116357,5.46714655597028,7.88294720720225,1.0683734051174,5.26347539792214,0.50900506747788,1.2279082474351,0.258904280324497,3.38022859589603,5.22364797264709,3.07898418251804,0.595292291895276,2.67418807543225,5.16058819344529,3.03421444757535,4.70788780971621,5.07105560772,5.03069517623216,1.93600338210664,3.53932051519771,4.4623539797385,4.46537438678364,3.82927382106913,2.47108617489217,1.0556933288648,0.648604902752244,4.71260640520856,2.2088991654745,-1.72822661427049,3.22051023344834,4.11823487733223,3.46407699518813,2.8114603131343,2.53596067010587,1.40145085627513,3.17366873901717,6.48953412635134,1.60262344694254,2.13979108441732,5.1661689507278,-0.808490801141606,-0.399944182795153,0.287622664303486,2.88672858136661,-0.61225423081881,0.24084460041575,-0.83379240664218,0.209795376099715,-3.72600169105679,-0.571811868561456,3.12709440721492,-1.65307634526824,-1.00169049027442,-4.06803150558632,-2.21130140119513,1.45664133514233,-0.772077837964064,-3.30035224790944,-1.99960915426569,2.63980302499067,-2.16740599890437,-1.84323402790005,0.444051525898197,-2.1804948903414,-1.01753131013701,-0.205517323796271,1.98992032999184,0.84863805475013,-1.86221871233912,-1.41216684803878,-1.25242871364742,-3.89903542188449,-1.45743332009983,-4.49099613200675,-0.607318805585358,0.634181968156064,0.199734738336454,-0.266433538877622,-0.397260949343059,-2.69841335039121,-3.69229374186897,-2.25359851890466,1.7635130444811,-4.25678025342757,-1.3398713816601,-0.781222182961264,-1.57178755405489,0.360422541116067,0.194162634015163,-0.26412530138957,-0.182939238881858,-2.55472726361365,-1.67834656356347,-2.50097227167693,-0.0300312088820174,1.25433811830785,-0.765873382705229,-3.456731673045,-0.764181314811227,1.39893843966582,1.71235926844643,3.21325726039978,-0.439735571762254,0.0459383927363997,-5.96516460368867,-2.05923291559114,0.728456205202221,-0.773876672049645,0.431598700513197,-0.163680800241196,1.18839832670541,0.281657399565732,0.124767037479429,-0.396075061338855,-1.77088822274224,-1.07063759832731,-2.07878032619915,-0.635779698365111,-0.361716922023389,-2.4804500200443,2.22449442817321,-4.29388997806948,-2.02694879310591,-4.23220384782828,-0.394052316168031,-1.69132587328735,-2.16272567847928,-2.86696158578643,-1.41370519979608,2.64504690252545,-1.70790196867233,-0.389910476999574,0.142848408925068,-2.28216342301378,-1.39041414530463,-2.66247301458013,-2.76752429872024,1.42315592088344,-6.2672916064237,-1.32983134410591,-0.875387665083899,-3.01163248727528,1.48426294435274,-2.23483515522867,-0.186359351959085,-0.29370131155997,0.339561335308762,3.16747787157174,-0.567772080751403,0.00537401946450844,1.80070419821199,-1.97965392299407,-1.53658205496757,1.334963532723,-0.587299944530868,-3.18231353093642,1.29660986124805,1.01640088839699,-4.21794775206502,-3.4824107535195,-3.02693868769144,-2.96348467680253,-3.50910733714823,1.81947254252178,-1.79397256101049,-4.277202289554,2.15592921805236,-1.1367300674888,-0.477712685160699,-3.32567335513734,-3.0611669000981,-2.22302426610224,-3.71977519224911,-0.0399479854846209,-3.0915214898961,-0.952486191026073,-3.80484161241515,1.45058385241109,-0.684239322023225,-4.4237742147806,1.9860511584545,-3.30290393468729,-5.1008421749843,0.622669850848959,-0.00226150723908725,0.85827149004936,-3.46694479179259,0.464443941270939,-0.840956619119188,-2.96009758927336,-4.03939337332119,-2.08486816689374,-0.446051474921876,-0.680492980955874,-2.05550322474646,1.18598871538732,-0.708391641686689,-1.98596922296527,-1.6806338330942,1.94414965194906,-3.66093605876194,-0.295328663224809,-1.75712957692979,-3.90361014739384,-2.49829892430787,-0.45748782593967,0.737338779974542,0.27487015615847,0.134499762550982,-1.34694841214704,-1.56699499463663,0.352867327991709,-1.22597341671112,-1.61674181057395,-1.33370173636855,-0.542921137631169,-2.63021382529853,-2.79575090275446,-5.00915191567386,0.20785406838927,-3.12392027596805,-1.14957667800228,2.27929353412041,1.24196852714904,0.979307333137973,-1.20513503374023,4.36688627332594,-1.57779868597717,0.317931722362036,-0.461901073788418,-0.659100812719529,-2.03223862413758,-4.26511709200326,0.911653471435723,-3.03855377927711,-1.57890536196009,1.48485579797872,-3.85339141012682,3.50844269255295,-1.7151230017744,0.79500718828487,-2.43662788867745,-1.52873100885119,-1.89098142229421,-1.94703681263734,-2.58568310309186,1.36320681378776,0.80801305403471,1.11192776937537,-0.15452326022315,-0.469786659171462,-4.63467544579832,-0.77711687404638,-1.64481636312239,-0.316012937489967,-0.167252195421288,2.05142392906862,-0.637925060593109,0.287805712119616,4.20560513112018,2.54093640384436,-0.916790486640417,2.24760417534067,1.99052596911653,-2.64501091844257,-0.195397257824844,-0.740987313365669,2.57418459211553,0.74544308586715,-2.02243828842527,-0.816170627010526,-4.75374194075043,-0.621057324785016,-3.21922328158952,1.65860750754919,-0.818397039637531,-2.06815276134642,-2.3455306725664,0.114939850514942,0.0841547404337661,-3.67232784607162,1.00313507105238,1.80328742048798,2.26332230679517,-0.248440341389765,2.15395876453001,-2.72838363767433,1.67279562288863,-0.333996136075621,0.0286118930239843,-0.921051146614105,1.74714854556269,0.605540706218713,0.311380807406999,0.821833838485214,-0.114714468448744,1.27861230914937,1.43227916180467,0.201774745066847,0.596341946656542,0.506054368523295,-1.16603118110331,0.728709452660474,-3.81778309496959,-2.35757084530592,0.218352233553821,-3.1555719827548,-0.34249606464783,-0.648286810905878,1.0962439719646,-0.725241175174305,-5.84761416922568,0.0218677448362841,-2.53848267350971,0.627626538079322,-0.670395256673367,-0.535140348034116,3.98622712194776,0.0315874103345719,1.0453771478168,1.887994785242,0.336458912546159,-1.17219521833448,1.30249430446581,-0.939639124285438,1.60570202030463,1.6669305368549,-1.77480291979066,-1.77815299376785,0.111436563322546,-2.26410966289722,-1.44765893587348,-0.697456819760451,-0.252133379526436,0.193890560373522,-0.639820459834285,-2.74527712195809,2.09357900172562,0.955072807751253,0.00599612023582363,-4.36580833550913,-3.75148269196236,-0.0398002910689584,-1.68927849054717,-0.843280260344445,-2.04622053442603,2.04906496875565,-0.0248512645060329,-1.70859733335887,-0.163702329329566,0.706749308995042,-1.98307522342493,-2.65766542130029,0.428641706946943,-1.0775968524224,-2.40783994789401,1.60286739373101,-3.53646548330665,-2.84366568129463,2.57772387736365,2.05200844038333,-3.88023398096713,-1.68334359224132,1.73535542937867,0.413758468594845,2.63352174861279,1.64447818118737,1.02637335139731,-1.00481962515614,-1.47777656619475,-1.95189442561204,3.60614244118189,-0.373747387156276,1.38694791636389,-3.1266044708415,-2.81223546998024,0.0431601243717119,-0.809287344368175,0.546833872361931,-0.742425382514889,1.41482043678773,-5.69160563516589,0.242510209411748,1.07785458236674,0.121827289164262,-0.252108149157177,0.0744877564134294,-2.63629562571092,-0.540202036048616,-1.18420245834795,1.25538294461943,-0.193398905812728,-1.47684398965951,-1.06278632764079,0.849031726110564,0.611666286581887,-4.10497506403727,0.752532837261003,-1.68764729132259,-3.23489553053793,-0.145485393664414,-1.49301422502905,1.43330817041309,-3.94821397967782,-2.57445460604719,-3.95742688435127,-2.23846063681749,-2.38978141903325,-2.07407532894521,-1.90230201760584,2.16511113108406,-0.699959102908452,-0.585826279013215,0.939657247131781,0.608089516592582,-0.894339929837902,-1.27070294825086,-3.46969029755411,-0.631755478830833,3.20233254505693,1.22099115143312,-1.11830487597292,-0.329277044951622,-3.16145099604018,0.721000393842646
"93",1.34736372150175,4.15594754396939,-0.286894452587375,2.86706430916772,4.43753553231527,4.48984914438912,1.63842854798785,2.56876066835896,3.58350125185151,2.01714946882333,-0.11739245529298,3.50786604497973,2.08823145509475,0.88769439542102,1.32365321329589,3.5272010620792,5.00677692799028,4.1733523005508,2.3688550142032,0.802798220796019,3.84741805863274,3.2686081231963,2.35602094385304,3.63258959117125,5.88800438579849,1.07925823566281,2.06532305217962,1.50711338182389,1.8303115178068,0.545431164331439,3.79982515685744,1.45356547227362,6.55737224792159,0.907407296942434,0.766252864225487,-0.921360196246061,4.86948730041889,3.9419945936896,1.17235373970491,2.74394626777614,2.28056614554505,4.03858309624867,6.96860281224298,4.32501323097103,2.79614087673436,7.13554534075637,4.14587667748686,7.44587618909379,4.24656799751927,3.29915181552392,3.54412799088924,3.62694690159579,4.06304000861419,4.81800750689405,5.44690761962275,0.838508440482478,2.20937161882482,3.71796461831604,2.47925148183146,1.77626082834826,4.38575565810254,1.52246992985064,3.62316451239021,1.33759692037214,1.49152178439945,0.269634959935339,4.93563390792579,4.44945632749653,1.46726655960289,3.10405177753087,2.11432685715049,4.43321860615352,0.725289884031371,1.44602718859475,3.32127013805406,-0.224129287911933,1.76557811513811,2.3140096028758,2.56933433673609,2.3350276697775,4.76818221343323,5.61926736267859,3.41670262140709,4.56370071203949,3.3150584926421,0.120791288759468,2.79544237204823,6.14345460330473,3.36583352023931,1.78571029143738,8.05656611741984,2.6462576124566,3.08535947875673,0.415340082440465,0.635297688825839,2.64153286520542,4.25972955847908,-0.504007830171801,5.82256521410098,3.07061654625635,1.57720793666455,4.66493913631423,4.60997293728064,0.604779304028774,6.98041827973555,3.91591369057659,0.45736636685732,2.88045451415228,4.32670941377775,1.58880674506075,3.97143282794687,4.35879612688697,2.82067914797433,5.44888818188635,3.01512412451105,3.56134672316325,3.51805383609104,3.01142021371323,6.78085830183462,4.41684816397305,1.51344315573858,7.14342309812542,3.72808452322901,0.997006779800077,2.92929416835659,4.67038630012426,6.1228019270843,3.34320464867343,-0.139140807504949,4.72025937615627,1.19388251156458,0.779276510667504,3.52443835448866,3.48194478660013,3.96138839713403,-0.482733046647491,5.05277698677614,4.61276131984595,6.51246167131791,-0.248690377514477,6.67472308764467,5.47416716152407,0.359762528710639,3.77962568278386,5.39535450585757,2.64306650163938,2.6961480061282,2.16496960568465,2.35426438514583,3.80417728266378,7.26308547352554,1.07186815725082,1.40912552651215,2.54461540445061,3.23793816462288,0.206084030789687,-0.0455529392346339,2.99638441795159,5.3019130663451,-2.35455834245728,0.315482995769315,1.42994903049106,1.19271555374242,1.18793458972421,2.70877548586941,5.4008015341104,4.86264043007438,2.95797744242569,3.68901458776776,2.92814316715414,2.65211649125792,0.355814166700928,4.48689188492942,7.10672569740992,1.42821192373587,4.73531402681806,2.01942415749978,1.42754576610512,2.66713671820778,5.8767343188352,2.63048648467776,-0.508650743539581,1.92693800099305,6.43608819974355,3.94901805456546,5.07550873927254,4.30860395836881,4.89277844892076,5.77711126156557,4.53978776092354,2.05611415188892,6.67438554997626,1.72169646857154,3.51183206862051,3.58893475867843,3.99624036766919,1.93788047379985,0.435515790710345,-2.30258073347412,2.75684525707408,5.49850308507362,6.49909916311761,4.67063552985301,6.28554389650308,1.4697491743462,2.4628299377695,4.79443290726234,3.47237382323219,2.47838013269645,1.933884620759,6.01196728165216,4.72716073531162,0.0713656178351676,7.6215267561215,-1.65902558388364,4.66115460570792,1.20284007119637,3.1021697072802,3.20599851652999,4.29969208053785,3.37001345281863,-0.0902816936405859,2.15249023901521,3.13032488447829,3.05759962845049,1.7760764395821,1.13725213566384,2.09560065166638,4.25735354148063,0.234920731979753,3.00362992306191,3.80858823095754,2.86811086311694,3.12753477651732,2.01120109039875,2.64885866102986,4.79268642393111,0.962636894648199,6.10527536500996,7.96263763517906,4.52997115523673,6.17864191953067,1.87966201813954,2.62536746927587,2.86366225531264,7.14372515043197,3.38666101673677,4.76678974764854,3.36001678719523,0.630463996276516,3.30189450428293,1.31816050807329,5.67989223752545,-1.43702896841306,4.25209498672199,2.46024028624752,-0.191425078743674,-1.8822531046874,1.60724201193219,4.40102147279393,2.73750272638559,5.94119317525986,2.05382572503506,1.60254203693075,3.01575839570744,3.56036450206655,2.20166679447289,3.02619246069443,1.4521678886869,7.50022746935138,2.60309475600304,1.32444886396886,4.06341752993183,3.42816362225146,3.21960979609341,3.49203066915821,-5.96407005120903,-0.541308814195288,-0.323176931749992,0.763281662456543,2.31033314693971,-0.399084004893493,-1.21552991051564,-2.55687211706116,-1.19670417923507,-0.87942206586204,-0.045974162750208,-1.57413511008152,2.29078205190636,-4.04051116131989,1.05845485545487,-0.629421299982993,-1.97395431386762,2.73816949071707,3.08177001525718,-1.32519710660057,0.691568426779005,-7.01468939430255,0.240899206897734,-2.80209390343976,1.43188921912041,-0.509996437932022,0.782001211746804,-3.40594145103239,2.4962645838712,-2.12387037810394,-3.53053780390225,-0.797473628871407,0.344285686755825,0.54204550713039,-2.19538974632608,-1.00257221258925,-1.77415343632917,-4.62729650357002,-3.80765406836447,0.444835307396181,-2.87831480881405,2.2038491084941,-1.624371499239,1.37073190682212,-4.99141325571256,-1.00114029963226,-1.28023282389964,-2.3172780630648,0.377851807594374,-2.58421465025928,-4.303727817016,-2.82947536885311,-4.49592676676327,1.21532266798172,-0.360911339644907,-1.731076379198,-0.672394118601808,-2.4238943517371,-2.29110372065412,-0.687148029651875,0.199001214793411,-2.51123074763743,2.06465274043591,-0.789581582486706,-2.9774831657856,1.47095324029862,0.0579334227283492,0.5271844223048,1.36794953757319,-2.4509621845502,-0.000358044094231125,-2.48480649177112,-2.48127337950013,0.738151426220629,-2.67779499152489,-2.98153855237804,-0.0359033539546679,0.58105795025454,1.46189815683656,0.904904308035249,-6.12735383854756,-1.87613670094148,0.323246699078506,1.91079201426591,-3.86726086371498,-0.789070225722462,-3.9577522741548,-0.736653342008447,-1.66608392093153,-3.2286868114412,-2.82292455974838,-0.144647471455636,-1.24776251602183,-4.33852882101005,-1.1691181285816,-1.39780541610345,-3.39531491715676,-1.80647827620348,-1.07984265485745,0.918404924797894,-2.4388294110026,1.05354828264482,-0.313244675336428,2.7803495479684,1.14170135366786,0.0526439739612996,-2.17271717159883,-2.6328809118146,0.00601535750309856,-4.51310801424764,-0.127420706816106,0.954836824775462,0.313759715420333,-1.31954207963377,1.48880773767259,-2.76731687835998,-0.328095601579796,0.99370481085074,-0.370602119861297,-0.656282561875701,-2.08232089186925,-1.42940663724231,0.379526220666663,-4.94136275458778,1.3774705012253,-2.20358666638349,-5.99784687085232,-4.76220493993781,1.29783551405594,-1.1020072772363,-2.87700159296175,1.88904278297907,2.885473791683,-0.42344269394344,-0.608270633024091,-1.60974933660142,-1.35816126083424,-4.62815832843376,-2.77498804116794,0.165339182141638,0.955374019415903,0.973217872530895,2.69508356730962,0.715297163389378,-3.837585863055,-1.82191630714502,-0.109435739470299,3.8984427656135,-0.873034844652623,-4.56015120850821,-2.07910958408454,-0.454702479996938,0.451487265346972,-1.68858469419226,0.581264547037863,0.375077176711281,-1.805098988337,-1.07735740827853,-1.65237741151309,-0.000895499812339606,1.15175745350116,1.05375628701779,-4.08654866431594,-1.36098474243799,-2.6409634120968,-0.393502221988933,0.844261570960929,1.21480821267853,0.823121844578303,1.10023564804466,-3.64868878213473,-0.149710319742407,-2.22985441221295,-2.48711947317522,0.470021037262007,-0.445065914717119,-4.30510128654903,-0.890769410423715,0.334505105912868,1.12696130522993,-2.55787705824077,-0.688599787806595,0.88787260143514,0.302128807631264,1.12862071519682,-1.77257526687211,-2.35920179905551,-2.99646831531259,-2.86108503118514,-2.38891666026167,2.36706692611203,-0.199339059541728,3.36675071814864,-1.75016597209838,-1.75641149018156,-0.93362375082683,2.29149747779484,1.8648609316189,-1.54546188451697,1.40486132468172,-1.68278552722558,2.79566035175745,0.72401065911586,0.223276244771714,2.08313478179017,0.87059112728019,-5.30317888345876,3.31445530004935,-4.10266516080586,-2.33932135248789,-1.86281823953656,-2.26671834298562,-4.50602803831296,-1.8037650914428,-0.477161245626019,-0.78856591483217,2.06616382629166,-1.9127104646149,-0.272479480036305,-0.641478177817377,0.279698029144992,-0.123808112144741,-3.55388464731817,-2.42523367661957,-3.38554752922094,-3.88449967145507,-6.03569447337118,-1.57741113961691,-1.2241130854085,-0.989952015764971,-1.9361761222656,-2.0081812897726,-4.17891055137675,-4.81145325071748,-2.6666068221953,0.827909583174071,0.50725293771531,-7.28939021413845,-5.90147465052467,1.97896983924103,-2.54619743697849,-0.383008238981499,-0.983827931724867,-0.830114252667185,1.81071594297251,-3.36577506664586,-2.14904596164537,-2.64351234246606,-6.17965943258228,-3.16446106389494,-0.856235997183645,-2.28815455047772,-0.014612762978646,0.527220537004369,0.264611139571177,0.496182899396074,0.58810942112559,-1.16717875501444,-3.81304945619962,-0.212380943273563,-0.746378624879348,0.411918355168878,1.57269490320528,-5.93194661498139,2.01745751347934,1.64985210939135,-2.64454707253788,-3.79263854518549,-1.21505196848454,1.15124791839716,-2.22151097578232,-1.10932117391506,-0.0483553116871679,3.06505474001974,-0.414979324238507,-1.90159246155439,2.18995419399158,-2.72826537064728,-0.50711013641902,2.66937239293161,-0.107952533632826,-3.34358989289265,0.237246341171107,-1.81391439133856,-0.0898686366047456,-2.81171151228531,-2.35962428142632,-3.94017195356729,-1.48035631766775,0.303915976808458,-2.36892703373019,0.343815950528397,-2.05793306114514,-2.00429651267856,-5.80783027100173,-1.20181272252361,-2.13657527099039,-0.854126499896117,-1.41107997700801,2.01354760322322,-0.846595699868831,-1.78037585376967,-2.73924897341365,-0.451966369647236,-2.18598063225872,-1.38501852810208,-1.56741610697131,-2.83102400660251,0.624934149874013,-3.0238780579561,-3.47155579445485,1.08974608822001,-1.3742291327686,-1.77712693049674,2.34532215571085,-1.23140590735665,-3.75457819965157,2.14147969290656,-0.446297832407623,1.48433354789646,-1.30147560434747,1.1016929221086,-1.56141925541374,-2.8211849639441,-0.385701062935848,-2.05825698947732,2.00096758180779,1.22484017254259,-0.653863584206842,0.24390605295465,-4.45055218958424,-2.11660447049168,-3.07244364413566,0.994117972825772,-1.29293155216733,-2.0134880739166,1.8212431739541,0.553996083514493,0.221991615629632,-1.07359720562017,-7.81064605407035,-2.02580454566333,0.920435855781794,-3.06715448347403,0.299619380168563,0.567241987566709,-0.816984572572921,-1.35562316054648,-1.1165741467099,0.176645034368718,2.67356495672578,-4.31082134292475,-3.59176085918357,-1.88401660379363,-0.25114848022178,-4.64478044052319,0.117596339274461,-1.28333535233759,0.773522762968794,-0.670060581124463,-1.20065748150274,-3.41692152244218,0.662237854742818,-3.03708574330956,-1.98382394499093,-0.357649744132486,-0.468193963923921,2.81205141284728,-1.90277099614254,-1.70646649217719,0.68365316965815,3.78651291952279,-2.93147416578497,-0.208896215942102,-2.07668949516361,-2.10563453948278,-0.373361764165628,-1.9453835922225,-3.90265211971868,-2.00819048399495,-0.450430664016626,-0.306443785866947,-2.84923692362506,-2.07176848252051,0.761707061142532,0.758636627851399,-1.66633410195679,0.809359069626143,1.77472985486236,-2.80905457641404,1.43127763788963,-0.841269180530087,-1.51655626782718,0.305165546438589,0.219076610319977,-0.214338989946878,-3.04535184840646,0.00141022050111395,-0.0441523276282013,-4.92148803543113,0.441852015851101,-1.83088814541731,-2.64813357526312,-4.12030125631728,0.779470631513627,1.22956027815814,2.69871384102529,-4.27465340211156,-3.3475902882015,-0.481776502357805,-0.756270543919831,-1.70687463972587,-2.09503366639011,1.27183843483346,-0.185698492965878,0.327876795968559,-2.62151148232325,1.76651207937812,-0.451068693965529,-2.73743780835467,-1.69039462164778,-2.63751924358112,-0.268930886888651,-0.125228575274067,-2.12300443653079,-2.84074197646047,-1.86255914771696,-2.0263242987881,-0.324166169682089,2.30356905416838,0.749556227968238,-1.3707717432735,-1.4531313091513,-0.477408668903736,-0.854985445627546,1.65886946476746,-0.336046909949316,-2.52199686790074,0.0545633216569095,0.985013155120084,-2.63803637345438,-6.32679019199802,-1.08654405137003,1.78577413565081
"94",4.54848123592102,5.34650722162301,2.63873113010633,3.96105788845201,3.72599224382415,1.10666839083434,4.82534918962237,5.22268708694531,1.03589036338313,3.17698576952118,1.22854931591307,5.95418366933774,4.5063338231917,2.15970379787174,4.52977112409906,6.4625335771754,3.48524265488538,-0.94964717424707,5.04152421048458,3.50363341083349,-0.871648169203087,0.463523875292167,1.47430335012907,5.42246938857343,7.27323685551565,3.57944543130382,3.71656065563432,4.24754197425066,0.618787999503243,1.89739452624478,1.87412570926966,2.36305493165654,2.06992129951298,2.57280497088017,2.86780060997424,5.30778195491164,1.09561183539652,-0.51177989002222,1.93813740415162,-0.212035922136109,4.32584556392289,0.551835585737538,3.10110174088735,2.42455420749449,4.04755627246826,1.0939601931961,5.05840358552051,3.54671026237926,5.95715732824326,3.56006516644509,3.71535530015732,1.18300217237759,1.91783389052456,5.32147910324974,3.37972877555501,2.6965872248631,2.78582877458457,3.42981839363802,3.06008680333534,2.24645936356936,2.40212267925929,1.69462790635279,4.35010113893647,2.91448454679723,2.08362584893992,4.4094474028132,4.32008799600223,1.96792961165831,1.32210396194716,4.8264758182749,2.92005616951746,5.00918703332321,4.22417984361565,-2.09934444003871,4.85044300892183,1.44809725548342,3.55730190144306,4.06297601168452,6.56271312160118,1.70362351922943,3.59617746704918,3.9082773946226,1.07106898096395,1.5328640145327,4.52122976618538,4.1638904849258,4.28692463351936,2.41152854942539,1.72221991421519,2.36891976071619,1.90649319444701,4.34424359724477,0.658181241649995,2.9794043244754,3.61777968927151,5.9792313056129,3.23671312713343,2.1504129549134,1.47909118260396,0.90881002736885,2.22215726212414,3.70291473685933,5.50452627109154,4.92525432006478,0.808602451440542,0.352953621092726,1.90468018546261,4.28025686135919,1.53535381751471,4.14329784274623,3.63501236752393,1.04504412797068,4.42520704227904,1.00962030135369,3.36445187605056,4.5490586512314,-0.0549227780142094,5.64010235675167,1.439727659433,1.93068230973241,5.94837596674193,4.84036813494075,4.06048009089157,3.55815582570948,5.33666614539004,2.90033826766294,1.87643762017898,4.26026840630673,2.34077509351324,1.43020835448399,4.73931642319883,1.83722181054755,3.9991770710351,0.83512433063423,2.32279350016884,0.0115707892678292,5.37379055040739,3.80847572909652,2.52532195522013,2.81316480179828,4.48817316114181,5.33829743318358,4.84085795452183,7.14804524956406,1.85440790413995,3.79764159485018,3.43882762772409,3.99847526587041,-0.891890970939064,2.27057955960751,-3.24309467298638,-0.270814922312426,-2.77189253821959,-0.121128128897122,-0.749939131773147,1.49033589140609,-5.74925370545712,-2.47940471167561,0.238313341669914,-2.45264595003429,-2.10479665289848,1.50077670002545,-1.65545889344266,-2.16010179779672,3.7320558123574,-1.25298404613028,-2.45778574771151,-2.59105090741798,2.02989590044309,-1.40505982035359,-0.181690791583275,-2.20835575986302,2.01529816021702,-3.2051197069244,-2.62122155906742,3.45419089327468,-3.49859745666449,-2.19465599939989,-0.604566154734619,0.586174838132824,-6.29748296660665,-0.927616066806855,-0.180835114969803,-1.46755968286277,-3.1901966930214,-0.913342468561684,-2.337598664235,-1.23959492976113,-1.51122648687958,-2.85455199722863,0.222549734920243,-4.77416766342166,1.04195451051747,-4.52110718045825,0.839877389320248,-0.276339181172854,-3.38325417067126,-5.27709125157617,-2.02344535123321,0.510191165235967,0.476950239848023,-1.11034192124374,-2.92160385116219,-1.82745748862515,-0.141433968578535,0.54422886359012,-2.93381077765593,0.416649101324667,-1.18564331450487,-1.43315001481786,-5.73504631970698,0.672325824102111,-2.57442076311822,-4.50086120369722,-2.58606872077747,4.75542910979873,-1.24467592334202,-1.53192493451019,-1.94211622174505,0.257678388304988,0.247338008401674,0.146852323960699,1.83903749913492,-1.51449631072784,-0.0205448100431628,-2.82751397963333,0.859084548220702,-2.81474642488543,-2.19928006792325,-4.5504191381537,0.412330666202296,0.948764440772385,1.13506669386026,-2.93624654677868,-0.532502238579065,-1.30922750334648,-3.18888852542657,1.60808986863355,0.900585492078231,2.21987687455389,2.32349112032476,-1.41973803837623,3.42618276446551,-1.75824616001725,1.84832093890623,-0.723475753731709,-0.556367922512052,-3.25564304020272,1.06416480239923,0.0227484763346866,0.63404325118878,0.204441037826048,0.232948744787936,-4.44310065517575,-1.16750873438643,-2.96064808023548,1.88183436987923,2.78789088363062,-3.48669281333685,0.949388543303689,-1.50137850763597,-2.26625394595608,-0.950758203110537,-1.45493001800149,-2.59724584365736,-0.728048580180102,3.41036170411889,-1.24907775783906,-0.530071149930437,-2.0218780160363,0.475164877759872,0.756893545117015,0.470684971920647,-2.82725564203495,-0.668583815509448,-2.74632757070522,-1.31391175359567,3.39920814863376,-2.87489086916211,3.44801434803715,-2.49317265396026,0.126319945601738,-1.98628335536506,-1.59844041377455,-1.32084385164204,-1.30535619039053,-1.49799133786647,0.708665427303944,-1.56255666588377,-1.96351357141003,-2.1107714295455,-3.45175951529465,-0.385757999664542,-2.37877770187892,-2.19313106684461,1.75228907216772,-0.341863272402126,3.11266340840687,-2.48146421178271,-4.44865652497128,-1.25012269274733,-2.93247070143699,0.582456047724696,0.409398153935763,-5.57624540344304,-3.91941961259037,0.0368433685006739,-0.896300808287314,-1.77414601216497,-0.537084481402346,1.12678386725202,-2.58664717967908,0.223972686197164,0.105604448914254,-1.88393081703825,-0.868320506849823,-0.980125828351644,-0.551582944085235,0.428021834610459,1.66083673300765,2.67621542722976,-1.06813251896262,-0.744443622227988,-1.60497056164308,-2.93447027229566,-0.310608492678699,-0.688025558018438,-0.349548990236067,-0.762583758336202,0.137220306854051,-0.519201705269739,0.291689571119064,-1.70795105422309,-2.87179895298308,-1.3497180935205,-2.98789839284184,-1.3869673656564,-1.30459556562349,-0.426541609805212,1.41046635904064,2.9561476285787,2.76591754139811,-2.82679799187967,-0.827621877524725,-0.924809212893421,-1.18277900787518,-2.70073399601724,-0.78062822250474,-3.56230064395482,-1.60940476618571,-3.69508517801144,-0.960040981103424,1.25181563639046,2.79478212708143,1.46181958959014,1.35934823736086,-1.03811862777762,-1.85808915209824,-2.90012923886723,-5.01763038789438,-0.498079747003001,2.59911035823032,-2.46901606830418,-3.43255201462618,0.624078029908215,0.362555501888799,2.60193402131007,2.02502727739509,-1.5210157024792,2.33596179813915,1.46986268623832,3.28835089044362,-0.0144475203577585,-2.35836398581602,-2.52145800395051,3.06784009603074,-3.17615738766097,-2.73414431517674,-2.7879154062795,-3.03114952754093,-1.07158126860014,-1.20733730006673,1.76865230691518,-3.49389626514185,-1.73986070246919,-0.715229981502958,-2.80469500176261,2.85210006275294,-2.86106202569263,-1.89363678850212,-3.10307419386476,0.393698117313804,-0.114528501817074,-1.34362316064177,-3.2362862965404,-1.89419913379304,2.11354575640979,1.49533976421212,0.129269715156037,-0.366003952367478,-1.16919117365566,-0.494523686618262,-6.9465238489301,2.47357047034759,1.08759811212509,0.949980438176673,-1.457109624387,-0.970745560252972,-3.90071092936085,-1.43738770591865,-2.06495980962968,-0.00852279771472697,-4.96838684408,-2.2145808374983,-0.941994681408672,-1.03107938373648,-0.307220871290856,-1.2439190535194,2.08273162926668,-1.25909019319896,-3.3716374400415,0.397124464524695,-0.468123095588793,1.4592139334091,-0.507620365689724,-2.27955958980513,-1.23895130591774,-3.06472953520842,1.13124528929076,-0.0489018210528203,-6.39591678483394,-3.2684153236744,0.176640981185876,0.271516879868486,-1.00951375673497,2.06337367017417,3.50280404916332,-0.747362216676038,-1.86960682565169,-2.41219731808798,-4.03394413220774,0.165071936624739,-2.04370303163827,-3.38182529269709,-2.65938065709172,1.95593472175837,-2.66243361728512,-0.193138731983387,-3.63490878200425,-2.50907607549877,4.63032495743614,-4.06961183542313,2.14837359307227,-2.20643769190451,-3.08667979369774,-1.88833361812606,-0.959523205142296,-2.27853022274975,1.82132869494158,-2.15676020623111,-1.48454820014926,-0.250595104382401,-2.60785105469821,-2.5152519478467,-0.985374332263024,-3.1244325747415,0.907481889885521,0.0380846820352749,-1.34809485594676,-3.15077253297869,0.218085503283883,-0.996847903232763,0.431956345910115,-1.69529925359766,0.31151334728286,-0.150707946901865,-4.86853844436738,-1.06368951517732,1.39933915503397,-0.29437248062546,0.609011122195172,3.32718701021257,-1.90450721731005,-0.335835219483964,0.14756382246534,1.38086368888043,-4.10214590866773,-3.80002507306144,-1.78230274315901,-1.08108641076257,0.249156510688727,-1.7103290320865,2.38277300031665,-0.912592532534844,-0.972343277732521,0.430124648147341,-3.77439481844065,0.412961070025243,-1.74199904247275,-3.02278337546629,0.549675013424004,-0.828658904649801,-0.405842845919672,1.78808782320301,2.82437333053778,-2.1492362181515,1.78524073794015,-2.81199734063542,-3.0839800619422,0.0578818805875119,0.467745074895218,-3.52356234617161,-1.67953958139002,0.828146451913534,-2.80479701271201,-1.30367482846246,-1.61719222236463,1.56234091231643,-0.960855736012076,5.07060380557303,-4.11993335665103,-0.885870742063193,2.63830822328352,-2.14157914525259,-3.09314701370165,0.916379229013286,-2.99999870904047,-2.23412072256852,-0.948974470089756,-0.336023879052953,-5.82080532609144,-0.427294415878014,-3.11721017230908,-0.982554779879249,0.302242690752665,-2.48813615011771,-0.848332570511732,-1.64559052087263,0.102788796914681,1.30539920564306,2.03194437155924,-0.845120929301056,-1.90562775341287,1.4031590586182,-3.59631086581803,-1.14048618943722,-1.2481170477175,-0.960320449388566,0.0111755811978194,-0.985129985072835,2.106878328017,-2.5003567711115,-2.6751778835461,1.30478548140205,-2.88860027139437,-1.14813538550392,-0.716599435000566,0.132609929923675,-0.11447413873724,-1.09796477783055,1.09405930890662,-4.25290311183696,-1.80701207342236,-2.73158051854052,0.00692913190429656,0.552953131564098,-4.23147285005334,-2.90430377517274,-1.51506925649715,3.56183882702565,-0.686311336260278,-1.76081531114078,0.131802552836937,3.97669894247798,-5.0083553787746,-0.710569949192044,0.033169310304932,0.883095969280773,-2.39585531195184,-1.51770595568895,-0.461718919774781,-1.09492686458151,-3.38884602713162,-3.21873024488745,3.37938380472648,-1.84476525539323,2.51091997418406,-3.92225280302634,-1.51702472334803,-0.993360992145197,-5.23366926412763,-1.42378640882173,-2.27959042318461,-3.36704428427167,-1.64294724744394,-0.53395526743245,-5.98045220220138,0.631926126820235,-3.16158438763975,0.306585668214604,-1.89893325831924,0.264906900544505,-2.88380934123738,1.94597597875333,0.715845101320233,-2.83058318112686,-4.25321786762831,-0.860926049365765,1.26099257509667,-2.22119051912748,1.24023484703625,-3.38762798369003,1.42858510936064,0.397865911169376,0.289991091375104,0.170928157525799,-0.241672016110711,-1.15593214690687,-2.28581767882986,-1.57620236163794,0.102963699865541,1.80281642866478,-3.36691221928424,-0.924320842908959,-2.38748018169507,2.30386893955029,-4.93163524371059,-3.21693739995007,0.0926201920258258,1.56433099885705,-2.58719451017706,-0.218624564875494,2.3417181960721,-5.11538121645619,-1.32710290521435,-4.04296978349505,-0.642948150780645,-2.23318036125489,-3.13539696299752,1.9230499586496,-4.46312615221447,-1.40578513237633,-2.18847238945691,-0.0884352260459922,-2.98213668797089,0.263754552593833,-2.75790195922666,0.452253635719975,-0.358158122891103,-0.138256920174355,-2.03075198969286,-2.96758055650813,1.8165134951274,-1.23593816018212,-0.683111555323523,1.10244815839689,-2.90975307049159,-1.07279837353752,1.53592981174183,-3.76251049272119,-1.7901870722592,1.51707075079232,1.65623974527327,-3.90255679373497,0.263317978566072,0.24693938921247,-0.418066665105766,0.727902051398313,-0.772473496974666,-5.23945420114894,-1.91732214404473,-2.34700748877483,-2.10853814692192,-3.68676281363243,-1.28283096326757,-2.17369332128193,0.834759019889449,0.900477897354942,-1.63504110690086,0.916800530323511,-4.65047620258459,-0.0496186293409587,2.54463720477788,-2.0006175248355,0.732982729706604,-0.477953309573359,-1.17515557043429,-0.486561057655856,-1.12835023979601,-1.26147893324202,-1.1945842393156,-1.71613435580784,-0.822144680451398,-0.847449112220287,-1.26359920764768,-2.34732011784977,2.00839779527153,-0.309216359110329,-0.834951773643107,-2.45065098852507,0.319170423833475,1.42341203445959,-1.33977136413018,-2.24913156350232,0.0352064900236813,-1.06761887525842,-1.42304183387348,-1.97871185505783,-3.77046905515727,-1.04513261185441,-1.86080739654695,-3.34431190982917,-0.346438805390686,-1.76009592358355,-1.72712471649647,-1.64117937867769,-0.837681503864254,-1.77582615438471,-1.73837314910088,-0.334044812102669
"95",3.27401071848112,4.28466397581377,4.34114593652329,0.206283282088042,4.11748713296715,2.44192236089792,1.88266523038792,0.501151517891446,3.4425361983996,2.89345081903226,5.69051965712315,4.36104105342657,2.30053389326308,2.99986308311411,5.78945701158788,2.31236142281714,6.08011336253181,3.3488350512993,3.47434661791057,3.7512640131201,2.84107125383252,3.97005276222569,1.32444253683127,4.12219309775732,5.52497748689239,0.688989550876822,0.809199416188217,0.59267228260206,2.34367827556491,4.22665164885542,5.6135100143204,0.558099449195536,3.0541925869584,5.37367219588582,6.03815801400558,2.06330616257726,3.04641229154124,-0.00327499951808008,7.21197133474051,3.49374425608376,6.08613344153773,0.719469593207244,4.30583833200441,3.71773697525657,3.77696566260486,3.32796932548756,4.72373303519519,5.5527562131393,4.4157464084729,4.67130100538738,1.07800198731677,3.35027256014697,0.0512902697407767,1.74089080130819,3.86195310000928,3.31025246836073,4.57385562444184,4.61249399270533,5.57075788662093,-0.498556651909576,-0.0420598950847175,1.97296572778199,1.37484192256797,4.69808290727222,4.56509748955054,1.2957554446319,2.70624741810781,2.14192052642488,1.25639289464502,2.99040457772868,2.41004474584273,2.77199227453747,2.33259666616945,3.57667658973466,6.70741879936373,3.42664874497142,3.91786322862991,5.87509195531747,2.27510544106496,1.01216674333929,3.58253170935779,1.79410063807056,-0.331126073742313,5.07045722198314,2.71781786089049,2.99722215274661,3.42081835212819,5.34677372792915,4.50044015489656,4.1608933235091,1.39208491619523,5.56699330676572,1.22543432461304,1.89201444304497,1.2044889260275,5.00631302281464,0.703776784866353,0.695468228312104,2.11389326790193,4.23351384594831,1.32216459437209,2.15958591565819,5.42073272262861,3.47070713629123,2.707449808171,3.09925474258499,4.52521179913172,4.269809016292,1.01319677681293,1.92639200574185,0.332230520065631,5.1699987537015,0.0927207297611967,5.95352658482186,1.97241132108052,1.51139462271109,3.78484607648025,5.00545820306897,6.00883545673119,-0.719383665268947,-1.93072108823717,4.20671583940964,4.08524350204876,-1.14583711521137,3.01992358144884,-2.3121246984863,4.71845808949845,2.38341835182092,0.802727764905729,1.48251338016121,2.27268830272999,7.85971790747549,5.39709148848587,1.65434594514915,4.39227874962179,1.4070473458899,2.38215874572321,5.15568902051412,4.64262501106113,3.87509034977995,1.01945040812415,1.45014117051617,3.0151510288142,4.20519981061044,4.44148748445083,2.86360317490363,3.60632731741148,2.22152848423452,5.41428632361342,3.86918192304339,-0.0212147297666707,1.35080418699467,3.74957986924341,1.62413189900937,2.87472589814863,1.60310799178821,0.668702525476477,3.79778575215842,2.43100244813494,1.43349167983188,2.5642766269322,2.17328032246529,4.86232587711912,-0.0568204524740161,2.04860576055064,2.63817179184327,4.51315763868107,6.10159259247957,1.65464966337033,-0.864601852062389,6.12537503231141,3.18862608078341,2.74834304947573,1.76679173076324,6.53905154717083,1.5653174659878,-0.795077714513313,6.48373189895248,4.41163483351638,4.91416881973743,4.08573528728591,-0.277018363633076,3.097587871051,0.758484127911505,0.530904324947374,5.35859285750953,1.84545872571298,3.25593965398475,3.86041193873573,4.07293497473703,3.56050136233438,-0.805829130390122,3.94286418762615,3.80717131587447,2.79801372080994,2.84972222827798,4.68368521380096,5.58136308957994,1.39680262794771,1.96017369100708,2.01559649852139,1.91740123966965,6.07870336434929,1.87205716669746,3.97700115499688,4.27291502455674,0.805521395257879,5.82331706399424,1.01350882623159,2.3671323676546,5.9889281453505,-3.57388505863971,2.97414948494312,0.876570532372731,6.54987762977534,2.35126953015204,-1.84451963024357,6.07190280703611,3.22343735164038,0.0497831911881668,1.7254405915531,2.16483650831966,1.20994249065592,4.68156215662067,-0.00112200951495156,3.48550591366112,1.52451621339687,3.26816855055093,4.328814856601,3.71953890118006,0.535808252135856,5.01202397398669,5.10875180427178,3.27121467117349,5.12379103023163,0.508095497994185,3.07611124541089,3.58761901443804,2.28897244329058,2.1219082247065,2.34931367543438,2.31082952456973,0.839312332873557,-0.703614766166287,0.712900320074926,0.142041965511023,-0.745132797238863,-1.04860879036611,-1.58793894019595,-2.39461353145095,-0.999929044191108,1.69618484972832,-0.0495506798791814,-0.168968124638645,-1.58525384510526,-0.733170488593688,-2.98124653237389,-0.961705724417143,-2.41909238619391,-3.139421862094,-0.131022705909787,-0.221429032529692,3.98594134345543,-1.83385275681286,0.780345672347438,-0.732053920233564,-3.34310740316082,0.445401029184401,-4.04311578614573,1.02834842535523,-0.484931590659932,-1.15342299345548,-1.87643801877094,0.609164747058134,-1.24217437182636,-1.92245212748881,-4.27613111258267,1.20869016990925,-2.65230893458452,0.854426649838331,-0.373217233725436,-1.47827741911735,-6.33376095786701,-1.53602060795287,-0.612074315717831,-0.750565647249692,-0.130408805681824,0.0421218251731743,1.59734043896245,1.52723624190936,-2.22186252696625,0.557086004547161,-3.9127821115918,2.02617002534957,-4.66417386568503,-4.49432447021459,-0.645251275289543,-1.60116403535771,-3.37663090523523,0.831708612777353,-2.98380677454997,-2.22908518652554,-1.63002621410737,4.07506339251674,-0.690484477797191,-1.39079887835981,-0.880533999149708,-1.17449986590017,-2.78698143295333,-2.2627945678905,-1.90796388027355,-1.01473060612364,-0.232198840645764,-2.35521377842425,1.90890475880844,0.137874891403666,-2.0074553760727,-0.526882225566908,-2.70689669583131,-2.76494993564288,-1.86600195228987,1.11869270229014,1.84131210733573,-0.23597786821734,-1.21438232645865,-2.88528730125363,-0.635803001418381,0.220805306156666,-3.82930203309791,-2.42570576185709,-2.02563955923484,-1.25831878578215,-1.00746126919236,-2.39803099388365,-0.550904250835901,1.0790753424667,-0.752600939898638,-2.04891037094213,0.35320247599805,1.12443675351026,-0.559128043569024,1.04284009778856,-5.15111901309363,-4.38011469807895,-0.21913479549309,0.423747558913264,-4.87479272981176,-2.81117314214849,-4.31420267502116,-0.311304990211903,4.00284332933785,2.62878070398334,-4.91450174913168,-2.21419949676495,-4.44725775552418,-0.852161830165835,0.0671672284038254,-1.5308301381501,-2.11073991771378,0.361152014672753,-1.2969651854445,2.60705175834505,1.9296866691635,1.14473025213362,-2.05738286142783,-1.21075132795672,-5.60877919499408,3.70421235370879,1.12228529164308,-0.40552394249072,-1.43918283125541,-0.531426642683899,-1.29402737125414,-1.5292236238357,-0.292912692250624,-1.58493871889587,3.83454977891418,-1.66323940771279,0.453080533523223,-0.0376043581908931,-0.329428363408335,-4.28517748437315,-2.61927732155373,0.0912341413483659,-0.258710720774423,-0.185469344041839,-0.757260507171713,2.13392225443351,-1.43189167493884,1.06952087378014,-2.71962840498207,-2.63310033248519,1.86801761547529,-1.70665956719963,-2.74996344467302,2.33818984785524,-0.925582697973318,-4.21598755636804,-1.25349674574698,-0.279914134499863,-0.135252207074956,-1.02516966810914,0.724415981876607,-2.1666208597019,-0.146019544798473,2.37279466546528,-1.8283084495284,1.38929023009787,-3.26446403841301,1.12102957905087,-1.55170060019629,0.15429079130272,-1.80746578608622,-2.44351736381251,-2.11974913241823,0.120943173723662,1.50346670530332,-0.672916173804971,-0.275502477238099,1.00053164611049,-3.35585513190201,3.49430329659395,-2.65371315276391,-0.992525788424325,0.269027893011005,2.44811781215461,-6.08692202206157,-3.41738980653253,0.483741764081757,-2.36538709028736,1.99090863008193,-1.46993446188512,-1.23402304897145,1.18801031875556,-1.17256725209969,-1.58791453681593,-2.95276083960481,-0.513481797710562,-5.57477563464247,-0.871903553429264,-4.08367346401244,-0.436100089030138,0.940547082346204,-2.11382624634983,-3.67845357708246,-0.614286408844524,-1.33343052151126,-1.41642880402128,2.45750869175104,2.73715174178711,-1.67824356816754,-0.703214554406467,0.103316178064824,1.8310957995109,-1.40590671501265,-1.67429033058318,0.792317579891466,-0.0459330378298511,0.446859997950707,-0.29794750231653,-3.24859707356146,-2.25024188205625,0.447940952540367,-0.480249623216342,-2.95498838080566,-0.0219846381828842,-2.50826112469186,1.57853425518801,-0.134522711658496,1.26693134044037,-0.960642481870119,-1.9073138659689,-0.288667262540265,0.183794796967799,0.0235805667032396,0.382908763763508,-0.404207404602692,-2.66054075036702,-0.930806243573085,-0.710041113940183,-0.751722290813054,1.19766157680861,-1.74347870922514,-4.82311626968062,0.922172479895149,-3.37120874049107,-0.886429460175709,-1.59285978788502,0.641170564207639,0.478179310225108,-3.73146835239447,0.933365139586291,1.20639689701878,-4.5192311837771,-0.925721490368754,-3.53256773316591,-2.31614665118126,-0.078374018786752,-1.43316735522684,-3.8695753825263,-0.160319894343948,-1.73114712627051,1.94110565696279,0.895053342337025,2.03011745575432,-1.05713625620963,-0.31217817827603,1.8239063197762,1.75982387267338,-2.34545577135015,-1.31537321702611,0.982097290773049,0.321187514134665,-2.63372071625652,-1.15226881504283,-0.655343646233436,-0.0554918399332367,-1.05018940154777,-0.352963831807307,2.6066241191346,-3.31210453023664,2.95200604201892,2.72827081875834,0.896628301792246,-1.60076012938325,-0.0456235021376241,-2.92102874457524,0.895365055837604,-1.42618254606624,-3.31704699601284,3.72108975494905,1.90181518902057,0.346994335095776,-2.26664104307043,0.657955088371111,-5.87843864713946,-0.894266751855153,-2.39208292378837,1.83258100820501,-0.74626446915506,0.733664967018867,1.53007059091017,-0.0513336253608925,-2.42358554309,1.38064548422916,-4.9929173453766,-2.93776368933761,-1.65182790043747,0.42922054987764,-4.71547963201678,-5.75499507991768,-1.82614267637509,0.434844870409299,-2.48116079949583,-5.88597953291403,-0.887082406695814,1.52506232094203,-1.22718805370548,-2.14781765501988,-0.213702065576638,0.751740698205847,4.86847066310252,-0.115843870091268,1.73146814807506,1.6981633684039,0.800672903471057,-4.0188420637462,-3.43675200720145,-1.35165683977428,-0.149284629211902,-2.4122839375319,2.63386342632631,-1.8305292272136,-3.72463961886348,-1.28894204373408,0.532432366138824,-1.98221431847708,-3.60931636809221,-1.44040504361545,-2.07024165381832,0.0249199582871169,-5.00966229231001,1.45914345071995,-3.26434612795612,0.583911458303676,-3.7382852918625,-2.18166149082139,-2.29236155767695,-3.91907529217785,-3.93874013277896,2.3353801065288,-0.485542130883714,-1.09203113345872,-0.742143868719126,-4.41065311218303,4.76095710864829,-3.20144356712765,-0.926287555887301,0.401003897413364,-5.08688073521691,-0.135019205671983,-1.63416004421092,1.97831523235757,-0.622576654507011,-1.01642645827588,-0.359978023093963,0.868796028209582,0.519653475828003,-0.939019735512982,-3.29603030248489,1.79773740367941,-4.50856648971977,0.309658253488057,-4.09488152290229,-0.863314909003517,-3.71958253066653,-0.654582491888805,0.313239395788555,3.44580338930533,-0.00780172140835822,2.46726301723329,-0.56650581291695,0.13019760887159,-1.34508722973635,1.94656926560663,-1.29612222776294,0.369831701650816,1.30982047087423,0.806274212440069,-2.08068784257256,-2.46948566251741,-1.54253924464601,3.71110055378237,-3.98481172369973,-4.52692813903756,-1.27366304203404,3.12511259432296,-0.152650649741262,-3.58728754875902,0.133238483847182,-3.43409275662948,-2.26796195051377,0.828995864452043,4.05379588134981,1.05713126713903,-2.67728391687626,-0.228109800358998,-4.50646227378832,-1.55228201417135,-4.38012829771058,1.82684794422512,1.35051563967391,-1.94201417543636,-2.91634776086882,-0.628962339663842,-0.975577006787405,3.9448834223105,0.0996246098568927,-1.3853816310103,1.03259486866026,-0.184862992860277,-4.06628161259498,-2.8195615936985,-2.25571762832198,-3.32791425863264,-2.76689171960786,-3.16059592604604,0.84843154893894,-2.17584230002261,0.952761090001991,-1.19342412567892,-4.0221514647015,-0.526105872623182,0.0992052081968364,-1.41827295837357,-2.5682258487445,-2.18888349428271,-1.8514557311563,-0.443069306885407,-3.00320489186951,-2.13989733020788,0.427986940373157,-0.237641183448559,-1.91270650705183,-0.350091322547565,-1.45810081374298,-1.26672267763934,-4.36464773305168,0.944803739225894,-0.325550968846858,1.06515161101402,0.177828915719799,-0.748534463849033,-0.609335316694025,-0.774989438552984,-1.8544953724814,-4.1088383868435,1.07419292794137,-0.802793303546338,-0.179702659681857,2.20690430515836,-1.03403390292574,-0.430251088934323,2.02670406390543,-3.6637805169976,-0.723138633198465,0.641269039524263,0.0173421306653392,-1.26126022486325,-4.26119800249702,0.294333352291197,0.465666597184494,-2.47607366967608,-1.10448690569676,-0.94379864298087,-0.444888623698121,-1.60782879935116,-2.54284202749667,-4.05770964267522,0.846617026662249
"96",4.20885752966751,2.14776322291203,4.31915829917298,6.24768717421009,3.69911730460395,2.4582464038904,3.72901445189259,4.33047786049944,4.3317464505439,4.24526065867261,2.16971823797185,5.43329909317363,5.42263290214511,8.06764664878963,2.78056753875581,6.54966903632737,4.47855770648679,0.0495266798636305,3.5639949841748,0.673988837108955,-0.251184518274976,2.79683453005971,6.63098599314659,4.65397460119729,6.94971309857381,4.35097969708926,-1.41475208410567,4.00624039013769,1.15538109599892,3.57401706618204,5.15977237948211,1.36033401720693,4.10598370129123,6.35785794402223,3.76166426572186,0.646323204894885,2.04423646118479,0.3439193373641,6.08847370841554,3.53939092894852,-2.53101906241209,3.93367309985054,3.89596849252855,5.18147416838349,0.1085292237785,0.563475855639104,-1.56703131802294,4.3943691227014,1.06336476277346,5.1504052491684,2.85811202185326,2.39050651386584,6.5161024083677,4.91945802480869,1.3291112409717,2.38432472136952,1.66750312344549,2.35974081699902,7.63576903983076,-1.00096426646951,3.18634485421377,2.9245721355036,1.66190298914555,4.11347475032532,5.0498250979601,4.71008804253499,0.769779856528624,1.35021803764969,2.76476675735557,4.81629449929,0.1688367963513,1.25115200014281,3.31383579366955,2.64259871552823,4.01938109375402,-0.263607307750743,3.9822472432494,5.66341610315156,0.325973065395337,2.06791223994248,4.26261241401262,3.71482106557764,3.71844311717853,4.40358954531242,4.02046571132125,2.93627346534439,1.04541069728196,2.20732300929794,1.57261128634504,0.400409512453924,4.43647354614741,5.00029666861369,2.67840060279782,2.6816783977476,1.50570701304473,1.43630315895083,2.68140868974161,0.986651989837593,3.0749916609382,5.27287034425582,4.43231997535755,1.71638739908942,7.90268626756748,6.02325249180847,4.66052695130622,4.02291782677497,3.82014960663809,2.71662512551127,3.96491895367079,2.60942006958111,2.02967101310149,2.27555785867309,1.4435223447269,0.00791558148535731,5.12229539455231,2.66973711033943,5.23497636511431,0.550257754854818,1.02922918679267,3.41857619057819,1.82616252835393,7.31410560740363,1.16807286231222,1.21288321555432,6.02669216177105,2.03860187733397,4.06095676179561,3.60221900644359,3.62983309119581,2.14950100210393,4.15075753101128,1.08879370622738,0.957073698921103,1.4211805130089,4.08387584115933,7.99327695483266,6.04942104042607,3.1312703397942,2.96562697635966,2.59740539142973,1.27414029810702,2.39183587908293,2.57565038347514,-0.646839854736772,4.87893624757,4.23182803666577,1.22807159888513,3.33814082183354,3.44765420783248,-1.50576547252865,2.89158349117794,-0.28527652236146,4.58385709024537,1.7382628831681,2.52954559085666,4.00715872635625,4.84695011273936,3.62771954260974,2.70199196516486,6.07170257017407,4.5049280278184,2.04475529512173,5.7376325571912,-1.06288386954914,1.29901530334765,-0.570429235476285,3.88922324285537,3.09700490676077,0.121377646468672,-2.50627524837899,6.84077207052757,1.66042626500881,0.91679010320039,4.50085456607453,1.19561532824395,3.60323382217089,3.10208697802606,3.15427669226139,5.89118247112899,6.73256840127709,-0.946633963970543,3.92292751197223,2.54830216417555,2.08914943793259,2.04735694649853,3.02515595296487,1.57163405045115,1.21673169055037,2.51971560014701,1.45030877069508,7.29122241528427,1.02160614930198,5.10670675366401,2.49602018793862,2.84625480157921,2.41692805955196,5.98430488896483,3.3058768679964,1.36410980700082,3.86086472975712,1.52631366304316,-0.763979630926189,3.68094188774111,7.20893846508587,1.23896481738063,2.76094356359956,-1.92293091671202,4.81153057135517,1.40501166604306,2.57269927565569,1.92467186873754,1.66127179365143,3.20386457505495,3.44295991320266,4.37432528924094,5.81671414889004,4.02091232005196,-2.27005294801539,1.88082819307798,1.10033201754032,4.53331998627631,5.47787335295981,3.3494973415509,2.19972984484483,-0.114339104309289,3.59950038013469,-2.61472044828052,5.779910000111,-0.187066166171158,1.9492089229524,5.18238157947756,5.45294674993449,5.68329645637315,2.20368353030277,4.51619021530371,5.44980557369249,4.84439619467834,2.07459995897187,3.65749328946861,2.24254798633359,3.8015165940602,1.88052601384037,2.60107719870414,4.33976591610521,0.500225892635059,4.05950755347955,2.43687687664426,3.60086541837632,4.39178978143924,2.34648271952753,3.25939546988745,2.10496231320155,2.30388816966982,1.37839662465272,2.10937932174037,0.949827861135054,4.20306680608094,5.22918812218605,4.11671314949836,0.857341975752959,-2.50285653683568,-2.05903301212591,-1.40382023650521,-1.1491814260411,-0.379757716638207,0.653115045496777,-1.57302161629546,-0.774771527551215,1.23432301776083,0.770934063018011,-0.398750206444499,-2.22608515665315,-3.48054116481256,-1.064460802998,-0.420520294233716,0.0449666501941197,-3.81043934275014,-0.683664415593052,-3.86038577762146,-1.46334394541694,-1.67062737862654,0.558737248420687,-0.478218451752992,-1.36711631558692,-0.558995280782257,-0.591312070962285,0.734492903103273,-5.16824874015795,3.5336904310312,1.9695853190097,-1.01704818928765,-3.5230972689046,-3.45346056009301,-1.33726676288167,-0.97073202491781,-2.46923176416423,-2.29967869874901,-2.06887251632949,-2.61552348620903,-1.13268550137422,-2.60627637414633,-4.41480576827437,-2.60440390818034,-5.18372787266526,-2.99135573832273,-5.24173104381118,-1.16974784294963,-2.76494588066883,-4.48553532223395,-2.62728647426722,-0.480864772195483,-0.450606382826209,0.0893221892648719,0.105006014995488,2.38566999158476,-3.9060340229852,0.00881929821834304,-2.60546991664125,-0.6399082973198,-3.13839217997826,-2.64796354081077,-3.67414462780802,0.53868304270796,-1.10107206272787,0.213591989951058,1.72341189444398,0.338544771677121,3.43059768225425,-1.49796294633232,-2.54838103625566,0.214330932590363,-1.145200812708,-2.42907745271874,-3.99485706121831,-1.26155193809564,1.0532161072275,0.268792713920825,-3.64008417029881,1.95966028539018,-0.771578632371283,0.0173515997412028,-0.465077705076302,-2.26082017255761,-2.22519519862496,-5.21907938408658,-0.235498183234464,-1.16505141022201,0.915960024009452,-1.46707740150932,-2.45875851668392,-2.32954484863282,-1.14548830609974,-1.79421511310465,-0.315161896740621,-3.61266026458816,-2.18275293042599,-1.52582255996079,-1.12301051191346,-3.0559612793159,-2.34933716046554,-2.67194027201225,0.734181171960373,-2.64023401092017,-4.57881098575423,0.891893206865098,1.41247033682298,-2.25526558103783,-1.21848981363128,-0.388643974991648,0.739033930438941,-1.26305807193342,0.463429089290356,-2.60016910552634,2.82754710986739,-2.30296730973179,-1.24241062345305,-2.62588358100246,-0.242509422926107,0.411563195164945,-0.685877661049168,1.28008202224702,-2.7269858226039,-0.370499104073572,-0.309389369190213,-1.01966639586432,-0.760640908613243,2.50244055984665,0.391434976484508,-4.08589195385272,2.30574673120389,-1.748292024216,1.00868907543076,3.20525703563597,-1.56830776307856,2.47453962367772,-1.46124221767984,-0.830381472324622,-3.79597684970061,-3.28367283230026,-1.34728260096927,-1.11148240936965,-0.648070425785036,-2.06316268074383,-2.08057066992014,-2.54309126797971,-0.493048439710025,-2.02484453204156,1.18007684093214,-5.4293056319408,-2.86088702006923,-0.748084336157298,-2.51960465814111,-2.3283145890107,1.4241308757229,-1.92721858632461,-2.25432502439343,1.33122481560225,0.317378506229976,0.292650978867742,0.125815190900432,2.78176044682049,-2.47271714649138,-1.24776928154894,-4.02582769451664,-1.7396528997491,-2.4913666900032,-2.03857442767827,-2.56507055422131,0.156482370407221,-1.67328191032661,-1.64681986825589,-1.15178571188986,-1.52741905262813,0.28316482152781,0.121998719601238,-1.76215645350286,-2.47838486603673,0.178185613277021,0.447711977004013,-2.12887798587689,-2.35522310045147,-2.35160760464876,0.215406255709343,-4.42178289583137,-1.61054087220592,-3.73513092329737,-1.13091172269025,0.0873314736921946,-0.0409862263412317,-1.21214134001541,3.98729837368822,-1.48227005307256,-0.0542597560949318,0.248149807101157,0.888866286708035,-3.18488417618112,-2.67424734884283,4.62259442008434,0.24458041248497,-2.48301266983157,1.15629086722918,-0.589113081176903,-3.28676071898126,0.359006384517323,1.26608040002654,-2.39806609064623,-0.065578163968126,-0.721816564763161,-1.27364260943615,-1.10130347482895,-2.42865154172041,-1.09260053779436,0.987560787770661,-0.572681667737069,-2.56535322606185,0.198003028047388,-3.18509435007374,0.528123680159902,0.651893937679942,-0.373221571565368,0.166522778271485,1.38339819986365,1.08624276739388,-0.987182882614439,-1.61706026327527,-2.60641425860459,-1.15348376729856,1.3166707683784,-1.94779488213272,-2.96759103210928,-0.754664835585749,-0.115717680865623,3.68132390994398,-0.830761965147506,2.00779469759029,-1.19562568176367,-0.120081195337554,-0.25692805342416,-0.773574961179798,1.9273408922382,0.796976651645953,-1.01195821666592,3.34075915933687,-0.514493303555906,-1.65622716313064,0.0933705631171124,-0.338755857378624,-0.38402651845173,-0.065308988498358,-0.948155151806267,-2.31078821024194,0.60366953019369,0.791813948291067,0.826297762160229,-0.40642396589038,0.259157362138927,2.49196914273293,0.114765470184138,-2.66884349461513,-0.72403097287355,-0.184572173215761,-2.16416864716173,-1.70407754518306,2.30226094042407,2.33868602322761,-1.52889839559571,0.586185129417833,-1.55456261380706,2.9010609033384,-4.21970080324376,-1.90555843867441,-1.30875424185771,-2.18639429985808,0.678420504684889,0.420861449820756,-1.57038632688245,-0.114289987866071,2.76209434258708,-2.39344465273891,-1.00115115321413,2.10365907859242,-1.8381693965535,-0.393264129742201,0.683389767964983,0.903786630515927,1.27756521552335,-0.200613716290545,1.20403580919215,0.161453176245386,1.61068616801185,-0.696142867640956,-2.67469717840507,1.39514943560239,-2.46055282370533,-1.39203099174283,-1.09933370863912,1.94504790675782,-1.17704797756568,1.54335147760048,-2.03775859791179,0.791420604542323,-2.17589758514051,-1.00192268201696,-2.36396777343742,0.689420181062151,-2.68296304954595,-3.19982914680183,-2.32612567191465,-2.01109421420337,-1.77646025555959,-0.732271102332382,-0.214221331418874,0.12058821747774,-0.918002074195063,-3.73523721172791,-3.98303153994662,-1.41389987863451,-5.53816588662543,-7.5873854406648,-2.89515993280133,2.94586947345494,3.37480503296257,-1.23251089728578,-0.960686376119508,-3.34560614946688,-1.24537847891433,-1.75532275551508,3.88902783696375,-3.84820995914178,1.10367528747738,-0.777969403877656,-1.85641677261741,-1.18218304433018,0.0178925024025667,1.31253937681676,-3.10264731680878,-4.22426615501774,1.67988580069763,-2.55785927868702,0.831177510582758,0.578588380504714,-1.52212297824327,0.82831057196391,-5.10688627672884,-2.01601702554437,-1.92386981657959,-0.985865612157839,1.23354750809346,-1.23367473286036,-3.39720428906613,-0.704384575086548,-2.74994105620417,1.76978480990101,1.04085738527042,1.51815907331893,-1.98531382386711,-1.52104621659043,-0.804175528593484,2.59647412826254,-4.52074812682421,-5.07240815242467,-1.47798591225583,-1.08240842160482,-1.14483014514238,0.588196168081609,-1.96045230780036,0.382893025315116,-1.24912244491296,-3.7725614944583,-0.792570865909122,0.172570406794548,0.787267444700396,-2.50340385419942,0.520178251609085,-0.875095961178147,-4.09980752779844,2.06114828033483,-3.30942398048466,-1.73893947729099,-2.05440887441893,-0.300156797669584,0.466267018810519,-2.63247218639785,-2.82571678340759,-0.0597468580082336,-0.97921680030005,-0.198348850618478,1.14258070715262,-3.05137881771003,1.17636727449729,-3.00995998638746,-1.63954847052319,-1.95225735861165,-1.76446624136251,1.43778588673725,-1.02918158772184,-0.822287697631139,-4.17090061605987,0.0543840145148573,-4.11681124956431,-1.69123742843695,1.87789760789668,-1.67013860532779,0.632660109601041,-2.29221680298222,-1.27242828718784,1.17303863648677,-2.84193182616087,0.851091791343689,0.364930512088675,-3.70406864191763,-4.02229574981922,-2.0751343668576,-3.71410675537332,-1.35068897063523,0.326935493401848,-0.291935009298027,-2.6319849940548,0.0227828859539889,0.125827654121731,-0.52106079675684,1.2347003378849,3.55364469494627,-0.584789228564001,-3.28767605755084,-1.56577710103538,-2.92961401225898,-1.65747381948235,1.6599570174009,-2.52136817425635,-3.53416127490351,-0.684093897818502,0.226438202361805,0.187837563540229,-0.10486762578755,-4.2277013132698,0.699454521829921,-4.17887600887303,-2.73979256050172,-0.193519192538168,-2.49388558467862,-3.4709970176222,0.402739931432274,-1.02435367664573,-0.894780203507515,-0.821588472955518,0.233290720172983,2.00081476313074,-3.01462182288355,-0.653815148879845,3.68992646502381,-1.52236150458755,-1.61931230009711,-0.385021156031259,-1.12017270127877,-5.65269431525794,-0.521165842142741,-0.843357414662788,0.259461520304332,-2.62556917441733
"97",0.487944263394026,1.88567684245947,3.52933168975028,3.08156320838688,4.86976954414601,2.65082678692221,1.02430295403421,2.45502070886365,1.28195040657334,3.56174711266076,2.04417370569766,4.88352052495479,-0.19295380085492,1.91208359769821,2.55977145125289,0.979451116279646,2.02005942791959,-0.781193042073316,0.99357477878,1.39526085501915,6.70130638715921,2.31937232174443,3.29944711678928,3.05035816974484,5.82104856392416,3.66557716734417,-0.064403760694443,4.07043413712986,5.83525123899831,3.9476960328676,4.34435480610289,5.45751297674834,-2.50352344054988,3.04570619444616,1.77561003832552,1.73740828845583,3.15768005972394,3.38179937028574,2.90476685811717,4.74843983678832,2.04060334751175,1.61483742224247,4.71629420910861,2.83359266406628,0.400778150464476,1.85118650349082,2.93522807744628,2.6402971703921,4.02841721687125,3.99376610039333,4.76534749983093,2.19390105698597,3.67054172205646,2.78356214935155,3.98026666882658,2.29940748051672,4.32439360034095,1.95473340665835,2.69929838773955,3.16195487444717,3.33847131305998,0.784139457338898,3.82021961756239,3.28269271879794,2.51171539155623,6.09612636543071,3.19912447362691,1.80890604695002,6.50089281567465,4.11045909470513,3.86537659500188,-0.276518648011999,2.6284898237172,4.66287025061188,0.979061027116231,2.04351823266557,4.56304330842621,-0.661084351755416,0.508553255311333,2.69519441290788,1.59625368055126,-2.52653769088747,3.89353132663262,2.66794807848741,2.52981740958715,5.01271350829598,1.03305055079774,6.33111216279096,5.72242778636089,3.66520293568784,1.0595686795353,3.84054281600617,1.41285744420235,4.04696420725938,1.55468789205732,3.69456321827455,-1.93740420622124,1.80702695873614,3.06916082547584,0.606985182742001,5.75039053092646,3.29173299616315,-1.11354759725485,2.24739929096492,2.75946078748075,3.14310701078049,1.56777574388553,0.339857086632022,3.03840577381234,3.6447235245372,3.02537961642949,3.16134055493139,3.5309461602036,-0.300501930557703,4.10793914667816,2.83064235261305,4.84985002211666,0.731351247516357,0.125618570726239,3.59596425576377,1.5042415044031,3.22209683195018,3.20897131200345,2.34299298502196,2.14503171171874,2.44137264459921,2.40499544747061,0.514265883436786,2.44340228850616,4.68255763840252,2.67663737736472,2.62379689623609,7.58130456533512,1.58088994633657,0.671043913059765,5.21525868178522,-2.34152154287058,0.334191349017543,1.34732712544783,1.48304561220924,3.97365520941121,2.09344690992415,6.17847554075062,3.49576386165099,3.61900739267475,4.01080202495995,6.41681496080232,1.95128904625312,3.55808714514301,1.80016717169981,4.61628106531021,2.35678707557768,0.797352412808082,3.37391690922042,1.93060189264452,1.4378474744727,4.36290978504982,4.49192403950574,-0.0116998134471462,1.08404287730874,2.53330630044637,5.42662860734842,4.21374541322534,7.83069171694688,0.703019009860831,0.940219581347187,-0.0299384967372172,4.49975911299829,4.8958200319597,0.89458206797503,-0.769150521081589,3.00746208862629,2.21514364202922,0.558496993533305,-2.46302000916252,4.42767695157373,2.23860389431614,2.23786092217723,5.33721964076028,5.74666800038945,4.96261178287007,4.23799186902705,3.54216384625727,5.63584977933673,3.72343512844148,4.06020984778193,0.638349340782381,-1.50381827117664,4.7028489455238,2.60962712160938,3.15449556447459,4.85036120313796,3.70482554496865,1.68936756951187,3.9338153366141,1.74749463868205,4.30429334165725,3.85988003656955,4.77528004004406,5.64043433210082,3.72350827811144,1.95814113280763,3.90661553221031,4.3467359991479,2.62609215665972,4.75417372172828,5.44623551116848,2.82488071069803,5.33201739107043,1.22985059479372,0.251614529769015,1.68134991508288,2.24602107448825,3.71381310372179,5.52724979355149,3.11795050827241,5.02362358246346,0.871628452361639,5.35777996972764,3.47559011570667,0.521361413293852,4.18019100426101,3.15109122233181,1.8752958489668,3.18932314302661,2.17363798357584,0.466015950777907,4.42808525761856,1.56587147221374,1.3256007324094,4.31923558626126,2.21669557101014,2.5798159219874,2.5847101749196,3.04439328157831,2.89331219877924,4.47443824911928,3.07154132994874,-0.171968339311505,4.66021436505133,3.58757249188506,6.35119844394208,2.33401483391313,3.4065269617171,2.33359883806468,3.15484845834498,4.48945662245526,3.60382974486689,4.40366297985981,1.24961208540901,3.07182241086166,3.08818846923903,0.244416532009019,2.89804125701937,1.37675292738468,1.88877070323753,2.13349944589789,4.37168684194648,3.5200551566959,3.70653497735237,6.42225985277611,2.43112228345043,2.27035587135048,1.8604765058962,5.79345241152295,2.81567913678505,0.36849942213806,3.31954621982087,4.80672427856803,3.79192963140152,0.669071402621425,2.15504981196154,1.34735948128031,0.938961431066615,1.46348021853339,1.61766492286055,3.93199719213257,5.42203968780094,5.61366232790062,1.84435948028732,5.52073669597651,5.73788645627096,2.67207220415988,3.31037738008971,1.94417606390605,1.22403401915786,3.32806970065098,5.09415569026851,0.875284505652501,0.974842706462799,3.87500887454376,-2.00840991754691,4.27957107659335,0.763941410600915,4.12773528782687,1.25422450182649,6.70012448161509,3.43552883338758,-0.820941515187602,4.12047562195496,1.48683241969427,2.76959032471953,1.08136513440498,4.38224382559676,0.740827543227482,3.5425681489738,2.70979034634584,1.53243684211782,0.949548276230527,4.17372390349656,5.62131192670086,-0.211470306281683,3.42019860250882,3.81361022027577,3.63818691071937,1.56178906722964,6.58444267557183,4.97825759884191,3.40808811803857,3.05600216291068,0.85702085382349,3.78036837790663,4.88465730669038,-0.514021844444305,4.15907983484653,0.172788010706591,0.382040081597145,1.02673407506059,2.64573137698709,1.60115374883125,1.73783839437234,0.233652071138396,1.82847845450253,4.87745673527361,-0.364561783146315,5.7335802376378,8.48750301404998,4.87861758577349,4.1576566566864,4.21016603364886,5.09963630610388,5.28684801346967,5.53581984578776,2.7521082011555,0.322592503189864,0.618171380883332,2.21087848423556,1.32213610737271,4.3726258984173,3.8984236249073,5.04037587589254,1.87129865048368,-3.34130641132632,-0.737395537801496,1.30886018673392,-1.99816766710275,-0.00230207145335282,-0.778314804613423,0.045453485356268,0.782661208236075,-2.15035742764028,-3.45270163292859,1.43960064411524,0.190190620260241,-2.277837927129,-1.99544671424199,-4.55934247745989,-3.54988507103358,-3.49150984824675,-1.31676583993513,0.0420425345875146,1.05269492646956,-1.13876745154985,-1.30008682667217,-3.65824720154283,-1.5850959780739,-0.271134068376412,0.650259104724475,-4.72966238559173,1.84679888628186,1.43041475194991,0.0282303845753189,-3.60098233123173,1.47357415041164,-0.0148529738018458,-1.88530971565223,-2.77112996669824,-1.89919665965025,-0.824548082039747,-1.2728790138705,0.108231767705402,-2.49720554823174,-2.82227115794502,-0.864268248725959,-3.63741260901345,0.199808627470095,-0.510055902451842,-1.9770368234123,2.70816780703213,-0.0232415581364162,-0.0783405298103194,0.674538531387001,-5.99064823640989,0.455305393168501,-3.28776110099013,0.633991162004815,-4.47532657145234,-0.40805669325465,0.146732253933646,1.27977637711071,1.90650483543805,-0.841115606485227,-0.354317402268545,-0.211232228834417,-0.629275689180223,1.33113776715796,-2.5617524812772,-1.20634683757784,-2.01465470019759,-0.654487034261746,-1.95125481473167,-1.0016263226036,-0.425278424582816,-4.80135287329893,-1.14522793549262,-4.42423851311879,0.147766750636041,-2.82459961385238,-0.884640914325961,3.43711844114741,1.62106397842976,1.8523016865257,-0.560593988931867,-3.115292387175,1.66495479384238,-2.61032824727162,-1.91765997160774,0.208921133527858,-4.0924771448877,-1.65680613072111,1.16758441327625,-2.4122038077884,0.644179107376246,4.72866145996393,-1.60121665367675,1.31798310658542,-3.15044245751584,-0.284463939618847,-0.615257200947398,-2.64140016337518,-0.352284644464806,-1.15539718884988,3.49573010251822,-1.92846944276212,-3.90515296879096,-2.08598705545954,-2.5952419007405,-1.31754197216798,-2.66495308441319,-1.09050940152754,-3.61201442682956,-2.5095863931698,-1.82689619836932,-0.212529425817035,0.685505337339553,4.21291937438405,-1.59111732240869,2.3242109314711,-0.23940823358752,-3.18521132035265,0.45254034183449,-2.96086212008911,-4.38385847139522,0.593633047176971,-0.678856502201837,-2.87005903406019,-2.51949316480399,0.604798549315513,1.26731357902125,1.40681465717359,-1.65178072236549,0.872466468465308,2.49254551505522,-4.06794484488963,-0.618397013509749,-0.84100567414454,-3.22606390584372,-0.634670129683585,0.438047862812506,-1.69640996407551,-2.34286036373666,-0.562863239039907,0.166893728588904,2.03514278836536,-1.61521735524243,-0.301979967793692,-1.51075440896799,-3.25277290958922,-4.68076244345622,-2.90517860820655,-1.86338033505461,0.628338308944592,-0.993499639322016,-0.20071156760973,-0.135152070376429,0.456298741735969,-4.62043981867713,1.77467333442217,-3.77796955550467,-2.01083029781614,-1.28936168165883,-3.28643393182136,-1.34967926344455,-1.34478771502447,-3.78004538788922,2.00497144797804,-1.41412000615268,0.214386816298831,-0.652024812089634,1.76816712641624,-0.919823762809029,-0.438594213136515,-3.88243026412326,-2.06184917623878,1.43941398241558,1.09947159328736,-2.38132420256075,-4.37819026020141,1.88476467302822,-3.82114954911818,-3.04682698423412,-1.54888401264556,-0.174417005066541,0.0559050210718657,-3.40121924291575,-1.05744873295554,-1.44658385300468,-2.11975354965709,-1.20448255657547,2.89616904444662,-2.23813626244052,-1.51206199074013,0.627101460180968,1.43635273071037,-3.55396260667265,-0.485862390944047,-0.170963404815207,3.50563159248571,-1.61684935735367,0.824486835316142,1.6011343364852,-0.17463702278939,1.58987026256655,0.247769560113581,-1.23812900512663,-2.28058486747259,-1.87053753610172,-2.74245723297065,-2.04756112053995,0.934040331191186,0.312305748587723,-4.34309156799173,-1.33363979672993,3.07773993333014,-0.171922330197636,-1.19631042532361,4.24336912163025,-2.18339202569791,-0.232781437725462,-1.252329111635,-2.85567283278451,1.78482472719055,-2.82141394975475,-1.44435942007087,-8.2990348184289,-1.90695316600339,1.42643947417809,-1.59267417746133,-1.88571670741343,-1.24060315050362,-1.28837747098586,0.660223940089357,1.36971759966496,-2.59080754548508,-1.04528780082945,2.50694894703174,-0.0942183716649047,0.246222887697281,0.161071156662893,-3.50954520563259,-4.12656153586111,0.827419871793798,-1.15302035976874,-3.03250150516862,1.44818771361845,-3.41301050076892,1.04921876366612,0.682710367134998,1.06454405535084,-1.07021319817028,0.722027117727226,2.01623956541642,1.34449688764544,3.01154217382605,1.25358094359102,0.432724798828604,-0.88987235237681,1.47810776362915,-1.38091752911749,-3.19931674933602,-1.39021210656495,-2.52211124038878,-3.09466530849907,1.16621145334193,0.180400300705217,-0.354779401463066,1.09372371689196,-2.13410088918368,-1.20462882185385,-2.82516407315378,-4.63344285806861,-1.93398554460058,-0.142367286359487,-0.594162850604392,0.46617669020138,-0.246526727143955,1.15325197451294,-1.60900411406648,0.117471720667206,-4.17892213833868,-0.924085110487302,3.02587124798085,-1.44089444766437,-3.12678361912832,-3.02189255647603,-1.47059852849904,-2.781962302219,-0.555669918499479,-0.788556818442371,-2.37399099315501,-2.14195057471785,-1.18051408636804,-4.47565080135373,-2.24046698355184,-0.678080295193045,-4.71404318076094,-2.33000345533819,-3.54710970488989,-3.19919500527943,-1.42771352089919,-4.25718081777032,-1.24052824887361,-2.42541791846557,-2.83522731550535,0.305850194779057,2.80510076917956,-1.77584665539248,-0.562784795676102,-1.56314795150497,0.393400663398965,-1.84932962814969,-3.8424632466139,-2.87325042277748,-3.74000728410312,-0.667457349698128,0.392704081178587,-1.32733701300231,-1.65360324355675,-0.30000735544405,-3.93623028593648,-3.43210756406948,-1.23855664990916,-1.26263024229025,-1.94726398829415,-3.05652498966732,-4.54574393752046,-4.00581251459834,-1.12705045508262,1.20634598173491,-7.31997011421786,0.0910103526394181,1.05611678148675,1.67328706719416,-1.75438593699647,-1.69122846114686,-4.83526354283053,-0.55592278232503,-6.28644499113974,-1.86246211161749,-1.64638872218831,-1.9749375308841,-0.0320896664769073,-2.41955441732189,1.09472028884123,-1.00354070000296,-0.0173756430338862,-3.38862719999348,2.12235651839265,2.9710131686301,-0.622530338846837,-4.47776169118169,0.978861646426461,2.55970631796198,-3.05210663971054,2.4058635536588,2.05333160952577,-2.75460010735958,-3.17196383619953,1.64023486120989,-3.45783186235745,-5.1115144527645,0.838331281453658,-0.497417659454951,-3.51243488209888,-2.10890300318364,-1.55448263871979,-2.96121994604863,2.10400540539232,1.01817600589189,2.95631414139144
"98",0.584586662072946,-1.06386506118794,-0.484899709124472,0.731260958755931,-4.67047467370738,-4.0927191818166,-0.209010581862383,-2.13020800995744,-0.190988749465413,1.50319986686255,-0.250487205675241,-1.78665576004266,-3.44332127092359,0.973062347701902,-2.57669751404842,-4.2581010400795,-2.66166575741239,-0.969694795568895,0.277393825139359,-0.72850114669374,-2.3729504380537,0.901491394148826,-1.57123985708794,2.8950972191836,5.49543006453934e-05,-2.47727684899301,2.22331126504673,1.07431306530448,3.36654452951051,-1.72544431416825,3.77779164353397,-3.31054042894583,1.23474483811895,-2.27013003025179,-0.878722514720624,1.54595868693423,-2.12005551817908,-1.60880736540833,-3.32859266320457,0.50803563212106,0.687483033703759,2.69598487688696,-2.74611199259263,-1.94724361743395,-0.720047965020515,0.443177632278604,-2.47791484485011,-2.25462088885947,-3.10349582989904,1.33414563803283,2.90018135655339,-2.08778047967563,-1.60711891729715,-0.612090194998792,0.161423013353631,1.2301125274557,0.0279237048087446,4.05665357420284,-0.0803736710783861,-0.368939253841598,-5.31968285864052,-0.277833672128979,-0.114206598381597,-0.387093789457437,-0.872449057596899,-4.60055197692285,2.25864727645354,-0.357760015142939,1.80276985765868,2.04046492849442,0.498255773864043,-0.499831041930173,1.0236216256116,-0.181136225039848,0.955079123250774,-1.60253439164483,-6.37834949409982,1.1102663845076,-0.249983841368405,1.36832108031545,0.210955223412441,-2.72788652697811,-5.27791631952803,-1.26401415381544,-0.446854113452222,-4.07246024621593,-0.286869392605594,-1.79438288369539,1.59096939552404,0.121417322493758,-1.52015087991931,3.77411150685402,1.12630165991263,-2.72528282982255,1.05525981365301,-2.6126185212045,-1.39223164243066,-0.819056819718311,0.203643471370984,0.611805575788038,-1.01734631587812,3.7666020157949,1.10824168168415,-4.22287947319076,-3.91950502064606,-1.20688100292885,1.06919348579266,-2.77277479411358,-1.17671662870539,-0.801026237925727,0.186151925253555,1.27760422514946,1.12460230871909,0.465763816627841,-3.62114365243107,-3.44049842913812,-1.84434141489646,0.819848142465077,2.45704650488771,-2.48639892959696,-1.59691519514031,-3.81977760472292,-2.39709673981693,-1.22479458447344,-0.250704879460901,0.961303596011041,0.284424658701839,2.5221175471376,-2.72241346842941,-0.122764654895614,-0.690197058653329,-1.87984550833651,-3.80298778838006,-3.08339769864414,-1.50070869348188,0.279111443864667,1.39163083690193,-0.796777177377246,-1.61927166944423,4.93624142022172,-2.56169493053121,-3.66651519158021,-1.05687856735332,2.24734238699447,1.14213602005797,-2.56891125220316,3.88407536415935,-0.864337711682641,1.31127367511532,1.1620701225245,1.84881341267007,-2.42876781506226,-2.16306798628953,-0.147970183394785,-0.0304265711627404,1.84508902527909,-4.78573377396292,-1.83267908175624,3.50314945777146,-2.00032108221268,-2.90971521651087,-2.43050823898075,-1.62232099450906,-0.760061423601496,-5.20186890785919,-1.14929411139268,1.38283833924887,-0.475964062779301,-5.08334339212973,-2.58741828102998,-2.22944428838797,-3.91884602086348,-3.81816937670324,-0.615876983131759,2.06297090013119,-1.0417632302573,-4.41157310011114,-0.502524334619282,-1.14334088773664,-4.0579770410194,-1.85924322062433,-2.68072853600144,-2.27285213798615,-4.38232047688544,0.324257270067767,-4.00628192918543,-2.00147029600354,-2.60297617966665,0.298656001386967,-5.72366018327908,0.506532635849157,0.121110330186201,-2.6892062868813,-1.70838275966637,-3.53808009252711,-3.01794067710526,-2.01536272574622,-0.908870069078989,2.60709765383609,-2.48028488293158,-4.05704475556292,1.14288649751905,0.761077796078172,2.98470761991054,-2.01135882001946,0.474677559566907,-0.54524627055057,-4.67495968127099,0.166658121223875,-0.979002009561783,0.550965684048354,0.514803658027239,-3.47677316847494,-2.69647628139498,-2.4353412431245,-2.79558075501265,2.80926080264257,-0.708615698789208,-3.17166010595774,0.926550981212509,-3.06382577037881,-1.61396038034849,3.13767349286393,-1.90493953975475,-2.2791892138562,-0.132464148696,-2.23433190847568,-2.23344187274163,-1.20445564350585,-3.74995636739033,-2.48473649668321,-0.350366462228045,-1.64555495073378,-1.143483860381,0.909086600070408,-0.523360372358603,-0.0297569083169289,0.663561627667043,-1.95477363433086,-0.394609252743371,-7.19166038224384,-4.02791093884785,2.45185077963956,-2.85841971028423,1.32046691332822,-3.2268465740579,-2.25784361509298,-4.47230991914382,-2.73652082325179,1.54562654853467,-0.118638302881221,0.0860504670679634,-0.909418585209882,-3.98792999772206,-0.314042774664279,2.72631548621695,2.04132973479645,-0.535429028826661,0.875468602902355,1.94639263334994,-0.545568011003988,1.92661639587472,0.687346366531687,-5.11491393681965,-2.80084871183727,-3.7791340242223,-0.0849587570058904,0.958369765752846,-3.72401047691941,-5.18680652683609,-0.188984146003104,-1.59084129501462,-0.836790724351436,-2.82040788968309,3.77123520188588,-1.58955587647854,-0.503035841148799,0.587941251014039,1.24300748471542,0.646347071923329,2.73434525680905,0.722094507951873,-3.16673856142048,-0.087734118180963,-1.35353802891669,0.215216031656276,-4.93640195055086,-0.782994306384206,2.33228568044612,-3.99732985380269,-0.160119838072245,-4.43788050704006,-2.63066250458942,-0.902948109176664,2.42602336434821,-0.0300711763335907,-1.37868563327607,-1.44163677831633,6.43030266398732,-2.33595873256468,-1.01966990689505,1.42543198623609,0.15058166797701,-1.76193645851864,0.176970368023259,-0.520115732000761,-3.15619995786345,-1.18302992416877,0.207781991768633,-3.51825694805894,1.70493544714474,-0.267698351754566,-0.276450268842792,1.25203270975358,-2.96646937450193,0.224408733483927,-1.99511996736525,0.135855654143387,-1.84724717627204,-3.26348252644168,-2.18622505078164,0.484843811106651,2.60666538072732,-1.86425211908756,-3.45804112115947,-2.44280517080906,-0.499149395806072,-0.542618022710885,1.680560898377,-1.96643812980222,-1.03941263432622,-0.853818641510928,-3.27900792503297,0.932398478359475,-3.09385281754433,-0.393529830026806,2.34711894020315,3.14309131767821,-0.503769757081386,2.58662245672737,2.70324811990623,1.72634063760917,-1.69318238307923,-4.91398275324237,0.617875091712023,-0.618458467176608,1.43735460524557,4.01055629139414,-1.41199595669535,1.90561931674041,-0.954377519664519,-4.80741742956553,-1.10919101289733,-2.61857216819826,-1.07115984320277,-1.80776420584277,1.38674172465899,0.792813980718296,-1.90400466630069,-0.369457630076969,0.430725863740595,-1.6621210631615,-2.7647379262834,2.23172937943276,-0.277091950111604,-1.50699069045122,-4.92971837874083,-3.86787530683487,-0.423634505477968,1.99049410247684,-1.46259056356259,-2.85830718085432,-1.73497178392325,-3.09794284075897,-0.31670564150773,-1.90914032943381,-0.481027663915306,-1.24762883521519,-0.56626486649161,-0.168019718559208,-1.22824051323134,-0.418539591945908,-2.69064918644678,1.23920897593923,1.16190946003562,-5.95797213432292,0.41751963550168,-1.96787719424931,0.968626943025536,-2.65382868398623,-2.46954687459655,-3.27328475320298,-7.70147683152635,1.54716791309246,3.52140449602939,-2.23323409481275,-2.61784681380226,-1.27290274387681,-3.13093214803284,-4.16814734579412,-2.74269198733616,-2.79196226529959,-1.06738431534948,-2.17468214288104,-4.59933741526055,-4.4734180862086,-2.25861151703913,-2.67233761409773,-0.0977664646561901,0.195757232483705,-1.6944498764766,0.448841771335797,1.25129670025191,-0.90426269663374,-1.51316244737239,-2.0599934395573,0.421113737088822,-0.461329275436123,-2.95184404567765,0.284230288603172,-0.293809748339908,-3.20023739286123,0.446193394527503,-3.6490940781993,-2.52366805484045,0.607361686351474,-0.0590460848467487,-0.765777312552198,-0.307114658830493,-1.11376135718239,-1.66999303458474,0.173147011178982,-1.39493131990042,-1.33957859499719,-3.60145622893625,-2.0789467143786,-0.156912813721339,-1.55493543058278,1.86281913432986,-0.753412302386052,-2.68544831577443,0.323849477159101,4.39316968044582,-3.15729700774736,-1.25223629216528,-0.0414344254626566,0.76639122332438,-1.42739513470235,0.831080342867008,-2.84042891046468,0.582582623813459,-1.24663985990901,1.4333735662753,-0.844539437290016,-0.681380702166012,-3.96724872830645,-2.38988939486358,0.313955839586428,-0.716938030381418,2.46176005361816,-5.65187892383218,-1.10588329865371,0.393667994148604,-2.98687843424125,-1.69356949208157,-0.464949232037469,-4.26458940758506,-4.61189234132723,-1.57398121205764,-2.35184026340803,-2.4820350939514,-0.393517131949765,-1.9689280732353,-2.56379846987925,-0.596435802844251,-2.03169727616432,0.339111620146661,-1.62207297984855,1.88459644979944,-4.15911577913894,-5.10867170188223,-1.36372791593514,-1.06325774985399,-0.696024619548097,-1.08839959336873,-1.23105694919729,1.1203643963893,-2.68015249766525,-2.86138412414952,-6.39556996953668,-0.0404954710264757,2.53354046329437,-0.49336610410613,-0.916270911625,3.00254755359855,-3.50549159982474,0.00834290076467492,-3.49246277361549,-3.47347926749812,-2.52538835364006,-0.855233083533654,-3.21562071844151,-2.12257042521949,-2.65016595890011,-0.452535722972051,-4.45516660075233,0.268737441168634,-1.50001142563135,-1.72629008952002,-3.85597375084505,-1.77430710581742,-1.60700491872217,-2.49221751130374,0.0951070667233058,-0.51403700594888,-1.63106372175435,-0.817183847921338,1.61741364270614,-2.03884757008287,-2.28578038525819,-1.57233259577505,-1.86364856582787,-1.49121901954865,-2.36040769362159,-1.32538044707564,-5.66217180284347,-0.109027850529888,1.31245672641719,2.18318633647554,-4.19115671192306,-1.59930986607043,0.702094167070391,-2.08944738511997,-2.20752593182256,0.995863839102465,0.609524669698496,-0.678461626164712,-0.53652206250574,1.06832214649996,1.36887943183768,-1.25702144749384,-2.39507631118135,-2.12218107345881,-0.183888760416359,-1.8221517778378,-1.04687889833168,-1.24392321180749,-0.202994562134019,-2.82760193364885,0.995058031329559,-1.18268545831628,-3.03158553631538,-3.4873595691414,-0.990062317685849,2.03249334119383,3.34414467869922,0.45599648644109,-3.35941697599696,-0.740113255299081,-0.868226320611573,1.83899720339251,-1.25203636197708,-0.838022041187568,0.802797398894238,-0.231183783400722,-2.18847343853261,0.4462630497493,-0.805013941477665,-0.736323382837527,-0.671231778536009,2.6456047179518,0.755669302024598,0.160105572517722,1.1432909025202,-3.40585420043613,-3.47756441776512,-3.47695300542473,-1.23272564454285,-1.69221130710629,0.000427099585687207,0.26967691636126,-1.84002380898474,-3.832120326999,-1.42943408682469,-0.134358512380765,-0.898235279641801,-3.65515687342738,-1.3626309580474,3.17631204242971,-1.32972356737419,0.323337809986755,-2.30706407219913,-3.62311499877225,-1.38758897452354,-3.87703958178776,-0.0643998770540157,-2.85398749370633,-2.69242837432024,1.94892926908544,-2.2053383740573,1.08234551557415,-2.23160555252822,0.298450107304327,-0.0816546904540262,-1.14151834549302,0.955919901784076,-3.28276577503591,-2.88004627837178,-0.578157559663533,-4.16836227407195,-1.95494553092623,-4.7127572812041,0.468049097200387,-1.48081246814955,0.133103385696517,-0.971390071991609,1.1056547009574,-2.12583071706927,1.09923931736981,-2.87018829825665,1.63820792385079,-2.60907668243862,-0.812513424379567,-0.0851845386638043,-5.06145023773596,-0.895345236675795,-3.77575284581014,0.0273039804928641,-1.46127232694009,-3.28417580817735,-2.18330439145289,-3.75269647239572,-4.50441348717731,2.44589990445963,-2.52936154123408,-1.05615739926036,-1.65584771567882,-0.441709727258072,1.5220587285221,-2.54739613997738,-2.50114341237069,-0.930309429794857,-4.1560513112571,2.3298041582594,0.916000228426624,-1.73366455716006,-0.305946736431211,-1.02461234662644,3.12269308495088,-1.60701330542393,-2.91158741042092,0.249897676015058,-3.77137815860822,-2.34672423187674,0.265190805871181,0.980182654800628,-2.35214647790355,2.11605705203108,-6.14761653069693,-1.20270308817222,1.9425533081366,-1.39757775244539,-2.36507332971678,-2.66116322491237,1.40687034552707,-0.164380871224515,0.344352139116671,-0.618552443526531,-4.03570428697603,-0.212434905688945,0.427970362536538,1.85753433670936,-1.89809621548863,-0.912946682900203,-3.94390451260808,-5.60642406422949,-1.88261687088165,3.1149398859898,-2.52666597711908,-0.0532223236005235,0.753747291968882,-0.396729118168616,-1.57980495519534,0.790096301204829,-2.88405516440408,-1.73653984558482,-3.11749716405068,-1.73764231324965,0.0755464951560603,1.61113686635326,-1.1230286140806,-1.75704502191598,-5.85320487430626,-3.10054673809765,-0.307342702335093,-1.93928688056953,-1.51209384596775,-1.01582652522157,-0.305165738145943,-0.131737560004731,-0.721474261969701,-0.0565122088670899,-2.75360191098899,-2.04402357919747,-0.132597779483685,-6.64689660146667,2.47362860716448,-0.932549927356836,2.41904022845358,0.147514224349382,-1.18105649165435,-2.64047040750983,2.43688136941507,1.29944104636506,-4.0447518770924,-0.0144729267384175,0.334146724961109,0.625000126595241,0.948517228517,1.23647382014126
"99",-1.52459819630426,-0.382295597122454,-0.984386232525414,-2.85990885519434,-0.511750992439973,-1.20603789945034,1.62863058432078,-0.0308638831565741,1.8106135869776,0.494952900997903,-0.984344859156484,2.04630198895584,-0.206740370392908,1.85582767272588,-0.398341051788807,-3.41851515600636,-3.29697385560276,0.183148198034287,0.697285516833652,0.30448923431258,-1.16528628316561,-0.637935978390079,-0.556264804145514,-1.24679169651081,-2.14214016277279,-1.18916538685871,-0.660538278499388,1.27631675648205,-1.77195903157482,1.59110844489024,0.00981317056713582,-1.75955426454331,-2.21612660294611,-0.0839584887350148,-1.55878827513444,-0.942607547741475,1.14653251160325,-0.329441879311424,1.97936337441476,1.12344499741984,-2.67728896995404,1.0685967742374,3.40402275936915,-1.50471908490614,-1.7675409052394,-2.30695499601132,-0.94822931828069,0.684952885763405,-1.41875260280673,-0.0665174815049733,-0.41043097810549,0.661209015694626,-2.69027823850863,-0.206665439958777,-1.32139822875205,-0.77468933233498,-0.641763324692691,-0.402771530189553,0.20050278095954,-3.61296769733204,-0.280496060943031,1.13639313073632,-2.7499458009738,-0.988633296526036,-2.61336726826152,-1.10477803413766,-4.4343497354648,-3.64776002077372,-2.06323224831267,1.78475775587807,-2.57902050112863,-1.04910354964975,-1.27032528450773,-1.82035741293029,-3.20060476530211,-1.54403797270254,-4.61440083020284,-2.26352426425087,-3.15572738108827,-2.15380448165362,-0.658223626684769,2.98472409649129,-3.56819372167682,-0.215868200298184,0.388415954095424,-3.99668329052335,-2.38596402251128,-0.0933808218029081,-0.0680869240095455,-2.679576291282,-1.30139696990081,-1.84035258416831,2.87337397012358,1.66348069070921,1.63018061237561,-0.148539690927021,-1.33986537347368,1.28354674832715,0.732269030977666,1.28056736794075,-1.11554148544258,2.32717810147383,-1.22721044121719,-3.4883185944915,-3.53405050023621,-1.03159491633185,2.0866373360155,-2.42741187304607,-2.35873496645959,0.0442942253675631,4.76614826564991,-2.69054364349314,-4.07807380816101,-3.26547427259944,2.94215964406718,-1.9679500795624,1.85291163875595,-3.62634264796143,1.46549339719603,1.08171393416392,-1.45350349657393,-2.29211990065569,-2.96560638497099,-0.948373082835694,-2.15265934231625,-6.45618846806464,0.418254325449419,-0.972963559370345,-2.12820000826223,-4.66044220794928,-1.88606118518312,0.665251636589345,0.876230223927842,-0.975932751586831,-1.32274704490007,1.12186307788418,-0.684954602456921,0.499465248646443,1.43068609077926,-3.11615623382513,-4.76687161995048,-0.637917665840486,-1.65623460062258,-3.95968639639763,-1.48971733162063,-0.60299703356054,0.931172500525375,-3.20217095782947,-0.133294640181687,0.286618533571973,-5.12551420499133,-3.35120374249887,3.00527335023829,0.859184496723666,-0.441228092996982,-2.11950107497162,-2.35575560952261,-0.592391684498897,-3.4745861044504,-4.58411060041055,-1.24503102007672,0.105770220566822,-1.67329461195913,-1.65755834787584,-0.310032483792773,2.63691820454634,2.02561251882423,-1.18364590322801,-1.09873805843338,0.114985907917139,-2.49108776022046,-2.41782947176608,-1.76174004917329,-2.26605116956658,-0.162114516292874,-2.45210802618858,-0.716319782569791,-1.22360111080075,-1.03817152681613,-1.07355393769687,1.52713444561137,-1.17030026537987,1.51558048381569,-2.17474638643192,0.210005580503998,-1.27441874910712,2.14032487328577,-1.52964812300358,0.269130806664162,-2.98862176527879,-0.860311336378359,-0.0481391036375322,2.19938154894096,1.53017127317556,-4.14820173801885,-0.6998958137951,-0.677038712192684,-0.473143442359878,-2.09896267820196,-2.71021770393324,-1.89343313346196,-2.55082154799803,-2.51229873926423,-1.72241055239038,-2.74700859943678,-1.11596042327193,-1.83993305233143,-1.91864822867488,-2.14382454479988,1.3815732501314,0.561066864140519,1.34683923591646,-0.161833016705546,-3.64431277501652,1.32504936058554,-0.975225478984187,2.0989349166439,-3.18637496348274,-0.709725605046796,-2.83999022816954,-2.18967365640321,-1.69681902250703,-2.00273183790105,0.89803429775527,2.5953726162092,-2.95834677821162,-0.422929467530761,0.874397288628805,-3.05033531183213,2.58870640090271,-1.52706262602681,1.21737118224282,-4.31788784992385,-3.15621610819471,-1.04173011995709,1.01384139664666,-1.20721387650949,-1.25444243206824,1.36305658963242,-0.931470668200559,-2.8496762751244,-3.27512855808347,-0.779624714839721,1.64654848987614,0.451704820227141,-0.563151231706925,-3.27586080803403,-3.08658691301301,-0.728403605934513,-1.11146381462255,-6.09094359197192,3.0125899203098,1.71970537798283,-1.50969057960673,-2.08986322085638,-4.45122594722067,-0.950993157961064,-1.4295001641205,-4.21691214779751,2.70802910293132,-2.11627412590077,-2.99094884997803,-0.378229667917327,-1.18278596277774,-0.535241623177271,-0.827706111896713,-2.74982820116778,-2.37256891624853,-2.01861516773708,-2.01786633588599,-3.39958683280317,1.43952212814506,-3.84899448793109,0.381019010454333,-2.82032773047504,-1.48010097302715,1.70758350243176,1.49070747379702,0.763992302286953,-4.18269397825232,-1.39066306139002,-3.51059821416941,0.663521165167066,-2.25953195567226,0.704882295356389,-2.85094116257731,3.23884367142654,1.9639278138017,1.15739021771299,-3.59852026569956,-2.31937030659373,0.92376449490995,0.144015581857814,-1.86109593730898,-1.71079608124995,-1.29077020438959,-1.2776140449573,-0.538234694907564,-4.37705141043406,1.65874092376056,2.43550408541811,0.616046460763366,-0.65509913317947,-2.72702699842722,0.674015799200214,-0.323046321577694,1.41587168266172,2.01255886680472,2.35336282527895,-1.3233158221203,0.0578403704617154,-0.774042097314003,-0.94229307322486,-1.77224835494497,-2.62842407351922,-1.14986380883471,2.87331105347438,0.883197950604179,-1.39657931063016,-0.912096249291547,-7.34449726043513,-1.68439502636709,-0.270141250151401,-3.58150113196417,-0.887517829266319,-0.274250058827488,-0.0275335528437308,-0.568102086967273,-3.64785912008078,-0.371334022608468,0.267155024963617,-0.962775671545888,-2.09619358820228,-4.98256871074531,2.04283984960942,0.42298390401976,-1.5989417718175,1.84953242058336,-1.17527313196909,2.41358951754961,-2.44149881351649,-1.31981626400858,-1.11860313756029,-0.750228198274183,-0.568854313237272,-0.458958476708463,-0.0185698009582521,-0.201381924990462,-2.37547643870395,-2.18473905643652,-3.49017051923416,-0.0409105625742223,-4.28797960541141,-5.03951081271135,1.79335592434285,-2.54387559369367,-5.37589822336973,-1.46695870318261,-1.62243318248024,-3.75015457539055,-2.18541257928716,-0.546756939050738,-0.695893613468995,-1.17948352663763,-1.46818061880156,0.610405126114627,-3.41974011052979,1.73530509736793,0.103309254326673,3.15531790715288,-0.636803974960331,2.50085720304466,-1.10701048141854,2.3963305205345,0.321300574616376,-0.305584936630502,4.85264322577453,-0.780297249334028,-0.832139216609651,-1.72399445117819,-0.618828880048176,0.703942184623685,1.05204186158263,1.55852059134642,-0.943352015428869,-1.50951367543074,-1.90107418362347,-0.778192914604514,-1.30094386869122,-2.26912384710245,-1.15813787163988,-1.83834287672508,-4.74383906377094,0.461425128297255,-2.42012372974521,-1.88312077372545,-1.67358383914364,-0.802718797782934,-4.53289819506202,-2.57308240883896,1.57817453816468,2.40506625293098,-1.4761803177428,-1.16011433176621,-1.35641606001754,-1.45772301114852,-1.63765316643349,-0.970318556789508,-0.742878393057052,-0.560979093749761,-2.72058967204163,0.42351826469005,-2.23995069304406,-1.86407676595653,-4.98340037564794,1.00696255635604,-2.67164425847727,-1.12411678996364,1.25780446122881,1.05115807773267,2.28531857058387,0.611403517265415,-2.51732211335415,-1.08437575787848,1.75672601985024,-1.69453431197228,-1.58660682117762,1.55385582217704,0.348984062847624,-4.52567077006229,2.86457305217485,-3.54654518142482,2.14400324533642,0.146656741764227,-0.0277296417803432,-0.983305245021116,4.24109056326717,-3.62950595398314,0.778991044433773,4.91736001210139,-2.84595889862951,0.149997393440867,4.12518115207819,0.851693861344426,-1.97149317190402,-2.29370110280675,-0.0479364635984869,-0.823988099535333,1.11760917696463,-0.0237101898842718,-0.827856486428232,0.248887073858678,-0.400378616742493,2.14568744228195,-3.2535398264885,-0.675353316584642,-3.15211317288937,-1.75862761460794,-4.4115982414562,0.918613290615497,0.236628185618592,-0.548765366908884,-2.50802382405256,-2.31237970372707,0.0229154083650207,2.92802747586474,-3.38549516899517,-2.90000927398341,0.775467284018492,-2.01177653904976,1.26802813352884,-0.151907030702536,-4.37501188562689,2.30776602944485,-2.57791750336157,0.438869705765964,-0.463087314924018,-2.87996594997297,-3.52475940195756,-5.20638156978247,-3.52051743348271,-1.31788198174768,-0.116246134915399,-3.95509094649063,-5.71051790650462,-0.886119046203301,2.5115012490907,-0.121265498409927,-3.14941927984051,-2.70332759121155,-3.13994056970795,0.95963829226379,0.0797347445647891,-5.26148135620217,0.215189304466701,0.680433961868894,-0.126970280061897,-4.37251575497002,-1.12077870909209,-4.4486039995548,-2.00244927452241,-1.00243160455281,1.16569317739965,-1.85407975395483,-0.514976543629372,-3.96240163128621,-1.65554780494012,-3.80665888787567,1.16969915759581,1.45804520291978,-1.98487713394797,0.364020532218008,0.283578669073964,-0.0553169593487756,0.814293273673613,0.0637288975068142,0.75795559859266,-0.22739518986826,-4.15368751150423,-2.29159437135258,-1.00877053967499,-2.22550518884703,-0.787533102140532,-5.34278502347054,2.60936859146598,-2.74953087818692,-3.1396643713817,-0.206377327583823,-0.272326068124169,-0.0584194061597179,-0.992766494670462,-0.104378890765219,1.80430536182923,-2.82799219662592,-0.859469642574415,-3.47575127897972,-1.78502754060945,-0.338025550333629,-0.467428577830804,0.457170601899931,-0.008542824051745,-3.69112680896615,0.0858781334396788,-0.592363342062892,2.54396105567195,1.36447353431534,0.23735172079415,-2.37417068971221,0.489140360997069,-0.785039187628113,-3.71103959661095,-3.478158394607,-3.44826295913751,1.74725567486479,-5.38715577484069,-2.72828063156182,-1.18363057592999,-1.21601585939042,-0.805347416873759,-0.102185595337728,-2.90668877472361,-1.32445784484631,2.30755546586059,-1.19879574291493,-0.857201086355331,-2.3856201296129,1.08070317053855,0.342808825361679,-3.76730121859853,-2.05159393419549,3.93623523853746,1.14191582565297,0.367911274609746,1.80476438018247,-1.06063637507546,-0.466464882565658,-2.12457232208807,-0.287472025906137,-0.385405955683874,0.443472742870655,-1.70290747770996,-0.793549169677341,0.455040410516786,-0.333828412857861,-1.63947723808254,3.47793188753805,-0.720831417658106,-1.37721686555693,-5.343337896701,-3.67674198538949,-3.57712143318139,-3.28521912939939,-0.688495326729335,-1.02543448773873,-1.12139322138111,-1.76077062473629,-7.57022736651956,0.0208162891819808,0.993539189578198,0.00631292867254407,-2.58113988625982,-0.438199807007245,2.87038212108879,-0.15934235416583,-1.59398190303438,-0.500490868848385,-0.183210132338573,-1.34887354786526,3.51645475516995,-2.68018276332252,0.252014017628303,-1.47548357084071,0.0824325114348776,-3.76086644512715,-0.77324788272506,-1.40157925698159,-3.76045032635581,-0.90914863260505,-2.5724363727793,-0.657272517827157,1.40662559722664,0.464391672384522,-2.70444163995003,-2.19352619422374,-0.327265732314534,0.930533489583551,1.61465120142074,-3.38213405048201,0.181863824516768,-2.11962646636214,4.741238150157,-1.09798897451924,3.96318404914217,-1.82724735565295,-2.11705619826277,-1.76954884520412,0.183630483274414,-1.55616694081831,-1.89075156872882,1.47312379556805,-2.3084598979339,1.34657660224564,-1.69801331877435,1.58092297288711,-2.72183549367191,-0.620152218528139,0.470411223919999,0.23035178956585,-1.62173585186043,-3.3507582605213,-3.67709309174468,-3.97485980240867,-1.78728525636045,0.301981316033908,-1.75925907925929,1.84201761780606,-5.60726954342288,1.0888477983498,-0.77680204754717,3.13882018358631,-0.177806706398043,0.501714925468004,-2.3101941475064,-2.19242522054284,-1.55598459137857,1.0990417667257,-0.676440788867005,-0.252690459624669,-0.333138601935886,-0.979181942690821,-4.49717709123246,0.232137595246549,0.616650479408661,1.00900380143555,1.20369490746087,-0.77779686622773,-1.63299773858319,-1.24923140618563,-1.54263011316974,2.45602133921796,-1.92201070940184,0.586239982396704,-0.559878276692026,3.20563201145657,-5.28851265502931,-4.11955823018906,-2.53792631559969,0.0659792328567546,0.629250693276342,0.75615070032186,2.22844987367327,-0.29218114359198,1.12759016963358,0.102845524774459,-1.41764253313773,-0.805374427646039,-0.476033377081619,-2.33252837174609,-1.20245265990126,-0.664841913068674,0.567791228150345,-1.58385497829981,-1.15619109605512,-2.7895878933426,0.037365846549728,0.725853534431824,2.94367629465045,3.63138969181312,-1.47690916044356,0.971149326364332,-2.7693902634719,2.30590537776958,0.16118440786988,-3.10974433229322,0.643129647609774,2.42319861430748,0.257491843299469,-0.424130998846115,0.891263949161159,1.80651499515665
"100",-0.780267632432251,1.26411842076551,-2.44002000117448,-2.7821293036747,0.911648686999913,-3.44516119485497,2.8652562729572,1.07759229206178,-0.909228573182085,-1.78311191246306,-2.17784193631219,-0.501507171366719,-3.00089241391225,-0.0383478479605113,-2.27880048817891,-3.59976000766692,2.38150994521589,1.2159546166393,-0.0963531137084827,-0.73247179226922,-1.16933552851468,-1.78623624935842,-3.38418384673376,-0.664431738873494,0.62079767334999,-7.55336493428972,-2.00177606598488,-0.684544911355755,0.312418326959647,-0.958693791257624,0.843825195159613,1.38359552729532,-5.0514189974981,-0.33023837362811,-2.20562151825532,0.944150575015271,-1.07682139976738,-0.24804602210573,-2.45600437592709,-2.14496756449816,-4.280328941387,-2.24736631150411,-2.47076095967969,-3.67401301410806,-0.28875189431361,-2.62968949887599,-2.65678431105339,1.048179652881,-3.44190967264913,0.793438487921713,1.16011942168811,-4.63303584018393,-0.579407095388929,-3.33600766426649,-0.814736088412699,-0.805908473697652,-3.07989546204225,-3.25437504858507,-3.84301356860081,2.00437995154426,-0.665731483589771,-0.565165963431831,-2.54051964585418,-3.81807504872097,-2.19229390553097,-2.63364461167758,-0.530903176260082,-2.21184522679038,-0.499586494170098,-0.694461537425696,0.17269523391088,-2.95946137862355,2.74204484340896,-5.30389964511306,-1.6856833328602,3.12019172242363,-2.15746550224832,1.96940982416642,-2.21751588320286,-0.874542822999149,3.1017476447674,-1.03329645459901,-1.67334564868824,-0.701848569219555,-0.892017536396903,-6.46690847328475,-1.67780234111609,-1.02834912022503,-2.12269938105887,1.33297683227294,2.05229963574546,-1.11678580788679,-0.851488803864584,-0.82608616833322,-3.87111018731171,0.816978070554431,0.373074051085315,1.91366117809041,-2.12192917648445,1.49616378785494,-2.66542411940844,-2.47005289071963,-0.0302445687943822,-3.64290533196556,-3.24738174369166,-3.17948753996776,0.51897571352121,-1.77709310441916,-2.94494517092153,-2.91994298614256,-2.96026123933683,-3.05313595740922,-4.20661269761495,-0.783292656037254,1.82653886936971,0.0815483746565564,0.100966316645471,-0.366613349785717,-3.21890627138273,0.243968675034655,0.54485692816296,0.157814856850513,1.63442622661811,0.589015273509749,0.417491977803743,-2.37720134612325,-0.934631298731907,-3.84454691727904,0.137442651134497,-1.00715110248757,-4.07807733404239,-4.80411433751684,-1.92884298406986,-1.93754062282411,-2.30854761108793,-1.1456134951028,-1.65281713874147,-1.13989313189293,-2.84541535131559,-1.80937600395479,-2.73230320135211,2.43790740629688,-2.21872008207825,0.675763153321278,-3.08995146490354,2.0740582730724,-1.05559522459415,-4.45999412686489,0.85051536933373,2.03997069497836,0.190001390040992,4.26846079337394,-2.33727687881635,-0.396142640650934,-3.51914581032527,-0.402817127127847,-0.498531218678647,-3.34527562624023,-1.54282374879701,-0.283621874516743,0.837877816798844,0.799264471870385,2.81956926263301,-4.36626634269337,0.21786233732671,-2.44661616348614,-3.68720063050222,0.514403119420688,-0.852710317407593,2.40553717903545,-0.508313368292742,-1.04779922131251,-2.12671698475157,2.41430978008438,-2.1327898438039,-2.520971521525,-1.7258602879646,-3.44843699885541,1.64849745296706,-2.63830840267734,-0.583475110065895,-1.76563632220721,1.80276516012845,-2.10362656238491,-2.57702217279392,-2.80530495195579,-1.01185332400978,-4.64969347678387,-2.02598030504014,-0.395309032058583,-0.967948921581962,5.04519725475153,-4.10169966362037,-3.35488324191469,-1.76936977700678,-2.91593135852249,-0.353050395355102,2.01030020084635,-3.53399700619201,-0.43146375637631,-1.87530880568727,1.87920533900089,-2.98739016835987,0.0808047266475955,-3.89223578434334,1.38181042598544,-1.5558458037884,-0.723204276422194,-3.6694053806948,-2.90656569743712,-1.6556890336297,-0.998439728176958,-1.19020533883603,-0.583857234302552,-1.9298628555026,-0.720407896685825,-1.13960101633035,0.650799257163209,-3.87123032988326,-1.73413064645074,-2.19119542937274,-0.899018024304998,0.809841062466344,-3.92909912491395,4.12571351765538,-3.51532665272432,3.77096768232195,-1.23655258685197,-1.23329026049901,-0.879601983916193,3.37265640724751,1.6217776203294,-0.509247312250013,0.569617500474754,-1.69086457647275,0.818239445193068,0.785351638379859,-2.04410643939953,-0.521940500372357,-1.03679920928683,-1.04798330344608,0.906601315691344,-4.50827509237964,-1.40355766382992,0.0756970609334624,0.000685160054436862,2.15978637734476,1.83401080979374,-0.365436509931197,-0.35365818093793,-6.18486896915461,-3.07102575121354,-4.41500158768117,-2.3463232607539,-0.611809060155291,-3.2672236077192,-1.81676583288863,0.938706855359064,1.33847012437063,-1.73969469700562,0.0527055628494875,-0.939282441848406,-0.452101572995228,-0.89571945084823,0.0650646226932128,1.51387135608519,1.98910470399065,0.354163857525025,3.58772697610108,-1.78150219214077,-0.790423793035327,0.280642865315589,-3.81567204908988,0.213030176219304,0.411683584054184,-1.06613795899417,-2.57360121560623,1.55471168624145,-2.20490951441175,-2.14483988369966,-0.848775577804324,-0.499580025975286,0.332134092768366,-1.00237487079324,-3.1385039978323,0.0699485307687835,0.0528069109001015,0.166458487500053,-5.71941934003109,-0.870642784391786,-1.52167907574553,-1.63469307467572,-3.54969732736646,-3.71870169470332,-2.87837657780656,-0.369906289129579,-0.421533875330302,-0.556262888964273,-5.22988697064885,-3.90881397800692,0.508382393524573,-0.657591477090514,-2.20930955792878,1.843784316451,1.35304423582495,-4.32415185390739,-2.30495656286564,0.382540126139379,2.88563601348536,-0.59871918589659,3.12139243922919,1.1171751801345,-2.26004067014172,-0.292257292633694,-0.200211001262686,-2.40352274369956,-2.31643792943337,-3.31354943235328,0.46779009855122,-1.81890805137937,-2.01189195551369,-2.15514847981282,1.55708104076121,-1.55394814901307,0.63571630786003,-0.854415417300551,-4.72881644497392,0.852380156626285,-2.10049648177896,-0.510311228603685,-4.650530676821,-0.391279545645303,-4.41681882026644,-2.49884859851731,-1.41719249292527,-2.98976861905131,-0.092359695362917,0.873935478537982,-2.58518079111618,-1.67204826143833,-1.86005474646366,-0.549134477725209,-1.36151273828279,-0.486467872393665,-3.8722013448886,-0.638038343454729,-1.20306552991547,1.82144853522397,-7.20719414103443,-3.59746827238975,-2.24663112927146,-2.21320426181254,-0.742739027265434,2.82478487333213,2.59748727601532,-1.64531919599492,-1.00883089536692,-3.77419965849711,-4.12886930502463,-3.76460426755218,0.552393132063412,-2.09940776295086,-3.654647523003,-1.79727028422058,0.0472078600752293,-2.10992297361597,1.29809756228157,1.13648563894853,-3.52141213246465,-1.13383355611531,0.535110898622698,-2.81697091683543,0.0708943524918468,-2.26462432309803,-1.918122968418,-3.14555515069804,0.258224711877418,0.983674293182069,-3.19095368589754,-1.41693374465407,-1.65799443938808,-1.59944348302761,2.62776949333649,-0.509372165864391,-0.490432749322426,-2.17025827443117,0.262025266518171,-1.98656746490229,1.15968667116752,-1.03566740628326,1.26451022379657,-0.815706480038078,1.12802689987653,0.698570049396265,-0.925781325515613,-2.17904374983133,-0.745245756479333,-0.720753532878389,-4.11048473283705,-3.78005549699159,1.27499347623536,-1.19144041666488,-4.11497562419699,-2.31948210154227,-0.252319480262652,0.826658763700983,0.67973366247287,2.39325215531464,0.650296833196544,-0.986248362505409,-3.19161228835818,-1.87088303891038,-3.41708243736899,-1.3541400264612,-1.80424959011606,-2.06361783764786,-0.870477887902608,0.183148663183718,-3.98008468263672,0.81828530788036,-0.387846009768769,-2.23428776357415,-2.96900351767025,-1.34444843541635,-1.75636980742127,-0.464636386836935,0.169114874099991,-1.2484290501239,-1.08810664906445,3.26578377162274,-3.15982324708293,-2.27053525110597,-2.79052482084886,-4.00854791985676,-3.23193432600924,0.935435100700754,1.41556989275754,1.07322132788364,0.600203408043007,-2.48810401130211,0.486832168136065,-0.918262213160468,-1.43530717473784,2.09587150384204,-2.54739417435997,-3.42511948758561,2.62003626208575,1.52052228181928,-2.22269733781539,-4.70473483712032,-3.34418492130327,-2.64377318586476,-0.103761404413047,-2.11730574230514,0.534761827560772,-1.96284467733383,-1.26176572280973,2.03695162434285,-1.1990873964279,-3.04735645724778,-2.29109408722141,-2.47499818412477,-2.12604083098478,0.1926090093599,0.248036573260675,2.84551619619712,-1.71732354072055,0.853532269592768,-2.39802355980471,-0.152797441486952,0.123894959108416,-2.07746032780929,-3.23910629245402,0.330454079433371,-2.1374662543915,1.86260160610109,1.04528928546984,-3.41506511122196,0.170433102437979,-2.61432777383778,-1.31024427516245,-2.41474753654324,-1.70355977030873,0.123758331165811,-0.579698260197261,-1.6530437422956,2.20140428315282,-1.73789964463792,-0.920310350562034,-2.19386144268538,-2.21216968494965,-0.958943464045216,-0.934188268150006,-1.79017604880447,-3.16895774226181,-1.98956315072714,-3.55415343889779,-0.263430341656894,-3.14553739072425,-0.428117988354867,2.82889294856838,-2.27927453063995,-2.5892941057335,-0.98637657109357,-0.756732623091864,-1.5553965508092,-1.17316502816769,1.25007371061935,-2.15661971378563,-2.34169982500599,-5.12343960105609,-4.23560001650412,-3.83383396229372,0.0116444253859982,-1.53529974418718,-2.39918734531227,-2.5224389398569,-3.17601960522693,-0.491092521860965,-3.20428609254325,-1.16182423704209,-1.39467520462098,-2.59465088599983,-0.161980953587862,-0.96250858128298,-0.625568220345743,0.962854491188118,-3.55508832163902,-1.52598230452541,-0.0507133653808317,-2.44097885809123,-3.73449745194975,-4.86446744841102,0.270923912137275,2.93174493791598,-1.80558442012865,0.574049145114876,-0.574401041667119,-0.544756318410303,-0.526081295805655,-1.16021609824441,1.68891305379134,1.34432709974643,-4.50035780646073,0.434226943320636,2.29046082464664,-2.23161202579579,-1.93138349347586,3.32995070065467,1.21396787254129,-0.851087387158694,-0.532104318454649,3.19360508673154,-1.18438327625558,-0.0374641447373771,-2.13170762317152,-0.896608010558145,0.54376820554256,-1.36684016921609,-3.31913787608139,-4.53577033222289,-0.0638539267672009,-0.734018964834089,-1.06161834172134,-1.65844704156991,0.61100492346007,-2.04954897697041,-0.126930060196651,-1.14934623060112,2.51958180700984,0.377322921605082,0.268596371816066,-4.85019407775509,-0.797200166359553,-3.6609865987654,-3.33786908191435,0.748706988013525,0.291191350963046,-0.0669768657013508,-0.736129609923918,-1.69206065974534,2.65997176174002,-1.34749372729707,0.00514638578400106,1.23847489544452,1.26991258069002,-3.22535969213212,-3.14911743963169,0.0278417763789069,-2.59407553598189,-1.54594649144514,0.169362998254498,-3.32714405860866,1.53870134632241,-4.09509946973547,-0.168059167973739,-0.726320869145553,-1.43650019522229,-2.32960591849978,-0.40930416003673,-0.622811355974328,0.213437807495767,-4.18085756156648,1.82699758384999,2.21850399184698,-0.523536125703601,-3.92005820758395,3.14791269568517,-1.6805071972619,-0.171599442318894,-4.27632333811452,-2.92529923044892,4.22384796706443,1.70451789020091,-1.01052508748165,-1.65583286937217,-3.07075021491521,-4.01670991349714,-0.848320767051446,-3.06538095645384,1.02853416497009,0.953696653006715,-1.84147150719153,-0.918800250892507,-2.53061275361048,-1.72020227981448,-0.558600228377407,-1.47592348744581,-1.35370840475107,-2.05599922686606,-2.17385660749311,-1.18276394598704,-3.93015019265931,1.7977235982964,1.52921217486749,-0.420500830160937,-0.794890452679024,-1.32693967010998,-2.88008965126795,-0.47054941190463,-1.60988799863518,1.18000009584008,-0.0679439185106507,-3.0131403401777,-3.24772120607163,2.41608922812899,2.6130871196714,0.900273169650124,-1.92783590241442,0.186496604855043,-1.7109727180922,-1.60543152997503,-1.09239266468824,-1.98924871452761,-0.708132975101156,-1.23620454629066,2.43835545555924,0.1340649549554,-0.912737115370586,-0.45125070570441,-1.64318812762048,-1.99804406737433,2.78598107955162,-0.351780693073128,-0.0695775440729308,0.396590751973108,-0.874477482714316,-0.582231998350521,-1.59411912846107,1.12620434611623,0.928401155660882,0.591793523000523,-3.18131362485124,-2.11079002853628,-1.659133345258,0.889154770667673,-0.732485119383739,0.180725523484735,-3.42935690099179,-0.652210962252176,1.09723941744544,0.426269091444086,-1.90482897778473,-6.59110566866004,-1.29242200745426,1.23927511412564,-0.705352590718343,-0.278798806636869,-2.44814351323978,-0.570930753014512,-2.11244010160804,-2.50850565517989,-4.47792770190625,-1.74673546604616,-0.0922442395824501,-0.770465541325315,-3.28776356866588,-2.11587735952398,3.23439098467112,2.04384525073539,-0.211843536186139,3.17070860871645,0.673457333534491,-1.52966232702167,-0.512266963551193,2.19216024486875,-1.52098977673562,-0.0197504045746798,1.92473534192822,0.068300061085907,-0.626457527765888,0.615734868714233,-0.596216333365555,-1.19549752981237,-0.542293662697065,0.600176977688108,-2.94353470927373,-3.53190940894266,-1.71755179671142,-3.01824485771366
